37 166
0 146 72 40
0 130 72 72
0 125 72 82
0 72 72 144
0 0 72 216
5.38318 5.38318 0.450838
16.1495 5.38318 0.944071
26.9159 5.38318 1.50943
37.6822 5.38318 1.73311
48.4486 5.38318 1.57586
59.215 5.38318 1.06251
69.9813 5.38318 0.579289
5.38318 16.1495 0.790982
16.1495 16.1495 1.89092
26.9159 16.1495 2.86485
37.6822 16.1495 3.31525
48.4486 16.1495 3.03288
59.215 16.1495 2.11854
69.9813 16.1495 1.16047
5.38318 26.9159 0.712851
16.1495 26.9159 1.92177
26.9159 26.9159 3.1079
37.6822 26.9159 3.67315
48.4486 26.9159 3.43916
59.215 26.9159 2.43178
69.9813 26.9159 1.36903
5.38318 37.6822 0.915755
16.1495 37.6822 1.96226
26.9159 37.6822 3.0499
37.6822 37.6822 3.34994
48.4486 37.6822 3.11726
59.215 37.6822 2.26556
69.9813 37.6822 1.32535
5.38318 48.4486 0.858177
16.1495 48.4486 1.71062
26.9159 48.4486 2.68999
37.6822 48.4486 2.81718
48.4486 48.4486 2.61839
59.215 48.4486 1.8751
69.9813 48.4486 1.11688
5.38318 59.215 0.636076
16.1495 59.215 1.33772
26.9159 59.215 2.24923
37.6822 59.215 2.35537
48.4486 59.215 2.12346
59.215 59.215 1.43544
69.9813 59.215 0.793498
5.38318 69.9813 0.029633
16.1495 69.9813 0.245311
26.9159 69.9813 0.729984
37.6822 69.9813 0.748662
48.4486 69.9813 0.564995
59.215 69.9813 0.324385
69.9813 69.9813 0.182903
5.38318 80.7477 -0.17459
16.1495 80.7477 -0.213647
26.9159 80.7477 -0.158183
37.6822 80.7477 -0.151389
48.4486 80.7477 -0.215302
59.215 80.7477 -0.209785
69.9813 80.7477 -0.107955
5.38318 91.514 -0.264677
16.1495 91.514 -0.401151
26.9159 91.514 -0.409765
37.6822 91.514 -0.434477
48.4486 91.514 -0.430073
59.215 91.514 -0.354972
69.9813 91.514 -0.158352
5.38318 102.28 -0.296267
16.1495 102.28 -0.446516
26.9159 102.28 -0.441341
37.6822 102.28 -0.437017
48.4486 102.28 -0.420294
59.215 102.28 -0.340216
69.9813 102.28 -0.152825
5.38318 113.047 -0.300575
16.1495 113.047 -0.455924
26.9159 113.047 -0.460623
37.6822 113.047 -0.442418
48.4486 113.047 -0.422263
59.215 113.047 -0.327818
69.9813 113.047 -0.144939
5.38318 123.813 -0.278564
16.1495 123.813 -0.410334
26.9159 123.813 -0.336249
37.6822 123.813 -0.314973
48.4486 123.813 -0.301339
59.215 123.813 -0.255125
69.9813 123.813 -0.112299
5.38318 134.579 -0.201339
16.1495 134.579 -0.228898
26.9159 134.579 -0.00650961
37.6822 134.579 0.179484
48.4486 134.579 0.0704736
59.215 134.579 -0.0609136
69.9813 134.579 -0.0388195
5.38318 145.346 -0.045551
16.1495 145.346 0.371919
26.9159 145.346 1.45707
37.6822 145.346 1.77042
48.4486 145.346 1.39194
59.215 145.346 0.616657
69.9813 145.346 0.218242
5.38318 156.112 0.266801
16.1495 156.112 1.27179
26.9159 156.112 2.91142
37.6822 156.112 3.46248
48.4486 156.112 2.73438
59.215 156.112 1.38227
69.9813 156.112 0.488694
5.38318 166.879 0.615903
16.1495 166.879 1.95725
26.9159 166.879 3.90708
37.6822 166.879 4.59014
48.4486 166.879 3.67578
59.215 166.879 1.88704
69.9813 166.879 0.760934
5.38318 177.645 0.895629
16.1495 177.645 2.21291
26.9159 177.645 3.81765
37.6822 177.645 4.27363
48.4486 177.645 3.55953
59.215 177.645 1.99273
69.9813 177.645 0.981452
5.38318 188.411 1.17762
16.1495 188.411 2.31153
26.9159 188.411 3.12687
37.6822 188.411 3.3427
48.4486 188.411 2.98904
59.215 188.411 2.04971
69.9813 188.411 1.25428
5.38318 199.178 1.10284
16.1495 199.178 2.05151
26.9159 199.178 2.64737
37.6822 199.178 2.79581
48.4486 199.178 2.74553
59.215 199.178 2.06863
69.9813 199.178 1.34907
5.38318 209.944 0.706347
16.1495 209.944 1.30419
26.9159 209.944 1.64077
37.6822 209.944 1.8034
48.4486 209.944 1.90109
59.215 209.944 1.56064
69.9813 209.944 1.05796
