37 59
0 39 72 40
0 23 72 72
0 18 72 82
0 0 72 144
0 0 72 216
5.38318 5.38318 -0.0253183
16.1495 5.38318 0.0277948
26.9159 5.38318 0.548876
37.6822 5.38318 1.27294
48.4486 5.38318 1.63949
59.215 5.38318 1.49157
69.9813 5.38318 0.905916
5.38318 16.1495 0.00393461
16.1495 16.1495 0.451799
26.9159 16.1495 1.42212
37.6822 16.1495 2.31716
48.4486 16.1495 2.79514
59.215 16.1495 2.49283
69.9813 16.1495 1.56855
5.38318 26.9159 0.098175
16.1495 26.9159 0.796945
26.9159 26.9159 2.03184
37.6822 26.9159 2.83307
48.4486 26.9159 3.04363
59.215 26.9159 2.57991
69.9813 26.9159 1.5678
5.38318 37.6822 0.858024
16.1495 37.6822 2.03521
26.9159 37.6822 3.24033
37.6822 37.6822 3.45824
48.4486 37.6822 3.06473
59.215 37.6822 2.1815
69.9813 37.6822 1.24524
5.38318 48.4486 1.4468
16.1495 48.4486 2.98206
26.9159 48.4486 4.38327
37.6822 48.4486 4.40293
48.4486 48.4486 3.8385
59.215 48.4486 2.63812
69.9813 48.4486 1.50119
5.38318 59.215 1.48179
16.1495 59.215 2.96729
26.9159 59.215 4.57854
37.6822 59.215 4.84901
48.4486 59.215 4.62267
59.215 59.215 3.34542
69.9813 59.215 1.95101
5.38318 69.9813 0.983421
16.1495 69.9813 2.08996
26.9159 69.9813 3.66546
37.6822 69.9813 4.11865
48.4486 69.9813 4.16348
59.215 69.9813 3.11143
69.9813 69.9813 1.87033
5.38318 80.7477 -0.0586846
16.1495 80.7477 0.267639
26.9159 80.7477 1.51628
37.6822 80.7477 1.89264
48.4486 80.7477 2.01657
59.215 80.7477 1.45314
69.9813 80.7477 0.988618
5.38318 91.514 -0.427528
16.1495 91.514 -0.633937
26.9159 91.514 -0.47725
37.6822 91.514 -0.507828
48.4486 91.514 -0.496146
59.215 91.514 -0.416033
69.9813 91.514 -0.143381
5.38318 102.28 -0.565567
16.1495 102.28 -0.905168
26.9159 102.28 -0.972805
37.6822 102.28 -0.981674
48.4486 102.28 -0.944308
59.215 102.28 -0.747085
69.9813 102.28 -0.330042
5.38318 113.047 -0.574764
16.1495 113.047 -0.921609
26.9159 113.047 -1.00186
37.6822 113.047 -1.00716
48.4486 113.047 -0.95636
59.215 113.047 -0.747616
69.9813 113.047 -0.32127
5.38318 123.813 -0.479128
16.1495 123.813 -0.740176
26.9159 123.813 -0.710526
37.6822 123.813 -0.776089
48.4486 123.813 -0.764113
59.215 123.813 -0.581368
69.9813 123.813 -0.233086
5.38318 134.579 -0.167888
16.1495 134.579 -0.153992
26.9159 134.579 0.0580374
37.6822 134.579 -0.181423
48.4486 134.579 -0.313361
59.215 134.579 -0.298162
69.9813 134.579 -0.0945117
5.38318 145.346 0.738534
16.1495 145.346 1.74328
26.9159 145.346 2.41921
37.6822 145.346 1.72552
48.4486 145.346 0.976509
59.215 145.346 0.493517
69.9813 145.346 0.433017
5.38318 156.112 1.41329
16.1495 156.112 2.87814
26.9159 156.112 3.74299
37.6822 156.112 3.01459
48.4486 156.112 2.16661
59.215 156.112 1.39522
69.9813 156.112 0.966545
5.38318 166.879 1.6575
16.1495 166.879 3.20125
26.9159 166.879 4.09109
37.6822 166.879 3.58359
48.4486 166.879 2.86035
59.215 166.879 1.99042
69.9813 166.879 1.28958
5.38318 177.645 1.42909
16.1495 177.645 2.49557
26.9159 177.645 3.11928
37.6822 177.645 3.04148
48.4486 177.645 2.85997
59.215 177.645 2.23165
69.9813 177.645 1.43032
5.38318 188.411 1.19986
16.1495 188.411 2.13549
26.9159 188.411 2.75106
37.6822 188.411 3.07071
48.4486 188.411 3.16533
59.215 188.411 2.52557
69.9813 188.411 1.56388
5.38318 199.178 1.10333
16.1495 199.178 1.9912
26.9159 199.178 2.52873
37.6822 199.178 2.80183
48.4486 199.178 2.92056
59.215 199.178 2.35586
69.9813 199.178 1.48507
5.38318 209.944 0.724545
16.1495 209.944 1.37561
26.9159 209.944 1.81405
37.6822 209.944 2.04582
48.4486 209.944 2.14262
59.215 209.944 1.6898
69.9813 209.944 1.08799
