37 177
0 157 72 40
0 141 72 72
0 134 72 82
0 72 72 144
0 0 72 216
5.38318 5.38318 0.0987797
16.1495 5.38318 0.423221
26.9159 5.38318 1.38519
37.6822 5.38318 1.96032
48.4486 5.38318 1.77103
59.215 5.38318 1.16841
69.9813 5.38318 0.505619
5.38318 16.1495 0.236917
16.1495 16.1495 1.03828
26.9159 16.1495 2.68141
37.6822 16.1495 3.56802
48.4486 16.1495 3.20994
59.215 16.1495 2.07084
69.9813 16.1495 0.961816
5.38318 26.9159 0.342972
16.1495 26.9159 1.61225
26.9159 26.9159 3.49842
37.6822 26.9159 4.32842
48.4486 26.9159 3.65164
59.215 26.9159 2.17999
69.9813 26.9159 0.994473
5.38318 37.6822 0.925254
16.1495 37.6822 2.40435
26.9159 37.6822 3.965
37.6822 37.6822 4.05227
48.4486 37.6822 3.14662
59.215 37.6822 1.79427
69.9813 37.6822 0.930557
5.38318 48.4486 1.24836
16.1495 48.4486 2.79726
26.9159 48.4486 3.96762
37.6822 48.4486 3.78861
48.4486 48.4486 3.05109
59.215 48.4486 1.95525
69.9813 48.4486 1.25021
5.38318 59.215 1.22597
16.1495 59.215 2.2315
26.9159 59.215 3.12579
37.6822 59.215 3.21688
48.4486 59.215 3.26573
59.215 59.215 2.71173
69.9813 59.215 1.81103
5.38318 69.9813 0.859445
16.1495 69.9813 1.16163
26.9159 69.9813 2.02462
37.6822 69.9813 2.32569
48.4486 69.9813 2.82718
59.215 69.9813 2.70336
69.9813 69.9813 1.82408
5.38318 80.7477 0.210053
16.1495 80.7477 0.0309325
26.9159 80.7477 0.896201
37.6822 80.7477 1.07374
48.4486 80.7477 1.5213
59.215 80.7477 1.64414
69.9813 80.7477 1.13387
5.38318 91.514 -0.375206
16.1495 91.514 -0.657966
26.9159 91.514 -0.492804
37.6822 91.514 -0.563663
48.4486 91.514 -0.574279
59.215 91.514 -0.368926
69.9813 91.514 -0.171555
5.38318 102.28 -0.569048
16.1495 102.28 -0.922963
26.9159 102.28 -0.965608
37.6822 102.28 -0.966114
48.4486 102.28 -0.922597
59.215 102.28 -0.699355
69.9813 102.28 -0.317179
5.38318 113.047 -0.572029
16.1495 113.047 -0.918372
26.9159 113.047 -0.995368
37.6822 113.047 -0.994502
48.4486 113.047 -0.936645
59.215 113.047 -0.712761
69.9813 113.047 -0.29865
5.38318 123.813 -0.470248
16.1495 123.813 -0.716666
26.9159 123.813 -0.720613
37.6822 123.813 -0.681803
48.4486 123.813 -0.632159
59.215 123.813 -0.415523
69.9813 123.813 -0.135871
5.38318 134.579 -0.121259
16.1495 134.579 -0.130181
26.9159 134.579 -0.0992447
37.6822 134.579 -0.0563574
48.4486 134.579 -0.0765119
59.215 134.579 0.172359
69.9813 134.579 0.376191
5.38318 145.346 0.766102
16.1495 145.346 1.55121
26.9159 145.346 1.81986
37.6822 145.346 2.08948
48.4486 145.346 1.93053
59.215 145.346 1.81395
69.9813 145.346 1.2152
5.38318 156.112 1.63493
16.1495 156.112 2.97778
26.9159 156.112 3.45644
37.6822 156.112 3.62372
48.4486 156.112 3.33309
59.215 156.112 2.8601
69.9813 156.112 1.75041
5.38318 166.879 1.90056
16.1495 166.879 3.63533
26.9159 166.879 4.60489
37.6822 166.879 4.91561
48.4486 166.879 4.44201
59.215 166.879 3.42882
69.9813 166.879 1.96243
5.38318 177.645 1.5946
16.1495 177.645 3.31815
26.9159 177.645 4.64144
37.6822 177.645 5.10421
48.4486 177.645 4.43224
59.215 177.645 3.10183
69.9813 177.645 1.68037
5.38318 188.411 1.18513
16.1495 188.411 2.69798
26.9159 188.411 4.17866
37.6822 188.411 4.61821
48.4486 188.411 3.89076
59.215 188.411 2.49583
69.9813 188.411 1.34975
5.38318 199.178 0.74118
16.1495 199.178 1.80537
26.9159 199.178 2.68776
37.6822 199.178 2.90438
48.4486 199.178 2.4466
59.215 199.178 1.56552
69.9813 199.178 0.950685
5.38318 209.944 0.462504
16.1495 209.944 1.07103
26.9159 209.944 1.38451
37.6822 209.944 1.33155
48.4486 209.944 1.14996
59.215 209.944 0.793547
69.9813 209.944 0.656544
