48 26
0 6 72 40
0 0 72 72
0 0 72 82
0 0 72 144
0 0 72 216
5.38318 5.38318 0.200768
16.1495 5.38318 0.401245
26.9159 5.38318 1.15779
37.6822 5.38318 1.50147
48.4486 5.38318 1.70765
59.215 5.38318 1.33408
69.9813 5.38318 0.829595
5.38318 16.1495 0.325531
16.1495 16.1495 1.0108
26.9159 16.1495 2.43931
37.6822 16.1495 3.30347
48.4486 16.1495 3.71097
59.215 16.1495 2.91922
69.9813 16.1495 1.74074
5.38318 26.9159 0.279871
16.1495 26.9159 1.14382
26.9159 26.9159 3.10155
37.6822 26.9159 4.57437
48.4486 26.9159 5.27841
59.215 26.9159 4.24276
69.9813 26.9159 2.45658
5.38318 37.6822 0.70245
16.1495 37.6822 1.80896
26.9159 37.6822 3.38867
37.6822 37.6822 4.77891
48.4486 37.6822 5.26087
59.215 37.6822 4.21903
69.9813 37.6822 2.41952
5.38318 48.4486 1.1742
16.1495 48.4486 2.22631
26.9159 48.4486 3.17977
37.6822 48.4486 3.70191
48.4486 48.4486 3.85454
59.215 48.4486 3.1466
69.9813 48.4486 1.95282
5.38318 59.215 1.45246
16.1495 59.215 2.46958
26.9159 59.215 2.77691
37.6822 59.215 2.37647
48.4486 59.215 2.1759
59.215 59.215 1.88464
69.9813 59.215 1.47738
5.38318 69.9813 1.28925
16.1495 69.9813 2.06355
26.9159 69.9813 2.07783
37.6822 69.9813 1.34503
48.4486 69.9813 1.2339
59.215 69.9813 1.52951
69.9813 69.9813 1.44314
5.38318 80.7477 0.482837
16.1495 80.7477 0.695278
26.9159 80.7477 0.369621
37.6822 80.7477 -0.222799
48.4486 80.7477 -0.288063
59.215 80.7477 0.182693
69.9813 80.7477 0.674508
5.38318 91.514 -0.322094
16.1495 91.514 -0.5784
26.9159 91.514 -0.738225
37.6822 91.514 -0.922258
48.4486 91.514 -0.909184
59.215 91.514 -0.556496
69.9813 91.514 -0.144638
5.38318 102.28 -0.551015
16.1495 102.28 -0.904331
26.9159 102.28 -1.02646
37.6822 102.28 -1.05151
48.4486 102.28 -0.997171
59.215 102.28 -0.750649
69.9813 102.28 -0.301785
5.38318 113.047 -0.584118
16.1495 113.047 -0.930752
26.9159 113.047 -1.00957
37.6822 113.047 -1.00261
48.4486 113.047 -0.949464
59.215 113.047 -0.734674
69.9813 113.047 -0.314175
5.38318 123.813 -0.56424
16.1495 123.813 -0.866073
26.9159 123.813 -0.825362
37.6822 123.813 -0.712724
48.4486 123.813 -0.624288
59.215 123.813 -0.450212
69.9813 123.813 -0.169316
5.38318 134.579 -0.518531
16.1495 134.579 -0.723709
26.9159 134.579 -0.442826
37.6822 134.579 -0.167903
48.4486 134.579 -0.0302471
59.215 134.579 0.114879
69.9813 134.579 0.245278
5.38318 145.346 -0.381174
16.1495 145.346 -0.362789
26.9159 145.346 0.589692
37.6822 145.346 1.59789
48.4486 145.346 1.9118
59.215 145.346 1.5844
69.9813 145.346 0.955857
5.38318 156.112 -0.0879377
16.1495 156.112 0.295191
26.9159 156.112 1.74162
37.6822 156.112 2.57835
48.4486 156.112 2.77569
59.215 156.112 2.30904
69.9813 156.112 1.34469
5.38318 166.879 0.540843
16.1495 166.879 1.23061
26.9159 166.879 2.03785
37.6822 166.879 2.38499
48.4486 166.879 2.34796
59.215 166.879 1.92737
69.9813 166.879 1.17019
5.38318 177.645 1.30182
16.1495 177.645 2.07155
26.9159 177.645 2.01229
37.6822 177.645 1.50038
48.4486 177.645 0.90793
59.215 177.645 0.721345
69.9813 177.645 0.5629
5.38318 188.411 1.50715
16.1495 188.411 2.25147
26.9159 188.411 1.84836
37.6822 188.411 0.80642
48.4486 188.411 -0.142558
59.215 188.411 -0.172496
69.9813 188.411 0.00653215
5.38318 199.178 1.02716
16.1495 199.178 1.60954
26.9159 199.178 1.33366
37.6822 199.178 0.504846
48.4486 199.178 -0.149696
59.215 199.178 -0.143911
69.9813 199.178 0.0829204
5.38318 209.944 0.2098
16.1495 209.944 0.44805
26.9159 209.944 0.402118
37.6822 209.944 0.103719
48.4486 209.944 -0.0435631
59.215 209.944 0.00618659
69.9813 209.944 0.267499
