37 166
0 146 72 40
0 130 72 72
0 125 72 82
0 72 72 144
0 0 72 216
5.38318 5.38318 0.0368066
16.1495 5.38318 0.109989
26.9159 5.38318 0.496288
37.6822 5.38318 1.23521
48.4486 5.38318 1.68308
59.215 5.38318 1.59437
69.9813 5.38318 1.01612
5.38318 16.1495 0.0149722
16.1495 16.1495 0.243435
26.9159 16.1495 0.966293
37.6822 16.1495 2.06935
48.4486 16.1495 2.88907
59.215 16.1495 2.84713
69.9813 16.1495 1.87983
5.38318 26.9159 0.113169
16.1495 26.9159 0.400059
26.9159 26.9159 1.04111
37.6822 26.9159 1.9665
48.4486 26.9159 2.78981
59.215 26.9159 2.89651
69.9813 26.9159 2.0265
5.38318 37.6822 0.402061
16.1495 37.6822 0.696941
26.9159 37.6822 1.14773
37.6822 37.6822 1.32338
48.4486 37.6822 1.82146
59.215 37.6822 2.02123
69.9813 37.6822 1.51276
5.38318 48.4486 0.730262
16.1495 48.4486 0.975897
26.9159 48.4486 1.18244
37.6822 48.4486 0.851307
48.4486 48.4486 1.09131
59.215 48.4486 1.33519
69.9813 48.4486 1.15836
5.38318 59.215 0.685822
16.1495 59.215 0.79467
26.9159 59.215 0.953823
37.6822 59.215 0.614781
48.4486 59.215 0.836623
59.215 59.215 1.0998
69.9813 59.215 1.00024
5.38318 69.9813 0.487184
16.1495 69.9813 0.590254
26.9159 69.9813 0.77954
37.6822 69.9813 0.564786
48.4486 69.9813 0.703517
59.215 69.9813 0.889417
69.9813 69.9813 0.7762
5.38318 80.7477 -0.0118578
16.1495 80.7477 -0.0265859
26.9159 80.7477 0.234378
37.6822 80.7477 0.362628
48.4486 80.7477 0.510267
59.215 80.7477 0.619281
69.9813 80.7477 0.523171
5.38318 91.514 -0.204474
16.1495 91.514 -0.288301
26.9159 91.514 -0.193409
37.6822 91.514 -0.100223
48.4486 91.514 -0.0694159
59.215 91.514 -0.0226425
69.9813 91.514 0.0579843
5.38318 102.28 -0.279377
16.1495 102.28 -0.410894
26.9159 102.28 -0.365954
37.6822 102.28 -0.322092
48.4486 102.28 -0.323999
59.215 102.28 -0.258194
69.9813 102.28 -0.117971
5.38318 113.047 -0.283419
16.1495 113.047 -0.427387
26.9159 113.047 -0.406177
37.6822 113.047 -0.411206
48.4486 113.047 -0.407456
59.215 113.047 -0.328522
69.9813 113.047 -0.147319
5.38318 123.813 -0.199354
16.1495 123.813 -0.275331
26.9159 123.813 -0.207805
37.6822 123.813 -0.227343
48.4486 123.813 -0.27225
59.215 123.813 -0.264825
69.9813 123.813 -0.127254
5.38318 134.579 -0.0494712
16.1495 134.579 -0.0150596
26.9159 134.579 0.260777
37.6822 134.579 0.231566
48.4486 134.579 -0.0188749
59.215 134.579 -0.120938
69.9813 134.579 -0.0712883
5.38318 145.346 0.229389
16.1495 145.346 0.701284
26.9159 145.346 1.34779
37.6822 145.346 1.41619
48.4486 145.346 0.917595
59.215 145.346 0.331037
69.9813 145.346 0.0731111
5.38318 156.112 0.332927
16.1495 156.112 1.11314
26.9159 156.112 2.24769
37.6822 156.112 2.44799
48.4486 156.112 1.82787
59.215 156.112 0.909112
69.9813 156.112 0.333621
5.38318 166.879 0.154217
16.1495 166.879 0.970798
26.9159 166.879 2.71264
37.6822 166.879 3.04254
48.4486 166.879 2.35295
59.215 166.879 1.32925
69.9813 166.879 0.487708
5.38318 177.645 -0.148508
16.1495 177.645 0.169004
26.9159 177.645 2.21976
37.6822 177.645 2.71954
48.4486 177.645 2.26031
59.215 177.645 1.49664
69.9813 177.645 0.651371
5.38318 188.411 -0.292342
16.1495 188.411 -0.301924
26.9159 188.411 1.29971
37.6822 188.411 1.77224
48.4486 188.411 1.73953
59.215 188.411 1.57309
69.9813 188.411 0.874102
5.38318 199.178 -0.316842
16.1495 199.178 -0.404768
26.9159 199.178 0.42802
37.6822 199.178 0.872552
48.4486 199.178 1.20079
59.215 199.178 1.51005
69.9813 199.178 1.07859
5.38318 209.944 -0.187825
16.1495 209.944 -0.219662
26.9159 209.944 0.194886
37.6822 209.944 0.419695
48.4486 209.944 0.782877
59.215 209.944 1.16409
69.9813 209.944 0.898454
