48 177
0 157 72 40
0 141 72 72
0 134 72 82
0 72 72 144
0 0 72 216
5.38318 5.38318 1.09264
16.1495 5.38318 2.07135
26.9159 5.38318 2.3337
37.6822 5.38318 1.81408
48.4486 5.38318 1.12323
59.215 5.38318 0.602886
69.9813 5.38318 0.343502
5.38318 16.1495 1.78989
16.1495 16.1495 3.63987
26.9159 16.1495 4.33429
37.6822 16.1495 3.53687
48.4486 16.1495 2.35522
59.215 16.1495 1.44993
69.9813 16.1495 0.865696
5.38318 26.9159 1.95666
16.1495 26.9159 3.9251
26.9159 26.9159 4.70652
37.6822 26.9159 4.04646
48.4486 26.9159 2.90346
59.215 26.9159 2.04457
69.9813 26.9159 1.2473
5.38318 37.6822 1.57602
16.1495 37.6822 2.96788
26.9159 37.6822 3.62675
37.6822 37.6822 3.42799
48.4486 37.6822 2.9145
59.215 37.6822 2.37382
69.9813 37.6822 1.5279
5.38318 48.4486 1.22086
16.1495 48.4486 2.23423
26.9159 48.4486 2.73284
37.6822 48.4486 2.76025
48.4486 48.4486 2.4511
59.215 48.4486 2.09822
69.9813 48.4486 1.36512
5.38318 59.215 0.73153
16.1495 59.215 1.58563
26.9159 59.215 2.14503
37.6822 59.215 2.20605
48.4486 59.215 1.82127
59.215 59.215 1.3785
69.9813 59.215 0.930322
5.38318 69.9813 -0.0536816
16.1495 69.9813 0.0956999
26.9159 69.9813 0.508588
37.6822 69.9813 0.675624
48.4486 69.9813 0.502226
59.215 69.9813 0.289957
69.9813 69.9813 0.324319
5.38318 80.7477 -0.215315
16.1495 80.7477 -0.285815
26.9159 80.7477 -0.199375
37.6822 80.7477 -0.147546
48.4486 80.7477 -0.173012
59.215 80.7477 -0.182178
69.9813 80.7477 -0.0512948
5.38318 91.514 -0.296213
16.1495 91.514 -0.444031
26.9159 91.514 -0.433626
37.6822 91.514 -0.39354
48.4486 91.514 -0.373853
59.215 91.514 -0.307582
69.9813 91.514 -0.12806
5.38318 102.28 -0.304326
16.1495 102.28 -0.456142
26.9159 102.28 -0.435277
37.6822 102.28 -0.386197
48.4486 102.28 -0.35323
59.215 102.28 -0.285179
69.9813 102.28 -0.120619
5.38318 113.047 -0.298576
16.1495 113.047 -0.451799
26.9159 113.047 -0.455886
37.6822 113.047 -0.437973
48.4486 113.047 -0.422009
59.215 113.047 -0.332096
69.9813 113.047 -0.148742
5.38318 123.813 -0.292389
16.1495 123.813 -0.443536
26.9159 123.813 -0.43697
37.6822 123.813 -0.430027
48.4486 123.813 -0.41181
59.215 123.813 -0.309632
69.9813 123.813 -0.131694
5.38318 134.579 -0.259099
16.1495 134.579 -0.379631
26.9159 134.579 -0.329826
37.6822 134.579 -0.308775
48.4486 134.579 -0.307347
59.215 134.579 -0.211199
69.9813 134.579 -0.0861796
5.38318 145.346 -0.180577
16.1495 145.346 -0.186681
26.9159 145.346 -0.000934182
37.6822 145.346 0.272614
48.4486 145.346 0.253626
59.215 145.346 0.271063
69.9813 145.346 0.203666
5.38318 156.112 -0.0411227
16.1495 156.112 0.317617
26.9159 156.112 1.17536
37.6822 156.112 1.78049
48.4486 156.112 1.75356
59.215 156.112 1.32193
69.9813 156.112 0.725931
5.38318 166.879 0.324226
16.1495 166.879 1.16635
26.9159 166.879 2.63365
37.6822 166.879 3.6725
48.4486 166.879 3.67915
59.215 166.879 2.59989
69.9813 166.879 1.33608
5.38318 177.645 0.907603
16.1495 177.645 1.93494
26.9159 177.645 3.60233
37.6822 177.645 4.9709
48.4486 177.645 5.07769
59.215 177.645 3.62517
69.9813 177.645 1.83925
5.38318 188.411 1.57178
16.1495 188.411 2.66421
26.9159 188.411 3.93962
37.6822 188.411 4.94277
48.4486 188.411 4.92544
59.215 188.411 3.57482
69.9813 188.411 1.80153
5.38318 199.178 1.85211
16.1495 199.178 2.59443
26.9159 199.178 2.89033
37.6822 199.178 2.92496
48.4486 199.178 2.75219
59.215 199.178 2.19099
69.9813 199.178 1.21277
5.38318 209.944 1.39073
16.1495 209.944 1.84006
26.9159 209.944 1.70733
37.6822 209.944 1.27659
48.4486 209.944 1.1325
59.215 209.944 0.980796
69.9813 209.944 0.669666
