48 166
0 146 72 40
0 130 72 72
0 125 72 82
0 72 72 144
0 0 72 216
5.38318 5.38318 0.0761753
16.1495 5.38318 0.325538
26.9159 5.38318 1.08986
37.6822 5.38318 1.6316
48.4486 5.38318 1.66693
59.215 5.38318 1.24099
69.9813 5.38318 0.651568
5.38318 16.1495 0.213841
16.1495 16.1495 0.822032
26.9159 16.1495 2.03386
37.6822 16.1495 2.95805
48.4486 16.1495 3.04875
59.215 16.1495 2.29294
69.9813 16.1495 1.21964
5.38318 26.9159 0.282134
16.1495 26.9159 1.14524
26.9159 26.9159 2.62731
37.6822 26.9159 3.79892
48.4486 26.9159 3.89198
59.215 26.9159 2.90596
69.9813 26.9159 1.50565
5.38318 37.6822 0.8637
16.1495 37.6822 1.88173
26.9159 37.6822 3.0832
37.6822 37.6822 3.82601
48.4486 37.6822 3.77018
59.215 37.6822 2.81283
69.9813 37.6822 1.4857
5.38318 48.4486 1.18055
16.1495 48.4486 2.3121
26.9159 48.4486 3.42503
37.6822 48.4486 3.98281
48.4486 48.4486 3.90688
59.215 48.4486 2.96596
69.9813 48.4486 1.59114
5.38318 59.215 1.25631
16.1495 59.215 2.31474
26.9159 59.215 3.35214
37.6822 59.215 3.81494
48.4486 59.215 3.83885
59.215 59.215 3.12537
69.9813 59.215 1.74824
5.38318 69.9813 0.839688
16.1495 69.9813 1.452
26.9159 69.9813 2.1831
37.6822 69.9813 2.54112
48.4486 69.9813 2.63456
59.215 69.9813 2.32116
69.9813 69.9813 1.33232
5.38318 80.7477 0.167911
16.1495 80.7477 0.237284
26.9159 80.7477 0.540993
37.6822 80.7477 0.576764
48.4486 80.7477 0.551151
59.215 80.7477 0.646553
69.9813 80.7477 0.435322
5.38318 91.514 -0.19823
16.1495 91.514 -0.285255
26.9159 91.514 -0.243073
37.6822 91.514 -0.235304
48.4486 91.514 -0.277864
59.215 91.514 -0.201084
69.9813 91.514 -0.0954328
5.38318 102.28 -0.289533
16.1495 102.28 -0.438478
26.9159 102.28 -0.447808
37.6822 102.28 -0.449529
48.4486 102.28 -0.443914
59.215 102.28 -0.34903
69.9813 102.28 -0.157664
5.38318 113.047 -0.300044
16.1495 113.047 -0.453803
26.9159 113.047 -0.458257
37.6822 113.047 -0.440465
48.4486 113.047 -0.420498
59.215 113.047 -0.32677
69.9813 113.047 -0.143887
5.38318 123.813 -0.291571
16.1495 123.813 -0.396141
26.9159 123.813 -0.300521
37.6822 123.813 -0.204211
48.4486 123.813 -0.202368
59.215 123.813 -0.166688
69.9813 123.813 -0.0776206
5.38318 134.579 -0.269997
16.1495 134.579 -0.266205
26.9159 134.579 -0.0348132
37.6822 134.579 0.456279
48.4486 134.579 0.515452
59.215 134.579 0.373865
69.9813 134.579 0.241507
5.38318 145.346 -0.212077
16.1495 145.346 -0.0325434
26.9159 145.346 0.937954
37.6822 145.346 1.90456
48.4486 145.346 2.04919
59.215 145.346 1.53784
69.9813 145.346 0.827314
5.38318 156.112 -0.0890524
16.1495 156.112 0.437565
26.9159 156.112 1.71418
37.6822 156.112 2.93218
48.4486 156.112 3.34007
59.215 156.112 2.61301
69.9813 156.112 1.44339
5.38318 166.879 0.192375
16.1495 166.879 0.879679
26.9159 166.879 2.18091
37.6822 166.879 3.40051
48.4486 166.879 4.01321
59.215 166.879 3.27562
69.9813 166.879 1.86992
5.38318 177.645 0.795926
16.1495 177.645 1.73418
26.9159 177.645 2.7037
37.6822 177.645 3.36202
48.4486 177.645 3.72743
59.215 177.645 3.09905
69.9813 177.645 1.85049
5.38318 188.411 1.11999
16.1495 188.411 2.28397
26.9159 188.411 3.37385
37.6822 188.411 3.67148
48.4486 188.411 3.67485
59.215 188.411 2.91385
69.9813 188.411 1.69605
5.38318 199.178 1.2255
16.1495 199.178 2.46964
26.9159 199.178 3.50793
37.6822 199.178 3.77283
48.4486 199.178 3.57779
59.215 199.178 2.8613
69.9813 199.178 1.629
5.38318 209.944 0.721136
16.1495 209.944 1.4516
26.9159 209.944 2.2922
37.6822 209.944 2.76834
48.4486 209.944 2.91784
59.215 209.944 2.51796
69.9813 209.944 1.47652
