37 177
0 157 72 40
0 141 72 72
0 134 72 82
0 72 72 144
0 0 72 216
5.38318 5.38318 0.133361
16.1495 5.38318 0.387102
26.9159 5.38318 0.951126
37.6822 5.38318 1.37941
48.4486 5.38318 1.44648
59.215 5.38318 1.15378
69.9813 5.38318 0.671767
5.38318 16.1495 0.362504
16.1495 16.1495 1.03582
26.9159 16.1495 2.14294
37.6822 16.1495 2.9901
48.4486 16.1495 3.1925
59.215 16.1495 2.50175
69.9813 16.1495 1.43447
5.38318 26.9159 0.466578
16.1495 26.9159 1.36944
26.9159 26.9159 2.86512
37.6822 26.9159 4.17164
48.4486 26.9159 4.53319
59.215 26.9159 3.5567
69.9813 26.9159 1.98354
5.38318 37.6822 1.03423
16.1495 37.6822 2.02789
26.9159 37.6822 3.34284
37.6822 37.6822 4.45027
48.4486 37.6822 4.71145
59.215 37.6822 3.65356
69.9813 37.6822 2.00128
5.38318 48.4486 1.34413
16.1495 48.4486 2.34793
26.9159 48.4486 3.1757
37.6822 48.4486 3.61715
48.4486 48.4486 3.53097
59.215 48.4486 2.77335
69.9813 48.4486 1.5681
5.38318 59.215 1.33457
16.1495 59.215 2.1366
26.9159 59.215 2.38963
37.6822 59.215 2.09921
48.4486 59.215 1.94902
59.215 59.215 1.72923
69.9813 59.215 1.19707
5.38318 69.9813 0.74017
16.1495 69.9813 1.24038
26.9159 69.9813 1.50938
37.6822 69.9813 1.21178
48.4486 69.9813 1.27248
59.215 69.9813 1.30027
69.9813 69.9813 1.07536
5.38318 80.7477 0.0536149
16.1495 80.7477 0.24247
26.9159 80.7477 0.547786
37.6822 80.7477 0.443589
48.4486 80.7477 0.69213
59.215 80.7477 0.8186
69.9813 80.7477 0.812325
5.38318 91.514 -0.260608
16.1495 91.514 -0.347424
26.9159 91.514 -0.266615
37.6822 91.514 -0.237951
48.4486 91.514 -0.173377
59.215 91.514 -0.084691
69.9813 91.514 0.202082
5.38318 102.28 -0.283312
16.1495 102.28 -0.392509
26.9159 102.28 -0.325303
37.6822 102.28 -0.294392
48.4486 102.28 -0.261211
59.215 102.28 -0.19017
69.9813 102.28 -0.0313575
5.38318 113.047 -0.300075
16.1495 113.047 -0.454993
26.9159 113.047 -0.459865
37.6822 113.047 -0.444418
48.4486 113.047 -0.423416
59.215 113.047 -0.326975
69.9813 113.047 -0.138584
5.38318 123.813 -0.28707
16.1495 123.813 -0.439015
26.9159 123.813 -0.417904
37.6822 123.813 -0.403886
48.4486 123.813 -0.371306
59.215 123.813 -0.276981
69.9813 123.813 -0.108757
5.38318 134.579 -0.216857
16.1495 134.579 -0.299441
26.9159 134.579 -0.222719
37.6822 134.579 -0.186205
48.4486 134.579 -0.164676
59.215 134.579 -0.131081
69.9813 134.579 -0.0274799
5.38318 145.346 -0.0419454
16.1495 145.346 0.155237
26.9159 145.346 0.723374
37.6822 145.346 0.925887
48.4486 145.346 0.814869
59.215 145.346 0.449141
69.9813 145.346 0.306507
5.38318 156.112 0.48529
16.1495 156.112 1.40985
26.9159 156.112 2.51407
37.6822 156.112 2.79299
48.4486 156.112 2.35682
59.215 156.112 1.35882
69.9813 156.112 0.691377
5.38318 166.879 1.09459
16.1495 166.879 2.62732
26.9159 166.879 4.52393
37.6822 166.879 4.98285
48.4486 166.879 4.18327
59.215 166.879 2.3491
69.9813 166.879 1.09842
5.38318 177.645 1.49275
16.1495 177.645 3.31054
26.9159 177.645 5.44744
37.6822 177.645 5.91114
48.4486 177.645 5.03506
59.215 177.645 2.94657
69.9813 177.645 1.36727
5.38318 188.411 1.77508
16.1495 188.411 3.34731
26.9159 188.411 4.91361
37.6822 188.411 5.12576
48.4486 188.411 4.47019
59.215 188.411 2.97687
69.9813 188.411 1.56031
5.38318 199.178 1.55142
16.1495 199.178 2.34899
26.9159 199.178 2.68524
37.6822 199.178 2.50188
48.4486 199.178 2.29155
59.215 199.178 2.09982
69.9813 199.178 1.41601
5.38318 209.944 1.09603
16.1495 209.944 1.54211
26.9159 209.944 1.49186
37.6822 209.944 1.23142
48.4486 209.944 1.23558
59.215 209.944 1.52278
69.9813 209.944 1.20742
