37 188
0 168 72 40
0 144 72 72
0 134 72 82
0 72 72 144
0 0 72 216
5.38318 5.38318 0.31749
16.1495 5.38318 0.690768
26.9159 5.38318 1.30563
37.6822 5.38318 1.63867
48.4486 5.38318 1.62799
59.215 5.38318 1.43071
69.9813 5.38318 0.876264
5.38318 16.1495 0.612806
16.1495 16.1495 1.37697
26.9159 16.1495 2.38511
37.6822 16.1495 2.8727
48.4486 16.1495 2.85125
59.215 16.1495 2.43456
69.9813 16.1495 1.50984
5.38318 26.9159 0.698982
16.1495 26.9159 1.48367
26.9159 26.9159 2.50751
37.6822 26.9159 2.82407
48.4486 26.9159 2.77589
59.215 26.9159 2.25559
69.9813 26.9159 1.46148
5.38318 37.6822 0.836246
16.1495 37.6822 1.51385
26.9159 37.6822 2.21475
37.6822 37.6822 2.1428
48.4486 37.6822 2.07126
59.215 37.6822 1.61259
69.9813 37.6822 1.14075
5.38318 48.4486 0.623993
16.1495 48.4486 1.04757
26.9159 48.4486 1.61408
37.6822 48.4486 1.3749
48.4486 48.4486 1.5226
59.215 48.4486 1.24115
69.9813 48.4486 1.03318
5.38318 59.215 0.215979
16.1495 59.215 0.405752
26.9159 59.215 0.851817
37.6822 59.215 0.717763
48.4486 59.215 0.936447
59.215 59.215 0.927157
69.9813 59.215 0.893471
5.38318 69.9813 -0.102122
16.1495 69.9813 -0.198861
26.9159 69.9813 -0.106527
37.6822 69.9813 -0.17798
48.4486 69.9813 0.0159991
59.215 69.9813 0.299973
69.9813 69.9813 0.558867
5.38318 80.7477 -0.145103
16.1495 80.7477 -0.223509
26.9159 80.7477 -0.1333
37.6822 80.7477 -0.137164
48.4486 80.7477 -0.0201421
59.215 80.7477 0.317069
69.9813 80.7477 0.492635
5.38318 91.514 -0.199362
16.1495 91.514 -0.279335
26.9159 91.514 -0.19755
37.6822 91.514 -0.185531
48.4486 91.514 -0.122564
59.215 91.514 0.0288414
69.9813 91.514 0.272589
5.38318 102.28 -0.208159
16.1495 102.28 -0.280605
26.9159 102.28 -0.205227
37.6822 102.28 -0.193142
48.4486 102.28 -0.181212
59.215 102.28 -0.115425
69.9813 102.28 0.0287693
5.38318 113.047 -0.294229
16.1495 113.047 -0.442882
26.9159 113.047 -0.4388
37.6822 113.047 -0.427378
48.4486 113.047 -0.413397
59.215 113.047 -0.324495
69.9813 113.047 -0.143047
5.38318 123.813 -0.298384
16.1495 123.813 -0.453439
26.9159 123.813 -0.463602
37.6822 123.813 -0.447089
48.4486 123.813 -0.42924
59.215 123.813 -0.331493
69.9813 123.813 -0.144469
5.38318 134.579 -0.292753
16.1495 134.579 -0.4477
26.9159 134.579 -0.435539
37.6822 134.579 -0.417906
48.4486 134.579 -0.381855
59.215 134.579 -0.282316
69.9813 134.579 -0.111102
5.38318 145.346 -0.213479
16.1495 145.346 -0.30866
26.9159 145.346 -0.277954
37.6822 145.346 -0.264008
48.4486 145.346 -0.234247
59.215 145.346 -0.174115
69.9813 145.346 -0.0501016
5.38318 156.112 -0.0889139
16.1495 156.112 -0.0331865
26.9159 156.112 0.344255
37.6822 156.112 0.492253
48.4486 156.112 0.489173
59.215 156.112 0.27581
69.9813 156.112 0.251941
5.38318 166.879 0.412397
16.1495 166.879 1.16866
26.9159 166.879 2.04005
37.6822 166.879 2.18802
48.4486 166.879 1.88736
59.215 166.879 1.13033
69.9813 166.879 0.647798
5.38318 177.645 0.849768
16.1495 177.645 2.29033
26.9159 177.645 3.92216
37.6822 177.645 4.37479
48.4486 177.645 3.72491
59.215 177.645 2.19307
69.9813 177.645 1.10138
5.38318 188.411 1.12758
16.1495 188.411 2.91587
26.9159 188.411 5.16326
37.6822 188.411 5.74844
48.4486 188.411 4.89471
59.215 188.411 2.80742
69.9813 188.411 1.34425
5.38318 199.178 0.869244
16.1495 199.178 2.46408
26.9159 199.178 4.56574
37.6822 199.178 5.15696
48.4486 199.178 4.39413
59.215 199.178 2.43761
69.9813 199.178 1.12565
5.38318 209.944 0.447939
16.1495 209.944 1.18816
26.9159 209.944 2.2254
37.6822 209.944 2.34673
48.4486 209.944 2.01917
59.215 209.944 1.08859
69.9813 209.944 0.561461
