48 177
0 157 72 40
0 141 72 72
0 134 72 82
0 72 72 144
0 0 72 216
5.38318 5.38318 0.370054
16.1495 5.38318 0.718774
26.9159 5.38318 1.47062
37.6822 5.38318 1.80768
48.4486 5.38318 1.68929
59.215 5.38318 1.24778
69.9813 5.38318 0.662332
5.38318 16.1495 0.608437
16.1495 16.1495 1.33186
26.9159 16.1495 2.63391
37.6822 16.1495 3.18153
48.4486 16.1495 2.95896
59.215 16.1495 2.11581
69.9813 16.1495 1.11793
5.38318 26.9159 0.59967
16.1495 26.9159 1.38043
26.9159 26.9159 3.04287
37.6822 26.9159 3.55567
48.4486 26.9159 3.15298
59.215 26.9159 2.17103
69.9813 26.9159 1.11889
5.38318 37.6822 0.539522
16.1495 37.6822 1.34345
26.9159 37.6822 2.97408
37.6822 37.6822 3.28148
48.4486 37.6822 2.71485
59.215 37.6822 1.6868
69.9813 37.6822 0.814553
5.38318 48.4486 0.234304
16.1495 48.4486 1.03669
26.9159 48.4486 2.7125
37.6822 48.4486 3.2121
48.4486 48.4486 2.75706
59.215 48.4486 1.854
69.9813 48.4486 0.926071
5.38318 59.215 -0.224337
16.1495 59.215 0.200275
26.9159 59.215 2.01017
37.6822 59.215 2.98157
48.4486 59.215 2.9014
59.215 59.215 2.28471
69.9813 59.215 1.33705
5.38318 69.9813 -0.446423
16.1495 69.9813 -0.350727
26.9159 69.9813 0.712608
37.6822 69.9813 2.13142
48.4486 69.9813 2.30317
59.215 69.9813 2.14011
69.9813 69.9813 1.3141
5.38318 80.7477 -0.536929
16.1495 80.7477 -0.702125
26.9159 80.7477 -0.408835
37.6822 80.7477 0.355823
48.4486 80.7477 0.622234
59.215 80.7477 0.907871
69.9813 80.7477 0.629475
5.38318 91.514 -0.577636
16.1495 91.514 -0.877071
26.9159 91.514 -0.896293
37.6822 91.514 -0.705557
48.4486 91.514 -0.684977
59.215 91.514 -0.4367
69.9813 91.514 -0.195061
5.38318 102.28 -0.583201
16.1495 102.28 -0.934081
26.9159 102.28 -1.02457
37.6822 102.28 -1.02739
48.4486 102.28 -0.995838
59.215 102.28 -0.798097
69.9813 102.28 -0.370993
5.38318 113.047 -0.568691
16.1495 113.047 -0.912803
26.9159 113.047 -0.992414
37.6822 113.047 -0.997038
48.4486 113.047 -0.945782
59.215 113.047 -0.733995
69.9813 113.047 -0.313577
5.38318 123.813 -0.483754
16.1495 123.813 -0.775175
26.9159 123.813 -0.799571
37.6822 123.813 -0.826201
48.4486 123.813 -0.790061
59.215 123.813 -0.567511
69.9813 123.813 -0.218575
5.38318 134.579 -0.145273
16.1495 134.579 -0.236034
26.9159 134.579 -0.250075
37.6822 134.579 -0.353588
48.4486 134.579 -0.409042
59.215 134.579 -0.268865
69.9813 134.579 -0.0422908
5.38318 145.346 0.858962
16.1495 145.346 1.42757
26.9159 145.346 1.50706
37.6822 145.346 1.09519
48.4486 145.346 0.713573
59.215 145.346 0.612719
69.9813 145.346 0.543379
5.38318 156.112 1.86699
16.1495 156.112 3.15679
26.9159 156.112 3.42882
37.6822 156.112 3.05943
48.4486 156.112 2.56249
59.215 156.112 2.009
69.9813 156.112 1.28885
5.38318 166.879 2.26385
16.1495 166.879 4.01556
26.9159 166.879 4.92618
37.6822 166.879 5.14571
48.4486 166.879 4.71049
59.215 166.879 3.5002
69.9813 166.879 1.96379
5.38318 177.645 1.75201
16.1495 177.645 3.36777
26.9159 177.645 4.9192
37.6822 177.645 6.1454
48.4486 177.645 6.20557
59.215 177.645 4.67438
69.9813 177.645 2.45574
5.38318 188.411 0.992166
16.1495 188.411 2.17856
26.9159 188.411 4.00764
37.6822 188.411 5.68021
48.4486 188.411 5.98788
59.215 188.411 4.53732
69.9813 188.411 2.34421
5.38318 199.178 0.494465
16.1495 199.178 1.15837
26.9159 199.178 2.42369
37.6822 199.178 3.42727
48.4486 199.178 3.76753
59.215 199.178 3.06419
69.9813 199.178 1.70722
5.38318 209.944 0.372946
16.1495 209.944 0.797285
26.9159 209.944 1.32702
37.6822 209.944 1.58536
48.4486 209.944 1.81292
59.215 209.944 1.62807
69.9813 209.944 1.07684
