37 177
0 157 72 40
0 141 72 72
0 134 72 82
0 72 72 144
0 0 72 216
5.38318 5.38318 0.14526
16.1495 5.38318 0.508245
26.9159 5.38318 1.7129
37.6822 5.38318 2.09022
48.4486 5.38318 1.7601
59.215 5.38318 0.968905
69.9813 5.38318 0.36369
5.38318 16.1495 0.0570748
16.1495 16.1495 0.833616
26.9159 16.1495 2.79043
37.6822 16.1495 3.51517
48.4486 16.1495 2.97728
59.215 16.1495 1.71281
69.9813 16.1495 0.705732
5.38318 26.9159 -0.157894
16.1495 26.9159 0.498527
26.9159 26.9159 2.71653
37.6822 26.9159 3.54603
48.4486 26.9159 2.884
59.215 26.9159 1.35614
69.9813 26.9159 0.461885
5.38318 37.6822 -0.0956858
16.1495 37.6822 0.456957
26.9159 37.6822 1.8968
37.6822 37.6822 2.3325
48.4486 37.6822 1.72683
59.215 37.6822 0.779099
69.9813 37.6822 0.357093
5.38318 48.4486 0.257455
16.1495 48.4486 1.03291
26.9159 48.4486 2.02486
37.6822 48.4486 2.19075
48.4486 48.4486 1.70252
59.215 48.4486 1.01561
69.9813 48.4486 0.639992
5.38318 59.215 0.696549
16.1495 59.215 1.67412
26.9159 59.215 2.27283
37.6822 59.215 2.46597
48.4486 59.215 2.26921
59.215 59.215 1.98537
69.9813 59.215 1.30089
5.38318 69.9813 0.756904
16.1495 69.9813 1.65416
26.9159 69.9813 2.04698
37.6822 69.9813 2.2334
48.4486 69.9813 2.22632
59.215 69.9813 2.20112
69.9813 69.9813 1.49888
5.38318 80.7477 0.27277
16.1495 80.7477 0.730918
26.9159 80.7477 0.801941
37.6822 80.7477 0.90149
48.4486 80.7477 0.970957
59.215 80.7477 1.33591
69.9813 80.7477 1.09138
5.38318 91.514 -0.325666
16.1495 91.514 -0.444784
26.9159 91.514 -0.509007
37.6822 91.514 -0.519114
48.4486 91.514 -0.523134
59.215 91.514 -0.263692
69.9813 91.514 -0.0193194
5.38318 102.28 -0.536291
16.1495 102.28 -0.850673
26.9159 102.28 -0.933368
37.6822 102.28 -0.943698
48.4486 102.28 -0.920698
59.215 102.28 -0.690876
69.9813 102.28 -0.297313
5.38318 113.047 -0.572206
16.1495 113.047 -0.914803
26.9159 113.047 -0.990336
37.6822 113.047 -0.991068
48.4486 113.047 -0.940062
59.215 113.047 -0.727988
69.9813 113.047 -0.310957
5.38318 123.813 -0.524562
16.1495 123.813 -0.822292
26.9159 123.813 -0.810778
37.6822 123.813 -0.798894
48.4486 123.813 -0.753814
59.215 123.813 -0.567371
69.9813 123.813 -0.228176
5.38318 134.579 -0.347184
16.1495 134.579 -0.477126
26.9159 134.579 -0.343378
37.6822 134.579 -0.307443
48.4486 134.579 -0.323694
59.215 134.579 -0.269639
69.9813 134.579 -0.0853728
5.38318 145.346 -0.117978
16.1495 145.346 0.0862539
26.9159 145.346 0.804239
37.6822 145.346 1.17243
48.4486 145.346 1.01028
59.215 145.346 0.618231
69.9813 145.346 0.422403
5.38318 156.112 0.315495
16.1495 156.112 1.27857
26.9159 156.112 2.42412
37.6822 156.112 3.04484
48.4486 156.112 2.69118
59.215 156.112 1.73245
69.9813 156.112 0.888787
5.38318 166.879 0.520288
16.1495 166.879 1.80072
26.9159 166.879 3.3497
37.6822 166.879 4.44267
48.4486 166.879 4.05204
59.215 166.879 2.5345
69.9813 166.879 1.25502
5.38318 177.645 0.732588
16.1495 177.645 2.01137
26.9159 177.645 3.78113
37.6822 177.645 4.93923
48.4486 177.645 4.48527
59.215 177.645 2.72424
69.9813 177.645 1.28038
5.38318 188.411 0.784046
16.1495 188.411 1.90132
26.9159 188.411 3.3704
37.6822 188.411 4.41282
48.4486 188.411 3.97594
59.215 188.411 2.52066
69.9813 188.411 1.19086
5.38318 199.178 0.726849
16.1495 199.178 1.70528
26.9159 199.178 2.69992
37.6822 199.178 3.40423
48.4486 199.178 3.01475
59.215 199.178 2.12709
69.9813 199.178 1.12563
5.38318 209.944 0.473273
16.1495 209.944 1.01136
26.9159 209.944 1.25054
37.6822 209.944 1.62941
48.4486 209.944 1.50827
59.215 209.944 1.37285
69.9813 209.944 0.821483
