48 37
0 17 72 40
0 1 72 72
0 0 72 82
0 0 72 144
0 0 72 216
5.38318 5.38318 0.133934
16.1495 5.38318 0.322162
26.9159 5.38318 0.917381
37.6822 5.38318 1.21508
48.4486 5.38318 1.24362
59.215 5.38318 0.933501
69.9813 5.38318 0.578399
5.38318 16.1495 0.312398
16.1495 16.1495 0.975038
26.9159 16.1495 2.19888
37.6822 16.1495 2.88202
48.4486 16.1495 3.03332
59.215 16.1495 2.25159
69.9813 16.1495 1.33557
5.38318 26.9159 0.449212
16.1495 26.9159 1.51643
26.9159 26.9159 3.29812
37.6822 26.9159 4.57512
48.4486 26.9159 4.88087
59.215 26.9159 3.59481
69.9813 26.9159 2.00783
5.38318 37.6822 1.2209
16.1495 37.6822 2.46209
26.9159 37.6822 4.21805
37.6822 37.6822 5.57559
48.4486 37.6822 5.84531
59.215 37.6822 4.37829
69.9813 37.6822 2.37241
5.38318 48.4486 1.85115
16.1495 48.4486 3.1751
26.9159 48.4486 4.28231
37.6822 48.4486 4.99502
48.4486 48.4486 4.92972
59.215 48.4486 3.74675
69.9813 48.4486 2.04923
5.38318 59.215 2.07175
16.1495 59.215 3.11828
26.9159 59.215 3.40459
37.6822 59.215 3.19169
48.4486 59.215 2.98393
59.215 59.215 2.67454
69.9813 59.215 1.72049
5.38318 69.9813 1.2955
16.1495 69.9813 1.97633
26.9159 69.9813 2.08459
37.6822 69.9813 1.68217
48.4486 69.9813 1.71719
59.215 69.9813 1.95499
69.9813 69.9813 1.50015
5.38318 80.7477 -0.0471242
16.1495 80.7477 -0.0301772
26.9159 80.7477 0.120177
37.6822 80.7477 0.164583
48.4486 80.7477 0.521227
59.215 80.7477 1.11286
69.9813 80.7477 1.09867
5.38318 91.514 -0.453006
16.1495 91.514 -0.712363
26.9159 91.514 -0.763733
37.6822 91.514 -0.776131
48.4486 91.514 -0.692673
59.215 91.514 -0.431363
69.9813 91.514 -0.0941792
5.38318 102.28 -0.569231
16.1495 102.28 -0.912398
26.9159 102.28 -0.999651
37.6822 102.28 -0.998679
48.4486 102.28 -0.938097
59.215 102.28 -0.688033
69.9813 102.28 -0.272502
5.38318 113.047 -0.584889
16.1495 113.047 -0.936528
26.9159 113.047 -1.01945
37.6822 113.047 -1.0182
48.4486 113.047 -0.960234
59.215 113.047 -0.751561
69.9813 113.047 -0.320164
5.38318 123.813 -0.562565
16.1495 123.813 -0.895142
26.9159 123.813 -0.954672
37.6822 123.813 -0.954701
48.4486 123.813 -0.901152
59.215 123.813 -0.68638
69.9813 123.813 -0.288887
5.38318 134.579 -0.48575
16.1495 134.579 -0.737657
26.9159 134.579 -0.644223
37.6822 134.579 -0.657919
48.4486 134.579 -0.608769
59.215 134.579 -0.49736
69.9813 134.579 -0.193267
5.38318 145.346 -0.254987
16.1495 145.346 -0.313854
26.9159 145.346 -0.0413237
37.6822 145.346 0.0395566
48.4486 145.346 0.173875
59.215 145.346 0.0408126
69.9813 145.346 0.201872
5.38318 156.112 0.34394
16.1495 156.112 0.966744
26.9159 156.112 1.88925
37.6822 156.112 2.14309
48.4486 156.112 2.03922
59.215 156.112 1.40097
69.9813 156.112 0.853074
5.38318 166.879 1.11148
16.1495 166.879 2.19738
26.9159 166.879 3.10095
37.6822 166.879 3.51836
48.4486 166.879 3.30173
59.215 166.879 2.50126
69.9813 166.879 1.4643
5.38318 177.645 1.57849
16.1495 177.645 2.86547
26.9159 177.645 3.63769
37.6822 177.645 3.90586
48.4486 177.645 3.50416
59.215 177.645 2.73734
69.9813 177.645 1.61168
5.38318 188.411 1.51314
16.1495 188.411 2.64397
26.9159 188.411 3.21378
37.6822 188.411 3.31
48.4486 188.411 2.80792
59.215 188.411 2.28109
69.9813 188.411 1.36438
5.38318 199.178 1.01521
16.1495 199.178 1.85606
26.9159 199.178 2.27358
37.6822 199.178 2.35837
48.4486 199.178 1.89225
59.215 199.178 1.6897
69.9813 199.178 1.02355
5.38318 209.944 0.548736
16.1495 209.944 1.10712
26.9159 209.944 1.46066
37.6822 209.944 1.57928
48.4486 209.944 1.2728
59.215 209.944 1.16789
69.9813 209.944 0.711883
