48 177
0 157 72 40
0 141 72 72
0 134 72 82
0 72 72 144
0 0 72 216
5.38318 5.38318 0.501691
16.1495 5.38318 0.969447
26.9159 5.38318 1.30328
37.6822 5.38318 1.29457
48.4486 5.38318 1.09809
59.215 5.38318 0.810609
69.9813 5.38318 0.483563
5.38318 16.1495 0.881887
16.1495 16.1495 1.82845
26.9159 16.1495 2.47327
37.6822 16.1495 2.5044
48.4486 16.1495 2.14004
59.215 16.1495 1.61249
69.9813 16.1495 1.01415
5.38318 26.9159 1.1301
16.1495 26.9159 2.27478
26.9159 26.9159 3.14509
37.6822 26.9159 3.19264
48.4486 26.9159 2.70893
59.215 26.9159 1.98119
69.9813 26.9159 1.23194
5.38318 37.6822 1.20242
16.1495 37.6822 2.23646
26.9159 37.6822 2.96501
37.6822 37.6822 3.02593
48.4486 37.6822 2.66066
59.215 37.6822 2.07822
69.9813 37.6822 1.31319
5.38318 48.4486 1.01717
16.1495 48.4486 1.91221
26.9159 48.4486 2.57279
37.6822 48.4486 2.60199
48.4486 48.4486 2.32453
59.215 48.4486 1.88217
69.9813 48.4486 1.238
5.38318 59.215 0.910831
16.1495 59.215 1.67795
26.9159 59.215 2.06731
37.6822 59.215 1.85512
48.4486 59.215 1.49027
59.215 59.215 1.36519
69.9813 59.215 1.021
5.38318 69.9813 0.40241
16.1495 69.9813 0.72803
26.9159 69.9813 0.862059
37.6822 69.9813 0.61898
48.4486 69.9813 0.449456
59.215 69.9813 0.604994
69.9813 69.9813 0.604698
5.38318 80.7477 -0.0441241
16.1495 80.7477 -0.0363744
26.9159 80.7477 0.115383
37.6822 80.7477 -0.0518127
48.4486 80.7477 -0.0357511
59.215 80.7477 0.213708
69.9813 80.7477 0.41955
5.38318 91.514 -0.22743
16.1495 91.514 -0.34029
26.9159 91.514 -0.273717
37.6822 91.514 -0.24301
48.4486 91.514 -0.140296
59.215 91.514 0.0622747
69.9813 91.514 0.293462
5.38318 102.28 -0.255367
16.1495 102.28 -0.366107
26.9159 102.28 -0.284768
37.6822 102.28 -0.243552
48.4486 102.28 -0.208002
59.215 102.28 -0.137414
69.9813 102.28 -0.017993
5.38318 113.047 -0.29211
16.1495 113.047 -0.437328
26.9159 113.047 -0.40899
37.6822 113.047 -0.393544
48.4486 113.047 -0.372679
59.215 113.047 -0.293893
69.9813 113.047 -0.124141
5.38318 123.813 -0.262271
16.1495 123.813 -0.368676
26.9159 123.813 -0.276099
37.6822 123.813 -0.222929
48.4486 123.813 -0.174881
59.215 123.813 -0.135328
69.9813 123.813 -0.0267005
5.38318 134.579 -0.138882
16.1495 134.579 -0.122177
26.9159 134.579 0.123553
37.6822 134.579 0.379568
48.4486 134.579 0.488075
59.215 134.579 0.381007
69.9813 134.579 0.322808
5.38318 145.346 0.16156
16.1495 145.346 0.561131
26.9159 145.346 1.17283
37.6822 145.346 1.5571
48.4486 145.346 1.66879
59.215 145.346 1.33496
69.9813 145.346 0.868825
5.38318 156.112 0.652146
16.1495 156.112 1.48072
26.9159 156.112 2.33772
37.6822 156.112 2.8667
48.4486 156.112 2.98578
59.215 156.112 2.35941
69.9813 156.112 1.42507
5.38318 166.879 1.032
16.1495 166.879 2.11226
26.9159 166.879 3.42142
37.6822 166.879 4.16626
48.4486 166.879 4.23867
59.215 166.879 3.24664
69.9813 166.879 1.86295
5.38318 177.645 1.15895
16.1495 177.645 2.36849
26.9159 177.645 3.98542
37.6822 177.645 5.06396
48.4486 177.645 5.19644
59.215 177.645 4.01931
69.9813 177.645 2.21298
5.38318 188.411 1.14037
16.1495 188.411 2.22703
26.9159 188.411 3.82282
37.6822 188.411 4.91703
48.4486 188.411 5.0277
59.215 188.411 3.79748
69.9813 188.411 2.00551
5.38318 199.178 0.858543
16.1495 199.178 1.56786
26.9159 199.178 2.53369
37.6822 199.178 3.06099
48.4486 199.178 3.01973
59.215 199.178 2.3946
69.9813 199.178 1.28954
5.38318 209.944 0.627361
16.1495 209.944 1.00666
26.9159 209.944 1.30155
37.6822 209.944 1.22428
48.4486 209.944 1.16866
59.215 209.944 1.0175
69.9813 209.944 0.694285
