37 166
0 146 72 40
0 130 72 72
0 125 72 82
0 72 72 144
0 0 72 216
5.38318 5.38318 0.476536
16.1495 5.38318 0.848908
26.9159 5.38318 1.26911
37.6822 5.38318 1.38633
48.4486 5.38318 1.32872
59.215 5.38318 1.02194
69.9813 5.38318 0.592539
5.38318 16.1495 0.963487
16.1495 16.1495 1.86252
26.9159 16.1495 2.60513
37.6822 16.1495 2.88188
48.4486 16.1495 2.69892
59.215 16.1495 2.05844
69.9813 16.1495 1.19404
5.38318 26.9159 1.25905
16.1495 26.9159 2.43944
26.9159 26.9159 3.31834
37.6822 26.9159 3.76425
48.4486 26.9159 3.4896
59.215 26.9159 2.73815
69.9813 26.9159 1.60665
5.38318 37.6822 1.5453
16.1495 37.6822 2.86591
26.9159 37.6822 3.62287
37.6822 37.6822 3.91314
48.4486 37.6822 3.46649
59.215 37.6822 2.79851
69.9813 37.6822 1.64294
5.38318 48.4486 1.4163
16.1495 48.4486 2.56589
26.9159 48.4486 3.18998
37.6822 48.4486 3.36446
48.4486 48.4486 2.83164
59.215 48.4486 2.32902
69.9813 48.4486 1.35994
5.38318 59.215 0.992157
16.1495 59.215 1.93653
26.9159 59.215 2.53722
37.6822 59.215 2.71188
48.4486 59.215 2.18847
59.215 59.215 1.8872
69.9813 59.215 1.07321
5.38318 69.9813 0.596047
16.1495 69.9813 1.1552
26.9159 69.9813 1.64465
37.6822 69.9813 1.69343
48.4486 69.9813 1.19558
59.215 69.9813 1.09519
69.9813 69.9813 0.654543
5.38318 80.7477 -0.0706123
16.1495 80.7477 -0.0715683
26.9159 80.7477 0.108908
37.6822 80.7477 0.0864453
48.4486 80.7477 -0.100437
59.215 80.7477 0.0856467
69.9813 80.7477 0.153315
5.38318 91.514 -0.416433
16.1495 91.514 -0.685148
26.9159 91.514 -0.680065
37.6822 91.514 -0.717237
48.4486 91.514 -0.750154
59.215 91.514 -0.550624
69.9813 91.514 -0.258966
5.38318 102.28 -0.562316
16.1495 102.28 -0.901384
26.9159 102.28 -0.9723
37.6822 102.28 -0.973479
48.4486 102.28 -0.925464
59.215 102.28 -0.703922
69.9813 102.28 -0.303001
5.38318 113.047 -0.57038
16.1495 113.047 -0.9014
26.9159 113.047 -0.95956
37.6822 113.047 -0.949502
48.4486 113.047 -0.898837
59.215 113.047 -0.682233
69.9813 113.047 -0.289131
5.38318 123.813 -0.465281
16.1495 123.813 -0.645586
26.9159 123.813 -0.500254
37.6822 123.813 -0.455453
48.4486 123.813 -0.489577
59.215 123.813 -0.430734
69.9813 123.813 -0.182829
5.38318 134.579 -0.188334
16.1495 134.579 -0.0808253
26.9159 134.579 0.800306
37.6822 134.579 0.999435
48.4486 134.579 0.714196
59.215 134.579 0.186275
69.9813 134.579 0.168189
5.38318 145.346 0.473022
16.1495 145.346 1.55497
26.9159 145.346 2.95548
37.6822 145.346 3.26513
48.4486 145.346 2.67576
59.215 145.346 1.51227
69.9813 145.346 0.804213
5.38318 156.112 1.04716
16.1495 156.112 2.62926
26.9159 156.112 4.39164
37.6822 156.112 4.8558
48.4486 156.112 4.17873
59.215 156.112 2.57926
69.9813 156.112 1.40282
5.38318 166.879 1.36351
16.1495 166.879 3.24249
26.9159 166.879 5.14138
37.6822 166.879 5.59389
48.4486 166.879 4.71252
59.215 166.879 2.94389
69.9813 166.879 1.56281
5.38318 177.645 1.31981
16.1495 177.645 3.1048
26.9159 177.645 5.01298
37.6822 177.645 5.46314
48.4486 177.645 4.65559
59.215 177.645 2.86331
69.9813 177.645 1.5346
5.38318 188.411 1.32278
16.1495 188.411 2.98624
26.9159 188.411 4.77137
37.6822 188.411 5.18066
48.4486 188.411 4.13148
59.215 188.411 2.49109
69.9813 188.411 1.20456
5.38318 199.178 1.05328
16.1495 199.178 2.1679
26.9159 199.178 3.15603
37.6822 199.178 3.38318
48.4486 199.178 2.76644
59.215 199.178 1.87681
69.9813 199.178 1.07635
5.38318 209.944 0.769196
16.1495 209.944 1.37358
26.9159 209.944 1.52701
37.6822 209.944 1.56202
48.4486 209.944 1.35571
59.215 209.944 1.19038
69.9813 209.944 0.821178
