37 177
0 157 72 40
0 141 72 72
0 134 72 82
0 72 72 144
0 0 72 216
5.38318 5.38318 0.645071
16.1495 5.38318 0.873085
26.9159 5.38318 0.950655
37.6822 5.38318 0.893439
48.4486 5.38318 1.05794
59.215 5.38318 0.985414
69.9813 5.38318 0.696115
5.38318 16.1495 1.12642
16.1495 16.1495 1.8325
26.9159 16.1495 2.21847
37.6822 16.1495 2.14804
48.4486 16.1495 2.24813
59.215 16.1495 1.94631
69.9813 16.1495 1.36821
5.38318 26.9159 0.981532
16.1495 26.9159 1.93299
26.9159 26.9159 2.80213
37.6822 26.9159 2.92291
48.4486 26.9159 2.98424
59.215 26.9159 2.41879
69.9813 26.9159 1.6311
5.38318 37.6822 1.1474
16.1495 37.6822 2.5978
26.9159 37.6822 4.10212
37.6822 37.6822 4.31532
48.4486 37.6822 3.80621
59.215 37.6822 2.5723
69.9813 37.6822 1.52255
5.38318 48.4486 0.981364
16.1495 48.4486 2.63829
26.9159 48.4486 4.52056
37.6822 48.4486 4.86116
48.4486 48.4486 3.88406
59.215 48.4486 2.33145
69.9813 48.4486 1.18129
5.38318 59.215 0.444041
16.1495 59.215 1.7894
26.9159 59.215 3.31094
37.6822 59.215 3.40359
48.4486 59.215 2.40505
59.215 59.215 1.1351
69.9813 59.215 0.471372
5.38318 69.9813 -0.273465
16.1495 69.9813 -0.264927
26.9159 69.9813 0.291688
37.6822 69.9813 0.200106
48.4486 69.9813 -0.282869
59.215 69.9813 -0.313548
69.9813 69.9813 -0.189739
5.38318 80.7477 -0.51031
16.1495 80.7477 -0.795666
26.9159 80.7477 -0.767875
37.6822 80.7477 -0.837837
48.4486 80.7477 -0.943285
59.215 80.7477 -0.737426
69.9813 80.7477 -0.360292
5.38318 91.514 -0.580339
16.1495 91.514 -0.943974
26.9159 91.514 -1.05791
37.6822 91.514 -1.08654
48.4486 91.514 -1.05113
59.215 91.514 -0.8287
69.9813 91.514 -0.375233
5.38318 102.28 -0.589684
16.1495 102.28 -0.948101
26.9159 102.28 -1.04471
37.6822 102.28 -1.05073
48.4486 102.28 -0.997661
59.215 102.28 -0.786144
69.9813 102.28 -0.345092
5.38318 113.047 -0.563734
16.1495 113.047 -0.904568
26.9159 113.047 -0.981858
37.6822 113.047 -0.982529
48.4486 113.047 -0.926386
59.215 113.047 -0.699595
69.9813 113.047 -0.290832
5.38318 123.813 -0.4509
16.1495 123.813 -0.690744
26.9159 123.813 -0.690614
37.6822 123.813 -0.658785
48.4486 123.813 -0.61402
59.215 123.813 -0.405332
69.9813 123.813 -0.130457
5.38318 134.579 -0.121456
16.1495 134.579 -0.129338
26.9159 134.579 -0.106478
37.6822 134.579 -0.06142
48.4486 134.579 -0.0888709
59.215 134.579 0.132943
69.9813 134.579 0.355708
5.38318 145.346 0.696956
16.1495 145.346 1.44969
26.9159 145.346 1.74625
37.6822 145.346 2.05275
48.4486 145.346 1.85008
59.215 145.346 1.71702
69.9813 145.346 1.15299
5.38318 156.112 1.51941
16.1495 156.112 2.79971
26.9159 156.112 3.32468
37.6822 156.112 3.50276
48.4486 156.112 3.17259
59.215 156.112 2.68427
69.9813 156.112 1.6706
5.38318 166.879 1.79139
16.1495 166.879 3.45716
26.9159 166.879 4.62183
37.6822 166.879 4.91546
48.4486 166.879 4.33272
59.215 166.879 3.22461
69.9813 166.879 1.83339
5.38318 177.645 1.57551
16.1495 177.645 3.29096
26.9159 177.645 4.93627
37.6822 177.645 5.28216
48.4486 177.645 4.45989
59.215 177.645 2.95979
69.9813 177.645 1.61087
5.38318 188.411 1.14879
16.1495 188.411 2.69629
26.9159 188.411 4.51481
37.6822 188.411 4.87118
48.4486 188.411 3.87309
59.215 188.411 2.30985
69.9813 188.411 1.10014
5.38318 199.178 0.737396
16.1495 199.178 1.79614
26.9159 199.178 2.80464
37.6822 199.178 2.9582
48.4486 199.178 2.51157
59.215 199.178 1.66504
69.9813 199.178 1.0248
5.38318 209.944 0.486005
16.1495 209.944 1.13171
26.9159 209.944 1.4297
37.6822 209.944 1.45383
48.4486 209.944 1.28303
59.215 209.944 1.13531
69.9813 209.944 0.81576
