48 156
0 136 72 40
0 120 72 72
0 115 72 82
0 72 72 144
0 0 72 216
5.38318 5.38318 0.346313
16.1495 5.38318 0.767991
26.9159 5.38318 1.35359
37.6822 5.38318 1.31479
48.4486 5.38318 0.807647
59.215 5.38318 0.442659
69.9813 5.38318 0.152489
5.38318 16.1495 0.570552
16.1495 16.1495 1.51133
26.9159 16.1495 2.61106
37.6822 16.1495 2.58452
48.4486 16.1495 1.70275
59.215 16.1495 0.883501
69.9813 16.1495 0.309445
5.38318 26.9159 0.52673
16.1495 26.9159 1.54725
26.9159 26.9159 2.90522
37.6822 26.9159 2.77162
48.4486 26.9159 1.56749
59.215 26.9159 0.621916
69.9813 26.9159 0.0456246
5.38318 37.6822 0.567788
16.1495 37.6822 1.34299
26.9159 37.6822 2.4472
37.6822 37.6822 2.02711
48.4486 37.6822 1.07321
59.215 37.6822 0.330919
69.9813 37.6822 0.039012
5.38318 48.4486 0.463762
16.1495 48.4486 0.958099
26.9159 48.4486 1.62823
37.6822 48.4486 1.00711
48.4486 48.4486 0.376653
59.215 48.4486 0.0387343
69.9813 48.4486 0.162537
5.38318 59.215 0.0267504
16.1495 59.215 0.278127
26.9159 59.215 1.06731
37.6822 59.215 0.722132
48.4486 59.215 0.411565
59.215 59.215 0.14497
69.9813 59.215 0.262126
5.38318 69.9813 -0.202429
16.1495 69.9813 -0.300164
26.9159 69.9813 -0.149332
37.6822 69.9813 -0.204612
48.4486 69.9813 -0.215752
59.215 69.9813 -0.145273
69.9813 69.9813 0.0130608
5.38318 80.7477 -0.292906
16.1495 80.7477 -0.475142
26.9159 80.7477 -0.428601
37.6822 80.7477 -0.466305
48.4486 80.7477 -0.465429
59.215 80.7477 -0.360607
69.9813 80.7477 -0.160919
5.38318 91.514 -0.298915
16.1495 91.514 -0.464791
26.9159 91.514 -0.499466
37.6822 91.514 -0.516814
48.4486 91.514 -0.527012
59.215 91.514 -0.401477
69.9813 91.514 -0.186201
5.38318 102.28 -0.299224
16.1495 102.28 -0.452779
26.9159 102.28 -0.464817
37.6822 102.28 -0.448844
48.4486 102.28 -0.434927
59.215 102.28 -0.334351
69.9813 102.28 -0.147628
5.38318 113.047 -0.295897
16.1495 113.047 -0.444631
26.9159 113.047 -0.430615
37.6822 113.047 -0.407815
48.4486 113.047 -0.378221
59.215 113.047 -0.279115
69.9813 113.047 -0.115878
5.38318 123.813 -0.273375
16.1495 123.813 -0.363949
26.9159 123.813 -0.238856
37.6822 123.813 -0.120428
48.4486 123.813 -0.0633424
59.215 123.813 -0.00251419
69.9813 123.813 0.134678
5.38318 134.579 -0.191337
16.1495 134.579 -0.175964
26.9159 134.579 0.229295
37.6822 134.579 0.686804
48.4486 134.579 0.926365
59.215 134.579 0.928468
69.9813 134.579 0.697115
5.38318 145.346 -0.0441473
16.1495 145.346 0.328809
26.9159 145.346 1.28009
37.6822 145.346 2.03035
48.4486 145.346 2.34566
59.215 145.346 2.23125
69.9813 145.346 1.48074
5.38318 156.112 0.286775
16.1495 156.112 0.948674
26.9159 156.112 2.05247
37.6822 156.112 2.79862
48.4486 156.112 3.11588
59.215 156.112 2.87505
69.9813 156.112 1.89994
5.38318 166.879 0.706892
16.1495 166.879 1.52385
26.9159 166.879 2.47924
37.6822 166.879 2.9954
48.4486 166.879 3.10403
59.215 166.879 2.75671
69.9813 166.879 1.7614
5.38318 177.645 0.904376
16.1495 177.645 1.64704
26.9159 177.645 2.30875
37.6822 177.645 2.29389
48.4486 177.645 2.05152
59.215 177.645 1.6477
69.9813 177.645 1.07206
5.38318 188.411 0.855811
16.1495 188.411 1.44493
26.9159 188.411 2.00831
37.6822 188.411 1.65623
48.4486 188.411 1.4123
59.215 188.411 1.06319
69.9813 188.411 0.799453
5.38318 199.178 0.34632
16.1495 199.178 0.621938
26.9159 199.178 1.11112
37.6822 199.178 0.811214
48.4486 199.178 0.787693
59.215 199.178 0.642282
69.9813 199.178 0.611723
5.38318 209.944 -0.00659389
16.1495 209.944 -0.000718859
26.9159 209.944 0.286963
37.6822 209.944 -0.009866
48.4486 209.944 0.131665
59.215 209.944 0.0988438
69.9813 209.944 0.333226
