37 37
0 17 72 40
0 1 72 72
0 0 72 82
0 0 72 144
0 0 72 216
5.38318 5.38318 0.469923
16.1495 5.38318 1.00125
26.9159 5.38318 1.42266
37.6822 5.38318 1.62332
48.4486 5.38318 1.40703
59.215 5.38318 0.931828
69.9813 5.38318 0.502985
5.38318 16.1495 0.706569
16.1495 16.1495 1.76624
26.9159 16.1495 2.83465
37.6822 16.1495 3.42559
48.4486 16.1495 3.04165
59.215 16.1495 1.94406
69.9813 16.1495 1.0339
5.38318 26.9159 0.639138
16.1495 26.9159 1.90978
26.9159 26.9159 3.57505
37.6822 26.9159 4.60053
48.4486 26.9159 4.2293
59.215 26.9159 2.6186
69.9813 26.9159 1.31407
5.38318 37.6822 0.73421
16.1495 37.6822 1.95165
26.9159 37.6822 3.76492
37.6822 37.6822 4.87748
48.4486 37.6822 4.48899
59.215 37.6822 2.73421
69.9813 37.6822 1.30996
5.38318 48.4486 0.791843
16.1495 48.4486 1.82546
26.9159 48.4486 3.1603
37.6822 48.4486 3.99929
48.4486 48.4486 3.69793
59.215 48.4486 2.46528
69.9813 48.4486 1.27582
5.38318 59.215 0.793786
16.1495 59.215 1.6766
26.9159 59.215 2.44139
37.6822 59.215 2.91825
48.4486 59.215 2.70799
59.215 59.215 2.1089
69.9813 59.215 1.2123
5.38318 69.9813 0.25855
16.1495 69.9813 0.588141
26.9159 69.9813 0.787773
37.6822 69.9813 1.19662
48.4486 69.9813 1.29852
59.215 69.9813 1.43474
69.9813 69.9813 0.95527
5.38318 80.7477 -0.242088
16.1495 80.7477 -0.347677
26.9159 80.7477 -0.345017
37.6822 80.7477 -0.249326
48.4486 80.7477 -0.145401
59.215 80.7477 0.205909
69.9813 80.7477 0.363632
5.38318 91.514 -0.487966
16.1495 91.514 -0.780898
26.9159 91.514 -0.835073
37.6822 91.514 -0.804365
48.4486 91.514 -0.743837
59.215 91.514 -0.501387
69.9813 91.514 -0.188894
5.38318 102.28 -0.566885
16.1495 102.28 -0.907804
26.9159 102.28 -0.990753
37.6822 102.28 -0.990267
48.4486 102.28 -0.942926
59.215 102.28 -0.730908
69.9813 102.28 -0.317435
5.38318 113.047 -0.584605
16.1495 113.047 -0.925302
26.9159 113.047 -0.999143
37.6822 113.047 -0.991786
48.4486 113.047 -0.947455
59.215 113.047 -0.74546
69.9813 113.047 -0.325365
5.38318 123.813 -0.550494
16.1495 123.813 -0.811305
26.9159 123.813 -0.708766
37.6822 123.813 -0.606419
48.4486 123.813 -0.692279
59.215 123.813 -0.57649
69.9813 123.813 -0.290152
5.38318 134.579 -0.485342
16.1495 134.579 -0.454556
26.9159 134.579 -0.00874746
37.6822 134.579 0.658547
48.4486 134.579 -0.0698826
59.215 134.579 -0.238565
69.9813 134.579 -0.199716
5.38318 145.346 -0.319413
16.1495 145.346 0.358274
26.9159 145.346 2.3976
37.6822 145.346 3.28824
48.4486 145.346 2.0105
59.215 145.346 0.743495
69.9813 145.346 -0.0826584
5.38318 156.112 -0.195209
16.1495 156.112 1.11907
26.9159 156.112 3.60947
37.6822 156.112 4.71401
48.4486 156.112 3.18768
59.215 156.112 1.4755
69.9813 156.112 0.0649792
5.38318 166.879 -0.141493
16.1495 166.879 1.1282
26.9159 166.879 3.35547
37.6822 166.879 4.18542
48.4486 166.879 2.9026
59.215 166.879 1.26088
69.9813 166.879 0.0471995
5.38318 177.645 -0.157968
16.1495 177.645 0.408363
26.9159 177.645 1.88151
37.6822 177.645 2.20376
48.4486 177.645 1.43671
59.215 177.645 0.319138
69.9813 177.645 -0.00577063
5.38318 188.411 -0.183627
16.1495 188.411 -0.0276957
26.9159 188.411 0.873366
37.6822 188.411 0.808453
48.4486 188.411 0.388122
59.215 188.411 -0.167043
69.9813 188.411 -0.0112522
5.38318 199.178 -0.247027
16.1495 199.178 -0.164748
26.9159 199.178 0.372454
37.6822 199.178 0.381351
48.4486 199.178 0.0730843
59.215 199.178 -0.172023
69.9813 199.178 0.0385793
5.38318 209.944 -0.201754
16.1495 209.944 -0.147008
26.9159 209.944 0.155151
37.6822 209.944 0.202998
48.4486 209.944 -0.0134624
59.215 209.944 -0.102645
69.9813 209.944 0.105572
