37 188
0 168 72 40
0 144 72 72
0 134 72 82
0 72 72 144
0 0 72 216
5.38318 5.38318 0.537051
16.1495 5.38318 1.27047
26.9159 5.38318 2.0789
37.6822 5.38318 1.99053
48.4486 5.38318 1.37089
59.215 5.38318 0.591352
69.9813 5.38318 0.19125
5.38318 16.1495 0.907645
16.1495 16.1495 2.20398
26.9159 16.1495 3.53114
37.6822 16.1495 3.4155
48.4486 16.1495 2.4151
59.215 16.1495 1.16608
69.9813 16.1495 0.472779
5.38318 26.9159 1.29471
16.1495 26.9159 2.66903
26.9159 26.9159 3.76458
37.6822 26.9159 3.49943
48.4486 26.9159 2.34486
59.215 26.9159 1.12342
69.9813 26.9159 0.451545
5.38318 37.6822 1.74132
16.1495 37.6822 2.90193
26.9159 37.6822 3.21201
37.6822 37.6822 2.68344
48.4486 37.6822 1.73664
59.215 37.6822 1.13063
69.9813 37.6822 0.661367
5.38318 48.4486 1.94626
16.1495 48.4486 3.09779
26.9159 48.4486 3.32603
37.6822 48.4486 2.73204
48.4486 48.4486 2.03725
59.215 48.4486 1.53466
69.9813 48.4486 1.00697
5.38318 59.215 1.28927
16.1495 59.215 2.09704
26.9159 59.215 2.52521
37.6822 59.215 2.15141
48.4486 59.215 1.71679
59.215 59.215 1.41398
69.9813 59.215 1.03845
5.38318 69.9813 0.0943476
16.1495 69.9813 0.502817
26.9159 69.9813 1.27691
37.6822 69.9813 1.14998
48.4486 69.9813 1.10681
59.215 69.9813 0.901871
69.9813 69.9813 0.786074
5.38318 80.7477 -0.297359
16.1495 80.7477 -0.349369
26.9159 80.7477 -0.0674121
37.6822 80.7477 -0.2467
48.4486 80.7477 -0.25235
59.215 80.7477 -0.243434
69.9813 80.7477 0.0316733
5.38318 91.514 -0.500946
16.1495 91.514 -0.76897
26.9159 91.514 -0.716675
37.6822 91.514 -0.850671
48.4486 91.514 -0.862736
59.215 91.514 -0.700804
69.9813 91.514 -0.289467
5.38318 102.28 -0.565959
16.1495 102.28 -0.908092
26.9159 102.28 -0.987008
37.6822 102.28 -1.01544
48.4486 102.28 -0.988484
59.215 102.28 -0.790541
69.9813 102.28 -0.357078
5.38318 113.047 -0.574935
16.1495 113.047 -0.91987
26.9159 113.047 -1.0019
37.6822 113.047 -1.00415
48.4486 113.047 -0.953245
59.215 113.047 -0.747688
69.9813 113.047 -0.321061
5.38318 123.813 -0.545427
16.1495 123.813 -0.859333
26.9159 123.813 -0.920828
37.6822 123.813 -0.919929
48.4486 123.813 -0.875397
59.215 123.813 -0.654214
69.9813 123.813 -0.272128
5.38318 134.579 -0.446145
16.1495 134.579 -0.655552
26.9159 134.579 -0.639075
37.6822 134.579 -0.638623
48.4486 134.579 -0.610215
59.215 134.579 -0.451773
69.9813 134.579 -0.16002
5.38318 145.346 -0.286552
16.1495 145.346 -0.330598
26.9159 145.346 -0.215207
37.6822 145.346 -0.141189
48.4486 145.346 -0.121157
59.215 145.346 -0.0696087
69.9813 145.346 0.11357
5.38318 156.112 -0.00565443
16.1495 156.112 0.454222
26.9159 156.112 1.1513
37.6822 156.112 1.47531
48.4486 156.112 1.44558
59.215 156.112 1.07024
69.9813 156.112 0.723921
5.38318 166.879 0.477542
16.1495 166.879 1.38832
26.9159 166.879 2.6021
37.6822 166.879 3.00339
48.4486 166.879 2.88395
59.215 166.879 2.02644
69.9813 166.879 1.18396
5.38318 177.645 1.00275
16.1495 177.645 2.36307
26.9159 177.645 4.11768
37.6822 177.645 4.53297
48.4486 177.645 4.16151
59.215 177.645 2.63768
69.9813 177.645 1.43832
5.38318 188.411 1.0335
16.1495 188.411 2.61456
26.9159 188.411 4.77749
37.6822 188.411 5.26725
48.4486 188.411 4.75766
59.215 188.411 2.81304
69.9813 188.411 1.49106
5.38318 199.178 0.825963
16.1495 199.178 2.24824
26.9159 199.178 4.19508
37.6822 199.178 4.67072
48.4486 199.178 4.07059
59.215 199.178 2.29235
69.9813 199.178 1.1726
5.38318 209.944 0.355911
16.1495 209.944 1.02543
26.9159 209.944 1.94803
37.6822 209.944 2.08239
48.4486 209.944 1.82525
59.215 209.944 1.06296
69.9813 209.944 0.627641
