16 177
0 157 72 40
0 141 72 72
0 134 72 82
0 72 72 144
0 0 72 216
5.38318 5.38318 0.291779
16.1495 5.38318 0.844751
26.9159 5.38318 1.6524
37.6822 5.38318 1.84666
48.4486 5.38318 1.39259
59.215 5.38318 0.737706
69.9813 5.38318 0.242569
5.38318 16.1495 0.440757
16.1495 16.1495 1.47382
26.9159 16.1495 2.81357
37.6822 16.1495 3.22253
48.4486 16.1495 2.55159
59.215 16.1495 1.45262
69.9813 16.1495 0.555674
5.38318 26.9159 0.34292
16.1495 26.9159 1.37926
26.9159 26.9159 2.85323
37.6822 26.9159 3.24344
48.4486 26.9159 2.59012
59.215 26.9159 1.35584
69.9813 26.9159 0.484893
5.38318 37.6822 0.276273
16.1495 37.6822 0.974786
26.9159 37.6822 1.95976
37.6822 37.6822 2.0836
48.4486 37.6822 1.73411
59.215 37.6822 0.835499
69.9813 37.6822 0.434782
5.38318 48.4486 0.0688466
16.1495 48.4486 0.599937
26.9159 48.4486 1.32155
37.6822 48.4486 1.31662
48.4486 48.4486 1.14023
59.215 48.4486 0.386229
69.9813 48.4486 0.323996
5.38318 59.215 -0.108929
16.1495 59.215 0.139935
26.9159 59.215 0.865407
37.6822 59.215 1.06713
48.4486 59.215 0.93266
59.215 59.215 0.306711
69.9813 59.215 0.232211
5.38318 69.9813 -0.177176
16.1495 69.9813 -0.0882065
26.9159 69.9813 0.548367
37.6822 69.9813 0.817915
48.4486 69.9813 0.665186
59.215 69.9813 0.0950559
69.9813 69.9813 0.038654
5.38318 80.7477 -0.262378
16.1495 80.7477 -0.301167
26.9159 80.7477 -0.0792507
37.6822 80.7477 0.129003
48.4486 80.7477 0.0963055
59.215 80.7477 -0.104535
69.9813 80.7477 -0.0613246
5.38318 91.514 -0.295858
16.1495 91.514 -0.419549
26.9159 91.514 -0.327434
37.6822 91.514 -0.287643
48.4486 91.514 -0.287841
59.215 91.514 -0.290437
69.9813 91.514 -0.14288
5.38318 102.28 -0.296225
16.1495 102.28 -0.446154
26.9159 102.28 -0.442115
37.6822 102.28 -0.442771
48.4486 102.28 -0.440854
59.215 102.28 -0.367653
69.9813 102.28 -0.169732
5.38318 113.047 -0.299982
16.1495 113.047 -0.454815
26.9159 113.047 -0.461341
37.6822 113.047 -0.444828
48.4486 113.047 -0.428077
59.215 113.047 -0.339962
69.9813 113.047 -0.15139
5.38318 123.813 -0.297542
16.1495 123.813 -0.452372
26.9159 123.813 -0.460395
37.6822 123.813 -0.445839
48.4486 123.813 -0.430531
59.215 123.813 -0.335856
69.9813 123.813 -0.149014
5.38318 134.579 -0.181952
16.1495 134.579 -0.290936
26.9159 134.579 -0.311384
37.6822 134.579 -0.350795
48.4486 134.579 -0.382958
59.215 134.579 -0.298635
69.9813 134.579 -0.130338
5.38318 145.346 0.270762
16.1495 145.346 0.352432
26.9159 145.346 0.239595
37.6822 145.346 0.0356483
48.4486 145.346 -0.126101
59.215 145.346 -0.089819
69.9813 145.346 -0.0209257
5.38318 156.112 1.60646
16.1495 156.112 2.18128
26.9159 156.112 1.82648
37.6822 156.112 1.30586
48.4486 156.112 0.684526
59.215 156.112 0.594943
69.9813 156.112 0.341815
5.38318 166.879 3.07797
16.1495 166.879 4.23242
26.9159 166.879 3.55408
37.6822 166.879 2.72153
48.4486 166.879 1.95338
59.215 166.879 1.63666
69.9813 166.879 0.895024
5.38318 177.645 3.73993
16.1495 177.645 5.21647
26.9159 177.645 4.50699
37.6822 177.645 3.56009
48.4486 177.645 2.77212
59.215 177.645 2.34153
69.9813 177.645 1.26877
5.38318 188.411 2.99628
16.1495 188.411 4.38048
26.9159 188.411 4.15697
37.6822 188.411 3.50323
48.4486 188.411 2.80548
59.215 188.411 2.34055
69.9813 188.411 1.32053
5.38318 199.178 1.29273
16.1495 199.178 2.142
26.9159 199.178 2.34899
37.6822 199.178 2.09049
48.4486 199.178 1.72036
59.215 199.178 1.59233
69.9813 199.178 1.0241
5.38318 209.944 0.602431
16.1495 209.944 1.1184
26.9159 209.944 1.39914
37.6822 209.944 1.06729
48.4486 209.944 0.878206
59.215 209.944 0.870774
69.9813 209.944 0.699957
