48 37
0 17 72 40
0 1 72 72
0 0 72 82
0 0 72 144
0 0 72 216
5.38318 5.38318 0.279967
16.1495 5.38318 0.578542
26.9159 5.38318 1.18175
37.6822 5.38318 1.45883
48.4486 5.38318 1.47506
59.215 5.38318 1.13379
69.9813 5.38318 0.718286
5.38318 16.1495 0.572437
16.1495 16.1495 1.41694
26.9159 16.1495 2.60357
37.6822 16.1495 3.38238
48.4486 16.1495 3.45571
59.215 16.1495 2.60828
69.9813 16.1495 1.56509
5.38318 26.9159 0.669956
16.1495 26.9159 1.98347
26.9159 26.9159 3.85013
37.6822 26.9159 5.35403
48.4486 26.9159 5.48023
59.215 26.9159 4.07925
69.9813 26.9159 2.26968
5.38318 37.6822 1.09259
16.1495 37.6822 2.44815
26.9159 37.6822 4.38243
37.6822 37.6822 6.1085
48.4486 37.6822 6.22982
59.215 37.6822 4.65141
69.9813 37.6822 2.45412
5.38318 48.4486 1.23505
16.1495 48.4486 2.47843
26.9159 48.4486 4.00548
37.6822 48.4486 5.21412
48.4486 48.4486 5.07944
59.215 48.4486 3.78116
69.9813 48.4486 1.96811
5.38318 59.215 1.03745
16.1495 59.215 1.68765
26.9159 59.215 2.31358
37.6822 59.215 2.44833
48.4486 59.215 2.42969
59.215 59.215 2.07883
69.9813 59.215 1.3061
5.38318 69.9813 0.297914
16.1495 69.9813 0.408926
26.9159 69.9813 0.907965
37.6822 69.9813 0.900845
48.4486 69.9813 1.14935
59.215 69.9813 1.2297
69.9813 69.9813 0.933642
5.38318 80.7477 -0.188082
16.1495 80.7477 -0.340174
26.9159 80.7477 -0.203826
37.6822 80.7477 -0.199229
48.4486 80.7477 0.177217
59.215 80.7477 0.574494
69.9813 80.7477 0.653624
5.38318 91.514 -0.484682
16.1495 91.514 -0.80691
26.9159 91.514 -0.837006
37.6822 91.514 -0.815217
48.4486 91.514 -0.674099
59.215 91.514 -0.408702
69.9813 91.514 -0.108998
5.38318 102.28 -0.568598
16.1495 102.28 -0.922668
26.9159 102.28 -1.01184
37.6822 102.28 -1.00878
48.4486 102.28 -0.937435
59.215 102.28 -0.681217
69.9813 102.28 -0.271714
5.38318 113.047 -0.58287
16.1495 113.047 -0.93231
26.9159 113.047 -1.01321
37.6822 113.047 -1.01108
48.4486 113.047 -0.954079
59.215 113.047 -0.741476
69.9813 113.047 -0.315523
5.38318 123.813 -0.567065
16.1495 123.813 -0.899524
26.9159 123.813 -0.951987
37.6822 123.813 -0.934538
48.4486 123.813 -0.850399
59.215 123.813 -0.612058
69.9813 123.813 -0.236397
5.38318 134.579 -0.50695
16.1495 134.579 -0.761826
26.9159 134.579 -0.63679
37.6822 134.579 -0.579454
48.4486 134.579 -0.454882
59.215 134.579 -0.315195
69.9813 134.579 -0.0497729
5.38318 145.346 -0.352584
16.1495 145.346 -0.452252
26.9159 145.346 -0.12273
37.6822 145.346 0.0674441
48.4486 145.346 0.538082
59.215 145.346 0.50672
69.9813 145.346 0.579631
5.38318 156.112 -0.120997
16.1495 156.112 0.232961
26.9159 156.112 1.54252
37.6822 156.112 2.29848
48.4486 156.112 2.55944
59.215 156.112 2.00718
69.9813 156.112 1.33674
5.38318 166.879 0.118714
16.1495 166.879 1.19137
26.9159 166.879 2.97216
37.6822 166.879 4.16353
48.4486 166.879 4.32924
59.215 166.879 3.22205
69.9813 166.879 1.86242
5.38318 177.645 0.604603
16.1495 177.645 2.02623
26.9159 177.645 3.97021
37.6822 177.645 5.56577
48.4486 177.645 5.4915
59.215 177.645 4.01603
69.9813 177.645 2.13272
5.38318 188.411 1.13327
16.1495 188.411 2.44084
26.9159 188.411 4.02873
37.6822 188.411 5.19777
48.4486 188.411 4.89451
59.215 188.411 3.47408
69.9813 188.411 1.82416
5.38318 199.178 1.70352
16.1495 199.178 2.9452
26.9159 199.178 3.43281
37.6822 199.178 3.34229
48.4486 199.178 2.71868
59.215 199.178 1.90832
69.9813 199.178 1.17265
5.38318 209.944 1.62691
16.1495 209.944 2.66689
26.9159 209.944 2.63227
37.6822 209.944 1.83976
48.4486 209.944 1.24178
59.215 209.944 0.747183
69.9813 209.944 0.677253
