26 156
0 136 72 40
0 120 72 72
0 115 72 82
0 72 72 144
0 0 72 216
5.38318 5.38318 0.0623087
16.1495 5.38318 -0.0261382
26.9159 5.38318 -0.0278664
37.6822 5.38318 -0.0936479
48.4486 5.38318 -0.123685
59.215 5.38318 -0.0845827
69.9813 5.38318 -0.016904
5.38318 16.1495 -0.025314
16.1495 16.1495 -0.0591917
26.9159 16.1495 -0.0630477
37.6822 16.1495 -0.15358
48.4486 16.1495 -0.197257
59.215 16.1495 -0.112539
69.9813 16.1495 0.0607254
5.38318 26.9159 -0.243588
16.1495 26.9159 -0.418776
26.9159 26.9159 -0.543384
37.6822 26.9159 -0.624177
48.4486 26.9159 -0.66406
59.215 26.9159 -0.464066
69.9813 26.9159 -0.148778
5.38318 37.6822 -0.27845
16.1495 37.6822 -0.502585
26.9159 37.6822 -0.657478
37.6822 37.6822 -0.715755
48.4486 37.6822 -0.706416
59.215 37.6822 -0.456057
69.9813 37.6822 -0.128476
5.38318 48.4486 -0.341016
16.1495 48.4486 -0.61062
26.9159 48.4486 -0.747495
37.6822 48.4486 -0.780664
48.4486 48.4486 -0.733824
59.215 48.4486 -0.472031
69.9813 48.4486 -0.138151
5.38318 59.215 -0.477575
16.1495 59.215 -0.81524
26.9159 59.215 -0.903714
37.6822 59.215 -0.913946
48.4486 59.215 -0.835714
59.215 59.215 -0.568849
69.9813 59.215 -0.197174
5.38318 69.9813 -0.531753
16.1495 69.9813 -0.870235
26.9159 69.9813 -0.959848
37.6822 69.9813 -0.981733
48.4486 69.9813 -0.933794
59.215 69.9813 -0.67827
69.9813 69.9813 -0.273055
5.38318 80.7477 -0.553238
16.1495 80.7477 -0.893535
26.9159 80.7477 -1.01374
37.6822 80.7477 -1.04076
48.4486 80.7477 -1.00848
59.215 80.7477 -0.774225
69.9813 80.7477 -0.330007
5.38318 91.514 -0.571925
16.1495 91.514 -0.917965
26.9159 91.514 -1.03884
37.6822 91.514 -1.07212
48.4486 91.514 -1.03986
59.215 91.514 -0.826116
69.9813 91.514 -0.363782
5.38318 102.28 -0.58512
16.1495 102.28 -0.937587
26.9159 102.28 -1.03569
37.6822 102.28 -1.04759
48.4486 102.28 -1.0013
59.215 102.28 -0.795558
69.9813 102.28 -0.350555
5.38318 113.047 -0.565234
16.1495 113.047 -0.900085
26.9159 113.047 -0.976614
37.6822 113.047 -0.983479
48.4486 113.047 -0.94215
59.215 113.047 -0.736747
69.9813 113.047 -0.317908
5.38318 123.813 -0.400755
16.1495 123.813 -0.593815
26.9159 123.813 -0.528229
37.6822 123.813 -0.597438
48.4486 123.813 -0.657816
59.215 123.813 -0.498379
69.9813 123.813 -0.204439
5.38318 134.579 0.0447107
16.1495 134.579 0.385141
26.9159 134.579 0.946348
37.6822 134.579 0.559541
48.4486 134.579 0.0298016
59.215 134.579 0.015825
69.9813 134.579 0.191283
5.38318 145.346 1.23497
16.1495 145.346 2.42462
26.9159 145.346 3.315
37.6822 145.346 2.8055
48.4486 145.346 2.14072
59.215 145.346 1.66532
69.9813 145.346 1.16331
5.38318 156.112 1.93935
16.1495 156.112 3.69175
26.9159 156.112 4.72501
37.6822 156.112 4.09513
48.4486 156.112 3.32775
59.215 156.112 2.74482
69.9813 156.112 1.89242
5.38318 166.879 2.05374
16.1495 166.879 3.73806
26.9159 166.879 4.66583
37.6822 166.879 4.22447
48.4486 166.879 3.60802
59.215 166.879 3.05893
69.9813 166.879 2.07186
5.38318 177.645 1.61149
16.1495 177.645 2.83741
26.9159 177.645 3.45328
37.6822 177.645 3.40816
48.4486 177.645 2.98963
59.215 177.645 2.5273
69.9813 177.645 1.64154
5.38318 188.411 1.28241
16.1495 188.411 2.39858
26.9159 188.411 3.0331
37.6822 188.411 3.26179
48.4486 188.411 2.89775
59.215 188.411 2.34757
69.9813 188.411 1.38964
5.38318 199.178 1.30169
16.1495 199.178 2.34468
26.9159 199.178 2.74206
37.6822 199.178 2.86827
48.4486 199.178 2.46538
59.215 199.178 1.96079
69.9813 199.178 1.16255
5.38318 209.944 0.976642
16.1495 209.944 1.71815
26.9159 209.944 1.97128
37.6822 209.944 2.06072
48.4486 209.944 1.82511
59.215 209.944 1.46331
69.9813 209.944 0.874983
