37 177
0 157 72 40
0 141 72 72
0 134 72 82
0 72 72 144
0 0 72 216
5.38318 5.38318 0.228813
16.1495 5.38318 0.544537
26.9159 5.38318 1.26932
37.6822 5.38318 1.57914
48.4486 5.38318 1.51793
59.215 5.38318 1.19424
69.9813 5.38318 0.648541
5.38318 16.1495 0.344965
16.1495 16.1495 1.14479
26.9159 16.1495 2.3169
37.6822 16.1495 2.84207
48.4486 16.1495 2.73484
59.215 16.1495 2.19787
69.9813 16.1495 1.26163
5.38318 26.9159 0.156061
16.1495 26.9159 1.07243
26.9159 26.9159 2.47765
37.6822 26.9159 3.08301
48.4486 26.9159 2.88861
59.215 26.9159 2.30088
69.9813 26.9159 1.3089
5.38318 37.6822 0.358219
16.1495 37.6822 1.26837
26.9159 37.6822 2.21461
37.6822 37.6822 2.39017
48.4486 37.6822 1.99572
59.215 37.6822 1.45078
69.9813 37.6822 0.858161
5.38318 48.4486 0.325615
16.1495 48.4486 1.1067
26.9159 48.4486 1.83772
37.6822 48.4486 1.83757
48.4486 48.4486 1.26273
59.215 48.4486 0.740216
69.9813 48.4486 0.451006
5.38318 59.215 0.0751748
16.1495 59.215 0.572106
26.9159 59.215 1.19218
37.6822 59.215 1.19469
48.4486 59.215 0.905331
59.215 59.215 0.455091
69.9813 59.215 0.343128
5.38318 69.9813 -0.217936
16.1495 69.9813 -0.255946
26.9159 69.9813 -0.0193044
37.6822 69.9813 -0.0320413
48.4486 69.9813 -0.0921502
59.215 69.9813 -0.168623
69.9813 69.9813 -0.032686
5.38318 80.7477 -0.432515
16.1495 80.7477 -0.645465
26.9159 80.7477 -0.53588
37.6822 80.7477 -0.581933
48.4486 80.7477 -0.588443
59.215 80.7477 -0.52779
69.9813 80.7477 -0.223145
5.38318 91.514 -0.534039
16.1495 91.514 -0.853895
26.9159 91.514 -0.907886
37.6822 91.514 -0.949475
48.4486 91.514 -0.928501
59.215 91.514 -0.763128
69.9813 91.514 -0.337876
5.38318 102.28 -0.576468
16.1495 102.28 -0.924537
26.9159 102.28 -1.00488
37.6822 102.28 -1.01835
48.4486 102.28 -0.971928
59.215 102.28 -0.78202
69.9813 102.28 -0.342426
5.38318 113.047 -0.575233
16.1495 113.047 -0.913137
26.9159 113.047 -0.976289
37.6822 113.047 -0.970366
48.4486 113.047 -0.921073
59.215 113.047 -0.716952
69.9813 113.047 -0.309669
5.38318 123.813 -0.519798
16.1495 123.813 -0.787186
26.9159 123.813 -0.675426
37.6822 123.813 -0.614758
48.4486 123.813 -0.573028
59.215 123.813 -0.46034
69.9813 123.813 -0.181681
5.38318 134.579 -0.303115
16.1495 134.579 -0.368975
26.9159 134.579 -0.0212647
37.6822 134.579 0.261032
48.4486 134.579 0.251343
59.215 134.579 0.0201256
69.9813 134.579 0.154476
5.38318 145.346 0.136194
16.1495 145.346 0.619985
26.9159 145.346 2.02093
37.6822 145.346 2.54286
48.4486 145.346 2.42368
59.215 145.346 1.54332
69.9813 145.346 0.890359
5.38318 156.112 0.972017
16.1495 156.112 2.09659
26.9159 156.112 3.90108
37.6822 156.112 4.51967
48.4486 156.112 4.21281
59.215 156.112 2.70367
69.9813 156.112 1.45299
5.38318 166.879 1.50732
16.1495 166.879 3.23683
26.9159 166.879 5.68426
37.6822 166.879 6.36214
48.4486 166.879 5.66011
59.215 166.879 3.48877
69.9813 166.879 1.78061
5.38318 177.645 1.62453
16.1495 177.645 3.55339
26.9159 177.645 6.03511
37.6822 177.645 6.57301
48.4486 177.645 5.70788
59.215 177.645 3.41508
69.9813 177.645 1.72036
5.38318 188.411 1.30669
16.1495 188.411 2.96523
26.9159 188.411 4.95405
37.6822 188.411 5.31411
48.4486 188.411 4.39537
59.215 188.411 2.59169
69.9813 188.411 1.30628
5.38318 199.178 0.588025
16.1495 199.178 1.36812
26.9159 199.178 2.08303
37.6822 199.178 2.0287
48.4486 199.178 1.52341
59.215 199.178 0.778451
69.9813 199.178 0.528733
5.38318 209.944 0.143814
16.1495 209.944 0.512217
26.9159 209.944 0.663415
37.6822 209.944 0.561651
48.4486 209.944 0.250791
59.215 209.944 0.0766502
69.9813 209.944 0.216126
