37 48
0 28 72 40
0 12 72 72
0 7 72 82
0 0 72 144
0 0 72 216
5.38318 5.38318 0.287649
16.1495 5.38318 0.464806
26.9159 5.38318 0.683801
37.6822 5.38318 0.75522
48.4486 5.38318 0.786074
59.215 5.38318 0.650315
69.9813 5.38318 0.436367
5.38318 16.1495 0.588782
16.1495 16.1495 1.23506
26.9159 16.1495 1.93045
37.6822 16.1495 2.15916
48.4486 16.1495 2.16814
59.215 16.1495 1.67873
69.9813 16.1495 1.03881
5.38318 26.9159 0.582195
16.1495 26.9159 1.5674
26.9159 26.9159 2.75141
37.6822 26.9159 3.16852
48.4486 26.9159 3.04521
59.215 26.9159 2.16828
69.9813 26.9159 1.27385
5.38318 37.6822 0.971417
16.1495 37.6822 2.4178
26.9159 37.6822 4.1647
37.6822 37.6822 4.67744
48.4486 37.6822 4.26173
59.215 37.6822 2.74251
69.9813 37.6822 1.49754
5.38318 48.4486 0.974231
16.1495 48.4486 2.60073
26.9159 48.4486 4.59574
37.6822 48.4486 5.18223
48.4486 48.4486 4.54944
59.215 48.4486 2.74766
69.9813 48.4486 1.41978
5.38318 59.215 0.786582
16.1495 59.215 2.08809
26.9159 59.215 3.64871
37.6822 59.215 3.98564
48.4486 59.215 3.42647
59.215 59.215 2.03678
69.9813 59.215 1.03992
5.38318 69.9813 0.105237
16.1495 69.9813 0.437043
26.9159 69.9813 1.0729
37.6822 69.9813 1.05094
48.4486 69.9813 0.712207
59.215 69.9813 0.355724
69.9813 69.9813 0.276198
5.38318 80.7477 -0.275645
16.1495 80.7477 -0.424918
26.9159 80.7477 -0.425091
37.6822 80.7477 -0.503318
48.4486 80.7477 -0.569253
59.215 80.7477 -0.418012
69.9813 80.7477 -0.161739
5.38318 91.514 -0.550674
16.1495 91.514 -0.910611
26.9159 91.514 -1.00966
37.6822 91.514 -1.03582
48.4486 91.514 -0.976238
59.215 91.514 -0.723217
69.9813 91.514 -0.300825
5.38318 102.28 -0.59467
16.1495 102.28 -0.964396
26.9159 102.28 -1.056
37.6822 102.28 -1.0651
48.4486 102.28 -1.00609
59.215 102.28 -0.792321
69.9813 102.28 -0.345464
5.38318 113.047 -0.587699
16.1495 113.047 -0.935577
26.9159 113.047 -1.00754
37.6822 113.047 -0.996542
48.4486 113.047 -0.939993
59.215 113.047 -0.722197
69.9813 113.047 -0.307726
5.38318 123.813 -0.555849
16.1495 123.813 -0.858382
26.9159 123.813 -0.832015
37.6822 123.813 -0.734185
48.4486 123.813 -0.638741
59.215 123.813 -0.456969
69.9813 123.813 -0.162032
5.38318 134.579 -0.43872
16.1495 134.579 -0.580061
26.9159 134.579 -0.354415
37.6822 134.579 -0.152062
48.4486 134.579 -0.0468467
59.215 134.579 0.0328795
69.9813 134.579 0.271316
5.38318 145.346 -0.16047
16.1495 145.346 -0.0156481
26.9159 145.346 1.02459
37.6822 145.346 1.68233
48.4486 145.346 1.86114
59.215 145.346 1.49007
69.9813 145.346 1.04271
5.38318 156.112 0.407955
16.1495 156.112 1.23107
26.9159 156.112 2.42159
37.6822 156.112 3.03667
48.4486 156.112 3.19036
59.215 156.112 2.5842
69.9813 156.112 1.65427
5.38318 166.879 0.915194
16.1495 166.879 2.07723
26.9159 166.879 3.26692
37.6822 166.879 3.84508
48.4486 166.879 3.88941
59.215 166.879 3.12099
69.9813 166.879 1.94884
5.38318 177.645 1.11963
16.1495 177.645 2.24026
26.9159 177.645 3.3651
37.6822 177.645 3.94928
48.4486 177.645 4.05509
59.215 177.645 3.43017
69.9813 177.645 2.15534
5.38318 188.411 1.06962
16.1495 188.411 1.97646
26.9159 188.411 2.99359
37.6822 188.411 3.63704
48.4486 188.411 3.68222
59.215 188.411 3.10816
69.9813 188.411 1.89029
5.38318 199.178 0.724931
16.1495 199.178 1.26447
26.9159 199.178 1.9163
37.6822 199.178 2.21117
48.4486 199.178 2.14081
59.215 199.178 1.92392
69.9813 199.178 1.20547
5.38318 209.944 0.465293
16.1495 209.944 0.789876
26.9159 209.944 1.11082
37.6822 209.944 1.06304
48.4486 209.944 0.978248
59.215 209.944 0.93264
69.9813 209.944 0.692888
