37 48
0 28 72 40
0 12 72 72
0 7 72 82
0 0 72 144
0 0 72 216
5.38318 5.38318 0.144405
16.1495 5.38318 0.252677
26.9159 5.38318 0.445313
37.6822 5.38318 0.565462
48.4486 5.38318 0.573575
59.215 5.38318 0.42242
69.9813 5.38318 0.289302
5.38318 16.1495 0.425776
16.1495 16.1495 1.04306
26.9159 16.1495 1.7545
37.6822 16.1495 1.95072
48.4486 16.1495 1.839
59.215 16.1495 1.35536
69.9813 16.1495 0.847872
5.38318 26.9159 0.528952
16.1495 26.9159 1.58919
26.9159 26.9159 2.77669
37.6822 26.9159 3.24297
48.4486 26.9159 2.99765
59.215 26.9159 2.03799
69.9813 26.9159 1.15323
5.38318 37.6822 1.02621
16.1495 37.6822 2.5807
26.9159 37.6822 4.37141
37.6822 37.6822 4.94708
48.4486 37.6822 4.43118
59.215 37.6822 2.82933
69.9813 37.6822 1.4922
5.38318 48.4486 0.965691
16.1495 48.4486 2.58058
26.9159 48.4486 4.59886
37.6822 48.4486 5.28583
48.4486 48.4486 4.6518
59.215 48.4486 2.81628
69.9813 48.4486 1.40034
5.38318 59.215 0.635689
16.1495 59.215 1.91271
26.9159 59.215 3.57359
37.6822 59.215 4.09606
48.4486 59.215 3.43863
59.215 59.215 1.97048
69.9813 59.215 0.895651
5.38318 69.9813 0.0463732
16.1495 69.9813 0.526852
26.9159 69.9813 1.35147
37.6822 69.9813 1.58741
48.4486 69.9813 1.10775
59.215 69.9813 0.500231
69.9813 69.9813 0.14369
5.38318 80.7477 -0.187845
16.1495 80.7477 -0.208081
26.9159 80.7477 -0.135412
37.6822 80.7477 -0.091863
48.4486 80.7477 -0.221342
59.215 80.7477 -0.220697
69.9813 80.7477 -0.129025
5.38318 91.514 -0.291879
16.1495 91.514 -0.449647
26.9159 91.514 -0.463999
37.6822 91.514 -0.492627
48.4486 91.514 -0.490425
59.215 91.514 -0.397799
69.9813 91.514 -0.184519
5.38318 102.28 -0.298027
16.1495 102.28 -0.448245
26.9159 102.28 -0.441298
37.6822 102.28 -0.44733
48.4486 102.28 -0.430117
59.215 102.28 -0.349958
69.9813 102.28 -0.154086
5.38318 113.047 -0.299452
16.1495 113.047 -0.452817
26.9159 113.047 -0.459539
37.6822 113.047 -0.439709
48.4486 113.047 -0.417497
59.215 113.047 -0.322008
69.9813 113.047 -0.141217
5.38318 123.813 -0.293905
16.1495 123.813 -0.446039
26.9159 123.813 -0.431137
37.6822 123.813 -0.415563
48.4486 123.813 -0.383631
59.215 123.813 -0.288755
69.9813 123.813 -0.117458
5.38318 134.579 -0.275265
16.1495 134.579 -0.410969
26.9159 134.579 -0.377918
37.6822 134.579 -0.347879
48.4486 134.579 -0.301546
59.215 134.579 -0.225143
69.9813 134.579 -0.0778407
5.38318 145.346 -0.257978
16.1495 145.346 -0.368096
26.9159 145.346 -0.28046
37.6822 145.346 -0.223973
48.4486 145.346 -0.168418
59.215 145.346 -0.147057
69.9813 145.346 -0.0294606
5.38318 156.112 -0.15511
16.1495 156.112 -0.115614
26.9159 156.112 0.336791
37.6822 156.112 0.581303
48.4486 156.112 0.495812
59.215 156.112 0.146679
69.9813 156.112 0.147196
5.38318 166.879 -0.00924605
16.1495 166.879 0.483918
26.9159 166.879 1.47036
37.6822 166.879 1.73157
48.4486 166.879 1.40462
59.215 166.879 0.685881
69.9813 166.879 0.351309
5.38318 177.645 0.55116
16.1495 177.645 1.64559
26.9159 177.645 3.03273
37.6822 177.645 3.40635
48.4486 177.645 2.6566
59.215 177.645 1.45031
69.9813 177.645 0.652941
5.38318 188.411 0.854973
16.1495 188.411 2.26267
26.9159 188.411 3.95674
37.6822 188.411 4.39945
48.4486 188.411 3.48526
59.215 188.411 1.97979
69.9813 188.411 0.922942
5.38318 199.178 0.882254
16.1495 199.178 2.26377
26.9159 199.178 3.65782
37.6822 199.178 4.00175
48.4486 199.178 3.24271
59.215 199.178 1.84628
69.9813 199.178 0.927619
5.38318 209.944 0.61131
16.1495 209.944 1.45613
26.9159 209.944 1.98187
37.6822 209.944 2.06294
48.4486 209.944 1.7394
59.215 209.944 1.11195
69.9813 209.944 0.669717
