37 166
0 146 72 40
0 130 72 72
0 125 72 82
0 72 72 144
0 0 72 216
5.38318 5.38318 0.75452
16.1495 5.38318 1.15216
26.9159 5.38318 1.32983
37.6822 5.38318 1.40666
48.4486 5.38318 1.44272
59.215 5.38318 1.25758
69.9813 5.38318 0.791151
5.38318 16.1495 1.24017
16.1495 16.1495 2.1066
26.9159 16.1495 2.66475
37.6822 16.1495 2.88321
48.4486 16.1495 2.9714
59.215 16.1495 2.52531
69.9813 16.1495 1.60474
5.38318 26.9159 1.4276
16.1495 26.9159 2.70849
26.9159 26.9159 3.77997
37.6822 26.9159 4.1042
48.4486 26.9159 4.05859
59.215 26.9159 3.25401
69.9813 26.9159 2.04201
5.38318 37.6822 1.36607
16.1495 37.6822 2.89743
26.9159 37.6822 4.52249
37.6822 37.6822 4.89107
48.4486 37.6822 4.58703
59.215 37.6822 3.3161
69.9813 37.6822 1.99926
5.38318 48.4486 1.2849
16.1495 48.4486 2.90664
26.9159 48.4486 4.69257
37.6822 48.4486 5.01683
48.4486 48.4486 4.44478
59.215 48.4486 2.88454
69.9813 48.4486 1.64961
5.38318 59.215 1.099
16.1495 59.215 2.17365
26.9159 59.215 3.49511
37.6822 59.215 3.53634
48.4486 59.215 3.06316
59.215 59.215 1.93086
69.9813 59.215 1.12106
5.38318 69.9813 0.605956
16.1495 69.9813 0.959327
26.9159 69.9813 1.63945
37.6822 69.9813 1.37936
48.4486 69.9813 1.14107
59.215 69.9813 0.648848
69.9813 69.9813 0.552374
5.38318 80.7477 -0.0780595
16.1495 80.7477 -0.185679
26.9159 80.7477 -0.059973
37.6822 80.7477 -0.260189
48.4486 80.7477 -0.310486
59.215 80.7477 -0.285521
69.9813 80.7477 -0.0592707
5.38318 91.514 -0.457146
16.1495 91.514 -0.763518
26.9159 91.514 -0.78036
37.6822 91.514 -0.88183
48.4486 91.514 -0.822249
59.215 91.514 -0.642417
69.9813 91.514 -0.253771
5.38318 102.28 -0.570296
16.1495 102.28 -0.919815
26.9159 102.28 -1.0074
37.6822 102.28 -1.03007
48.4486 102.28 -0.978525
59.215 102.28 -0.775583
69.9813 102.28 -0.329176
5.38318 113.047 -0.579495
16.1495 113.047 -0.922763
26.9159 113.047 -0.99944
37.6822 113.047 -0.997337
48.4486 113.047 -0.948156
59.215 113.047 -0.741783
69.9813 113.047 -0.319549
5.38318 123.813 -0.551823
16.1495 123.813 -0.853272
26.9159 123.813 -0.825536
37.6822 123.813 -0.778062
48.4486 123.813 -0.756686
59.215 123.813 -0.594537
69.9813 123.813 -0.265045
5.38318 134.579 -0.440589
16.1495 134.579 -0.557175
26.9159 134.579 -0.236769
37.6822 134.579 -0.0974075
48.4486 134.579 -0.206387
59.215 134.579 -0.271084
69.9813 134.579 -0.141435
5.38318 145.346 -0.226221
16.1495 145.346 -0.0363003
26.9159 145.346 1.66344
37.6822 145.346 2.29374
48.4486 145.346 1.70393
59.215 145.346 0.706088
69.9813 145.346 0.143727
5.38318 156.112 0.0621984
16.1495 156.112 1.33139
26.9159 156.112 3.7607
37.6822 156.112 4.52477
48.4486 156.112 3.58767
59.215 156.112 1.88402
69.9813 156.112 0.612654
5.38318 166.879 0.41168
16.1495 166.879 2.12611
26.9159 166.879 4.82457
37.6822 166.879 5.74312
48.4486 166.879 4.48889
59.215 166.879 2.34658
69.9813 166.879 0.827679
5.38318 177.645 0.561786
16.1495 177.645 2.25752
26.9159 177.645 4.43149
37.6822 177.645 4.98119
48.4486 177.645 3.76363
59.215 177.645 1.97451
69.9813 177.645 0.773656
5.38318 188.411 0.712109
16.1495 188.411 2.06432
26.9159 188.411 3.29295
37.6822 188.411 3.48774
48.4486 188.411 2.63759
59.215 188.411 1.56327
69.9813 188.411 0.8024
5.38318 199.178 0.590254
16.1495 199.178 1.53584
26.9159 199.178 2.1282
37.6822 199.178 2.26408
48.4486 199.178 1.77027
59.215 199.178 1.17579
69.9813 199.178 0.696969
5.38318 209.944 0.421054
16.1495 209.944 0.97842
26.9159 209.944 1.29456
37.6822 209.944 1.37627
48.4486 209.944 1.14311
59.215 209.944 0.849608
69.9813 209.944 0.550833
