37 48
0 28 72 40
0 12 72 72
0 7 72 82
0 0 72 144
0 0 72 216
5.38318 5.38318 0.362221
16.1495 5.38318 0.535635
26.9159 5.38318 0.682191
37.6822 5.38318 0.690166
48.4486 5.38318 0.709601
59.215 5.38318 0.642669
69.9813 5.38318 0.442711
5.38318 16.1495 0.793547
16.1495 16.1495 1.39819
26.9159 16.1495 1.98234
37.6822 16.1495 2.05534
48.4486 16.1495 2.11729
59.215 16.1495 1.72352
69.9813 16.1495 1.13636
5.38318 26.9159 1.03697
16.1495 26.9159 2.05468
26.9159 26.9159 3.1518
37.6822 26.9159 3.36362
48.4486 26.9159 3.40753
59.215 26.9159 2.49398
69.9813 26.9159 1.56339
5.38318 37.6822 1.4441
16.1495 37.6822 3.03468
26.9159 37.6822 4.91261
37.6822 37.6822 5.32607
48.4486 37.6822 5.21288
59.215 37.6822 3.56447
69.9813 37.6822 2.06955
5.38318 48.4486 1.26499
16.1495 48.4486 2.92983
26.9159 48.4486 5.08149
37.6822 48.4486 5.72126
48.4486 48.4486 5.40739
59.215 48.4486 3.49092
69.9813 48.4486 1.86649
5.38318 59.215 0.462156
16.1495 59.215 1.606
26.9159 59.215 3.39699
37.6822 59.215 3.8083
48.4486 59.215 3.40698
59.215 59.215 2.01192
69.9813 59.215 0.98907
5.38318 69.9813 -0.321849
16.1495 69.9813 -0.380525
26.9159 69.9813 0.0126985
37.6822 69.9813 0.0957409
48.4486 69.9813 -0.154024
59.215 69.9813 -0.320254
69.9813 69.9813 -0.19283
5.38318 80.7477 -0.537056
16.1495 80.7477 -0.845979
26.9159 80.7477 -0.828576
37.6822 80.7477 -0.865429
48.4486 80.7477 -0.906929
59.215 80.7477 -0.776477
69.9813 80.7477 -0.377031
5.38318 91.514 -0.58761
16.1495 91.514 -0.953619
26.9159 91.514 -1.07236
37.6822 91.514 -1.10324
48.4486 91.514 -1.05612
59.215 91.514 -0.839715
69.9813 91.514 -0.372575
5.38318 102.28 -0.590828
16.1495 102.28 -0.948998
26.9159 102.28 -1.04702
37.6822 102.28 -1.05793
48.4486 102.28 -1.00726
59.215 102.28 -0.797839
69.9813 102.28 -0.35117
5.38318 113.047 -0.582337
16.1495 113.047 -0.932051
26.9159 113.047 -1.01372
37.6822 113.047 -1.01642
48.4486 113.047 -0.964563
59.215 113.047 -0.764736
69.9813 113.047 -0.330481
5.38318 123.813 -0.566091
16.1495 123.813 -0.903587
26.9159 123.813 -0.977598
37.6822 123.813 -0.981984
48.4486 123.813 -0.936161
59.215 123.813 -0.723024
69.9813 123.813 -0.30795
5.38318 134.579 -0.526862
16.1495 134.579 -0.839371
26.9159 134.579 -0.876912
37.6822 134.579 -0.890277
48.4486 134.579 -0.839261
59.215 134.579 -0.620721
69.9813 134.579 -0.248694
5.38318 145.346 -0.396688
16.1495 145.346 -0.583503
26.9159 145.346 -0.50589
37.6822 145.346 -0.472945
48.4486 145.346 -0.432393
59.215 145.346 -0.318421
69.9813 145.346 -0.0847175
5.38318 156.112 -0.110635
16.1495 156.112 -0.0425856
26.9159 156.112 0.568477
37.6822 156.112 0.868215
48.4486 156.112 0.889266
59.215 156.112 0.619288
69.9813 156.112 0.523336
5.38318 166.879 0.426067
16.1495 166.879 1.4016
26.9159 166.879 2.70604
37.6822 166.879 3.31003
48.4486 166.879 3.15818
59.215 166.879 2.23521
69.9813 166.879 1.29957
5.38318 177.645 0.972782
16.1495 177.645 2.46182
26.9159 177.645 4.28794
37.6822 177.645 5.17837
48.4486 177.645 4.86244
59.215 177.645 3.41228
69.9813 177.645 1.83584
5.38318 188.411 1.03386
16.1495 188.411 2.60065
26.9159 188.411 4.42363
37.6822 188.411 5.28859
48.4486 188.411 4.79705
59.215 188.411 3.38285
69.9813 188.411 1.7682
5.38318 199.178 0.665502
16.1495 199.178 1.69411
26.9159 199.178 2.65572
37.6822 199.178 2.92961
48.4486 199.178 2.5845
59.215 199.178 1.98769
69.9813 199.178 1.14123
5.38318 209.944 0.277609
16.1495 209.944 0.751708
26.9159 209.944 0.92896
37.6822 209.944 0.835104
48.4486 209.944 0.487552
59.215 209.944 0.528434
69.9813 209.944 0.43106
