37 188
0 168 72 40
0 144 72 72
0 134 72 82
0 72 72 144
0 0 72 216
5.38318 5.38318 0.314294
16.1495 5.38318 0.610899
26.9159 5.38318 1.08161
37.6822 5.38318 1.15901
48.4486 5.38318 1.11835
59.215 5.38318 0.792037
69.9813 5.38318 0.505899
5.38318 16.1495 0.298836
16.1495 16.1495 0.902074
26.9159 16.1495 1.84919
37.6822 16.1495 2.07801
48.4486 16.1495 2.06481
59.215 16.1495 1.56891
69.9813 16.1495 1.01266
5.38318 26.9159 -0.0570245
16.1495 26.9159 0.406655
26.9159 26.9159 1.66166
37.6822 26.9159 2.0864
48.4486 26.9159 2.20395
59.215 26.9159 1.7288
69.9813 26.9159 1.1177
5.38318 37.6822 -0.142645
16.1495 37.6822 0.204974
26.9159 37.6822 1.52764
37.6822 37.6822 1.83855
48.4486 37.6822 1.8174
59.215 37.6822 1.37245
69.9813 37.6822 0.895335
5.38318 48.4486 -0.0912387
16.1495 48.4486 0.499723
26.9159 48.4486 1.81879
37.6822 48.4486 1.75893
48.4486 48.4486 1.24812
59.215 48.4486 0.507202
69.9813 48.4486 0.326441
5.38318 59.215 -0.0758078
16.1495 59.215 0.659845
26.9159 59.215 1.89866
37.6822 59.215 1.63678
48.4486 59.215 0.724367
59.215 59.215 -0.185166
69.9813 59.215 -0.123899
5.38318 69.9813 -0.182027
16.1495 69.9813 0.0647379
26.9159 69.9813 1.06656
37.6822 69.9813 0.756213
48.4486 69.9813 -0.0578584
59.215 69.9813 -0.437483
69.9813 69.9813 -0.233605
5.38318 80.7477 -0.366797
16.1495 80.7477 -0.440793
26.9159 80.7477 -0.250162
37.6822 80.7477 -0.3686
48.4486 80.7477 -0.565714
59.215 80.7477 -0.65534
69.9813 80.7477 -0.318921
5.38318 91.514 -0.517996
16.1495 91.514 -0.813532
26.9159 91.514 -0.84687
37.6822 91.514 -0.945715
48.4486 91.514 -0.966864
59.215 91.514 -0.828554
69.9813 91.514 -0.386654
5.38318 102.28 -0.575349
16.1495 102.28 -0.921818
26.9159 102.28 -1.01257
37.6822 102.28 -1.03665
48.4486 102.28 -1.00859
59.215 102.28 -0.812786
69.9813 102.28 -0.373735
5.38318 113.047 -0.583703
16.1495 113.047 -0.935477
26.9159 113.047 -1.0163
37.6822 113.047 -1.01282
48.4486 113.047 -0.953919
59.215 113.047 -0.744448
69.9813 113.047 -0.317979
5.38318 123.813 -0.560818
16.1495 123.813 -0.886676
26.9159 123.813 -0.943184
37.6822 123.813 -0.93104
48.4486 123.813 -0.870105
59.215 123.813 -0.64129
69.9813 123.813 -0.260121
5.38318 134.579 -0.493559
16.1495 134.579 -0.742994
26.9159 134.579 -0.713772
37.6822 134.579 -0.691563
48.4486 134.579 -0.641222
59.215 134.579 -0.455858
69.9813 134.579 -0.160711
5.38318 145.346 -0.303161
16.1495 145.346 -0.381938
26.9159 145.346 -0.268122
37.6822 145.346 -0.204833
48.4486 145.346 -0.172589
59.215 145.346 -0.0647659
69.9813 145.346 0.139413
5.38318 156.112 0.0660606
16.1495 156.112 0.436594
26.9159 156.112 1.00516
37.6822 156.112 1.07823
48.4486 156.112 1.09785
59.215 156.112 0.912993
69.9813 156.112 0.685412
5.38318 166.879 0.641327
16.1495 166.879 1.45035
26.9159 166.879 2.32268
37.6822 166.879 2.44389
48.4486 166.879 2.41488
59.215 166.879 1.82676
69.9813 166.879 1.14443
5.38318 177.645 1.1046
16.1495 177.645 2.28151
26.9159 177.645 3.58909
37.6822 177.645 3.68859
48.4486 177.645 3.49895
59.215 177.645 2.3401
69.9813 177.645 1.3791
5.38318 188.411 1.0941
16.1495 188.411 2.41771
26.9159 188.411 3.92657
37.6822 188.411 4.14241
48.4486 188.411 3.80864
59.215 188.411 2.36464
69.9813 188.411 1.33606
5.38318 199.178 0.776603
16.1495 199.178 1.83753
26.9159 199.178 3.10645
37.6822 199.178 3.17033
48.4486 199.178 2.72928
59.215 199.178 1.4161
69.9813 199.178 0.783879
5.38318 209.944 0.258558
16.1495 209.944 0.72821
26.9159 209.944 1.29025
37.6822 209.944 1.16104
48.4486 209.944 0.917985
59.215 209.944 0.155575
69.9813 209.944 0.223106
