37 26
0 6 72 40
0 0 72 72
0 0 72 82
0 0 72 144
0 0 72 216
5.38318 5.38318 0.497541
16.1495 5.38318 1.00281
26.9159 5.38318 1.55809
37.6822 5.38318 1.80404
48.4486 5.38318 1.65995
59.215 5.38318 1.0977
69.9813 5.38318 0.608987
5.38318 16.1495 0.807021
16.1495 16.1495 1.92722
26.9159 16.1495 3.19997
37.6822 16.1495 3.83201
48.4486 16.1495 3.54282
59.215 16.1495 2.36506
69.9813 16.1495 1.27455
5.38318 26.9159 1.0095
16.1495 26.9159 2.47994
26.9159 26.9159 4.48351
37.6822 26.9159 5.33625
48.4486 26.9159 4.7969
59.215 26.9159 3.10007
69.9813 26.9159 1.56767
5.38318 37.6822 1.01789
16.1495 37.6822 2.47359
26.9159 37.6822 4.47495
37.6822 37.6822 5.20608
48.4486 37.6822 4.45728
59.215 37.6822 2.83542
69.9813 37.6822 1.4012
5.38318 48.4486 0.947938
16.1495 48.4486 2.1296
26.9159 48.4486 3.5387
37.6822 48.4486 3.78242
48.4486 48.4486 3.07217
59.215 48.4486 2.03061
69.9813 48.4486 1.02823
5.38318 59.215 0.602571
16.1495 59.215 1.31733
26.9159 59.215 1.64645
37.6822 59.215 1.59
48.4486 59.215 1.0839
59.215 59.215 0.978255
69.9813 59.215 0.732448
5.38318 69.9813 0.162214
16.1495 69.9813 0.514494
26.9159 69.9813 0.482342
37.6822 69.9813 0.377735
48.4486 69.9813 0.151218
59.215 69.9813 0.563943
69.9813 69.9813 0.62408
5.38318 80.7477 -0.242317
16.1495 80.7477 -0.358047
26.9159 80.7477 -0.450387
37.6822 80.7477 -0.50316
48.4486 80.7477 -0.449387
59.215 80.7477 -0.1515
69.9813 80.7477 0.226601
5.38318 91.514 -0.550767
16.1495 91.514 -0.907022
26.9159 91.514 -1.01936
37.6822 91.514 -1.01868
48.4486 91.514 -0.944944
59.215 91.514 -0.627856
69.9813 91.514 -0.235395
5.38318 102.28 -0.592389
16.1495 102.28 -0.957641
26.9159 102.28 -1.05179
37.6822 102.28 -1.04746
48.4486 102.28 -0.990184
59.215 102.28 -0.77539
69.9813 102.28 -0.339756
5.38318 113.047 -0.585737
16.1495 113.047 -0.937089
26.9159 113.047 -1.01955
37.6822 113.047 -1.01973
48.4486 113.047 -0.966925
59.215 113.047 -0.765613
69.9813 113.047 -0.33113
5.38318 123.813 -0.566994
16.1495 123.813 -0.907248
26.9159 123.813 -0.984429
37.6822 123.813 -0.986389
48.4486 123.813 -0.938109
59.215 123.813 -0.732518
69.9813 123.813 -0.315277
5.38318 134.579 -0.534396
16.1495 134.579 -0.849165
26.9159 134.579 -0.896785
37.6822 134.579 -0.909701
48.4486 134.579 -0.877066
59.215 134.579 -0.668005
69.9813 134.579 -0.285293
5.38318 145.346 -0.414784
16.1495 145.346 -0.631532
26.9159 145.346 -0.627535
37.6822 145.346 -0.65031
48.4486 145.346 -0.68261
59.215 145.346 -0.531491
69.9813 145.346 -0.217529
5.38318 156.112 -0.0664668
16.1495 156.112 -0.0479646
26.9159 156.112 0.0503933
37.6822 156.112 -0.0997608
48.4486 156.112 -0.289838
59.215 156.112 -0.295778
69.9813 156.112 -0.0939734
5.38318 166.879 0.79165
16.1495 166.879 1.5464
26.9159 166.879 1.84289
37.6822 166.879 1.25757
48.4486 166.879 0.460908
59.215 166.879 -0.0267585
69.9813 166.879 0.12799
5.38318 177.645 1.62616
16.1495 177.645 2.9637
26.9159 177.645 3.43933
37.6822 177.645 2.45125
48.4486 177.645 1.36495
59.215 177.645 0.399667
69.9813 177.645 0.465672
5.38318 188.411 1.69952
16.1495 188.411 3.09851
26.9159 188.411 3.65676
37.6822 188.411 2.54523
48.4486 188.411 1.4245
59.215 188.411 0.4039
69.9813 188.411 0.477052
5.38318 199.178 0.963458
16.1495 199.178 1.72303
26.9159 199.178 2.17281
37.6822 199.178 1.46197
48.4486 199.178 0.787256
59.215 199.178 0.194022
69.9813 199.178 0.387174
5.38318 209.944 0.128098
16.1495 209.944 0.228862
26.9159 209.944 0.485236
37.6822 209.944 0.162089
48.4486 209.944 -0.046751
59.215 209.944 -0.0506451
69.9813 209.944 0.130181
