37 188
0 168 72 40
0 144 72 72
0 134 72 82
0 72 72 144
0 0 72 216
5.38318 5.38318 1.02852
16.1495 5.38318 1.80983
26.9159 5.38318 2.05427
37.6822 5.38318 1.59031
48.4486 5.38318 1.12862
59.215 5.38318 0.768922
69.9813 5.38318 0.499482
5.38318 16.1495 1.57392
16.1495 16.1495 2.99511
26.9159 16.1495 3.50648
37.6822 16.1495 2.90118
48.4486 16.1495 2.16529
59.215 16.1495 1.54396
69.9813 16.1495 1.03391
5.38318 26.9159 1.6402
16.1495 26.9159 3.04761
26.9159 26.9159 3.68548
37.6822 26.9159 3.20503
48.4486 26.9159 2.59016
59.215 26.9159 1.90764
69.9813 26.9159 1.28109
5.38318 37.6822 1.28743
16.1495 37.6822 2.23445
26.9159 37.6822 2.77922
37.6822 37.6822 2.79297
48.4486 37.6822 2.70858
59.215 37.6822 2.12283
69.9813 37.6822 1.39343
5.38318 48.4486 1.08657
16.1495 48.4486 1.94577
26.9159 48.4486 2.57254
37.6822 48.4486 2.87198
48.4486 48.4486 2.98787
59.215 48.4486 2.3539
69.9813 48.4486 1.51999
5.38318 59.215 1.11263
16.1495 59.215 1.96326
26.9159 59.215 2.53154
37.6822 59.215 2.68772
48.4486 59.215 2.79961
59.215 59.215 2.23814
69.9813 59.215 1.48764
5.38318 69.9813 0.433273
16.1495 69.9813 0.863405
26.9159 69.9813 1.38509
37.6822 69.9813 1.5519
48.4486 69.9813 1.76749
59.215 69.9813 1.38454
69.9813 69.9813 1.03154
5.38318 80.7477 -0.169829
16.1495 80.7477 -0.258697
26.9159 80.7477 -0.14091
37.6822 80.7477 -0.183878
48.4486 80.7477 -0.0973307
59.215 80.7477 -0.0234441
69.9813 80.7477 0.28754
5.38318 91.514 -0.461251
16.1495 91.514 -0.734917
26.9159 91.514 -0.693861
37.6822 91.514 -0.736132
48.4486 91.514 -0.697941
59.215 91.514 -0.533891
69.9813 91.514 -0.204584
5.38318 102.28 -0.530603
16.1495 102.28 -0.840463
26.9159 102.28 -0.85709
37.6822 102.28 -0.911091
48.4486 102.28 -0.879733
59.215 102.28 -0.650758
69.9813 102.28 -0.25358
5.38318 113.047 -0.579824
16.1495 113.047 -0.925724
26.9159 113.047 -1.00549
37.6822 113.047 -1.00703
48.4486 113.047 -0.956064
59.215 113.047 -0.750002
69.9813 113.047 -0.321049
5.38318 123.813 -0.572065
16.1495 123.813 -0.91275
26.9159 123.813 -0.984351
37.6822 123.813 -0.982199
48.4486 123.813 -0.926918
59.215 123.813 -0.713613
69.9813 123.813 -0.301655
5.38318 134.579 -0.532076
16.1495 134.579 -0.832254
26.9159 134.579 -0.824659
37.6822 134.579 -0.81468
48.4486 134.579 -0.753608
59.215 134.579 -0.56255
69.9813 134.579 -0.219284
5.38318 145.346 -0.348376
16.1495 145.346 -0.48081
26.9159 145.346 -0.402781
37.6822 145.346 -0.412126
48.4486 145.346 -0.378847
59.215 145.346 -0.283422
69.9813 145.346 -0.0640704
5.38318 156.112 -0.054369
16.1495 156.112 0.212686
26.9159 156.112 0.80718
37.6822 156.112 0.882871
48.4486 156.112 0.799582
59.215 156.112 0.491256
69.9813 156.112 0.428055
5.38318 166.879 0.676168
16.1495 166.879 1.75795
26.9159 166.879 2.68
37.6822 166.879 2.84761
48.4486 166.879 2.54026
59.215 166.879 1.69735
69.9813 166.879 1.00239
5.38318 177.645 1.16588
16.1495 177.645 2.72624
26.9159 177.645 4.39248
37.6822 177.645 4.87096
48.4486 177.645 4.25493
59.215 177.645 2.70719
69.9813 177.645 1.43852
5.38318 188.411 1.36237
16.1495 188.411 3.09586
26.9159 188.411 5.17344
37.6822 188.411 5.74115
48.4486 188.411 4.9986
59.215 188.411 3.10396
69.9813 188.411 1.59755
5.38318 199.178 1.0164
16.1495 199.178 2.54494
26.9159 199.178 4.43763
37.6822 199.178 4.92821
48.4486 199.178 4.15181
59.215 199.178 2.47083
69.9813 199.178 1.2558
5.38318 209.944 0.579595
16.1495 209.944 1.31109
26.9159 209.944 2.18783
37.6822 209.944 2.23842
48.4486 209.944 1.88104
59.215 209.944 1.08734
69.9813 209.944 0.63376
