37 48
0 28 72 40
0 12 72 72
0 7 72 82
0 0 72 144
0 0 72 216
5.38318 5.38318 0.832955
16.1495 5.38318 1.20623
26.9159 5.38318 1.29926
37.6822 5.38318 1.31426
48.4486 5.38318 1.35348
59.215 5.38318 1.19106
69.9813 5.38318 0.754953
5.38318 16.1495 1.32205
16.1495 16.1495 2.07065
26.9159 16.1495 2.49755
37.6822 16.1495 2.65703
48.4486 16.1495 2.6959
59.215 16.1495 2.24622
69.9813 16.1495 1.41084
5.38318 26.9159 1.2998
16.1495 26.9159 2.37217
26.9159 26.9159 3.37124
37.6822 26.9159 3.75623
48.4486 26.9159 3.57998
59.215 26.9159 2.68877
69.9813 26.9159 1.59101
5.38318 37.6822 1.18819
16.1495 37.6822 2.47876
26.9159 37.6822 4.22619
37.6822 37.6822 4.70232
48.4486 37.6822 4.18395
59.215 37.6822 2.66023
69.9813 37.6822 1.4339
5.38318 48.4486 1.09691
16.1495 48.4486 2.42765
26.9159 48.4486 4.34328
37.6822 48.4486 4.76102
48.4486 48.4486 4.02856
59.215 48.4486 2.40987
69.9813 48.4486 1.19967
5.38318 59.215 0.843265
16.1495 59.215 1.86491
26.9159 59.215 3.22094
37.6822 59.215 3.25784
48.4486 59.215 2.60476
59.215 59.215 1.53457
69.9813 59.215 0.864668
5.38318 69.9813 0.216001
16.1495 69.9813 0.430157
26.9159 69.9813 0.76292
37.6822 69.9813 0.627932
48.4486 69.9813 0.235876
59.215 69.9813 0.467235
69.9813 69.9813 0.530234
5.38318 80.7477 -0.280738
16.1495 80.7477 -0.435711
26.9159 80.7477 -0.470138
37.6822 80.7477 -0.552265
48.4486 80.7477 -0.601649
59.215 80.7477 -0.29672
69.9813 80.7477 -0.0158331
5.38318 91.514 -0.520991
16.1495 91.514 -0.856582
26.9159 91.514 -0.939754
37.6822 91.514 -0.99979
48.4486 91.514 -0.963941
59.215 91.514 -0.671003
69.9813 91.514 -0.263258
5.38318 102.28 -0.589497
16.1495 102.28 -0.960585
26.9159 102.28 -1.05012
37.6822 102.28 -1.06253
48.4486 102.28 -1.01113
59.215 102.28 -0.793162
69.9813 102.28 -0.355221
5.38318 113.047 -0.560178
16.1495 113.047 -0.898425
26.9159 113.047 -0.982707
37.6822 113.047 -0.992757
48.4486 113.047 -0.950444
59.215 113.047 -0.748779
69.9813 113.047 -0.323767
5.38318 123.813 -0.42715
16.1495 123.813 -0.679161
26.9159 123.813 -0.719852
37.6822 123.813 -0.771482
48.4486 123.813 -0.776236
59.215 123.813 -0.598164
69.9813 123.813 -0.242797
5.38318 134.579 -0.15965
16.1495 134.579 -0.247115
26.9159 134.579 -0.242529
37.6822 134.579 -0.298544
48.4486 134.579 -0.365345
59.215 134.579 -0.311463
69.9813 134.579 -0.0944087
5.38318 145.346 0.570754
16.1495 145.346 1.0817
26.9159 145.346 1.44099
37.6822 145.346 1.36588
48.4486 145.346 1.03779
59.215 145.346 0.574107
69.9813 145.346 0.437298
5.38318 156.112 1.0779
16.1495 156.112 1.95096
26.9159 156.112 2.81372
37.6822 156.112 3.02358
48.4486 156.112 2.70461
59.215 156.112 1.80735
69.9813 156.112 0.996609
5.38318 166.879 1.14297
16.1495 166.879 2.37145
26.9159 166.879 3.98825
37.6822 166.879 4.50976
48.4486 166.879 4.03882
59.215 166.879 2.58064
69.9813 166.879 1.33136
5.38318 177.645 0.694233
16.1495 177.645 1.88106
26.9159 177.645 3.81661
37.6822 177.645 4.524
48.4486 177.645 4.10278
59.215 177.645 2.60439
69.9813 177.645 1.33979
5.38318 188.411 0.628338
16.1495 188.411 1.74108
26.9159 188.411 3.34153
37.6822 188.411 3.59334
48.4486 188.411 3.05769
59.215 188.411 1.90389
69.9813 188.411 1.00087
5.38318 199.178 0.324432
16.1495 199.178 0.836064
26.9159 199.178 1.68838
37.6822 199.178 1.51366
48.4486 199.178 1.3727
59.215 199.178 0.88142
69.9813 199.178 0.746308
5.38318 209.944 0.15969
16.1495 209.944 0.490578
26.9159 209.944 0.833271
37.6822 209.944 0.62632
48.4486 209.944 0.587327
59.215 209.944 0.483453
69.9813 209.944 0.529675
