48 177
0 157 72 40
0 141 72 72
0 134 72 82
0 72 72 144
0 0 72 216
5.38318 5.38318 0.976958
16.1495 5.38318 1.39194
26.9159 5.38318 1.6522
37.6822 5.38318 1.50905
48.4486 5.38318 1.46236
59.215 5.38318 1.2157
69.9813 5.38318 0.781023
5.38318 16.1495 1.85694
16.1495 16.1495 2.80831
26.9159 16.1495 3.15754
37.6822 16.1495 2.7542
48.4486 16.1495 2.57399
59.215 16.1495 2.22061
69.9813 16.1495 1.49769
5.38318 26.9159 2.44834
16.1495 26.9159 3.63172
26.9159 26.9159 3.87199
37.6822 26.9159 3.10812
48.4486 26.9159 2.83171
59.215 26.9159 2.57035
69.9813 26.9159 1.83368
5.38318 37.6822 2.39944
16.1495 37.6822 3.47726
26.9159 37.6822 3.50185
37.6822 37.6822 2.60544
48.4486 37.6822 2.26525
59.215 37.6822 2.15343
69.9813 37.6822 1.57522
5.38318 48.4486 1.7113
16.1495 48.4486 2.4534
26.9159 48.4486 2.64746
37.6822 48.4486 2.15559
48.4486 48.4486 2.16183
59.215 48.4486 2.16497
69.9813 48.4486 1.57797
5.38318 59.215 0.626424
16.1495 59.215 0.94894
26.9159 59.215 1.59057
37.6822 59.215 1.68642
48.4486 59.215 2.15136
59.215 59.215 2.19794
69.9813 59.215 1.60849
5.38318 69.9813 0.0597307
16.1495 69.9813 0.176981
26.9159 69.9813 0.97675
37.6822 69.9813 1.26849
48.4486 69.9813 1.61205
59.215 69.9813 1.83176
69.9813 69.9813 1.3397
5.38318 80.7477 -0.249838
16.1495 80.7477 -0.362348
26.9159 80.7477 -0.0712531
37.6822 80.7477 0.247813
48.4486 80.7477 0.331872
59.215 80.7477 0.590851
69.9813 80.7477 0.500004
5.38318 91.514 -0.490467
16.1495 91.514 -0.768753
26.9159 91.514 -0.710695
37.6822 91.514 -0.645296
48.4486 91.514 -0.636445
59.215 91.514 -0.385569
69.9813 91.514 -0.144546
5.38318 102.28 -0.547875
16.1495 102.28 -0.883655
26.9159 102.28 -0.961415
37.6822 102.28 -0.966526
48.4486 102.28 -0.942378
59.215 102.28 -0.70744
69.9813 102.28 -0.315358
5.38318 113.047 -0.581534
16.1495 113.047 -0.927172
26.9159 113.047 -1.00147
37.6822 113.047 -0.994839
48.4486 113.047 -0.943249
59.215 113.047 -0.728185
69.9813 113.047 -0.313055
5.38318 123.813 -0.555822
16.1495 123.813 -0.859782
26.9159 123.813 -0.839228
37.6822 123.813 -0.745313
48.4486 123.813 -0.647832
59.215 123.813 -0.462662
69.9813 123.813 -0.163703
5.38318 134.579 -0.441602
16.1495 134.579 -0.593477
26.9159 134.579 -0.384958
37.6822 134.579 -0.195398
48.4486 134.579 -0.0844539
59.215 134.579 -0.0110224
69.9813 134.579 0.24451
5.38318 145.346 -0.163536
16.1495 145.346 -0.0342971
26.9159 145.346 0.957818
37.6822 145.346 1.6017
48.4486 145.346 1.79955
59.215 145.346 1.43487
69.9813 145.346 1.00295
5.38318 156.112 0.419283
16.1495 156.112 1.23966
26.9159 156.112 2.46335
37.6822 156.112 3.11375
48.4486 156.112 3.25038
59.215 156.112 2.57237
69.9813 156.112 1.61655
5.38318 166.879 0.920998
16.1495 166.879 2.14904
26.9159 166.879 3.58403
37.6822 166.879 4.37045
48.4486 166.879 4.35263
59.215 166.879 3.29666
69.9813 166.879 1.94101
5.38318 177.645 1.1438
16.1495 177.645 2.42071
26.9159 177.645 3.98599
37.6822 177.645 4.96665
48.4486 177.645 4.98148
59.215 177.645 3.85305
69.9813 177.645 2.18156
5.38318 188.411 1.05912
16.1495 188.411 2.12957
26.9159 188.411 3.62957
37.6822 188.411 4.71919
48.4486 188.411 4.74393
59.215 188.411 3.64723
69.9813 188.411 1.98289
5.38318 199.178 0.71602
16.1495 199.178 1.37172
26.9159 199.178 2.23975
37.6822 199.178 2.76231
48.4486 199.178 2.70231
59.215 199.178 2.21566
69.9813 199.178 1.25089
5.38318 209.944 0.463887
16.1495 209.944 0.783397
26.9159 209.944 1.09941
37.6822 209.944 1.08027
48.4486 209.944 1.06334
59.215 209.944 1.00394
69.9813 209.944 0.737936
