37 37
0 17 72 40
0 1 72 72
0 0 72 82
0 0 72 144
0 0 72 216
5.38318 5.38318 0.221074
16.1495 5.38318 0.426215
26.9159 5.38318 0.942859
37.6822 5.38318 1.01113
48.4486 5.38318 0.864197
59.215 5.38318 0.422016
69.9813 5.38318 0.230792
5.38318 16.1495 0.426615
16.1495 16.1495 1.23559
26.9159 16.1495 2.45149
37.6822 16.1495 2.67518
48.4486 16.1495 2.40202
59.215 16.1495 1.32333
69.9813 16.1495 0.732862
5.38318 26.9159 0.587163
16.1495 26.9159 2.01677
26.9159 26.9159 3.97305
37.6822 26.9159 4.54196
48.4486 26.9159 4.00167
59.215 26.9159 2.19594
69.9813 26.9159 1.06502
5.38318 37.6822 0.87413
16.1495 37.6822 2.52591
26.9159 37.6822 4.79011
37.6822 37.6822 5.54928
48.4486 37.6822 4.93787
59.215 37.6822 2.8338
69.9813 37.6822 1.42568
5.38318 48.4486 1.00169
16.1495 48.4486 2.45952
26.9159 48.4486 4.14615
37.6822 48.4486 4.52722
48.4486 48.4486 3.92444
59.215 48.4486 2.36304
69.9813 48.4486 1.27891
5.38318 59.215 0.615322
16.1495 59.215 1.36703
26.9159 59.215 1.83344
37.6822 59.215 1.63745
48.4486 59.215 1.26334
59.215 59.215 0.808825
69.9813 59.215 0.671877
5.38318 69.9813 0.0998984
16.1495 69.9813 0.306155
26.9159 69.9813 0.24398
37.6822 69.9813 -0.0465637
48.4486 69.9813 -0.238815
59.215 69.9813 -0.150219
69.9813 69.9813 0.0897894
5.38318 80.7477 -0.212566
16.1495 80.7477 -0.344674
26.9159 80.7477 -0.419643
37.6822 80.7477 -0.525422
48.4486 80.7477 -0.577632
59.215 80.7477 -0.381921
69.9813 80.7477 -0.109254
5.38318 91.514 -0.487759
16.1495 91.514 -0.78537
26.9159 91.514 -0.789733
37.6822 91.514 -0.79267
48.4486 91.514 -0.770031
59.215 91.514 -0.563574
69.9813 91.514 -0.240017
5.38318 102.28 -0.564479
16.1495 102.28 -0.889097
26.9159 102.28 -0.934895
37.6822 102.28 -0.908044
48.4486 102.28 -0.860157
59.215 102.28 -0.647673
69.9813 102.28 -0.280188
5.38318 113.047 -0.577621
16.1495 113.047 -0.927156
26.9159 113.047 -1.00985
37.6822 113.047 -1.00804
48.4486 113.047 -0.950679
59.215 113.047 -0.734098
69.9813 113.047 -0.312265
5.38318 123.813 -0.502134
16.1495 123.813 -0.817153
26.9159 123.813 -0.884389
37.6822 123.813 -0.869312
48.4486 123.813 -0.767866
59.215 123.813 -0.516293
69.9813 123.813 -0.181247
5.38318 134.579 -0.174958
16.1495 134.579 -0.339881
26.9159 134.579 -0.415185
37.6822 134.579 -0.362084
48.4486 134.579 -0.269649
59.215 134.579 -0.0932073
69.9813 134.579 0.16384
5.38318 145.346 0.740299
16.1495 145.346 1.01814
26.9159 145.346 0.843592
37.6822 145.346 1.07421
48.4486 145.346 1.27922
59.215 145.346 1.28577
69.9813 145.346 0.976246
5.38318 156.112 1.50763
16.1495 156.112 2.23131
26.9159 156.112 2.1777
37.6822 156.112 2.43558
48.4486 156.112 2.58129
59.215 156.112 2.30604
69.9813 156.112 1.48994
5.38318 166.879 1.37352
16.1495 166.879 2.15385
26.9159 166.879 2.33511
37.6822 166.879 2.67777
48.4486 166.879 2.8364
59.215 166.879 2.46037
69.9813 166.879 1.59638
5.38318 177.645 0.472411
16.1495 177.645 1.14245
26.9159 177.645 1.79327
37.6822 177.645 2.42734
48.4486 177.645 2.5658
59.215 177.645 2.13212
69.9813 177.645 1.3856
5.38318 188.411 -0.1043
16.1495 188.411 0.374354
26.9159 188.411 1.65454
37.6822 188.411 2.66551
48.4486 188.411 3.00213
59.215 188.411 2.36138
69.9813 188.411 1.49956
5.38318 199.178 -0.226994
16.1495 199.178 0.0532434
26.9159 199.178 1.92921
37.6822 199.178 3.36369
48.4486 199.178 4.09509
59.215 199.178 3.14879
69.9813 199.178 1.93144
5.38318 209.944 -0.184346
16.1495 209.944 0.0341418
26.9159 209.944 1.69906
37.6822 209.944 3.04909
48.4486 209.944 3.67954
59.215 209.944 2.76333
69.9813 209.944 1.59225
