37 188
0 168 72 40
0 144 72 72
0 134 72 82
0 72 72 144
0 0 72 216
5.38318 5.38318 0.26267
16.1495 5.38318 0.361796
26.9159 5.38318 0.395585
37.6822 5.38318 0.315705
48.4486 5.38318 0.115677
59.215 5.38318 0.0945559
69.9813 5.38318 0.114121
5.38318 16.1495 0.695108
16.1495 16.1495 1.2855
26.9159 16.1495 1.50842
37.6822 16.1495 1.25908
48.4486 16.1495 0.792141
59.215 16.1495 0.543827
69.9813 16.1495 0.446557
5.38318 26.9159 1.04494
16.1495 26.9159 2.02231
26.9159 26.9159 2.2766
37.6822 26.9159 1.62585
48.4486 26.9159 0.802946
59.215 26.9159 0.280446
69.9813 26.9159 0.403418
5.38318 37.6822 1.57471
16.1495 37.6822 2.89674
26.9159 37.6822 3.37772
37.6822 37.6822 2.50774
48.4486 37.6822 1.44143
59.215 37.6822 0.610062
69.9813 37.6822 0.577988
5.38318 48.4486 1.38953
16.1495 48.4486 2.49027
26.9159 48.4486 2.94214
37.6822 48.4486 2.05208
48.4486 48.4486 1.05036
59.215 48.4486 0.350332
69.9813 48.4486 0.476798
5.38318 59.215 0.394331
16.1495 59.215 0.665843
26.9159 59.215 1.00557
37.6822 59.215 0.300831
48.4486 59.215 -0.0860043
59.215 59.215 -0.145935
69.9813 59.215 0.107898
5.38318 69.9813 -0.286558
16.1495 69.9813 -0.539062
26.9159 69.9813 -0.52462
37.6822 69.9813 -0.632292
48.4486 69.9813 -0.634368
59.215 69.9813 -0.42314
69.9813 69.9813 -0.142373
5.38318 80.7477 -0.414379
16.1495 80.7477 -0.705491
26.9159 80.7477 -0.714102
37.6822 80.7477 -0.763917
48.4486 80.7477 -0.713522
59.215 80.7477 -0.463786
69.9813 80.7477 -0.145161
5.38318 91.514 -0.49828
16.1495 91.514 -0.815313
26.9159 91.514 -0.833882
37.6822 91.514 -0.871023
48.4486 91.514 -0.80945
59.215 91.514 -0.555785
69.9813 91.514 -0.196843
5.38318 102.28 -0.530387
16.1495 102.28 -0.849265
26.9159 102.28 -0.91699
37.6822 102.28 -0.929629
48.4486 102.28 -0.883328
59.215 102.28 -0.63861
69.9813 102.28 -0.250478
5.38318 113.047 -0.578155
16.1495 113.047 -0.922483
26.9159 113.047 -0.996838
37.6822 113.047 -0.997528
48.4486 113.047 -0.947171
59.215 113.047 -0.74565
69.9813 113.047 -0.321034
5.38318 123.813 -0.545344
16.1495 123.813 -0.849248
26.9159 123.813 -0.863406
37.6822 123.813 -0.848524
48.4486 123.813 -0.813574
59.215 123.813 -0.628281
69.9813 123.813 -0.26708
5.38318 134.579 -0.440278
16.1495 134.579 -0.608222
26.9159 134.579 -0.45708
37.6822 134.579 -0.415111
48.4486 134.579 -0.424674
59.215 134.579 -0.357147
69.9813 134.579 -0.135587
5.38318 145.346 -0.16026
16.1495 145.346 -0.0465271
26.9159 145.346 0.709249
37.6822 145.346 0.90282
48.4486 145.346 0.663105
59.215 145.346 0.344324
69.9813 145.346 0.245753
5.38318 156.112 0.313958
16.1495 156.112 1.06994
26.9159 156.112 2.04553
37.6822 156.112 2.36156
48.4486 156.112 2.02057
59.215 156.112 1.38807
69.9813 156.112 0.741156
5.38318 166.879 0.892401
16.1495 166.879 2.07765
26.9159 166.879 2.95255
37.6822 166.879 3.21646
48.4486 166.879 2.72088
59.215 166.879 2.01002
69.9813 166.879 1.05527
5.38318 177.645 1.19861
16.1495 177.645 2.5274
26.9159 177.645 3.40035
37.6822 177.645 3.63885
48.4486 177.645 3.03025
59.215 177.645 2.24061
69.9813 177.645 1.23137
5.38318 188.411 1.27818
16.1495 188.411 2.7884
26.9159 188.411 3.83081
37.6822 188.411 4.02331
48.4486 188.411 3.12752
59.215 188.411 2.18997
69.9813 188.411 1.205
5.38318 199.178 0.894562
16.1495 199.178 2.09638
26.9159 199.178 3.00025
37.6822 199.178 3.09082
48.4486 199.178 2.34872
59.215 199.178 1.68247
69.9813 199.178 0.984281
5.38318 209.944 0.508684
16.1495 209.944 1.21842
26.9159 209.944 1.66511
37.6822 209.944 1.59478
48.4486 209.944 1.23491
59.215 209.944 1.0026
69.9813 209.944 0.712989
