37 37
0 17 72 40
0 1 72 72
0 0 72 82
0 0 72 144
0 0 72 216
5.38318 5.38318 0.507197
16.1495 5.38318 0.879046
26.9159 5.38318 1.25698
37.6822 5.38318 1.40899
48.4486 5.38318 1.31439
59.215 5.38318 0.949749
69.9813 5.38318 0.562919
5.38318 16.1495 0.864707
16.1495 16.1495 1.82533
26.9159 16.1495 2.63568
37.6822 16.1495 3.00988
48.4486 16.1495 2.71798
59.215 16.1495 1.92007
69.9813 16.1495 1.10813
5.38318 26.9159 1.09168
16.1495 26.9159 2.4132
26.9159 26.9159 3.7008
37.6822 26.9159 4.2606
48.4486 26.9159 3.77106
59.215 26.9159 2.59421
69.9813 26.9159 1.40314
5.38318 37.6822 1.23072
16.1495 37.6822 2.79501
26.9159 37.6822 4.30133
37.6822 37.6822 4.87057
48.4486 37.6822 4.13081
59.215 37.6822 2.68031
69.9813 37.6822 1.37086
5.38318 48.4486 1.34072
16.1495 48.4486 2.77955
26.9159 48.4486 4.01705
37.6822 48.4486 4.36584
48.4486 48.4486 3.6839
59.215 48.4486 2.46963
69.9813 48.4486 1.35914
5.38318 59.215 0.988354
16.1495 59.215 1.8926
26.9159 59.215 2.24026
37.6822 59.215 2.37337
48.4486 59.215 2.03552
59.215 59.215 1.52603
69.9813 59.215 1.045
5.38318 69.9813 0.51963
16.1495 69.9813 1.02386
26.9159 69.9813 0.9926
37.6822 69.9813 0.996692
48.4486 69.9813 0.667364
59.215 69.9813 0.7041
69.9813 69.9813 0.661044
5.38318 80.7477 -0.167882
16.1495 80.7477 -0.207379
26.9159 80.7477 -0.253083
37.6822 80.7477 -0.260966
48.4486 80.7477 -0.379098
59.215 80.7477 -0.237035
69.9813 80.7477 -0.0529342
5.38318 91.514 -0.481377
16.1495 91.514 -0.777059
26.9159 91.514 -0.821613
37.6822 91.514 -0.84522
48.4486 91.514 -0.864839
59.215 91.514 -0.629184
69.9813 91.514 -0.287713
5.38318 102.28 -0.565453
16.1495 102.28 -0.905624
26.9159 102.28 -0.976918
37.6822 102.28 -0.972919
48.4486 102.28 -0.928438
59.215 102.28 -0.709352
69.9813 102.28 -0.311672
5.38318 113.047 -0.575559
16.1495 113.047 -0.918365
26.9159 113.047 -0.995705
37.6822 113.047 -0.989041
48.4486 113.047 -0.938256
59.215 113.047 -0.713641
69.9813 113.047 -0.305942
5.38318 123.813 -0.493562
16.1495 123.813 -0.710738
26.9159 123.813 -0.639609
37.6822 123.813 -0.576333
48.4486 123.813 -0.567504
59.215 123.813 -0.420908
69.9813 123.813 -0.165295
5.38318 134.579 -0.247118
16.1495 134.579 -0.225055
26.9159 134.579 0.0268946
37.6822 134.579 0.391998
48.4486 134.579 0.261899
59.215 134.579 0.234128
69.9813 134.579 0.25388
5.38318 145.346 0.255438
16.1495 145.346 1.13167
26.9159 145.346 2.0783
37.6822 145.346 2.49788
48.4486 145.346 2.23748
59.215 145.346 1.68842
69.9813 145.346 0.965474
5.38318 156.112 0.564819
16.1495 156.112 1.66758
26.9159 156.112 2.62673
37.6822 156.112 3.09191
48.4486 156.112 2.90341
59.215 156.112 2.25279
69.9813 156.112 1.31659
5.38318 166.879 0.400108
16.1495 166.879 1.2008
26.9159 166.879 2.0279
37.6822 166.879 2.30835
48.4486 166.879 2.18462
59.215 166.879 1.67455
69.9813 166.879 1.0785
5.38318 177.645 -0.0875282
16.1495 177.645 -0.0218182
26.9159 177.645 0.403598
37.6822 177.645 0.446043
48.4486 177.645 0.496197
59.215 177.645 0.319472
69.9813 177.645 0.426936
5.38318 188.411 -0.162333
16.1495 188.411 -0.193219
26.9159 188.411 -0.0604745
37.6822 188.411 -0.110284
48.4486 188.411 -0.14617
59.215 188.411 -0.161463
69.9813 188.411 0.0403639
5.38318 199.178 -0.15291
16.1495 199.178 -0.17135
26.9159 199.178 -0.0888886
37.6822 199.178 -0.149657
48.4486 199.178 -0.20123
59.215 199.178 -0.186003
69.9813 199.178 0.0249433
5.38318 209.944 -0.131215
16.1495 209.944 -0.151466
26.9159 209.944 -0.0968171
37.6822 209.944 -0.156701
48.4486 209.944 -0.186954
59.215 209.944 -0.172393
69.9813 209.944 0.00175594
