37 48
0 28 72 40
0 12 72 72
0 7 72 82
0 0 72 144
0 0 72 216
5.38318 5.38318 1.13326
16.1495 5.38318 1.46123
26.9159 5.38318 1.4906
37.6822 5.38318 1.27581
48.4486 5.38318 0.931952
59.215 5.38318 0.625931
69.9813 5.38318 0.359022
5.38318 16.1495 1.86122
16.1495 16.1495 2.6593
26.9159 16.1495 2.93022
37.6822 16.1495 2.67767
48.4486 16.1495 2.23958
59.215 16.1495 1.6407
69.9813 16.1495 1.00644
5.38318 26.9159 1.91219
16.1495 26.9159 3.00697
26.9159 26.9159 3.64569
37.6822 26.9159 3.64055
48.4486 26.9159 3.25709
59.215 26.9159 2.44164
69.9813 26.9159 1.47539
5.38318 37.6822 1.44635
16.1495 37.6822 2.99598
26.9159 37.6822 4.55831
37.6822 37.6822 5.19746
48.4486 37.6822 4.85777
59.215 37.6822 3.60206
69.9813 37.6822 2.10076
5.38318 48.4486 1.18976
16.1495 48.4486 2.8207
26.9159 48.4486 4.78958
37.6822 48.4486 5.70647
48.4486 48.4486 5.24439
59.215 48.4486 3.75088
69.9813 48.4486 2.0735
5.38318 59.215 1.14379
16.1495 59.215 2.57902
26.9159 59.215 4.14557
37.6822 59.215 4.6577
48.4486 59.215 3.96596
59.215 59.215 2.81179
69.9813 59.215 1.52651
5.38318 69.9813 0.468049
16.1495 69.9813 0.913095
26.9159 69.9813 1.41362
37.6822 69.9813 1.55876
48.4486 69.9813 1.17558
59.215 69.9813 1.15007
69.9813 69.9813 0.7004
5.38318 80.7477 -0.0795469
16.1495 80.7477 -0.165237
26.9159 80.7477 -0.0816851
37.6822 80.7477 -0.120397
48.4486 80.7477 -0.158181
59.215 80.7477 0.197542
69.9813 80.7477 0.268291
5.38318 91.514 -0.452091
16.1495 91.514 -0.764774
26.9159 91.514 -0.759017
37.6822 91.514 -0.789838
48.4486 91.514 -0.757262
59.215 91.514 -0.473466
69.9813 91.514 -0.199131
5.38318 102.28 -0.561622
16.1495 102.28 -0.913955
26.9159 102.28 -0.991436
37.6822 102.28 -0.996838
48.4486 102.28 -0.947119
59.215 102.28 -0.717411
69.9813 102.28 -0.316885
5.38318 113.047 -0.563014
16.1495 113.047 -0.901216
26.9159 113.047 -0.975626
37.6822 113.047 -0.977492
48.4486 113.047 -0.919022
59.215 113.047 -0.684867
69.9813 113.047 -0.2846
5.38318 123.813 -0.39613
16.1495 123.813 -0.610568
26.9159 123.813 -0.566358
37.6822 123.813 -0.581679
48.4486 123.813 -0.506424
59.215 123.813 -0.369423
69.9813 123.813 -0.0930863
5.38318 134.579 0.170662
16.1495 134.579 0.390002
26.9159 134.579 0.758736
37.6822 134.579 0.71789
48.4486 134.579 0.907197
59.215 134.579 0.734012
69.9813 134.579 0.738066
5.38318 145.346 1.50586
16.1495 145.346 2.73833
26.9159 145.346 3.28364
37.6822 145.346 3.28667
48.4486 145.346 3.41719
59.215 145.346 2.73442
69.9813 145.346 1.85543
5.38318 156.112 2.53992
16.1495 156.112 4.47441
26.9159 156.112 5.07671
37.6822 156.112 5.16928
48.4486 156.112 5.36274
59.215 156.112 4.37619
69.9813 156.112 2.78968
5.38318 166.879 2.63687
16.1495 166.879 4.63
26.9159 166.879 5.22788
37.6822 166.879 5.40025
48.4486 166.879 5.5461
59.215 166.879 4.60103
69.9813 166.879 2.84821
5.38318 177.645 1.87965
16.1495 177.645 3.13148
26.9159 177.645 3.57894
37.6822 177.645 3.74389
48.4486 177.645 3.80419
59.215 177.645 3.25929
69.9813 177.645 2.02536
5.38318 188.411 1.10318
16.1495 188.411 1.82873
26.9159 188.411 2.31399
37.6822 188.411 2.40639
48.4486 188.411 2.39838
59.215 188.411 2.19278
69.9813 188.411 1.41691
5.38318 199.178 0.829918
16.1495 199.178 1.36912
26.9159 199.178 1.8703
37.6822 199.178 1.92407
48.4486 199.178 1.83092
59.215 199.178 1.75476
69.9813 199.178 1.20431
5.38318 209.944 0.466766
16.1495 209.944 0.792295
26.9159 209.944 1.11782
37.6822 209.944 1.16669
48.4486 209.944 1.14967
59.215 209.944 1.1588
69.9813 209.944 0.860258
