37 156
0 136 72 40
0 120 72 72
0 115 72 82
0 72 72 144
0 0 72 216
5.38318 5.38318 0.21159
16.1495 5.38318 0.740398
26.9159 5.38318 1.76078
37.6822 5.38318 1.87757
48.4486 5.38318 1.34521
59.215 5.38318 0.5099
69.9813 5.38318 0.125052
5.38318 16.1495 0.209617
16.1495 16.1495 1.23481
26.9159 16.1495 2.90287
37.6822 16.1495 3.13274
48.4486 16.1495 2.27502
59.215 16.1495 0.913626
69.9813 16.1495 0.293896
5.38318 26.9159 -0.0664802
16.1495 26.9159 0.800428
26.9159 26.9159 2.59068
37.6822 26.9159 2.83039
48.4486 26.9159 1.76789
59.215 26.9159 0.333369
69.9813 26.9159 -0.0774768
5.38318 37.6822 0.0323798
16.1495 37.6822 0.748435
26.9159 37.6822 1.88244
37.6822 37.6822 1.89344
48.4486 37.6822 1.02286
59.215 37.6822 0.237534
69.9813 37.6822 0.0486423
5.38318 48.4486 0.422549
16.1495 48.4486 1.35538
26.9159 48.4486 2.20987
37.6822 48.4486 2.21561
48.4486 48.4486 1.60872
59.215 48.4486 1.02366
69.9813 48.4486 0.645405
5.38318 59.215 0.818464
16.1495 59.215 1.91807
26.9159 59.215 2.53992
37.6822 59.215 2.67626
48.4486 59.215 2.37634
59.215 59.215 2.05869
69.9813 59.215 1.33112
5.38318 69.9813 0.778424
16.1495 69.9813 1.74587
26.9159 69.9813 2.14854
37.6822 69.9813 2.34878
48.4486 69.9813 2.30878
59.215 69.9813 2.27138
69.9813 69.9813 1.52346
5.38318 80.7477 0.24276
16.1495 80.7477 0.703431
26.9159 80.7477 0.778611
37.6822 80.7477 0.909957
48.4486 80.7477 0.94623
59.215 80.7477 1.31261
69.9813 80.7477 1.05701
5.38318 91.514 -0.325469
16.1495 91.514 -0.445251
26.9159 91.514 -0.513586
37.6822 91.514 -0.53247
48.4486 91.514 -0.558746
59.215 91.514 -0.295988
69.9813 91.514 -0.0515718
5.38318 102.28 -0.537137
16.1495 102.28 -0.853856
26.9159 102.28 -0.941982
37.6822 102.28 -0.95801
48.4486 102.28 -0.937864
59.215 102.28 -0.717974
69.9813 102.28 -0.312584
5.38318 113.047 -0.568741
16.1495 113.047 -0.909082
26.9159 113.047 -0.994183
37.6822 113.047 -1.00416
48.4486 113.047 -0.961584
59.215 113.047 -0.762403
69.9813 113.047 -0.330058
5.38318 123.813 -0.474616
16.1495 123.813 -0.693067
26.9159 123.813 -0.640994
37.6822 123.813 -0.660232
48.4486 123.813 -0.672966
59.215 123.813 -0.578285
69.9813 123.813 -0.246097
5.38318 134.579 -0.243586
16.1495 134.579 -0.232558
26.9159 134.579 0.0095759
37.6822 134.579 -0.0071953
48.4486 134.579 -0.120819
59.215 134.579 -0.265754
69.9813 134.579 -0.0967952
5.38318 145.346 0.21126
16.1495 145.346 1.0893
26.9159 145.346 2.1355
37.6822 145.346 2.25408
48.4486 145.346 1.7515
59.215 145.346 0.767436
69.9813 145.346 0.465346
5.38318 156.112 0.424899
16.1495 156.112 1.5509
26.9159 156.112 2.77437
37.6822 156.112 3.16383
48.4486 156.112 2.7028
59.215 156.112 1.66932
69.9813 156.112 0.89866
5.38318 166.879 0.21107
16.1495 166.879 1.19556
26.9159 166.879 2.48015
37.6822 166.879 2.95279
48.4486 166.879 2.66215
59.215 166.879 1.8879
69.9813 166.879 1.08903
5.38318 177.645 -0.209335
16.1495 177.645 -0.054552
26.9159 177.645 0.996262
37.6822 177.645 1.44898
48.4486 177.645 1.50215
59.215 177.645 1.19699
69.9813 177.645 0.828814
5.38318 188.411 -0.30436
16.1495 188.411 -0.269072
26.9159 188.411 0.321801
37.6822 188.411 0.529118
48.4486 188.411 0.476043
59.215 188.411 0.295492
69.9813 188.411 0.353753
5.38318 199.178 -0.317096
16.1495 199.178 -0.320349
26.9159 199.178 -0.0680774
37.6822 199.178 -0.0916817
48.4486 199.178 -0.198237
59.215 199.178 -0.233656
69.9813 199.178 -0.0487809
5.38318 209.944 -0.217381
16.1495 209.944 -0.183199
26.9159 209.944 -0.0152714
37.6822 209.944 -0.075078
48.4486 209.944 -0.207401
59.215 209.944 -0.23047
69.9813 209.944 -0.0661402
