37 16
0 0 72 40
0 0 72 72
0 0 72 82
0 0 72 144
0 0 72 216
5.38318 5.38318 0.428694
16.1495 5.38318 1.45367
26.9159 5.38318 3.05692
37.6822 5.38318 3.40615
48.4486 5.38318 2.33119
59.215 5.38318 1.06747
69.9813 5.38318 0.232482
5.38318 16.1495 0.500118
16.1495 16.1495 2.25323
26.9159 16.1495 5.04393
37.6822 16.1495 5.7819
48.4486 16.1495 4.09415
59.215 16.1495 1.926
69.9813 16.1495 0.500826
5.38318 26.9159 0.15123
16.1495 26.9159 2.06246
26.9159 26.9159 4.83671
37.6822 26.9159 5.51284
48.4486 26.9159 3.79406
59.215 26.9159 1.47808
69.9813 26.9159 0.160192
5.38318 37.6822 -0.0707715
16.1495 37.6822 1.00735
26.9159 37.6822 2.88055
37.6822 37.6822 3.22836
48.4486 37.6822 2.14971
59.215 37.6822 0.455739
69.9813 37.6822 -0.0497853
5.38318 48.4486 -0.143177
16.1495 48.4486 0.524472
26.9159 48.4486 2.14719
37.6822 48.4486 2.34805
48.4486 48.4486 1.34233
59.215 48.4486 -0.0195969
69.9813 48.4486 -0.0957919
5.38318 59.215 -0.126667
16.1495 59.215 0.732546
26.9159 59.215 2.52293
37.6822 59.215 2.85348
48.4486 59.215 1.73813
59.215 59.215 0.223198
69.9813 59.215 -0.115597
5.38318 69.9813 -0.226942
16.1495 69.9813 0.385567
26.9159 69.9813 2.28543
37.6822 69.9813 2.64253
48.4486 69.9813 1.61021
59.215 69.9813 0.158064
69.9813 69.9813 -0.146311
5.38318 80.7477 -0.369981
16.1495 80.7477 -0.276284
26.9159 80.7477 0.822984
37.6822 80.7477 1.0738
48.4486 80.7477 0.275708
59.215 80.7477 -0.291735
69.9813 80.7477 -0.243612
5.38318 91.514 -0.519521
16.1495 91.514 -0.78518
26.9159 91.514 -0.682382
37.6822 91.514 -0.715309
48.4486 91.514 -0.784896
59.215 91.514 -0.707152
69.9813 91.514 -0.342492
5.38318 102.28 -0.572288
16.1495 102.28 -0.915523
26.9159 102.28 -0.991125
37.6822 102.28 -1.00953
48.4486 102.28 -0.972465
59.215 102.28 -0.789767
69.9813 102.28 -0.354184
5.38318 113.047 -0.577059
16.1495 113.047 -0.923581
26.9159 113.047 -1.00453
37.6822 113.047 -1.00362
48.4486 113.047 -0.946133
59.215 113.047 -0.735523
69.9813 113.047 -0.311817
5.38318 123.813 -0.54999
16.1495 123.813 -0.85473
26.9159 123.813 -0.885453
37.6822 123.813 -0.852604
48.4486 123.813 -0.793104
59.215 123.813 -0.589999
69.9813 123.813 -0.240386
5.38318 134.579 -0.424863
16.1495 134.579 -0.596786
26.9159 134.579 -0.54271
37.6822 134.579 -0.492792
48.4486 134.579 -0.45215
59.215 134.579 -0.327328
69.9813 134.579 -0.0959701
5.38318 145.346 -0.212943
16.1495 145.346 -0.170463
26.9159 145.346 -0.0341524
37.6822 145.346 0.271583
48.4486 145.346 0.270898
59.215 145.346 0.312828
69.9813 145.346 0.348236
5.38318 156.112 0.268982
16.1495 156.112 0.916656
26.9159 156.112 1.53184
37.6822 156.112 1.90173
48.4486 156.112 1.76864
59.215 156.112 1.34869
69.9813 156.112 0.83793
5.38318 166.879 0.776713
16.1495 166.879 1.82719
26.9159 166.879 2.69961
37.6822 166.879 3.09307
48.4486 166.879 2.86903
59.215 166.879 2.14099
69.9813 166.879 1.23222
5.38318 177.645 1.16133
16.1495 177.645 2.42578
26.9159 177.645 3.71841
37.6822 177.645 3.99726
48.4486 177.645 3.59614
59.215 177.645 2.39981
69.9813 177.645 1.33901
5.38318 188.411 1.16013
16.1495 188.411 2.54489
26.9159 188.411 3.97789
37.6822 188.411 4.27513
48.4486 188.411 3.76916
59.215 188.411 2.41472
69.9813 188.411 1.34067
5.38318 199.178 1.01208
16.1495 199.178 2.17786
26.9159 199.178 3.28853
37.6822 199.178 3.5586
48.4486 199.178 3.08628
59.215 199.178 1.99369
69.9813 199.178 1.12137
5.38318 209.944 0.595661
16.1495 209.944 1.138
26.9159 209.944 1.46309
37.6822 209.944 1.53492
48.4486 209.944 1.34801
59.215 209.944 0.979692
69.9813 209.944 0.631248
