48 166
0 146 72 40
0 130 72 72
0 125 72 82
0 72 72 144
0 0 72 216
5.38318 5.38318 0.79702
16.1495 5.38318 1.33202
26.9159 5.38318 1.68938
37.6822 5.38318 1.62385
48.4486 5.38318 1.25588
59.215 5.38318 0.808951
69.9813 5.38318 0.438617
5.38318 16.1495 1.37078
16.1495 16.1495 2.60547
26.9159 16.1495 3.3982
37.6822 16.1495 3.263
48.4486 16.1495 2.49548
59.215 16.1495 1.72556
69.9813 16.1495 0.990127
5.38318 26.9159 1.732
16.1495 26.9159 3.48908
26.9159 26.9159 4.38612
37.6822 26.9159 4.13052
48.4486 26.9159 3.02303
59.215 26.9159 2.11488
69.9813 26.9159 1.29057
5.38318 37.6822 1.58493
16.1495 37.6822 3.30212
26.9159 37.6822 4.03549
37.6822 37.6822 3.6843
48.4486 37.6822 2.64085
59.215 37.6822 2.01115
69.9813 37.6822 1.34662
5.38318 48.4486 1.33119
16.1495 48.4486 2.4973
26.9159 48.4486 2.83611
37.6822 48.4486 2.52112
48.4486 48.4486 1.75067
59.215 48.4486 1.57494
69.9813 48.4486 1.14172
5.38318 59.215 0.581296
16.1495 59.215 0.865139
26.9159 59.215 1.06615
37.6822 59.215 0.942586
48.4486 59.215 0.61922
59.215 59.215 0.819397
69.9813 59.215 0.611299
5.38318 69.9813 0.17177
16.1495 69.9813 0.0573715
26.9159 69.9813 0.240199
37.6822 69.9813 0.0561184
48.4486 69.9813 -0.123017
59.215 69.9813 0.0981402
69.9813 69.9813 0.139522
5.38318 80.7477 -0.253296
16.1495 80.7477 -0.455503
26.9159 80.7477 -0.433197
37.6822 80.7477 -0.47311
48.4486 80.7477 -0.523973
59.215 80.7477 -0.349825
69.9813 80.7477 -0.155689
5.38318 91.514 -0.475623
16.1495 91.514 -0.800257
26.9159 91.514 -0.807898
37.6822 91.514 -0.841503
48.4486 91.514 -0.806801
59.215 91.514 -0.597284
69.9813 91.514 -0.258143
5.38318 102.28 -0.550632
16.1495 102.28 -0.889981
26.9159 102.28 -0.966238
37.6822 102.28 -0.978016
48.4486 102.28 -0.939442
59.215 102.28 -0.736612
69.9813 102.28 -0.328701
5.38318 113.047 -0.563475
16.1495 113.047 -0.901863
26.9159 113.047 -0.9794
37.6822 113.047 -0.981898
48.4486 113.047 -0.926213
59.215 113.047 -0.698083
69.9813 113.047 -0.292473
5.38318 123.813 -0.422155
16.1495 123.813 -0.65121
26.9159 123.813 -0.619028
37.6822 123.813 -0.624894
48.4486 123.813 -0.554412
59.215 123.813 -0.395446
69.9813 123.813 -0.106628
5.38318 134.579 0.0751479
16.1495 134.579 0.212179
26.9159 134.579 0.540714
37.6822 134.579 0.522515
48.4486 134.579 0.679884
59.215 134.579 0.594257
69.9813 134.579 0.653765
5.38318 145.346 1.40768
16.1495 145.346 2.47991
26.9159 145.346 2.96646
37.6822 145.346 2.97964
48.4486 145.346 3.06957
59.215 145.346 2.50406
69.9813 145.346 1.7233
5.38318 156.112 2.48936
16.1495 156.112 4.23324
26.9159 156.112 4.79746
37.6822 156.112 4.82576
48.4486 156.112 4.95209
59.215 156.112 4.08328
69.9813 156.112 2.61332
5.38318 166.879 2.56941
16.1495 166.879 4.36998
26.9159 166.879 4.90103
37.6822 166.879 4.96639
48.4486 166.879 5.08479
59.215 166.879 4.23955
69.9813 166.879 2.66141
5.38318 177.645 1.81216
16.1495 177.645 2.99262
26.9159 177.645 3.38036
37.6822 177.645 3.4153
48.4486 177.645 3.39334
59.215 177.645 2.86601
69.9813 177.645 1.79578
5.38318 188.411 0.839392
16.1495 188.411 1.48555
26.9159 188.411 1.91309
37.6822 188.411 1.89709
48.4486 188.411 1.73906
59.215 188.411 1.49694
69.9813 188.411 0.976921
5.38318 199.178 0.582619
16.1495 199.178 0.975267
26.9159 199.178 1.39391
37.6822 199.178 1.35566
48.4486 199.178 1.18018
59.215 199.178 1.04915
69.9813 199.178 0.728023
5.38318 209.944 0.325736
16.1495 209.944 0.570038
26.9159 209.944 0.833966
37.6822 209.944 0.787735
48.4486 209.944 0.768457
59.215 209.944 0.747289
69.9813 209.944 0.626031
