37 16
0 0 72 40
0 0 72 72
0 0 72 82
0 0 72 144
0 0 72 216
5.38318 5.38318 0.380515
16.1495 5.38318 0.754423
26.9159 5.38318 1.49715
37.6822 5.38318 1.76687
48.4486 5.38318 1.72561
59.215 5.38318 1.36267
69.9813 5.38318 0.844742
5.38318 16.1495 0.693934
16.1495 16.1495 1.48036
26.9159 16.1495 2.69745
37.6822 16.1495 3.08084
48.4486 16.1495 2.99711
59.215 16.1495 2.3349
69.9813 16.1495 1.44458
5.38318 26.9159 0.636051
16.1495 26.9159 1.40944
26.9159 26.9159 2.76669
37.6822 26.9159 3.00234
48.4486 26.9159 2.81792
59.215 26.9159 2.15582
69.9813 26.9159 1.38697
5.38318 37.6822 0.702084
16.1495 37.6822 1.32314
26.9159 37.6822 2.2889
37.6822 37.6822 2.11653
48.4486 37.6822 1.77683
59.215 37.6822 1.26664
69.9813 37.6822 0.887629
5.38318 48.4486 0.372673
16.1495 48.4486 0.660719
26.9159 48.4486 1.44594
37.6822 48.4486 1.05476
48.4486 48.4486 0.863095
59.215 48.4486 0.561256
69.9813 48.4486 0.533219
5.38318 59.215 -0.127427
16.1495 59.215 -0.210678
26.9159 59.215 0.120592
37.6822 59.215 -0.0952032
48.4486 59.215 -0.0774782
59.215 59.215 -0.0335456
69.9813 59.215 0.262207
5.38318 69.9813 -0.352321
16.1495 69.9813 -0.618192
26.9159 69.9813 -0.5352
37.6822 69.9813 -0.625713
48.4486 69.9813 -0.554555
59.215 69.9813 -0.40711
69.9813 69.9813 -0.1111
5.38318 80.7477 -0.418483
16.1495 80.7477 -0.713105
26.9159 80.7477 -0.704927
37.6822 80.7477 -0.752189
48.4486 80.7477 -0.689951
59.215 80.7477 -0.450381
69.9813 80.7477 -0.13586
5.38318 91.514 -0.496896
16.1495 91.514 -0.814161
26.9159 91.514 -0.833989
37.6822 91.514 -0.872793
48.4486 91.514 -0.813073
59.215 91.514 -0.560398
69.9813 91.514 -0.200286
5.38318 102.28 -0.531137
16.1495 102.28 -0.851205
26.9159 102.28 -0.921009
37.6822 102.28 -0.933154
48.4486 102.28 -0.886661
59.215 102.28 -0.643395
69.9813 102.28 -0.253499
5.38318 113.047 -0.584395
16.1495 113.047 -0.934937
26.9159 113.047 -1.0162
37.6822 113.047 -1.01388
48.4486 113.047 -0.958812
59.215 113.047 -0.750504
69.9813 113.047 -0.322346
5.38318 123.813 -0.577617
16.1495 123.813 -0.910472
26.9159 123.813 -0.957253
37.6822 123.813 -0.926932
48.4486 123.813 -0.846177
59.215 123.813 -0.611233
69.9813 123.813 -0.247276
5.38318 134.579 -0.557129
16.1495 134.579 -0.851602
26.9159 134.579 -0.793339
37.6822 134.579 -0.661822
48.4486 134.579 -0.554367
59.215 134.579 -0.365742
69.9813 134.579 -0.116771
5.38318 145.346 -0.515582
16.1495 145.346 -0.721197
26.9159 145.346 -0.452132
37.6822 145.346 -0.195724
48.4486 145.346 -0.0300191
59.215 145.346 0.124486
69.9813 145.346 0.242677
5.38318 156.112 -0.402138
16.1495 156.112 -0.486524
26.9159 156.112 -0.129793
37.6822 156.112 0.451979
48.4486 156.112 0.703822
59.215 156.112 0.70459
69.9813 156.112 0.509269
5.38318 166.879 -0.286409
16.1495 166.879 -0.348743
26.9159 166.879 -0.0517946
37.6822 166.879 0.282261
48.4486 166.879 0.370816
59.215 166.879 0.347389
69.9813 166.879 0.34697
5.38318 177.645 -0.164968
16.1495 177.645 -0.257592
26.9159 177.645 -0.244411
37.6822 177.645 -0.360927
48.4486 177.645 -0.444156
59.215 177.645 -0.343514
69.9813 177.645 -0.110015
5.38318 188.411 -0.165839
16.1495 188.411 -0.304855
26.9159 188.411 -0.451151
37.6822 188.411 -0.695548
48.4486 188.411 -0.82275
59.215 188.411 -0.650977
69.9813 188.411 -0.258558
5.38318 199.178 -0.232393
16.1495 199.178 -0.388607
26.9159 199.178 -0.558427
37.6822 199.178 -0.737509
48.4486 199.178 -0.810375
59.215 199.178 -0.588357
69.9813 199.178 -0.203292
5.38318 209.944 -0.237903
16.1495 209.944 -0.351281
26.9159 209.944 -0.425717
37.6822 209.944 -0.482539
48.4486 209.944 -0.476508
59.215 209.944 -0.311054
69.9813 209.944 -0.0652814
