26 166
0 146 72 40
0 130 72 72
0 125 72 82
0 72 72 144
0 0 72 216
5.38318 5.38318 -0.0568412
16.1495 5.38318 -0.112891
26.9159 5.38318 -0.0231171
37.6822 5.38318 0.0364598
48.4486 5.38318 0.0786098
59.215 5.38318 0.0846405
69.9813 5.38318 0.133292
5.38318 16.1495 -0.0985881
16.1495 16.1495 -0.0347509
26.9159 16.1495 0.379632
37.6822 16.1495 0.557927
48.4486 16.1495 0.487903
59.215 16.1495 0.403667
69.9813 16.1495 0.391022
5.38318 26.9159 -0.255888
16.1495 26.9159 -0.230015
26.9159 26.9159 0.0807609
37.6822 26.9159 0.344235
48.4486 26.9159 0.00875406
59.215 26.9159 -0.0582645
69.9813 26.9159 0.0292159
5.38318 37.6822 -0.140535
16.1495 37.6822 0.112076
26.9159 37.6822 0.873096
37.6822 37.6822 1.0643
48.4486 37.6822 0.466736
59.215 37.6822 0.0916682
69.9813 37.6822 0.0282006
5.38318 48.4486 -0.162144
16.1495 48.4486 0.00165158
26.9159 48.4486 0.709426
37.6822 48.4486 0.880553
48.4486 48.4486 0.214174
59.215 48.4486 -0.0864803
69.9813 48.4486 -0.0628103
5.38318 59.215 -0.304605
16.1495 59.215 -0.354956
26.9159 59.215 -0.213444
37.6822 59.215 -0.127933
48.4486 59.215 -0.278595
59.215 59.215 -0.284264
69.9813 59.215 -0.124776
5.38318 69.9813 -0.471481
16.1495 69.9813 -0.70593
26.9159 69.9813 -0.699996
37.6822 69.9813 -0.672903
48.4486 69.9813 -0.72262
59.215 69.9813 -0.575728
69.9813 69.9813 -0.258767
5.38318 80.7477 -0.550532
16.1495 80.7477 -0.888472
26.9159 80.7477 -0.995599
37.6822 80.7477 -1.01978
48.4486 80.7477 -0.999806
59.215 80.7477 -0.770591
69.9813 80.7477 -0.339446
5.38318 91.514 -0.57912
16.1495 91.514 -0.936861
26.9159 91.514 -1.05118
37.6822 91.514 -1.08591
48.4486 91.514 -1.05543
59.215 91.514 -0.838337
69.9813 91.514 -0.383368
5.38318 102.28 -0.585596
16.1495 102.28 -0.941608
26.9159 102.28 -1.03849
37.6822 102.28 -1.05304
48.4486 102.28 -1.00433
59.215 102.28 -0.796953
69.9813 102.28 -0.351328
5.38318 113.047 -0.569706
16.1495 113.047 -0.913791
26.9159 113.047 -0.991654
37.6822 113.047 -0.99154
48.4486 113.047 -0.936544
59.215 113.047 -0.719987
69.9813 113.047 -0.30557
5.38318 123.813 -0.485573
16.1495 123.813 -0.778974
26.9159 123.813 -0.803264
37.6822 123.813 -0.832407
48.4486 123.813 -0.792981
59.215 123.813 -0.571217
69.9813 123.813 -0.219171
5.38318 134.579 -0.148804
16.1495 134.579 -0.247405
26.9159 134.579 -0.253652
37.6822 134.579 -0.361891
48.4486 134.579 -0.391913
59.215 134.579 -0.261407
69.9813 134.579 -0.0267136
5.38318 145.346 0.860705
16.1495 145.346 1.39927
26.9159 145.346 1.43059
37.6822 145.346 0.948332
48.4486 145.346 0.626808
59.215 145.346 0.564461
69.9813 145.346 0.552255
5.38318 156.112 1.92551
16.1495 156.112 3.14061
26.9159 156.112 3.28531
37.6822 156.112 2.70654
48.4486 156.112 2.2121
59.215 156.112 1.76237
69.9813 156.112 1.17204
5.38318 166.879 2.35981
16.1495 166.879 3.92879
26.9159 166.879 4.3231
37.6822 166.879 3.95516
48.4486 166.879 3.37142
59.215 166.879 2.60638
69.9813 166.879 1.54824
5.38318 177.645 1.86782
16.1495 177.645 3.23955
26.9159 177.645 3.98934
37.6822 177.645 4.29783
48.4486 177.645 4.05088
59.215 177.645 3.16114
69.9813 177.645 1.77076
5.38318 188.411 1.04589
16.1495 188.411 1.97981
26.9159 188.411 2.96467
37.6822 188.411 3.77983
48.4486 188.411 3.89427
59.215 188.411 3.12097
69.9813 188.411 1.73249
5.38318 199.178 0.511593
16.1495 199.178 1.08369
26.9159 199.178 2.0015
37.6822 199.178 2.67524
48.4486 199.178 2.96115
59.215 199.178 2.57968
69.9813 199.178 1.54235
5.38318 209.944 0.397342
16.1495 209.944 0.837565
26.9159 209.944 1.38739
37.6822 209.944 1.70685
48.4486 209.944 1.96741
59.215 209.944 1.81019
69.9813 209.944 1.17831
