48 26
0 6 72 40
0 0 72 72
0 0 72 82
0 0 72 144
0 0 72 216
5.38318 5.38318 0.200768
16.1495 5.38318 0.401245
26.9159 5.38318 1.15779
37.6822 5.38318 1.50147
48.4486 5.38318 1.70765
59.215 5.38318 1.33408
69.9813 5.38318 0.829595
5.38318 16.1495 0.325531
16.1495 16.1495 1.0108
26.9159 16.1495 2.43931
37.6822 16.1495 3.30347
48.4486 16.1495 3.71097
59.215 16.1495 2.91922
69.9813 16.1495 1.74074
5.38318 26.9159 0.279871
16.1495 26.9159 1.14382
26.9159 26.9159 3.10155
37.6822 26.9159 4.57437
48.4486 26.9159 5.27841
59.215 26.9159 4.24276
69.9813 26.9159 2.45658
5.38318 37.6822 0.70245
16.1495 37.6822 1.80896
26.9159 37.6822 3.38867
37.6822 37.6822 4.77891
48.4486 37.6822 5.26087
59.215 37.6822 4.21903
69.9813 37.6822 2.41952
5.38318 48.4486 1.1742
16.1495 48.4486 2.22631
26.9159 48.4486 3.17977
37.6822 48.4486 3.70191
48.4486 48.4486 3.85454
59.215 48.4486 3.1466
69.9813 48.4486 1.95282
5.38318 59.215 1.45246
16.1495 59.215 2.46958
26.9159 59.215 2.77691
37.6822 59.215 2.37647
48.4486 59.215 2.1759
59.215 59.215 1.88464
69.9813 59.215 1.47738
5.38318 69.9813 1.28925
16.1495 69.9813 2.06355
26.9159 69.9813 2.07783
37.6822 69.9813 1.34503
48.4486 69.9813 1.2339
59.215 69.9813 1.52951
69.9813 69.9813 1.44313
5.38318 80.7477 0.482837
16.1495 80.7477 0.695277
26.9159 80.7477 0.369622
37.6822 80.7477 -0.2228
48.4486 80.7477 -0.288063
59.215 80.7477 0.182692
69.9813 80.7477 0.674508
5.38318 91.514 -0.322094
16.1495 91.514 -0.5784
26.9159 91.514 -0.738225
37.6822 91.514 -0.922258
48.4486 91.514 -0.909185
59.215 91.514 -0.556496
69.9813 91.514 -0.144639
5.38318 102.28 -0.5498
16.1495 102.28 -0.902332
26.9159 102.28 -1.02421
37.6822 102.28 -1.05024
48.4486 102.28 -0.99694
59.215 102.28 -0.751105
69.9813 102.28 -0.302177
5.38318 113.047 -0.578739
16.1495 113.047 -0.923239
26.9159 113.047 -1.00654
37.6822 113.047 -1.00697
48.4486 113.047 -0.956609
59.215 113.047 -0.749113
69.9813 113.047 -0.320966
5.38318 123.813 -0.546219
16.1495 123.813 -0.850943
26.9159 123.813 -0.861481
37.6822 123.813 -0.838938
48.4486 123.813 -0.778047
59.215 123.813 -0.598008
69.9813 123.813 -0.244299
5.38318 134.579 -0.425576
16.1495 134.579 -0.624132
26.9159 134.579 -0.495527
37.6822 134.579 -0.450228
48.4486 134.579 -0.362231
59.215 134.579 -0.294731
69.9813 134.579 -0.0750357
5.38318 145.346 -0.0947336
16.1495 145.346 -0.0476126
26.9159 145.346 0.498297
37.6822 145.346 0.676769
48.4486 145.346 0.861358
59.215 145.346 0.602877
69.9813 145.346 0.531359
5.38318 156.112 0.621635
16.1495 156.112 1.25125
26.9159 156.112 1.85857
37.6822 156.112 2.03529
48.4486 156.112 2.21121
59.215 156.112 1.78945
69.9813 156.112 1.21612
5.38318 166.879 1.395
16.1495 166.879 2.36678
26.9159 166.879 2.60105
37.6822 166.879 2.66126
48.4486 166.879 2.65722
59.215 166.879 2.40968
69.9813 166.879 1.58254
5.38318 177.645 1.61693
16.1495 177.645 2.68385
26.9159 177.645 2.67862
37.6822 177.645 2.7114
48.4486 177.645 2.54598
59.215 177.645 2.61436
69.9813 177.645 1.73421
5.38318 188.411 1.47574
16.1495 188.411 2.56108
26.9159 188.411 2.42426
37.6822 188.411 2.50339
48.4486 188.411 1.95886
59.215 188.411 2.27861
69.9813 188.411 1.44349
5.38318 199.178 0.867594
16.1495 199.178 1.71294
26.9159 199.178 1.70625
37.6822 199.178 1.95809
48.4486 199.178 1.40115
59.215 199.178 1.72765
69.9813 199.178 1.07455
5.38318 209.944 0.439264
16.1495 209.944 0.930935
26.9159 209.944 0.873301
37.6822 209.944 1.00586
48.4486 209.944 0.63017
59.215 209.944 0.898456
69.9813 209.944 0.56828
