37 48
0 28 72 40
0 12 72 72
0 7 72 82
0 0 72 144
0 0 72 216
5.38318 5.38318 1.08095
16.1495 5.38318 1.37939
26.9159 5.38318 1.40742
37.6822 5.38318 1.18648
48.4486 5.38318 0.868625
59.215 5.38318 0.633587
69.9813 5.38318 0.380367
5.38318 16.1495 1.76831
16.1495 16.1495 2.58148
26.9159 16.1495 2.81471
37.6822 16.1495 2.50826
48.4486 16.1495 2.10773
59.215 16.1495 1.55682
69.9813 16.1495 0.943909
5.38318 26.9159 1.94256
16.1495 26.9159 3.19175
26.9159 26.9159 3.73433
37.6822 26.9159 3.67053
48.4486 26.9159 3.22955
59.215 26.9159 2.36147
69.9813 26.9159 1.40651
5.38318 37.6822 1.45536
16.1495 37.6822 3.10504
26.9159 37.6822 4.44205
37.6822 37.6822 5.01906
48.4486 37.6822 4.64275
59.215 37.6822 3.3214
69.9813 37.6822 1.89534
5.38318 48.4486 0.950364
16.1495 48.4486 2.75069
26.9159 48.4486 4.46094
37.6822 48.4486 5.36372
48.4486 48.4486 4.97567
59.215 48.4486 3.51221
69.9813 48.4486 1.91752
5.38318 59.215 0.807236
16.1495 59.215 2.26679
26.9159 59.215 3.47149
37.6822 59.215 3.89499
48.4486 59.215 3.50052
59.215 59.215 2.571
69.9813 59.215 1.46878
5.38318 69.9813 0.155976
16.1495 69.9813 0.604526
26.9159 69.9813 0.918297
37.6822 69.9813 0.977519
48.4486 69.9813 0.896753
59.215 69.9813 0.924845
69.9813 69.9813 0.696929
5.38318 80.7477 -0.0812694
16.1495 80.7477 -0.0627791
26.9159 80.7477 0.0374004
37.6822 80.7477 0.00103014
48.4486 80.7477 0.090578
59.215 80.7477 0.319137
69.9813 80.7477 0.383799
5.38318 91.514 -0.227215
16.1495 91.514 -0.335957
26.9159 91.514 -0.261721
37.6822 91.514 -0.289144
48.4486 91.514 -0.271857
59.215 91.514 -0.172751
69.9813 91.514 -0.0418621
5.38318 102.28 -0.237572
16.1495 102.28 -0.338169
26.9159 102.28 -0.274973
37.6822 102.28 -0.283114
48.4486 102.28 -0.298214
59.215 102.28 -0.234317
69.9813 102.28 -0.0970729
5.38318 113.047 -0.281188
16.1495 113.047 -0.423204
26.9159 113.047 -0.399328
37.6822 113.047 -0.391906
48.4486 113.047 -0.37793
59.215 113.047 -0.292003
69.9813 113.047 -0.121832
5.38318 123.813 -0.179975
16.1495 123.813 -0.241902
26.9159 123.813 -0.173764
37.6822 123.813 -0.169235
48.4486 123.813 -0.17924
59.215 123.813 -0.142712
69.9813 123.813 -0.0333881
5.38318 134.579 -0.00514394
16.1495 134.579 0.140606
26.9159 134.579 0.483083
37.6822 134.579 0.50004
48.4486 134.579 0.44971
59.215 134.579 0.303117
69.9813 134.579 0.303277
5.38318 145.346 0.514467
16.1495 145.346 1.14536
26.9159 145.346 1.76171
37.6822 145.346 1.77419
48.4486 145.346 1.61724
59.215 145.346 1.07738
69.9813 145.346 0.763751
5.38318 156.112 0.884725
16.1495 156.112 1.87293
26.9159 156.112 2.81976
37.6822 156.112 2.85049
48.4486 156.112 2.64675
59.215 156.112 1.73162
69.9813 156.112 1.11495
5.38318 166.879 1.08946
16.1495 166.879 2.37988
26.9159 166.879 3.75805
37.6822 166.879 3.85748
48.4486 166.879 3.42432
59.215 166.879 2.11635
69.9813 166.879 1.22556
5.38318 177.645 1.05906
16.1495 177.645 2.32168
26.9159 177.645 3.91934
37.6822 177.645 4.04334
48.4486 177.645 3.55445
59.215 177.645 2.10816
69.9813 177.645 1.16111
5.38318 188.411 1.06686
16.1495 188.411 2.17489
26.9159 188.411 3.51598
37.6822 188.411 3.58585
48.4486 188.411 2.94926
59.215 188.411 1.70685
69.9813 188.411 0.872134
5.38318 199.178 1.10866
16.1495 199.178 1.92738
26.9159 199.178 2.50025
37.6822 199.178 2.3469
48.4486 199.178 1.96907
59.215 199.178 1.28668
69.9813 199.178 0.829937
5.38318 209.944 1.06856
16.1495 209.944 1.72555
26.9159 209.944 1.7367
37.6822 209.944 1.40218
48.4486 209.944 1.1554
59.215 209.944 0.989265
69.9813 209.944 0.735488
