37 177
0 157 72 40
0 141 72 72
0 134 72 82
0 72 72 144
0 0 72 216
5.38318 5.38318 0.0921114
16.1495 5.38318 0.0757926
26.9159 5.38318 0.249806
37.6822 5.38318 0.17917
48.4486 5.38318 0.167074
59.215 5.38318 0.123936
69.9813 5.38318 0.138826
5.38318 16.1495 0.211641
16.1495 16.1495 0.544119
26.9159 16.1495 1.1724
37.6822 16.1495 1.11982
48.4486 16.1495 1.09403
59.215 16.1495 0.751556
69.9813 16.1495 0.568612
5.38318 26.9159 0.0943357
16.1495 26.9159 0.681733
26.9159 26.9159 1.81228
37.6822 26.9159 1.79769
48.4486 26.9159 1.63577
59.215 26.9159 0.802885
69.9813 26.9159 0.573526
5.38318 37.6822 0.482048
16.1495 37.6822 1.6157
26.9159 37.6822 3.09693
37.6822 37.6822 3.32359
48.4486 37.6822 3.08011
59.215 37.6822 1.84355
69.9813 37.6822 1.01406
5.38318 48.4486 0.500169
16.1495 48.4486 1.62542
26.9159 48.4486 3.14143
37.6822 48.4486 3.47449
48.4486 48.4486 3.15031
59.215 48.4486 1.84063
69.9813 48.4486 0.970545
5.38318 59.215 0.167857
16.1495 59.215 0.826353
26.9159 59.215 2.05976
37.6822 59.215 2.22684
48.4486 59.215 1.90545
59.215 59.215 0.88078
69.9813 59.215 0.457233
5.38318 69.9813 -0.247905
16.1495 69.9813 -0.331194
26.9159 69.9813 -0.11123
37.6822 69.9813 -0.188302
48.4486 69.9813 -0.34105
59.215 69.9813 -0.360222
69.9813 69.9813 -0.178455
5.38318 80.7477 -0.485579
16.1495 80.7477 -0.761257
26.9159 80.7477 -0.714421
37.6822 80.7477 -0.768774
48.4486 80.7477 -0.824042
59.215 80.7477 -0.656648
69.9813 80.7477 -0.304166
5.38318 91.514 -0.571651
16.1495 91.514 -0.923351
26.9159 91.514 -0.989405
37.6822 91.514 -1.01024
48.4486 91.514 -0.973198
59.215 91.514 -0.778307
69.9813 91.514 -0.347942
5.38318 102.28 -0.593937
16.1495 102.28 -0.956501
26.9159 102.28 -1.0419
37.6822 102.28 -1.04943
48.4486 102.28 -0.997162
59.215 102.28 -0.794259
69.9813 102.28 -0.356602
5.38318 113.047 -0.579924
16.1495 113.047 -0.926094
26.9159 113.047 -1.00728
37.6822 113.047 -1.00635
48.4486 113.047 -0.954663
59.215 113.047 -0.749876
69.9813 113.047 -0.322938
5.38318 123.813 -0.555548
16.1495 123.813 -0.877621
26.9159 123.813 -0.93159
37.6822 123.813 -0.92094
48.4486 123.813 -0.866114
59.215 123.813 -0.647379
69.9813 123.813 -0.271298
5.38318 134.579 -0.456267
16.1495 134.579 -0.668575
26.9159 134.579 -0.574866
37.6822 134.579 -0.546465
48.4486 134.579 -0.534014
59.215 134.579 -0.413879
69.9813 134.579 -0.150781
5.38318 145.346 -0.186818
16.1495 145.346 -0.156791
26.9159 145.346 0.370488
37.6822 145.346 0.587292
48.4486 145.346 0.369657
59.215 145.346 0.103927
69.9813 145.346 0.17644
5.38318 156.112 0.409019
16.1495 156.112 1.23205
26.9159 156.112 2.56007
37.6822 156.112 2.88034
48.4486 156.112 2.43484
59.215 156.112 1.45908
69.9813 156.112 0.802555
5.38318 166.879 1.12722
16.1495 166.879 2.65837
26.9159 166.879 4.72205
37.6822 166.879 5.28385
48.4486 166.879 4.34095
59.215 166.879 2.48183
69.9813 166.879 1.18562
5.38318 177.645 1.32589
16.1495 177.645 3.11161
26.9159 177.645 5.65361
37.6822 177.645 6.2687
48.4486 177.645 5.22331
59.215 177.645 2.89377
69.9813 177.645 1.31917
5.38318 188.411 1.2363
16.1495 188.411 2.80547
26.9159 188.411 4.96774
37.6822 188.411 5.34722
48.4486 188.411 4.31086
59.215 188.411 2.35725
69.9813 188.411 1.02879
5.38318 199.178 0.63383
16.1495 199.178 1.37954
26.9159 199.178 2.30898
37.6822 199.178 2.36698
48.4486 199.178 2.01463
59.215 199.178 1.19804
69.9813 199.178 0.724744
5.38318 209.944 0.292034
16.1495 209.944 0.601518
26.9159 209.944 0.832429
37.6822 209.944 0.78265
48.4486 209.944 0.630769
59.215 209.944 0.543575
69.9813 209.944 0.470694
