37 177
0 157 72 40
0 141 72 72
0 134 72 82
0 72 72 144
0 0 72 216
5.38318 5.38318 0.0727171
16.1495 5.38318 -0.0219714
26.9159 5.38318 -0.0573658
37.6822 5.38318 -0.0389964
48.4486 5.38318 -0.0171905
59.215 5.38318 0.175195
69.9813 5.38318 0.195069
5.38318 16.1495 0.0400608
16.1495 16.1495 0.146516
26.9159 16.1495 0.234725
37.6822 16.1495 0.219795
48.4486 16.1495 0.240195
59.215 16.1495 0.526889
69.9813 16.1495 0.493484
5.38318 26.9159 -0.184072
16.1495 26.9159 -0.20468
26.9159 26.9159 -0.160754
37.6822 26.9159 -0.141831
48.4486 26.9159 -0.102672
59.215 26.9159 0.29315
69.9813 26.9159 0.389629
5.38318 37.6822 -0.208791
16.1495 37.6822 -0.245151
26.9159 37.6822 -0.169052
37.6822 37.6822 -0.109495
48.4486 37.6822 -0.0423491
59.215 37.6822 0.292513
69.9813 37.6822 0.32397
5.38318 48.4486 -0.239106
16.1495 48.4486 -0.327026
26.9159 48.4486 -0.263033
37.6822 48.4486 -0.163954
48.4486 48.4486 -0.0391202
59.215 48.4486 0.28152
69.9813 48.4486 0.328972
5.38318 59.215 -0.145505
16.1495 59.215 -0.199853
26.9159 59.215 -0.149647
37.6822 59.215 -0.0574627
48.4486 59.215 0.151292
59.215 59.215 0.486143
69.9813 59.215 0.470576
5.38318 69.9813 -0.196619
16.1495 69.9813 -0.291509
26.9159 69.9813 -0.240948
37.6822 69.9813 -0.18842
48.4486 69.9813 -0.115268
59.215 69.9813 0.13733
69.9813 69.9813 0.271049
5.38318 80.7477 -0.237871
16.1495 80.7477 -0.349153
26.9159 80.7477 -0.275253
37.6822 80.7477 -0.235488
48.4486 80.7477 -0.20418
59.215 80.7477 -0.0846568
69.9813 80.7477 0.0521705
5.38318 91.514 -0.297211
16.1495 91.514 -0.447074
26.9159 91.514 -0.386838
37.6822 91.514 -0.375724
48.4486 91.514 -0.379139
59.215 91.514 -0.294402
69.9813 91.514 -0.132243
5.38318 102.28 -0.294896
16.1495 102.28 -0.441229
26.9159 102.28 -0.415957
37.6822 102.28 -0.397886
48.4486 102.28 -0.387681
59.215 102.28 -0.305474
69.9813 102.28 -0.135674
5.38318 113.047 -0.284453
16.1495 113.047 -0.42827
26.9159 113.047 -0.404215
37.6822 113.047 -0.399476
48.4486 113.047 -0.389313
59.215 113.047 -0.312488
69.9813 113.047 -0.138444
5.38318 123.813 -0.217776
16.1495 123.813 -0.301517
26.9159 123.813 -0.220643
37.6822 123.813 -0.19295
48.4486 123.813 -0.18955
59.215 123.813 -0.168896
69.9813 123.813 -0.0627603
5.38318 134.579 -0.0570449
16.1495 134.579 0.0355933
26.9159 134.579 0.455855
37.6822 134.579 0.608399
48.4486 134.579 0.51695
59.215 134.579 0.291295
69.9813 134.579 0.22227
5.38318 145.346 0.282908
16.1495 145.346 0.860856
26.9159 145.346 1.60677
37.6822 145.346 1.9519
48.4486 145.346 1.80269
59.215 145.346 1.23753
69.9813 145.346 0.683887
5.38318 156.112 0.728292
16.1495 156.112 1.77143
26.9159 156.112 2.70237
37.6822 156.112 3.19289
48.4486 156.112 2.94144
59.215 156.112 2.06389
69.9813 156.112 1.12633
5.38318 166.879 1.06727
16.1495 166.879 2.31549
26.9159 166.879 3.51469
37.6822 166.879 4.05398
48.4486 166.879 3.77479
59.215 166.879 2.65301
69.9813 166.879 1.44524
5.38318 177.645 1.35121
16.1495 177.645 2.63973
26.9159 177.645 3.86751
37.6822 177.645 4.07666
48.4486 177.645 3.73373
59.215 177.645 2.65008
69.9813 177.645 1.53787
5.38318 188.411 1.36392
16.1495 188.411 2.65736
26.9159 188.411 3.92344
37.6822 188.411 3.98807
48.4486 188.411 3.58255
59.215 188.411 2.51706
69.9813 188.411 1.51119
5.38318 199.178 1.06599
16.1495 199.178 2.17836
26.9159 199.178 3.50109
37.6822 199.178 3.61217
48.4486 199.178 3.16729
59.215 199.178 2.12277
69.9813 199.178 1.22933
5.38318 209.944 0.411907
16.1495 209.944 0.971143
26.9159 209.944 1.75628
37.6822 209.944 1.84731
48.4486 209.944 1.60581
59.215 209.944 1.10886
69.9813 209.944 0.641571
