48 188
0 168 72 40
0 144 72 72
0 134 72 82
0 72 72 144
0 0 72 216
5.38318 5.38318 -0.0568412
16.1495 5.38318 -0.112891
26.9159 5.38318 -0.0231171
37.6822 5.38318 0.0364598
48.4486 5.38318 0.0786098
59.215 5.38318 0.0846405
69.9813 5.38318 0.133292
5.38318 16.1495 -0.0985881
16.1495 16.1495 -0.0347509
26.9159 16.1495 0.379632
37.6822 16.1495 0.557927
48.4486 16.1495 0.487903
59.215 16.1495 0.403667
69.9813 16.1495 0.391022
5.38318 26.9159 -0.255888
16.1495 26.9159 -0.230015
26.9159 26.9159 0.0807609
37.6822 26.9159 0.344235
48.4486 26.9159 0.00875406
59.215 26.9159 -0.0582645
69.9813 26.9159 0.0292159
5.38318 37.6822 -0.140535
16.1495 37.6822 0.112076
26.9159 37.6822 0.873096
37.6822 37.6822 1.0643
48.4486 37.6822 0.466736
59.215 37.6822 0.0916682
69.9813 37.6822 0.0282006
5.38318 48.4486 -0.162144
16.1495 48.4486 0.00165158
26.9159 48.4486 0.709426
37.6822 48.4486 0.880553
48.4486 48.4486 0.214174
59.215 48.4486 -0.0864803
69.9813 48.4486 -0.0628103
5.38318 59.215 -0.304605
16.1495 59.215 -0.354956
26.9159 59.215 -0.213444
37.6822 59.215 -0.127933
48.4486 59.215 -0.278595
59.215 59.215 -0.284263
69.9813 59.215 -0.124776
5.38318 69.9813 -0.471481
16.1495 69.9813 -0.70593
26.9159 69.9813 -0.699996
37.6822 69.9813 -0.672903
48.4486 69.9813 -0.722621
59.215 69.9813 -0.575729
69.9813 69.9813 -0.258766
5.38318 80.7477 -0.550532
16.1495 80.7477 -0.888472
26.9159 80.7477 -0.995599
37.6822 80.7477 -1.01978
48.4486 80.7477 -0.999807
59.215 80.7477 -0.770591
69.9813 80.7477 -0.339447
5.38318 91.514 -0.57912
16.1495 91.514 -0.936862
26.9159 91.514 -1.05118
37.6822 91.514 -1.08591
48.4486 91.514 -1.05543
59.215 91.514 -0.838337
69.9813 91.514 -0.383368
5.38318 102.28 -0.588428
16.1495 102.28 -0.946272
26.9159 102.28 -1.04353
37.6822 102.28 -1.05821
48.4486 102.28 -1.00905
59.215 102.28 -0.800683
69.9813 102.28 -0.354634
5.38318 113.047 -0.577878
16.1495 113.047 -0.926581
26.9159 113.047 -1.00422
37.6822 113.047 -1.0049
48.4486 113.047 -0.955373
59.215 113.047 -0.755345
69.9813 113.047 -0.32985
5.38318 123.813 -0.496887
16.1495 123.813 -0.783404
26.9159 123.813 -0.782971
37.6822 123.813 -0.794101
48.4486 123.813 -0.81644
59.215 123.813 -0.645159
69.9813 123.813 -0.294614
5.38318 134.579 -0.156538
16.1495 134.579 -0.26641
26.9159 134.579 -0.2393
37.6822 134.579 -0.284683
48.4486 134.579 -0.48861
59.215 134.579 -0.448235
69.9813 134.579 -0.228819
5.38318 145.346 0.813488
16.1495 145.346 1.16189
26.9159 145.346 1.29763
37.6822 145.346 1.18736
48.4486 145.346 0.216085
59.215 145.346 -0.0756998
69.9813 145.346 -0.098102
5.38318 156.112 1.70962
16.1495 156.112 2.48639
26.9159 156.112 2.68194
37.6822 156.112 2.52311
48.4486 156.112 1.61148
59.215 156.112 0.989978
69.9813 156.112 0.457193
5.38318 166.879 1.88704
16.1495 166.879 2.86569
26.9159 166.879 3.20402
37.6822 166.879 3.08249
48.4486 166.879 2.47959
59.215 166.879 1.89453
69.9813 166.879 1.08058
5.38318 177.645 1.54624
16.1495 177.645 2.73551
26.9159 177.645 3.54179
37.6822 177.645 3.80657
48.4486 177.645 3.72727
59.215 177.645 3.05232
69.9813 177.645 1.91202
5.38318 188.411 1.1269
16.1495 188.411 2.34999
26.9159 188.411 3.50498
37.6822 188.411 4.14825
48.4486 188.411 4.26932
59.215 188.411 3.51926
69.9813 188.411 2.16106
5.38318 199.178 1.04387
16.1495 199.178 2.14269
26.9159 199.178 3.07844
37.6822 199.178 3.56066
48.4486 199.178 3.49431
59.215 199.178 2.89382
69.9813 199.178 1.73233
5.38318 209.944 0.526558
16.1495 209.944 1.02429
26.9159 209.944 1.39536
37.6822 209.944 1.55557
48.4486 209.944 1.43926
59.215 209.944 1.34642
69.9813 209.944 0.843685
