37 37
0 17 72 40
0 1 72 72
0 0 72 82
0 0 72 144
0 0 72 216
5.38318 5.38318 0.607403
16.1495 5.38318 0.955404
26.9159 5.38318 1.44528
37.6822 5.38318 1.65758
48.4486 5.38318 1.58364
59.215 5.38318 1.13706
69.9813 5.38318 0.646061
5.38318 16.1495 1.13428
16.1495 16.1495 1.9948
26.9159 16.1495 3.05247
37.6822 16.1495 3.41973
48.4486 16.1495 3.13796
59.215 16.1495 2.23207
69.9813 16.1495 1.23962
5.38318 26.9159 1.40837
16.1495 26.9159 2.85763
26.9159 26.9159 4.56524
37.6822 26.9159 4.87488
48.4486 26.9159 4.10809
59.215 26.9159 2.67876
69.9813 26.9159 1.44798
5.38318 37.6822 1.53734
16.1495 37.6822 3.38876
26.9159 37.6822 5.54197
37.6822 37.6822 5.76876
48.4486 37.6822 4.62167
59.215 37.6822 2.89565
69.9813 37.6822 1.55063
5.38318 48.4486 1.32399
16.1495 48.4486 3.15181
26.9159 48.4486 5.2257
37.6822 48.4486 5.39126
48.4486 48.4486 4.21914
59.215 48.4486 2.65885
69.9813 48.4486 1.44264
5.38318 59.215 1.0865
16.1495 59.215 2.25495
26.9159 59.215 3.11991
37.6822 59.215 2.94721
48.4486 59.215 2.2848
59.215 59.215 1.61537
69.9813 59.215 1.05419
5.38318 69.9813 0.769695
16.1495 69.9813 1.42535
26.9159 69.9813 1.45662
37.6822 69.9813 1.0214
48.4486 69.9813 0.409361
59.215 69.9813 0.400746
69.9813 69.9813 0.459578
5.38318 80.7477 -0.00595986
16.1495 80.7477 0.116762
26.9159 80.7477 -0.0757833
37.6822 80.7477 -0.280709
48.4486 80.7477 -0.426163
59.215 80.7477 -0.303943
69.9813 80.7477 -0.0718074
5.38318 91.514 -0.445173
16.1495 91.514 -0.696488
26.9159 91.514 -0.78689
37.6822 91.514 -0.842906
48.4486 91.514 -0.846603
59.215 91.514 -0.63278
69.9813 91.514 -0.261391
5.38318 102.28 -0.567666
16.1495 102.28 -0.909253
26.9159 102.28 -0.995492
37.6822 102.28 -0.999017
48.4486 102.28 -0.954153
59.215 102.28 -0.750581
69.9813 102.28 -0.328829
5.38318 113.047 -0.583969
16.1495 113.047 -0.930238
26.9159 113.047 -1.00369
37.6822 113.047 -0.992782
48.4486 113.047 -0.937304
59.215 113.047 -0.719613
69.9813 113.047 -0.307517
5.38318 123.813 -0.557225
16.1495 123.813 -0.860503
26.9159 123.813 -0.842541
37.6822 123.813 -0.744308
48.4486 123.813 -0.649879
59.215 123.813 -0.460852
69.9813 123.813 -0.164829
5.38318 134.579 -0.449401
16.1495 134.579 -0.593146
26.9159 134.579 -0.377928
37.6822 134.579 -0.171594
48.4486 134.579 -0.0684495
59.215 134.579 0.00387096
69.9813 134.579 0.248092
5.38318 145.346 -0.195355
16.1495 145.346 -0.061721
26.9159 145.346 0.910701
37.6822 145.346 1.62082
48.4486 145.346 1.81615
59.215 145.346 1.48592
69.9813 145.346 1.03412
5.38318 156.112 0.319032
16.1495 156.112 1.13242
26.9159 156.112 2.32937
37.6822 156.112 2.96975
48.4486 156.112 3.0972
59.215 156.112 2.5457
69.9813 156.112 1.62786
5.38318 166.879 0.834421
16.1495 166.879 2.01666
26.9159 166.879 3.22408
37.6822 166.879 3.78672
48.4486 166.879 3.81494
59.215 166.879 3.11273
69.9813 166.879 1.96141
5.38318 177.645 1.09569
16.1495 177.645 2.25319
26.9159 177.645 3.36132
37.6822 177.645 3.75808
48.4486 177.645 3.83145
59.215 177.645 3.28111
69.9813 177.645 2.12212
5.38318 188.411 1.10731
16.1495 188.411 2.08538
26.9159 188.411 3.04859
37.6822 188.411 3.44765
48.4486 188.411 3.51306
59.215 188.411 3.07813
69.9813 188.411 1.94948
5.38318 199.178 0.807522
16.1495 199.178 1.41852
26.9159 199.178 1.91605
37.6822 199.178 1.97237
48.4486 199.178 1.93472
59.215 199.178 1.85246
69.9813 199.178 1.23682
5.38318 209.944 0.560855
16.1495 209.944 0.931402
26.9159 209.944 1.17537
37.6822 209.944 1.05454
48.4486 209.944 0.902758
59.215 209.944 1.00402
69.9813 209.944 0.720259
