37 26
0 6 72 40
0 0 72 72
0 0 72 82
0 0 72 144
0 0 72 216
5.38318 5.38318 0.413722
16.1495 5.38318 0.977357
26.9159 5.38318 1.64637
37.6822 5.38318 1.84704
48.4486 5.38318 1.43904
59.215 5.38318 0.790629
69.9813 5.38318 0.31532
5.38318 16.1495 0.679699
16.1495 16.1495 1.97191
26.9159 16.1495 3.40005
37.6822 16.1495 3.87202
48.4486 16.1495 3.10532
59.215 16.1495 1.84214
69.9813 16.1495 0.778475
5.38318 26.9159 0.766774
16.1495 26.9159 2.45709
26.9159 26.9159 4.40687
37.6822 26.9159 5.08205
48.4486 26.9159 4.01365
59.215 26.9159 2.28521
69.9813 26.9159 0.919325
5.38318 37.6822 0.931931
16.1495 37.6822 2.50845
26.9159 37.6822 4.20547
37.6822 37.6822 4.72458
48.4486 37.6822 3.85488
59.215 37.6822 2.36876
69.9813 37.6822 1.19154
5.38318 48.4486 1.18113
16.1495 48.4486 2.31445
26.9159 48.4486 3.27347
37.6822 48.4486 3.34153
48.4486 48.4486 2.94421
59.215 48.4486 2.21554
69.9813 48.4486 1.4567
5.38318 59.215 1.43206
16.1495 59.215 2.31294
26.9159 59.215 2.58066
37.6822 59.215 2.35279
48.4486 59.215 2.38663
59.215 59.215 2.42572
69.9813 59.215 1.88001
5.38318 69.9813 1.37006
16.1495 69.9813 2.02797
26.9159 69.9813 2.14469
37.6822 69.9813 1.50994
48.4486 69.9813 1.72682
59.215 69.9813 2.08743
69.9813 69.9813 1.79145
5.38318 80.7477 0.345742
16.1495 80.7477 0.457481
26.9159 80.7477 0.708653
37.6822 80.7477 0.355539
48.4486 80.7477 0.608377
59.215 80.7477 1.09096
69.9813 80.7477 1.13379
5.38318 91.514 -0.462453
16.1495 91.514 -0.756755
26.9159 91.514 -0.654617
37.6822 91.514 -0.680017
48.4486 91.514 -0.619838
59.215 91.514 -0.447483
69.9813 91.514 -0.139381
5.38318 102.28 -0.570894
16.1495 102.28 -0.929433
26.9159 102.28 -0.979682
37.6822 102.28 -0.984491
48.4486 102.28 -0.922895
59.215 102.28 -0.717263
69.9813 102.28 -0.309112
5.38318 113.047 -0.587891
16.1495 113.047 -0.943286
26.9159 113.047 -1.02853
37.6822 113.047 -1.02917
48.4486 113.047 -0.972811
59.215 113.047 -0.767799
69.9813 113.047 -0.331298
5.38318 123.813 -0.579945
16.1495 123.813 -0.916975
26.9159 123.813 -0.981541
37.6822 123.813 -0.973739
48.4486 123.813 -0.928354
59.215 123.813 -0.727666
69.9813 123.813 -0.318311
5.38318 134.579 -0.556068
16.1495 134.579 -0.820455
26.9159 134.579 -0.70378
37.6822 134.579 -0.58306
48.4486 134.579 -0.624795
59.215 134.579 -0.527898
69.9813 134.579 -0.257526
5.38318 145.346 -0.450274
16.1495 145.346 -0.440169
26.9159 145.346 0.0864267
37.6822 145.346 0.719874
48.4486 145.346 0.193889
59.215 145.346 -0.0958333
69.9813 145.346 -0.100723
5.38318 156.112 -0.175085
16.1495 156.112 0.511597
26.9159 156.112 2.30022
37.6822 156.112 3.06371
48.4486 156.112 2.30697
59.215 156.112 1.22464
69.9813 156.112 0.414688
5.38318 166.879 0.350052
16.1495 166.879 1.54278
26.9159 166.879 3.4264
37.6822 166.879 4.23728
48.4486 166.879 3.43345
59.215 166.879 2.16122
69.9813 166.879 0.920257
5.38318 177.645 0.923255
16.1495 177.645 2.03637
26.9159 177.645 3.34881
37.6822 177.645 3.83639
48.4486 177.645 3.3005
59.215 177.645 2.30556
69.9813 177.645 1.2395
5.38318 188.411 1.06037
16.1495 188.411 1.59308
26.9159 188.411 2.11051
37.6822 188.411 2.03751
48.4486 188.411 1.92615
59.215 188.411 1.6085
69.9813 188.411 1.13596
5.38318 199.178 0.685029
16.1495 199.178 0.905585
26.9159 199.178 1.09664
37.6822 199.178 0.813356
48.4486 199.178 0.840743
59.215 199.178 0.810561
69.9813 199.178 0.748322
5.38318 209.944 0.12466
16.1495 209.944 0.152428
26.9159 209.944 0.352081
37.6822 209.944 0.229604
48.4486 209.944 0.235557
59.215 209.944 0.290705
69.9813 209.944 0.339116
