37 177
0 157 72 40
0 141 72 72
0 134 72 82
0 72 72 144
0 0 72 216
5.38318 5.38318 1.05207
16.1495 5.38318 1.60183
26.9159 5.38318 1.77372
37.6822 5.38318 1.79451
48.4486 5.38318 1.72664
59.215 5.38318 1.51416
69.9813 5.38318 0.961709
5.38318 16.1495 1.76967
16.1495 16.1495 2.99733
26.9159 16.1495 3.67576
37.6822 16.1495 3.71968
48.4486 16.1495 3.51806
59.215 16.1495 2.91383
69.9813 16.1495 1.8002
5.38318 26.9159 1.90651
16.1495 26.9159 3.54475
26.9159 26.9159 4.9065
37.6822 26.9159 5.04363
48.4486 26.9159 4.49909
59.215 26.9159 3.34106
69.9813 26.9159 1.92983
5.38318 37.6822 1.51607
16.1495 37.6822 3.24243
26.9159 37.6822 5.07967
37.6822 37.6822 5.43145
48.4486 37.6822 4.58593
59.215 37.6822 3.05346
69.9813 37.6822 1.68264
5.38318 48.4486 1.19016
16.1495 48.4486 2.673
26.9159 48.4486 4.27985
37.6822 48.4486 4.51085
48.4486 48.4486 3.66561
59.215 48.4486 2.3476
69.9813 48.4486 1.26252
5.38318 59.215 1.06964
16.1495 59.215 2.11203
26.9159 59.215 2.71271
37.6822 59.215 2.67712
48.4486 59.215 2.40732
59.215 59.215 1.92233
69.9813 59.215 1.39699
5.38318 69.9813 0.891867
16.1495 69.9813 1.67648
26.9159 69.9813 1.84686
37.6822 69.9813 1.62473
48.4486 69.9813 1.63721
59.215 69.9813 1.6247
69.9813 69.9813 1.36383
5.38318 80.7477 0.380209
16.1495 80.7477 0.684883
26.9159 80.7477 0.744371
37.6822 80.7477 0.512146
48.4486 80.7477 0.728085
59.215 80.7477 0.919606
69.9813 80.7477 0.918619
5.38318 91.514 -0.372538
16.1495 91.514 -0.615696
26.9159 91.514 -0.66519
37.6822 91.514 -0.707937
48.4486 91.514 -0.665446
59.215 91.514 -0.433257
69.9813 91.514 -0.13049
5.38318 102.28 -0.554006
16.1495 102.28 -0.891729
26.9159 102.28 -0.97794
37.6822 102.28 -0.972373
48.4486 102.28 -0.926115
59.215 102.28 -0.690757
69.9813 102.28 -0.297517
5.38318 113.047 -0.582027
16.1495 113.047 -0.925995
26.9159 113.047 -0.997386
37.6822 113.047 -0.984452
48.4486 113.047 -0.924423
59.215 113.047 -0.699539
69.9813 113.047 -0.294875
5.38318 123.813 -0.553498
16.1495 123.813 -0.847858
26.9159 123.813 -0.789891
37.6822 123.813 -0.675326
48.4486 123.813 -0.567797
59.215 123.813 -0.441824
69.9813 123.813 -0.162033
5.38318 134.579 -0.425879
16.1495 134.579 -0.533616
26.9159 134.579 -0.203896
37.6822 134.579 0.202694
48.4486 134.579 0.498064
59.215 134.579 0.258507
69.9813 134.579 0.3193
5.38318 145.346 -0.101156
16.1495 145.346 0.187415
26.9159 145.346 1.53606
37.6822 145.346 2.55094
48.4486 145.346 2.74441
59.215 145.346 1.91892
69.9813 145.346 1.09932
5.38318 156.112 0.683905
16.1495 156.112 1.60453
26.9159 156.112 3.14715
37.6822 156.112 4.1842
48.4486 156.112 4.19483
59.215 156.112 2.96312
69.9813 156.112 1.612
5.38318 166.879 1.36516
16.1495 166.879 2.87395
26.9159 166.879 4.684
37.6822 166.879 5.34296
48.4486 166.879 4.83348
59.215 166.879 3.26032
69.9813 166.879 1.7541
5.38318 177.645 1.55988
16.1495 177.645 3.38012
26.9159 177.645 5.30343
37.6822 177.645 5.43267
48.4486 177.645 4.48329
59.215 177.645 2.85824
69.9813 177.645 1.60425
5.38318 188.411 1.28309
16.1495 188.411 3.04749
26.9159 188.411 4.89766
37.6822 188.411 4.98742
48.4486 188.411 3.99456
59.215 188.411 2.61409
69.9813 188.411 1.51739
5.38318 199.178 0.656749
16.1495 199.178 1.72086
26.9159 199.178 2.6923
37.6822 199.178 2.65269
48.4486 199.178 2.18737
59.215 199.178 1.63571
69.9813 199.178 1.12312
5.38318 209.944 0.394589
16.1495 209.944 0.875178
26.9159 209.944 1.0841
37.6822 209.944 0.941618
48.4486 209.944 0.718409
59.215 209.944 0.835252
69.9813 209.944 0.722602
