37 26
0 6 72 40
0 0 72 72
0 0 72 82
0 0 72 144
0 0 72 216
5.38318 5.38318 0.49696
16.1495 5.38318 1.22319
26.9159 5.38318 1.95993
37.6822 5.38318 1.92554
48.4486 5.38318 1.43941
59.215 5.38318 0.762643
69.9813 5.38318 0.352488
5.38318 16.1495 0.662185
16.1495 16.1495 1.91431
26.9159 16.1495 3.28174
37.6822 16.1495 3.34682
48.4486 16.1495 2.60637
59.215 16.1495 1.5927
69.9813 16.1495 0.821022
5.38318 26.9159 0.49315
16.1495 26.9159 1.77507
26.9159 26.9159 3.31169
37.6822 26.9159 3.40098
48.4486 26.9159 2.60931
59.215 26.9159 1.56112
69.9813 26.9159 0.782793
5.38318 37.6822 0.442338
16.1495 37.6822 1.22711
26.9159 37.6822 2.42508
37.6822 37.6822 2.47501
48.4486 37.6822 1.99528
59.215 37.6822 1.44108
69.9813 37.6822 0.857982
5.38318 48.4486 0.494405
16.1495 48.4486 1.13943
26.9159 48.4486 2.07127
37.6822 48.4486 2.06599
48.4486 48.4486 1.61749
59.215 48.4486 1.28773
69.9813 48.4486 0.834673
5.38318 59.215 0.63203
16.1495 59.215 1.19711
26.9159 59.215 1.59362
37.6822 59.215 1.28103
48.4486 59.215 0.810529
59.215 59.215 0.726986
69.9813 59.215 0.598953
5.38318 69.9813 0.115339
16.1495 69.9813 0.199619
26.9159 69.9813 0.250086
37.6822 69.9813 -0.104699
48.4486 69.9813 -0.2237
59.215 69.9813 -0.0886881
69.9813 69.9813 0.212984
5.38318 80.7477 -0.238401
16.1495 80.7477 -0.431704
26.9159 80.7477 -0.465408
37.6822 80.7477 -0.610092
48.4486 80.7477 -0.587168
59.215 80.7477 -0.370803
69.9813 80.7477 -0.0603103
5.38318 91.514 -0.527739
16.1495 91.514 -0.867536
26.9159 91.514 -0.868646
37.6822 91.514 -0.859296
48.4486 91.514 -0.76085
59.215 91.514 -0.515833
69.9813 91.514 -0.18086
5.38318 102.28 -0.568885
16.1495 102.28 -0.911074
26.9159 102.28 -0.964975
37.6822 102.28 -0.949733
48.4486 102.28 -0.890787
59.215 102.28 -0.662854
69.9813 102.28 -0.280919
5.38318 113.047 -0.578432
16.1495 113.047 -0.923736
26.9159 113.047 -1.00035
37.6822 113.047 -0.999706
48.4486 113.047 -0.947201
59.215 113.047 -0.74135
69.9813 113.047 -0.31748
5.38318 123.813 -0.547996
16.1495 123.813 -0.860352
26.9159 123.813 -0.886128
37.6822 123.813 -0.873789
48.4486 123.813 -0.816802
59.215 123.813 -0.621793
69.9813 123.813 -0.258743
5.38318 134.579 -0.440317
16.1495 134.579 -0.638803
26.9159 134.579 -0.515587
37.6822 134.579 -0.477576
48.4486 134.579 -0.451061
59.215 134.579 -0.374698
69.9813 134.579 -0.140311
5.38318 145.346 -0.254327
16.1495 145.346 -0.235014
26.9159 145.346 0.233405
37.6822 145.346 0.595389
48.4486 145.346 0.551091
59.215 145.346 0.244603
69.9813 145.346 0.198213
5.38318 156.112 -0.0237407
16.1495 156.112 0.628584
26.9159 156.112 1.67674
37.6822 156.112 2.20813
48.4486 156.112 1.97078
59.215 156.112 1.19453
69.9813 156.112 0.620607
5.38318 166.879 0.164381
16.1495 166.879 1.19512
26.9159 166.879 2.374
37.6822 166.879 3.05299
48.4486 166.879 2.70555
59.215 166.879 1.80435
69.9813 166.879 0.86159
5.38318 177.645 0.27068
16.1495 177.645 1.22001
26.9159 177.645 2.14452
37.6822 177.645 2.72073
48.4486 177.645 2.37395
59.215 177.645 1.55898
69.9813 177.645 0.795749
5.38318 188.411 0.155203
16.1495 188.411 0.83064
26.9159 188.411 1.41752
37.6822 188.411 1.87373
48.4486 188.411 1.58428
59.215 188.411 1.07331
69.9813 188.411 0.649924
5.38318 199.178 0.0908574
16.1495 199.178 0.573155
26.9159 199.178 0.765776
37.6822 199.178 1.07256
48.4486 199.178 0.96152
59.215 199.178 0.867606
69.9813 199.178 0.72103
5.38318 209.944 0.0543131
16.1495 209.944 0.367656
26.9159 209.944 0.417237
37.6822 209.944 0.624888
48.4486 209.944 0.662708
59.215 209.944 0.757073
69.9813 209.944 0.663092
