37 177
0 157 72 40
0 141 72 72
0 134 72 82
0 72 72 144
0 0 72 216
5.38318 5.38318 0.710158
16.1495 5.38318 1.12366
26.9159 5.38318 1.39576
37.6822 5.38318 1.36419
48.4486 5.38318 1.29805
59.215 5.38318 1.01238
69.9813 5.38318 0.678196
5.38318 16.1495 1.3149
16.1495 16.1495 2.27468
26.9159 16.1495 2.79021
37.6822 16.1495 2.74504
48.4486 16.1495 2.49686
59.215 16.1495 1.96649
69.9813 16.1495 1.26426
5.38318 26.9159 1.40441
16.1495 26.9159 2.56201
26.9159 26.9159 3.22629
37.6822 26.9159 3.18472
48.4486 26.9159 2.75812
59.215 26.9159 2.18254
69.9813 26.9159 1.37124
5.38318 37.6822 1.49544
16.1495 37.6822 2.79092
26.9159 37.6822 3.65888
37.6822 37.6822 3.63238
48.4486 37.6822 3.00672
59.215 37.6822 2.20868
69.9813 37.6822 1.29431
5.38318 48.4486 1.38089
16.1495 48.4486 2.68683
26.9159 48.4486 3.67597
37.6822 48.4486 3.75477
48.4486 48.4486 3.07428
59.215 48.4486 2.15381
69.9813 48.4486 1.20986
5.38318 59.215 1.0174
16.1495 59.215 2.0601
26.9159 59.215 2.94311
37.6822 59.215 2.96697
48.4486 59.215 2.53985
59.215 59.215 1.84555
69.9813 59.215 1.169
5.38318 69.9813 0.536611
16.1495 69.9813 1.25449
26.9159 69.9813 1.96973
37.6822 69.9813 1.90937
48.4486 69.9813 1.63319
59.215 69.9813 1.25856
69.9813 69.9813 0.925513
5.38318 80.7477 -0.0755649
16.1495 80.7477 0.126571
26.9159 80.7477 0.765096
37.6822 80.7477 0.710954
48.4486 80.7477 0.564133
59.215 80.7477 0.470632
69.9813 80.7477 0.481615
5.38318 91.514 -0.313568
16.1495 91.514 -0.424251
26.9159 91.514 -0.308346
37.6822 91.514 -0.309998
48.4486 91.514 -0.305687
59.215 91.514 -0.237459
69.9813 91.514 -0.0683632
5.38318 102.28 -0.311649
16.1495 102.28 -0.455185
26.9159 102.28 -0.389556
37.6822 102.28 -0.370892
48.4486 102.28 -0.350964
59.215 102.28 -0.270837
69.9813 102.28 -0.100946
5.38318 113.047 -0.297146
16.1495 113.047 -0.450596
26.9159 113.047 -0.42391
37.6822 113.047 -0.404865
48.4486 113.047 -0.371541
59.215 113.047 -0.278229
69.9813 113.047 -0.110522
5.38318 123.813 -0.252401
16.1495 123.813 -0.416917
26.9159 123.813 -0.361344
37.6822 123.813 -0.326128
48.4486 123.813 -0.284133
59.215 123.813 -0.169482
69.9813 123.813 -0.0520668
5.38318 134.579 -0.171459
16.1495 134.579 -0.289347
26.9159 134.579 -0.140582
37.6822 134.579 -0.0531487
48.4486 134.579 -0.00687044
59.215 134.579 0.198877
69.9813 134.579 0.229719
5.38318 145.346 -0.0238282
16.1495 145.346 -0.0295625
26.9159 145.346 0.549188
37.6822 145.346 0.798814
48.4486 145.346 0.9718
59.215 145.346 0.971244
69.9813 145.346 0.687288
5.38318 156.112 0.322924
16.1495 156.112 0.828789
26.9159 156.112 1.82859
37.6822 156.112 2.36529
48.4486 156.112 2.46026
59.215 156.112 1.99778
69.9813 156.112 1.22987
5.38318 166.879 0.774655
16.1495 166.879 1.81659
26.9159 166.879 3.25642
37.6822 166.879 4.24171
48.4486 166.879 4.3298
59.215 166.879 3.21249
69.9813 166.879 1.76795
5.38318 177.645 1.05442
16.1495 177.645 2.35429
26.9159 177.645 4.24204
37.6822 177.645 5.72536
48.4486 177.645 5.68766
59.215 177.645 4.11168
69.9813 177.645 2.09555
5.38318 188.411 1.19336
16.1495 188.411 2.39735
26.9159 188.411 4.15561
37.6822 188.411 5.35178
48.4486 188.411 5.25061
59.215 188.411 3.78631
69.9813 188.411 1.94358
5.38318 199.178 1.03077
16.1495 199.178 1.86782
26.9159 199.178 2.7577
37.6822 199.178 3.0814
48.4486 199.178 2.89493
59.215 199.178 2.2962
69.9813 199.178 1.31293
5.38318 209.944 0.62075
16.1495 209.944 0.973816
26.9159 209.944 1.31914
37.6822 209.944 1.16758
48.4486 209.944 1.22719
59.215 209.944 1.19892
69.9813 209.944 0.877133
