37 37
0 17 72 40
0 1 72 72
0 0 72 82
0 0 72 144
0 0 72 216
5.38318 5.38318 0.418494
16.1495 5.38318 0.841301
26.9159 5.38318 1.16547
37.6822 5.38318 1.10481
48.4486 5.38318 0.877464
59.215 5.38318 0.437749
69.9813 5.38318 0.27292
5.38318 16.1495 0.710797
16.1495 16.1495 1.93128
26.9159 16.1495 2.85769
37.6822 16.1495 3.03315
48.4486 16.1495 2.50972
59.215 16.1495 1.48943
69.9813 16.1495 0.790475
5.38318 26.9159 0.86321
16.1495 26.9159 2.63369
26.9159 26.9159 4.35767
37.6822 26.9159 4.96577
48.4486 26.9159 4.08655
59.215 26.9159 2.32505
69.9813 26.9159 1.10582
5.38318 37.6822 1.02357
16.1495 37.6822 2.997
26.9159 37.6822 5.21074
37.6822 37.6822 6.23165
48.4486 37.6822 5.21497
59.215 37.6822 3.02146
69.9813 37.6822 1.33126
5.38318 48.4486 1.09826
16.1495 48.4486 2.82088
26.9159 48.4486 4.63759
37.6822 48.4486 5.42187
48.4486 48.4486 4.58795
59.215 48.4486 2.75651
69.9813 48.4486 1.31195
5.38318 59.215 1.12417
16.1495 59.215 2.29989
26.9159 59.215 2.99178
37.6822 59.215 3.14879
48.4486 59.215 2.74544
59.215 59.215 1.91117
69.9813 59.215 1.1736
5.38318 69.9813 0.861684
16.1495 69.9813 1.69981
26.9159 69.9813 1.84917
37.6822 69.9813 1.80656
48.4486 69.9813 1.61892
59.215 69.9813 1.42267
69.9813 69.9813 1.02612
5.38318 80.7477 0.255469
16.1495 80.7477 0.73059
26.9159 80.7477 0.904067
37.6822 80.7477 0.786865
48.4486 80.7477 0.686316
59.215 80.7477 0.729345
69.9813 80.7477 0.634504
5.38318 91.514 -0.258723
16.1495 91.514 -0.316395
26.9159 91.514 -0.216112
37.6822 91.514 -0.176768
48.4486 91.514 -0.18517
59.215 91.514 -0.08521
69.9813 91.514 0.0340404
5.38318 102.28 -0.315825
16.1495 102.28 -0.457167
26.9159 102.28 -0.388709
37.6822 102.28 -0.346926
48.4486 102.28 -0.352822
59.215 102.28 -0.272357
69.9813 102.28 -0.121016
5.38318 113.047 -0.301229
16.1495 113.047 -0.458477
26.9159 113.047 -0.468891
37.6822 113.047 -0.451365
48.4486 113.047 -0.431048
59.215 113.047 -0.32918
69.9813 113.047 -0.141241
5.38318 123.813 -0.291999
16.1495 123.813 -0.436261
26.9159 123.813 -0.39961
37.6822 123.813 -0.360027
48.4486 123.813 -0.326104
59.215 123.813 -0.248794
69.9813 123.813 -0.0987915
5.38318 134.579 -0.187244
16.1495 134.579 -0.23025
26.9159 134.579 -0.117002
37.6822 134.579 -0.020533
48.4486 134.579 -0.00533442
59.215 134.579 -0.00617983
69.9813 134.579 0.0814479
5.38318 145.346 -0.0730653
16.1495 145.346 0.118006
26.9159 145.346 0.775295
37.6822 145.346 1.2345
48.4486 145.346 1.21391
59.215 145.346 0.828689
69.9813 145.346 0.482601
5.38318 156.112 0.358503
16.1495 156.112 1.2025
26.9159 156.112 2.31527
37.6822 156.112 2.8628
48.4486 156.112 2.55913
59.215 156.112 1.71002
69.9813 156.112 0.884286
5.38318 166.879 0.630238
16.1495 166.879 1.86953
26.9159 166.879 3.41675
37.6822 166.879 4.13825
48.4486 166.879 3.55571
59.215 166.879 2.18976
69.9813 166.879 1.01261
5.38318 177.645 1.03937
16.1495 177.645 2.47054
26.9159 177.645 4.34841
37.6822 177.645 4.97783
48.4486 177.645 4.11044
59.215 177.645 2.39667
69.9813 177.645 1.06081
5.38318 188.411 1.40533
16.1495 188.411 2.9818
26.9159 188.411 4.6616
37.6822 188.411 5.04857
48.4486 188.411 4.08288
59.215 188.411 2.38894
69.9813 188.411 1.07731
5.38318 199.178 1.53162
16.1495 199.178 2.81839
26.9159 199.178 3.62157
37.6822 199.178 3.74858
48.4486 199.178 3.1644
59.215 199.178 2.22452
69.9813 199.178 1.23078
5.38318 209.944 1.32882
16.1495 209.944 2.18042
26.9159 209.944 2.21792
37.6822 209.944 2.09524
48.4486 209.944 1.84715
59.215 209.944 1.57972
69.9813 209.944 1.00479
