48 177
0 157 72 40
0 141 72 72
0 134 72 82
0 72 72 144
0 0 72 216
5.38318 5.38318 0.809622
16.1495 5.38318 1.41133
26.9159 5.38318 1.74794
37.6822 5.38318 1.70758
48.4486 5.38318 1.56437
59.215 5.38318 1.1358
69.9813 5.38318 0.68082
5.38318 16.1495 1.40788
16.1495 16.1495 2.6065
26.9159 16.1495 3.28948
37.6822 16.1495 3.37922
48.4486 16.1495 3.09404
59.215 16.1495 2.25121
69.9813 16.1495 1.32842
5.38318 26.9159 1.62353
16.1495 26.9159 3.07926
26.9159 26.9159 4.03342
37.6822 26.9159 4.236
48.4486 26.9159 3.74517
59.215 26.9159 2.76193
69.9813 26.9159 1.58403
5.38318 37.6822 1.4851
16.1495 37.6822 2.82421
26.9159 37.6822 3.86388
37.6822 37.6822 4.12961
48.4486 37.6822 3.53788
59.215 37.6822 2.60408
69.9813 37.6822 1.48712
5.38318 48.4486 1.17119
16.1495 48.4486 2.30411
26.9159 48.4486 3.23294
37.6822 48.4486 3.40507
48.4486 48.4486 2.75462
59.215 48.4486 2.0594
69.9813 48.4486 1.13341
5.38318 59.215 0.423827
16.1495 59.215 1.01749
26.9159 59.215 1.48582
37.6822 59.215 1.58871
48.4486 59.215 1.17949
59.215 59.215 1.0536
69.9813 59.215 0.732231
5.38318 69.9813 0.0214751
16.1495 69.9813 0.250113
26.9159 69.9813 0.262611
37.6822 69.9813 0.283072
48.4486 69.9813 0.0355715
59.215 69.9813 0.419287
69.9813 69.9813 0.476008
5.38318 80.7477 -0.272148
16.1495 80.7477 -0.398743
26.9159 80.7477 -0.480837
37.6822 80.7477 -0.484018
48.4486 80.7477 -0.513295
59.215 80.7477 -0.290058
69.9813 80.7477 -0.0642557
5.38318 91.514 -0.500139
16.1495 91.514 -0.800147
26.9159 91.514 -0.894637
37.6822 91.514 -0.919058
48.4486 91.514 -0.889837
59.215 91.514 -0.646215
69.9813 91.514 -0.260605
5.38318 102.28 -0.580578
16.1495 102.28 -0.936419
26.9159 102.28 -1.02767
37.6822 102.28 -1.03188
48.4486 102.28 -0.979399
59.215 102.28 -0.776166
69.9813 102.28 -0.339077
5.38318 113.047 -0.583128
16.1495 113.047 -0.926344
26.9159 113.047 -1.00083
37.6822 113.047 -0.995913
48.4486 113.047 -0.942957
59.215 113.047 -0.729179
69.9813 113.047 -0.310363
5.38318 123.813 -0.554827
16.1495 123.813 -0.87298
26.9159 123.813 -0.900459
37.6822 123.813 -0.871416
48.4486 123.813 -0.808128
59.215 123.813 -0.587926
69.9813 123.813 -0.235923
5.38318 134.579 -0.497575
16.1495 134.579 -0.709145
26.9159 134.579 -0.540099
37.6822 134.579 -0.439018
48.4486 134.579 -0.388028
59.215 134.579 -0.254728
69.9813 134.579 -0.0506267
5.38318 145.346 -0.348304
16.1495 145.346 -0.393066
26.9159 145.346 0.108906
37.6822 145.346 0.705082
48.4486 145.346 0.986785
59.215 145.346 0.889783
69.9813 145.346 0.699161
5.38318 156.112 -0.163241
16.1495 156.112 0.105205
26.9159 156.112 1.64551
37.6822 156.112 2.6091
48.4486 156.112 2.93578
59.215 156.112 2.37344
69.9813 156.112 1.47498
5.38318 166.879 0.106
16.1495 166.879 0.961228
26.9159 166.879 2.8707
37.6822 166.879 4.18515
48.4486 166.879 4.77324
59.215 166.879 3.75869
69.9813 166.879 2.20748
5.38318 177.645 0.476617
16.1495 177.645 1.51465
26.9159 177.645 3.22758
37.6822 177.645 4.60109
48.4486 177.645 5.1346
59.215 177.645 4.08039
69.9813 177.645 2.34545
5.38318 188.411 0.9543
16.1495 188.411 2.0133
26.9159 188.411 3.21676
37.6822 188.411 3.99562
48.4486 188.411 4.22073
59.215 188.411 3.34341
69.9813 188.411 1.986
5.38318 199.178 0.957633
16.1495 199.178 1.81713
26.9159 199.178 2.34438
37.6822 199.178 2.31054
48.4486 199.178 2.23349
59.215 199.178 1.90243
69.9813 199.178 1.35612
5.38318 209.944 0.814668
16.1495 209.944 1.49783
26.9159 209.944 1.79505
37.6822 209.944 1.55925
48.4486 209.944 1.48831
59.215 209.944 1.38283
69.9813 209.944 1.12885
