37 37
0 17 72 40
0 1 72 72
0 0 72 82
0 0 72 144
0 0 72 216
5.38318 5.38318 1.05207
16.1495 5.38318 1.60183
26.9159 5.38318 1.77372
37.6822 5.38318 1.79451
48.4486 5.38318 1.72664
59.215 5.38318 1.51416
69.9813 5.38318 0.961709
5.38318 16.1495 1.76967
16.1495 16.1495 2.99733
26.9159 16.1495 3.67576
37.6822 16.1495 3.71968
48.4486 16.1495 3.51806
59.215 16.1495 2.91383
69.9813 16.1495 1.8002
5.38318 26.9159 1.90651
16.1495 26.9159 3.54475
26.9159 26.9159 4.9065
37.6822 26.9159 5.04363
48.4486 26.9159 4.49909
59.215 26.9159 3.34106
69.9813 26.9159 1.92983
5.38318 37.6822 1.51607
16.1495 37.6822 3.24243
26.9159 37.6822 5.07967
37.6822 37.6822 5.43145
48.4486 37.6822 4.58593
59.215 37.6822 3.05346
69.9813 37.6822 1.68264
5.38318 48.4486 1.19016
16.1495 48.4486 2.673
26.9159 48.4486 4.27985
37.6822 48.4486 4.51085
48.4486 48.4486 3.66561
59.215 48.4486 2.3476
69.9813 48.4486 1.26252
5.38318 59.215 1.06964
16.1495 59.215 2.11203
26.9159 59.215 2.71271
37.6822 59.215 2.67712
48.4486 59.215 2.40732
59.215 59.215 1.92233
69.9813 59.215 1.39699
5.38318 69.9813 0.891865
16.1495 69.9813 1.67648
26.9159 69.9813 1.84686
37.6822 69.9813 1.62473
48.4486 69.9813 1.63721
59.215 69.9813 1.6247
69.9813 69.9813 1.36383
5.38318 80.7477 0.380207
16.1495 80.7477 0.684884
26.9159 80.7477 0.744371
37.6822 80.7477 0.512148
48.4486 80.7477 0.728084
59.215 80.7477 0.919607
69.9813 80.7477 0.918619
5.38318 91.514 -0.372539
16.1495 91.514 -0.615696
26.9159 91.514 -0.66519
37.6822 91.514 -0.707936
48.4486 91.514 -0.665446
59.215 91.514 -0.433256
69.9813 91.514 -0.13049
5.38318 102.28 -0.553877
16.1495 102.28 -0.892348
26.9159 102.28 -0.98044
37.6822 102.28 -0.976717
48.4486 102.28 -0.931603
59.215 102.28 -0.698166
69.9813 102.28 -0.301553
5.38318 113.047 -0.586186
16.1495 113.047 -0.9383
26.9159 113.047 -1.0234
37.6822 113.047 -1.02195
48.4486 113.047 -0.968268
59.215 113.047 -0.760496
69.9813 113.047 -0.328373
5.38318 123.813 -0.579589
16.1495 123.813 -0.913515
26.9159 123.813 -0.975866
37.6822 123.813 -0.961218
48.4486 123.813 -0.920192
59.215 123.813 -0.716654
69.9813 123.813 -0.316108
5.38318 134.579 -0.564565
16.1495 134.579 -0.874052
26.9159 134.579 -0.895181
37.6822 134.579 -0.852231
48.4486 134.579 -0.838021
59.215 134.579 -0.648608
69.9813 134.579 -0.291754
5.38318 145.346 -0.529553
16.1495 145.346 -0.78905
26.9159 145.346 -0.67097
37.6822 145.346 -0.599319
48.4486 145.346 -0.638487
59.215 145.346 -0.527037
69.9813 145.346 -0.247088
5.38318 156.112 -0.450331
16.1495 156.112 -0.634812
26.9159 156.112 -0.47047
37.6822 156.112 -0.439959
48.4486 156.112 -0.503672
59.215 156.112 -0.442025
69.9813 156.112 -0.203978
5.38318 166.879 -0.338283
16.1495 166.879 -0.469518
26.9159 166.879 -0.3496
37.6822 166.879 -0.41129
48.4486 166.879 -0.488079
59.215 166.879 -0.435596
69.9813 166.879 -0.17586
5.38318 177.645 -0.254357
16.1495 177.645 -0.372658
26.9159 177.645 -0.390732
37.6822 177.645 -0.563814
48.4486 177.645 -0.605413
59.215 177.645 -0.492694
69.9813 177.645 -0.155632
5.38318 188.411 -0.237673
16.1495 188.411 -0.341833
26.9159 188.411 -0.431101
37.6822 188.411 -0.6111
48.4486 188.411 -0.640169
59.215 188.411 -0.494688
69.9813 188.411 -0.135781
5.38318 199.178 -0.27711
16.1495 199.178 -0.41285
26.9159 199.178 -0.522826
37.6822 199.178 -0.621488
48.4486 199.178 -0.610614
59.215 199.178 -0.42987
69.9813 199.178 -0.0988384
5.38318 209.944 -0.228922
16.1495 209.944 -0.331228
26.9159 209.944 -0.396344
37.6822 209.944 -0.430111
48.4486 209.944 -0.407982
59.215 209.944 -0.261645
69.9813 209.944 -0.0345252
