37 177
0 157 72 40
0 141 72 72
0 134 72 82
0 72 72 144
0 0 72 216
5.38318 5.38318 0.211761
16.1495 5.38318 0.294586
26.9159 5.38318 0.466728
37.6822 5.38318 0.433631
48.4486 5.38318 0.473824
59.215 5.38318 0.430818
69.9813 5.38318 0.331656
5.38318 16.1495 0.496614
16.1495 16.1495 0.946152
26.9159 16.1495 1.35186
37.6822 16.1495 1.34822
48.4486 16.1495 1.37358
59.215 16.1495 1.17707
69.9813 16.1495 0.814729
5.38318 26.9159 0.542009
16.1495 26.9159 1.14052
26.9159 26.9159 1.77443
37.6822 26.9159 1.91464
48.4486 26.9159 1.92056
59.215 26.9159 1.54491
69.9813 26.9159 1.02683
5.38318 37.6822 1.04685
16.1495 37.6822 1.92191
26.9159 37.6822 2.84911
37.6822 37.6822 2.94613
48.4486 37.6822 2.83347
59.215 37.6822 2.07975
69.9813 37.6822 1.31533
5.38318 48.4486 1.11747
16.1495 48.4486 2.02888
26.9159 48.4486 3.10032
37.6822 48.4486 3.17638
48.4486 48.4486 2.97796
59.215 48.4486 2.11764
69.9813 48.4486 1.28712
5.38318 59.215 0.915908
16.1495 59.215 1.58576
26.9159 59.215 2.51167
37.6822 59.215 2.4663
48.4486 59.215 2.23891
59.215 59.215 1.52622
69.9813 59.215 0.923665
5.38318 69.9813 0.0215593
16.1495 69.9813 0.0738788
26.9159 69.9813 0.746246
37.6822 69.9813 0.580941
48.4486 69.9813 0.24846
59.215 69.9813 0.0856769
69.9813 69.9813 0.0721664
5.38318 80.7477 -0.386225
16.1495 80.7477 -0.587164
26.9159 80.7477 -0.525844
37.6822 80.7477 -0.554049
48.4486 80.7477 -0.642944
59.215 80.7477 -0.514712
69.9813 80.7477 -0.256374
5.38318 91.514 -0.52577
16.1495 91.514 -0.842799
26.9159 91.514 -0.923689
37.6822 91.514 -0.959186
48.4486 91.514 -0.947917
59.215 91.514 -0.767775
69.9813 91.514 -0.349492
5.38318 102.28 -0.573416
16.1495 102.28 -0.923766
26.9159 102.28 -1.01213
37.6822 102.28 -1.02954
48.4486 102.28 -0.97822
59.215 102.28 -0.780892
69.9813 102.28 -0.336716
5.38318 113.047 -0.564828
16.1495 113.047 -0.907636
26.9159 113.047 -0.986292
37.6822 113.047 -0.988028
48.4486 113.047 -0.931718
59.215 113.047 -0.707286
69.9813 113.047 -0.294875
5.38318 123.813 -0.456469
16.1495 123.813 -0.701044
26.9159 123.813 -0.701614
37.6822 123.813 -0.670669
48.4486 123.813 -0.626572
59.215 123.813 -0.413611
69.9813 123.813 -0.135483
5.38318 134.579 -0.153617
16.1495 134.579 -0.17931
26.9159 134.579 -0.174257
37.6822 134.579 -0.11422
48.4486 134.579 -0.147174
59.215 134.579 0.0708895
69.9813 134.579 0.317057
5.38318 145.346 0.614325
16.1495 145.346 1.28459
26.9159 145.346 1.62455
37.6822 145.346 1.92943
48.4486 145.346 1.69953
59.215 145.346 1.61258
69.9813 145.346 1.07063
5.38318 156.112 1.4446
16.1495 156.112 2.69931
26.9159 156.112 3.31192
37.6822 156.112 3.49536
48.4486 156.112 3.07372
59.215 156.112 2.56029
69.9813 156.112 1.56196
5.38318 166.879 1.82975
16.1495 166.879 3.6307
26.9159 166.879 5.06235
37.6822 166.879 5.37735
48.4486 166.879 4.52064
59.215 166.879 3.20884
69.9813 166.879 1.72895
5.38318 177.645 1.71542
16.1495 177.645 3.76631
26.9159 177.645 5.81571
37.6822 177.645 6.20966
48.4486 177.645 5.01288
59.215 177.645 3.09482
69.9813 177.645 1.55671
5.38318 188.411 1.29098
16.1495 188.411 3.19339
26.9159 188.411 5.39552
37.6822 188.411 5.90385
48.4486 188.411 4.59533
59.215 188.411 2.63681
69.9813 188.411 1.16185
5.38318 199.178 0.774341
16.1495 199.178 1.95144
26.9159 199.178 3.1223
37.6822 199.178 3.34998
48.4486 199.178 2.80748
59.215 199.178 1.82255
69.9813 199.178 1.0674
5.38318 209.944 0.445691
16.1495 209.944 1.10372
26.9159 209.944 1.43483
37.6822 209.944 1.54707
48.4486 209.944 1.38741
59.215 209.944 1.23471
69.9813 209.944 0.845942
