37 188
0 168 72 40
0 144 72 72
0 134 72 82
0 72 72 144
0 0 72 216
5.38318 5.38318 0.521861
16.1495 5.38318 0.84894
26.9159 5.38318 1.32034
37.6822 5.38318 1.40175
48.4486 5.38318 1.48071
59.215 5.38318 1.09066
69.9813 5.38318 0.689838
5.38318 16.1495 0.868756
16.1495 16.1495 1.64783
26.9159 16.1495 2.62929
37.6822 16.1495 2.89804
48.4486 16.1495 2.97502
59.215 16.1495 2.17437
69.9813 16.1495 1.31402
5.38318 26.9159 0.944231
16.1495 26.9159 1.91421
26.9159 26.9159 3.41141
37.6822 26.9159 3.79437
48.4486 26.9159 3.80648
59.215 26.9159 2.68312
69.9813 26.9159 1.56773
5.38318 37.6822 0.892682
16.1495 37.6822 1.85289
26.9159 37.6822 3.28528
37.6822 37.6822 3.672
48.4486 37.6822 3.4698
59.215 37.6822 2.34613
69.9813 37.6822 1.32946
5.38318 48.4486 0.805841
16.1495 48.4486 1.53882
26.9159 48.4486 2.4814
37.6822 48.4486 2.51776
48.4486 48.4486 2.17836
59.215 48.4486 1.34397
69.9813 48.4486 0.772836
5.38318 59.215 0.708666
16.1495 59.215 1.08313
26.9159 59.215 1.17163
37.6822 59.215 0.883379
48.4486 59.215 0.675838
59.215 59.215 0.575836
69.9813 59.215 0.546833
5.38318 69.9813 0.355697
16.1495 69.9813 0.423733
26.9159 69.9813 0.212736
37.6822 69.9813 -0.0904887
48.4486 69.9813 -0.175916
59.215 69.9813 0.0419549
69.9813 69.9813 0.315757
5.38318 80.7477 -0.178358
16.1495 80.7477 -0.332147
26.9159 80.7477 -0.436057
37.6822 80.7477 -0.522644
48.4486 80.7477 -0.512466
59.215 80.7477 -0.260399
69.9813 80.7477 -0.0328304
5.38318 91.514 -0.493993
16.1495 91.514 -0.808779
26.9159 91.514 -0.903711
37.6822 91.514 -0.903517
48.4486 91.514 -0.854131
59.215 91.514 -0.556357
69.9813 91.514 -0.22191
5.38318 102.28 -0.566252
16.1495 102.28 -0.91006
26.9159 102.28 -0.996801
37.6822 102.28 -0.993764
48.4486 102.28 -0.94415
59.215 102.28 -0.719294
69.9813 102.28 -0.312407
5.38318 113.047 -0.582597
16.1495 113.047 -0.929635
26.9159 113.047 -1.00139
37.6822 113.047 -0.990534
48.4486 113.047 -0.93077
59.215 113.047 -0.711698
69.9813 113.047 -0.301711
5.38318 123.813 -0.558094
16.1495 123.813 -0.857554
26.9159 123.813 -0.81228
37.6822 123.813 -0.699263
48.4486 123.813 -0.591135
59.215 123.813 -0.456521
69.9813 123.813 -0.169018
5.38318 134.579 -0.43425
16.1495 134.579 -0.554124
26.9159 134.579 -0.249334
37.6822 134.579 0.0741148
48.4486 134.579 0.388257
59.215 134.579 0.197195
69.9813 134.579 0.298538
5.38318 145.346 -0.116957
16.1495 145.346 0.135714
26.9159 145.346 1.39397
37.6822 145.346 2.42959
48.4486 145.346 2.65107
59.215 145.346 1.86685
69.9813 145.346 1.08424
5.38318 156.112 0.636375
16.1495 156.112 1.51399
26.9159 156.112 2.94912
37.6822 156.112 4.01344
48.4486 156.112 4.07219
59.215 156.112 2.91211
69.9813 156.112 1.59323
5.38318 166.879 1.33398
16.1495 166.879 2.76271
26.9159 166.879 4.51196
37.6822 166.879 5.26815
48.4486 166.879 4.74361
59.215 166.879 3.20519
69.9813 166.879 1.68954
5.38318 177.645 1.56531
16.1495 177.645 3.4417
26.9159 177.645 5.5754
37.6822 177.645 5.8548
48.4486 177.645 4.7215
59.215 177.645 2.95461
69.9813 177.645 1.55201
5.38318 188.411 1.40298
16.1495 188.411 3.38533
26.9159 188.411 5.68578
37.6822 188.411 5.92641
48.4486 188.411 4.6088
59.215 188.411 2.86517
69.9813 188.411 1.48457
5.38318 199.178 0.977181
16.1495 199.178 2.38029
26.9159 199.178 3.85321
37.6822 199.178 3.86572
48.4486 199.178 2.98444
59.215 199.178 1.99889
69.9813 199.178 1.16707
5.38318 209.944 0.641143
16.1495 209.944 1.23033
26.9159 209.944 1.5092
37.6822 209.944 1.35388
48.4486 209.944 1.0507
59.215 209.944 0.954076
69.9813 209.944 0.71793
