26 166
0 146 72 40
0 130 72 72
0 125 72 82
0 72 72 144
0 0 72 216
5.38318 5.38318 0.141309
16.1495 5.38318 0.155585
26.9159 5.38318 0.267985
37.6822 5.38318 0.581263
48.4486 5.38318 0.956144
59.215 5.38318 1.08524
69.9813 5.38318 0.796952
5.38318 16.1495 0.224134
16.1495 16.1495 0.471739
26.9159 16.1495 0.700742
37.6822 16.1495 1.18709
48.4486 16.1495 1.75067
59.215 16.1495 1.96816
69.9813 16.1495 1.48478
5.38318 26.9159 -0.0409582
16.1495 26.9159 0.155818
26.9159 26.9159 0.502244
37.6822 26.9159 1.19344
48.4486 26.9159 1.84779
59.215 26.9159 2.06593
69.9813 26.9159 1.59729
5.38318 37.6822 0.200017
16.1495 37.6822 0.508519
26.9159 37.6822 0.769771
37.6822 37.6822 1.30632
48.4486 37.6822 1.63885
59.215 37.6822 1.67475
69.9813 37.6822 1.24868
5.38318 48.4486 0.435074
16.1495 48.4486 0.832704
26.9159 48.4486 1.04557
37.6822 48.4486 1.32539
48.4486 48.4486 1.2047
59.215 48.4486 1.07833
69.9813 48.4486 0.782596
5.38318 59.215 0.477473
16.1495 59.215 0.858402
26.9159 59.215 1.14064
37.6822 59.215 1.19437
48.4486 59.215 0.811454
59.215 59.215 0.595359
69.9813 59.215 0.379959
5.38318 69.9813 0.118998
16.1495 69.9813 0.435256
26.9159 69.9813 0.703771
37.6822 69.9813 0.673381
48.4486 69.9813 0.0527982
59.215 69.9813 -0.11965
69.9813 69.9813 -0.102928
5.38318 80.7477 -0.188527
16.1495 80.7477 -0.223771
26.9159 80.7477 -0.137463
37.6822 80.7477 -0.142102
48.4486 80.7477 -0.24791
59.215 80.7477 -0.247392
69.9813 80.7477 -0.134957
5.38318 91.514 -0.284849
16.1495 91.514 -0.426883
26.9159 91.514 -0.402567
37.6822 91.514 -0.414272
48.4486 91.514 -0.441792
59.215 91.514 -0.360014
69.9813 91.514 -0.178011
5.38318 102.28 -0.295645
16.1495 102.28 -0.451023
26.9159 102.28 -0.459674
37.6822 102.28 -0.455617
48.4486 102.28 -0.445733
59.215 102.28 -0.362025
69.9813 102.28 -0.16375
5.38318 113.047 -0.302714
16.1495 113.047 -0.455626
26.9159 113.047 -0.460455
37.6822 113.047 -0.439572
48.4486 113.047 -0.424831
59.215 113.047 -0.333
69.9813 113.047 -0.150557
5.38318 123.813 -0.237482
16.1495 123.813 -0.326053
26.9159 123.813 -0.259348
37.6822 123.813 -0.26484
48.4486 123.813 -0.28396
59.215 123.813 -0.248479
69.9813 123.813 -0.10336
5.38318 134.579 -0.100434
16.1495 134.579 -0.0326749
26.9159 134.579 0.29039
37.6822 134.579 0.29485
48.4486 134.579 0.0442554
59.215 134.579 -0.0433267
69.9813 134.579 0.00810242
5.38318 145.346 0.377368
16.1495 145.346 1.12237
26.9159 145.346 1.75411
37.6822 145.346 1.68473
48.4486 145.346 1.1817
59.215 145.346 0.638169
69.9813 145.346 0.391003
5.38318 156.112 0.855583
16.1495 156.112 2.0476
26.9159 156.112 2.85595
37.6822 156.112 2.82854
48.4486 156.112 2.18606
59.215 156.112 1.42482
69.9813 156.112 0.833464
5.38318 166.879 1.29421
16.1495 166.879 2.64021
26.9159 166.879 3.52287
37.6822 166.879 3.50611
48.4486 166.879 2.88499
59.215 166.879 1.9944
69.9813 166.879 1.19722
5.38318 177.645 1.39043
16.1495 177.645 2.48808
26.9159 177.645 3.11739
37.6822 177.645 3.07983
48.4486 177.645 2.64558
59.215 177.645 1.9938
69.9813 177.645 1.24099
5.38318 188.411 1.33568
16.1495 188.411 2.20658
26.9159 188.411 2.58322
37.6822 188.411 2.45926
48.4486 188.411 2.12388
59.215 188.411 1.81259
69.9813 188.411 1.19916
5.38318 199.178 1.07957
16.1495 199.178 1.75616
26.9159 199.178 1.93609
37.6822 199.178 1.55118
48.4486 199.178 1.00989
59.215 199.178 0.961842
69.9813 199.178 0.756762
5.38318 209.944 0.718853
16.1495 209.944 1.14683
26.9159 209.944 1.16031
37.6822 209.944 0.803611
48.4486 209.944 0.43778
59.215 209.944 0.518292
69.9813 209.944 0.51593
