37 26
0 6 72 40
0 0 72 72
0 0 72 82
0 0 72 144
0 0 72 216
5.38318 5.38318 0.690358
16.1495 5.38318 1.31811
26.9159 5.38318 1.90155
37.6822 5.38318 2.05244
48.4486 5.38318 1.79675
59.215 5.38318 1.15383
69.9813 5.38318 0.618378
5.38318 16.1495 1.09769
16.1495 16.1495 2.46921
26.9159 16.1495 3.7223
37.6822 16.1495 4.00617
48.4486 16.1495 3.46106
59.215 16.1495 2.19155
69.9813 16.1495 1.2105
5.38318 26.9159 1.3441
16.1495 26.9159 3.20762
26.9159 26.9159 4.79649
37.6822 26.9159 5.03306
48.4486 26.9159 4.18653
59.215 26.9159 2.55973
69.9813 26.9159 1.43168
5.38318 37.6822 1.26815
16.1495 37.6822 3.00776
26.9159 37.6822 4.48342
37.6822 37.6822 4.69393
48.4486 37.6822 3.96538
59.215 37.6822 2.42285
69.9813 37.6822 1.37801
5.38318 48.4486 1.37338
16.1495 48.4486 2.68198
26.9159 48.4486 3.67141
37.6822 48.4486 3.76418
48.4486 48.4486 3.45071
59.215 48.4486 2.35942
69.9813 48.4486 1.47558
5.38318 59.215 1.4535
16.1495 59.215 2.29777
26.9159 59.215 2.7341
37.6822 59.215 2.60789
48.4486 59.215 2.73704
59.215 59.215 2.2951
69.9813 59.215 1.66436
5.38318 69.9813 1.2848
16.1495 69.9813 1.83641
26.9159 69.9813 2.06954
37.6822 69.9813 1.64662
48.4486 69.9813 1.98051
59.215 69.9813 1.79264
69.9813 69.9813 1.45761
5.38318 80.7477 0.0939956
16.1495 80.7477 -0.0124161
26.9159 80.7477 0.356678
37.6822 80.7477 0.0625698
48.4486 80.7477 0.416239
59.215 80.7477 0.45872
69.9813 80.7477 0.66491
5.38318 91.514 -0.446681
16.1495 91.514 -0.757287
26.9159 91.514 -0.717666
37.6822 91.514 -0.791726
48.4486 91.514 -0.716479
59.215 91.514 -0.567402
69.9813 91.514 -0.207173
5.38318 102.28 -0.554241
16.1495 102.28 -0.90214
26.9159 102.28 -0.977308
37.6822 102.28 -0.998729
48.4486 102.28 -0.945287
59.215 102.28 -0.73821
69.9813 102.28 -0.312696
5.38318 113.047 -0.574695
16.1495 113.047 -0.915539
26.9159 113.047 -0.9926
37.6822 113.047 -0.987701
48.4486 113.047 -0.93869
59.215 113.047 -0.716123
69.9813 113.047 -0.306463
5.38318 123.813 -0.487243
16.1495 123.813 -0.710105
26.9159 123.813 -0.6531
37.6822 123.813 -0.589837
48.4486 123.813 -0.563795
59.215 123.813 -0.403647
69.9813 123.813 -0.148876
5.38318 134.579 -0.173092
16.1495 134.579 -0.14837
26.9159 134.579 0.093427
37.6822 134.579 0.428744
48.4486 134.579 0.416269
59.215 134.579 0.504493
69.9813 134.579 0.463089
5.38318 145.346 0.624225
16.1495 145.346 1.47752
26.9159 145.346 2.17679
37.6822 145.346 2.51248
48.4486 145.346 2.49369
59.215 145.346 2.1465
69.9813 145.346 1.36369
5.38318 156.112 1.26501
16.1495 156.112 2.33734
26.9159 156.112 3.02565
37.6822 156.112 3.41289
48.4486 156.112 3.57697
59.215 156.112 3.1811
69.9813 156.112 2.01361
5.38318 166.879 1.32645
16.1495 166.879 2.31849
26.9159 166.879 2.95952
37.6822 166.879 3.27088
48.4486 166.879 3.48483
59.215 166.879 3.16956
69.9813 166.879 2.08833
5.38318 177.645 0.902329
16.1495 177.645 1.54212
26.9159 177.645 2.15217
37.6822 177.645 2.47992
48.4486 177.645 2.69889
59.215 177.645 2.38664
69.9813 177.645 1.5626
5.38318 188.411 0.559256
16.1495 188.411 1.0649
26.9159 188.411 1.87204
37.6822 188.411 2.16731
48.4486 188.411 2.19217
59.215 188.411 1.64492
69.9813 188.411 0.990639
5.38318 199.178 0.327018
16.1495 199.178 0.574192
26.9159 199.178 1.13457
37.6822 199.178 1.17882
48.4486 199.178 1.18616
59.215 199.178 0.654616
69.9813 199.178 0.472757
5.38318 209.944 0.152474
16.1495 209.944 0.196422
26.9159 209.944 0.510605
37.6822 209.944 0.297505
48.4486 209.944 0.381974
59.215 209.944 -0.00154826
69.9813 209.944 0.188573
