16 177
0 157 72 40
0 141 72 72
0 134 72 82
0 72 72 144
0 0 72 216
5.38318 5.38318 0.359596
16.1495 5.38318 0.348066
26.9159 5.38318 0.492728
37.6822 5.38318 0.382387
48.4486 5.38318 0.402773
59.215 5.38318 0.376535
69.9813 5.38318 0.313486
5.38318 16.1495 0.618951
16.1495 16.1495 0.847809
26.9159 16.1495 1.20745
37.6822 16.1495 0.993961
48.4486 16.1495 0.97849
59.215 16.1495 0.924464
69.9813 16.1495 0.745733
5.38318 26.9159 0.684463
16.1495 26.9159 0.989784
26.9159 26.9159 1.34758
37.6822 26.9159 1.00853
48.4486 26.9159 0.912225
59.215 26.9159 0.988254
69.9813 26.9159 0.84
5.38318 37.6822 0.774384
16.1495 37.6822 1.26938
26.9159 37.6822 1.59713
37.6822 37.6822 1.25078
48.4486 37.6822 0.967416
59.215 37.6822 0.999305
69.9813 37.6822 0.806272
5.38318 48.4486 0.620999
16.1495 48.4486 1.08615
26.9159 48.4486 1.31709
37.6822 48.4486 1.06821
48.4486 48.4486 0.712054
59.215 48.4486 0.751214
69.9813 48.4486 0.657207
5.38318 59.215 -0.0635308
16.1495 59.215 -0.012746
26.9159 59.215 0.219084
37.6822 59.215 0.324485
48.4486 59.215 0.138458
59.215 59.215 0.36073
69.9813 59.215 0.451546
5.38318 69.9813 -0.192729
16.1495 69.9813 -0.261501
26.9159 69.9813 -0.226293
37.6822 69.9813 -0.234527
48.4486 69.9813 -0.307643
59.215 69.9813 -0.16586
69.9813 69.9813 -0.000784764
5.38318 80.7477 -0.315732
16.1495 80.7477 -0.486378
26.9159 80.7477 -0.488385
37.6822 80.7477 -0.473199
48.4486 80.7477 -0.481389
59.215 80.7477 -0.328739
69.9813 80.7477 -0.129157
5.38318 91.514 -0.297701
16.1495 91.514 -0.461188
26.9159 91.514 -0.484415
37.6822 91.514 -0.491731
48.4486 91.514 -0.505319
59.215 91.514 -0.37136
69.9813 91.514 -0.169387
5.38318 102.28 -0.299396
16.1495 102.28 -0.449842
26.9159 102.28 -0.454472
37.6822 102.28 -0.429458
48.4486 102.28 -0.405851
59.215 102.28 -0.313477
69.9813 102.28 -0.136353
5.38318 113.047 -0.29918
16.1495 113.047 -0.450542
26.9159 113.047 -0.453269
37.6822 113.047 -0.435386
48.4486 113.047 -0.423319
59.215 113.047 -0.332395
69.9813 113.047 -0.149315
5.38318 123.813 -0.291377
16.1495 123.813 -0.42189
26.9159 123.813 -0.358463
37.6822 123.813 -0.294624
48.4486 123.813 -0.265966
59.215 123.813 -0.201903
69.9813 123.813 -0.0783794
5.38318 134.579 -0.208266
16.1495 134.579 -0.260944
26.9159 134.579 -0.123449
37.6822 134.579 0.0606295
48.4486 134.579 0.156514
59.215 134.579 0.20521
69.9813 134.579 0.209374
5.38318 145.346 0.071923
16.1495 145.346 0.261014
26.9159 145.346 0.7211
37.6822 145.346 1.1497
48.4486 145.346 1.31392
59.215 145.346 1.15535
69.9813 145.346 0.759029
5.38318 156.112 0.950176
16.1495 156.112 1.45771
26.9159 156.112 1.82813
37.6822 156.112 2.0184
48.4486 156.112 2.11193
59.215 156.112 1.84172
69.9813 156.112 1.19467
5.38318 166.879 1.86215
16.1495 166.879 2.66715
26.9159 166.879 2.81953
37.6822 166.879 2.45558
48.4486 166.879 2.28341
59.215 166.879 1.91504
69.9813 166.879 1.28165
5.38318 177.645 2.41881
16.1495 177.645 3.37018
26.9159 177.645 3.32975
37.6822 177.645 2.31121
48.4486 177.645 1.73226
59.215 177.645 1.34671
69.9813 177.645 0.941236
5.38318 188.411 2.09096
16.1495 188.411 2.93055
26.9159 188.411 2.91221
37.6822 188.411 1.86008
48.4486 188.411 1.06565
59.215 188.411 0.614628
69.9813 188.411 0.419837
5.38318 199.178 1.10445
16.1495 199.178 1.57324
26.9159 199.178 1.91212
37.6822 199.178 1.23606
48.4486 199.178 0.801462
59.215 199.178 0.319354
69.9813 199.178 0.22421
5.38318 209.944 0.607215
16.1495 209.944 0.899575
26.9159 209.944 1.2594
37.6822 209.944 0.961389
48.4486 209.944 0.67411
59.215 209.944 0.222679
69.9813 209.944 0.0961219
