48 177
0 157 72 40
0 141 72 72
0 134 72 82
0 72 72 144
0 0 72 216
5.38318 5.38318 0.173895
16.1495 5.38318 0.425611
26.9159 5.38318 1.0301
37.6822 5.38318 1.29366
48.4486 5.38318 1.27725
59.215 5.38318 0.957248
69.9813 5.38318 0.57588
5.38318 16.1495 0.320422
16.1495 16.1495 1.1797
26.9159 16.1495 2.33164
37.6822 16.1495 2.91961
48.4486 16.1495 2.82
59.215 16.1495 2.05564
69.9813 16.1495 1.1751
5.38318 26.9159 0.305732
16.1495 26.9159 1.69612
26.9159 26.9159 3.35922
37.6822 26.9159 4.52357
48.4486 26.9159 4.36917
59.215 26.9159 3.15279
69.9813 26.9159 1.70664
5.38318 37.6822 0.688358
16.1495 37.6822 2.20942
26.9159 37.6822 3.86151
37.6822 37.6822 5.02795
48.4486 37.6822 4.71751
59.215 37.6822 3.43298
69.9813 37.6822 1.82959
5.38318 48.4486 1.10988
16.1495 48.4486 2.48595
26.9159 48.4486 3.58018
37.6822 48.4486 4.16296
48.4486 48.4486 3.88891
59.215 48.4486 3.10474
69.9813 48.4486 1.85649
5.38318 59.215 1.38813
16.1495 59.215 2.47344
26.9159 59.215 2.82656
37.6822 59.215 2.48073
48.4486 59.215 2.26086
59.215 59.215 2.20634
69.9813 59.215 1.64195
5.38318 69.9813 1.37207
16.1495 69.9813 2.22101
26.9159 69.9813 2.36567
37.6822 69.9813 1.62412
48.4486 69.9813 1.5063
59.215 69.9813 1.80828
69.9813 69.9813 1.54096
5.38318 80.7477 0.703423
16.1495 80.7477 1.06815
26.9159 80.7477 1.06795
37.6822 80.7477 0.223209
48.4486 80.7477 -0.0280428
59.215 80.7477 0.462836
69.9813 80.7477 0.730781
5.38318 91.514 -0.265529
16.1495 91.514 -0.478643
26.9159 91.514 -0.563415
37.6822 91.514 -0.768019
48.4486 91.514 -0.769283
59.215 91.514 -0.496648
69.9813 91.514 -0.127086
5.38318 102.28 -0.536064
16.1495 102.28 -0.880946
26.9159 102.28 -0.984083
37.6822 102.28 -1.01325
48.4486 102.28 -0.964114
59.215 102.28 -0.732031
69.9813 102.28 -0.299358
5.38318 113.047 -0.583152
16.1495 113.047 -0.934137
26.9159 113.047 -1.02069
37.6822 113.047 -1.02276
48.4486 113.047 -0.969346
59.215 113.047 -0.762727
69.9813 113.047 -0.327811
5.38318 123.813 -0.574296
16.1495 123.813 -0.916565
26.9159 123.813 -0.989289
37.6822 123.813 -0.983376
48.4486 123.813 -0.927969
59.215 123.813 -0.697884
69.9813 123.813 -0.293078
5.38318 134.579 -0.548355
16.1495 134.579 -0.857621
26.9159 134.579 -0.863277
37.6822 134.579 -0.805339
48.4486 134.579 -0.733591
59.215 134.579 -0.494938
69.9813 134.579 -0.190689
5.38318 145.346 -0.471641
16.1495 145.346 -0.648038
26.9159 145.346 -0.439671
37.6822 145.346 -0.279703
48.4486 145.346 -0.20013
59.215 145.346 -0.0754474
69.9813 145.346 0.084144
5.38318 156.112 -0.280707
16.1495 156.112 -0.190866
26.9159 156.112 0.7609
37.6822 156.112 1.58905
48.4486 156.112 1.78311
59.215 156.112 1.42997
69.9813 156.112 0.88765
5.38318 166.879 0.0677169
16.1495 166.879 0.944384
26.9159 166.879 2.63803
37.6822 166.879 3.77986
48.4486 166.879 3.91429
59.215 166.879 2.88472
69.9813 166.879 1.58983
5.38318 177.645 0.81026
16.1495 177.645 1.98218
26.9159 177.645 3.73371
37.6822 177.645 5.20506
48.4486 177.645 5.29194
59.215 177.645 3.9144
69.9813 177.645 2.06126
5.38318 188.411 1.61473
16.1495 188.411 2.83208
26.9159 188.411 4.11719
37.6822 188.411 5.09147
48.4486 188.411 4.9575
59.215 188.411 3.70071
69.9813 188.411 1.91549
5.38318 199.178 1.95355
16.1495 199.178 2.90929
26.9159 199.178 3.18119
37.6822 199.178 3.17811
48.4486 199.178 2.91343
59.215 199.178 2.54881
69.9813 199.178 1.50067
5.38318 209.944 1.59177
16.1495 209.944 2.28747
26.9159 209.944 2.17414
37.6822 209.944 1.73817
48.4486 209.944 1.58864
59.215 209.944 1.58456
69.9813 209.944 1.11857
