37 177
0 157 72 40
0 141 72 72
0 134 72 82
0 72 72 144
0 0 72 216
5.38318 5.38318 0.276952
16.1495 5.38318 0.506651
26.9159 5.38318 0.877232
37.6822 5.38318 1.06762
48.4486 5.38318 1.01754
59.215 5.38318 0.772257
69.9813 5.38318 0.439251
5.38318 16.1495 0.582356
16.1495 16.1495 1.26756
26.9159 16.1495 1.9528
37.6822 16.1495 2.165
48.4486 16.1495 1.97796
59.215 16.1495 1.48395
69.9813 16.1495 0.835872
5.38318 26.9159 0.741953
16.1495 26.9159 1.69895
26.9159 26.9159 2.42567
37.6822 26.9159 2.45901
48.4486 26.9159 1.97016
59.215 26.9159 1.37443
69.9813 26.9159 0.786076
5.38318 37.6822 1.15036
16.1495 37.6822 2.48538
26.9159 37.6822 3.37653
37.6822 37.6822 3.13523
48.4486 37.6822 2.17089
59.215 37.6822 1.26325
69.9813 37.6822 0.653963
5.38318 48.4486 1.16986
16.1495 48.4486 2.61261
26.9159 48.4486 3.70742
37.6822 48.4486 3.42723
48.4486 48.4486 2.26143
59.215 48.4486 1.22275
69.9813 48.4486 0.576671
5.38318 59.215 0.761206
16.1495 59.215 1.96369
26.9159 59.215 3.02159
37.6822 59.215 2.87447
48.4486 59.215 1.9053
59.215 59.215 1.11421
69.9813 59.215 0.462472
5.38318 69.9813 0.0375337
16.1495 69.9813 0.327492
26.9159 69.9813 0.909226
37.6822 69.9813 0.692415
48.4486 69.9813 0.247054
59.215 69.9813 0.24426
69.9813 69.9813 0.119855
5.38318 80.7477 -0.201313
16.1495 80.7477 -0.31505
26.9159 80.7477 -0.241848
37.6822 80.7477 -0.307874
48.4486 80.7477 -0.308981
59.215 80.7477 -0.193937
69.9813 80.7477 -0.0760579
5.38318 91.514 -0.272322
16.1495 91.514 -0.43859
26.9159 91.514 -0.443452
37.6822 91.514 -0.485728
48.4486 91.514 -0.469041
59.215 91.514 -0.368966
69.9813 91.514 -0.15977
5.38318 102.28 -0.29674
16.1495 102.28 -0.449234
26.9159 102.28 -0.443602
37.6822 102.28 -0.424408
48.4486 102.28 -0.394229
59.215 102.28 -0.313913
69.9813 102.28 -0.132887
5.38318 113.047 -0.294421
16.1495 113.047 -0.446483
26.9159 113.047 -0.427085
37.6822 113.047 -0.403597
48.4486 113.047 -0.373277
59.215 113.047 -0.285373
69.9813 113.047 -0.119764
5.38318 123.813 -0.173665
16.1495 123.813 -0.285715
26.9159 123.813 -0.243494
37.6822 123.813 -0.258775
48.4486 123.813 -0.260532
59.215 123.813 -0.177787
69.9813 123.813 -0.0534829
5.38318 134.579 0.232892
16.1495 134.579 0.345179
26.9159 134.579 0.550245
37.6822 134.579 0.433229
48.4486 134.579 0.269538
59.215 134.579 0.243707
69.9813 134.579 0.246426
5.38318 145.346 1.13641
16.1495 145.346 1.8228
26.9159 145.346 2.04933
37.6822 145.346 1.81358
48.4486 145.346 1.48481
59.215 145.346 1.15184
69.9813 145.346 0.764157
5.38318 156.112 2.02093
16.1495 156.112 3.35736
26.9159 156.112 3.75276
37.6822 156.112 3.47574
48.4486 156.112 2.95954
59.215 156.112 2.20753
69.9813 156.112 1.30975
5.38318 166.879 2.4019
16.1495 166.879 4.11246
26.9159 166.879 4.79721
37.6822 166.879 4.8597
48.4486 166.879 4.2954
59.215 166.879 3.19586
69.9813 166.879 1.74903
5.38318 177.645 1.95964
16.1495 177.645 3.50106
26.9159 177.645 4.5047
37.6822 177.645 5.21482
48.4486 177.645 4.86443
59.215 177.645 3.65414
69.9813 177.645 1.88731
5.38318 188.411 1.21963
16.1495 188.411 2.31296
26.9159 188.411 3.31303
37.6822 188.411 4.25159
48.4486 188.411 4.0931
59.215 188.411 3.10915
69.9813 188.411 1.60486
5.38318 199.178 0.887423
16.1495 199.178 1.62597
26.9159 199.178 2.27745
37.6822 199.178 2.76881
48.4486 199.178 2.56323
59.215 199.178 1.95405
69.9813 199.178 1.12725
5.38318 209.944 0.803717
16.1495 209.944 1.38411
26.9159 209.944 1.78023
37.6822 209.944 1.94237
48.4486 209.944 1.75664
59.215 209.944 1.22468
69.9813 209.944 0.776957
