37 37
0 17 72 40
0 1 72 72
0 0 72 82
0 0 72 144
0 0 72 216
5.38318 5.38318 0.431404
16.1495 5.38318 0.842757
26.9159 5.38318 1.2909
37.6822 5.38318 1.34909
48.4486 5.38318 1.14638
59.215 5.38318 0.682959
69.9813 5.38318 0.379662
5.38318 16.1495 0.789303
16.1495 16.1495 1.81216
26.9159 16.1495 2.91087
37.6822 16.1495 3.12422
48.4486 16.1495 2.64702
59.215 16.1495 1.5847
69.9813 16.1495 0.871047
5.38318 26.9159 1.12127
16.1495 26.9159 2.5944
26.9159 26.9159 4.4491
37.6822 26.9159 4.84227
48.4486 26.9159 4.11572
59.215 26.9159 2.35857
69.9813 26.9159 1.16903
5.38318 37.6822 1.36312
16.1495 37.6822 2.89477
26.9159 37.6822 4.71247
37.6822 37.6822 5.26621
48.4486 37.6822 4.60784
59.215 37.6822 2.84987
69.9813 37.6822 1.4116
5.38318 48.4486 1.68272
16.1495 48.4486 2.86809
26.9159 48.4486 3.96894
37.6822 48.4486 4.11073
48.4486 48.4486 3.69561
59.215 48.4486 2.67799
69.9813 48.4486 1.48635
5.38318 59.215 1.5459
16.1495 59.215 2.30078
26.9159 59.215 2.3336
37.6822 59.215 2.18407
48.4486 59.215 2.07991
59.215 59.215 2.16752
69.9813 59.215 1.52187
5.38318 69.9813 1.15121
16.1495 69.9813 1.65196
26.9159 69.9813 1.52215
37.6822 69.9813 1.18382
48.4486 69.9813 1.20612
59.215 69.9813 1.71171
69.9813 69.9813 1.36325
5.38318 80.7477 0.192106
16.1495 80.7477 0.369062
26.9159 80.7477 0.386223
37.6822 80.7477 0.292772
48.4486 80.7477 0.346143
59.215 80.7477 0.748983
69.9813 80.7477 0.743049
5.38318 91.514 -0.250104
16.1495 91.514 -0.319684
26.9159 91.514 -0.266886
37.6822 91.514 -0.220287
48.4486 91.514 -0.208932
59.215 91.514 -0.106923
69.9813 91.514 0.0764195
5.38318 102.28 -0.300259
16.1495 102.28 -0.414777
26.9159 102.28 -0.341848
37.6822 102.28 -0.303466
48.4486 102.28 -0.318288
59.215 102.28 -0.264355
69.9813 102.28 -0.120403
5.38318 113.047 -0.300216
16.1495 113.047 -0.453801
26.9159 113.047 -0.456242
37.6822 113.047 -0.438453
48.4486 113.047 -0.421872
59.215 113.047 -0.330478
69.9813 113.047 -0.14681
5.38318 123.813 -0.26585
16.1495 123.813 -0.399212
26.9159 123.813 -0.375485
37.6822 123.813 -0.370065
48.4486 123.813 -0.367311
59.215 123.813 -0.290698
69.9813 123.813 -0.127776
5.38318 134.579 -0.15635
16.1495 134.579 -0.220424
26.9159 134.579 -0.189354
37.6822 134.579 -0.178479
48.4486 134.579 -0.203836
59.215 134.579 -0.139305
69.9813 134.579 -0.0364917
5.38318 145.346 0.0953216
16.1495 145.346 0.205834
26.9159 145.346 0.352385
37.6822 145.346 0.401057
48.4486 145.346 0.335741
59.215 145.346 0.382707
69.9813 145.346 0.345524
5.38318 156.112 0.502135
16.1495 156.112 0.883614
26.9159 156.112 1.03509
37.6822 156.112 1.08428
48.4486 156.112 1.07434
59.215 156.112 1.15444
69.9813 156.112 0.836547
5.38318 166.879 0.720087
16.1495 166.879 1.22081
26.9159 166.879 1.43465
37.6822 166.879 1.45017
48.4486 166.879 1.52493
59.215 166.879 1.558
69.9813 166.879 1.12298
5.38318 177.645 0.696538
16.1495 177.645 1.17907
26.9159 177.645 1.38102
37.6822 177.645 1.38135
48.4486 177.645 1.33529
59.215 177.645 1.43013
69.9813 177.645 1.03752
5.38318 188.411 0.455461
16.1495 188.411 0.751228
26.9159 188.411 0.935038
37.6822 188.411 0.921977
48.4486 188.411 0.710032
59.215 188.411 0.800827
69.9813 188.411 0.64054
5.38318 199.178 0.557432
16.1495 199.178 0.89239
26.9159 199.178 1.16841
37.6822 199.178 1.2235
48.4486 199.178 0.898498
59.215 199.178 0.890516
69.9813 199.178 0.624586
5.38318 209.944 0.480988
16.1495 209.944 0.793228
26.9159 209.944 1.05995
37.6822 209.944 1.12255
48.4486 209.944 0.919397
59.215 209.944 0.867816
69.9813 209.944 0.579141
