37 188
0 168 72 40
0 144 72 72
0 134 72 82
0 72 72 144
0 0 72 216
5.38318 5.38318 -0.0285757
16.1495 5.38318 -0.0613499
26.9159 5.38318 0.175412
37.6822 5.38318 0.409432
48.4486 5.38318 0.660115
59.215 5.38318 0.700398
69.9813 5.38318 0.488018
5.38318 16.1495 -0.102154
16.1495 16.1495 -0.0443495
26.9159 16.1495 0.398911
37.6822 16.1495 0.699906
48.4486 16.1495 0.963575
59.215 16.1495 1.00346
69.9813 16.1495 0.758887
5.38318 26.9159 -0.259719
16.1495 26.9159 -0.299217
26.9159 26.9159 -0.116324
37.6822 26.9159 -0.0101953
48.4486 26.9159 0.290381
59.215 26.9159 0.584085
69.9813 26.9159 0.623905
5.38318 37.6822 -0.137495
16.1495 37.6822 -0.126592
26.9159 37.6822 0.0393377
37.6822 37.6822 -0.0175378
48.4486 37.6822 -0.0507233
59.215 37.6822 0.0261591
69.9813 37.6822 0.24686
5.38318 48.4486 0.137196
16.1495 48.4486 0.372525
26.9159 48.4486 0.69918
37.6822 48.4486 0.348554
48.4486 48.4486 0.012522
59.215 48.4486 -0.0106124
69.9813 48.4486 0.168624
5.38318 59.215 0.256531
16.1495 59.215 0.589894
26.9159 59.215 1.00982
37.6822 59.215 0.75837
48.4486 59.215 0.250763
59.215 59.215 -0.011592
69.9813 59.215 0.0940571
5.38318 69.9813 0.133029
16.1495 69.9813 0.410692
26.9159 69.9813 0.88217
37.6822 69.9813 0.596586
48.4486 69.9813 -0.0666327
59.215 69.9813 -0.232632
69.9813 69.9813 -0.108699
5.38318 80.7477 -0.243117
16.1495 80.7477 -0.383169
26.9159 80.7477 -0.327295
37.6822 80.7477 -0.417465
48.4486 80.7477 -0.556084
59.215 80.7477 -0.540776
69.9813 80.7477 -0.255125
5.38318 91.514 -0.514672
16.1495 91.514 -0.846901
26.9159 91.514 -0.947907
37.6822 91.514 -0.996676
48.4486 91.514 -0.978733
59.215 91.514 -0.790667
69.9813 91.514 -0.354205
5.38318 102.28 -0.583644
16.1495 102.28 -0.952802
26.9159 102.28 -1.04805
37.6822 102.28 -1.07119
48.4486 102.28 -1.0123
59.215 102.28 -0.800473
69.9813 102.28 -0.352689
5.38318 113.047 -0.585317
16.1495 113.047 -0.937198
26.9159 113.047 -1.01779
37.6822 113.047 -1.0199
48.4486 113.047 -0.966743
59.215 113.047 -0.767017
69.9813 113.047 -0.331836
5.38318 123.813 -0.566125
16.1495 123.813 -0.903655
26.9159 123.813 -0.977668
37.6822 123.813 -0.982065
48.4486 123.813 -0.936228
59.215 123.813 -0.723083
69.9813 123.813 -0.307974
5.38318 134.579 -0.526862
16.1495 134.579 -0.839371
26.9159 134.579 -0.876912
37.6822 134.579 -0.890278
48.4486 134.579 -0.839262
59.215 134.579 -0.620723
69.9813 134.579 -0.248694
5.38318 145.346 -0.396687
16.1495 145.346 -0.583503
26.9159 145.346 -0.50589
37.6822 145.346 -0.472945
48.4486 145.346 -0.432393
59.215 145.346 -0.318422
69.9813 145.346 -0.0847177
5.38318 156.112 -0.110635
16.1495 156.112 -0.0425862
26.9159 156.112 0.568478
37.6822 156.112 0.868215
48.4486 156.112 0.889265
59.215 156.112 0.619287
69.9813 156.112 0.523336
5.38318 166.879 0.426068
16.1495 166.879 1.4016
26.9159 166.879 2.70604
37.6822 166.879 3.31003
48.4486 166.879 3.15818
59.215 166.879 2.23521
69.9813 166.879 1.29957
5.38318 177.645 0.972782
16.1495 177.645 2.46182
26.9159 177.645 4.28794
37.6822 177.645 5.17837
48.4486 177.645 4.86244
59.215 177.645 3.41228
69.9813 177.645 1.83584
5.38318 188.411 1.03386
16.1495 188.411 2.60065
26.9159 188.411 4.42363
37.6822 188.411 5.28859
48.4486 188.411 4.79705
59.215 188.411 3.38285
69.9813 188.411 1.7682
5.38318 199.178 0.665502
16.1495 199.178 1.69411
26.9159 199.178 2.65572
37.6822 199.178 2.92961
48.4486 199.178 2.5845
59.215 199.178 1.98769
69.9813 199.178 1.14123
5.38318 209.944 0.277609
16.1495 209.944 0.751708
26.9159 209.944 0.92896
37.6822 209.944 0.835104
48.4486 209.944 0.487552
59.215 209.944 0.528434
69.9813 209.944 0.43106
