26 26
0 6 72 40
0 0 72 72
0 0 72 82
0 0 72 144
0 0 72 216
5.38318 5.38318 0.856852
16.1495 5.38318 1.48841
26.9159 5.38318 1.70924
37.6822 5.38318 1.43824
48.4486 5.38318 1.01329
59.215 5.38318 0.643122
69.9813 5.38318 0.381407
5.38318 16.1495 1.42456
16.1495 16.1495 2.71459
26.9159 16.1495 3.30766
37.6822 16.1495 2.86337
48.4486 16.1495 2.1587
59.215 16.1495 1.48127
69.9813 16.1495 0.906892
5.38318 26.9159 1.61962
16.1495 26.9159 3.16427
26.9159 26.9159 3.88517
37.6822 26.9159 3.50039
48.4486 26.9159 2.75491
59.215 26.9159 2.07322
69.9813 26.9159 1.29026
5.38318 37.6822 1.53821
16.1495 37.6822 2.88784
26.9159 37.6822 3.56062
37.6822 37.6822 3.35298
48.4486 37.6822 2.92281
59.215 37.6822 2.36565
69.9813 37.6822 1.53283
5.38318 48.4486 1.30868
16.1495 48.4486 2.43062
26.9159 48.4486 2.97466
37.6822 48.4486 2.88576
48.4486 48.4486 2.50924
59.215 48.4486 2.08495
69.9813 48.4486 1.36478
5.38318 59.215 1.01279
16.1495 59.215 2.02498
26.9159 59.215 2.5907
37.6822 59.215 2.54046
48.4486 59.215 2.04104
59.215 59.215 1.47715
69.9813 59.215 0.957864
5.38318 69.9813 0.0311135
16.1495 69.9813 0.331086
26.9159 69.9813 0.712947
37.6822 69.9813 0.781357
48.4486 69.9813 0.572162
59.215 69.9813 0.361487
69.9813 69.9813 0.361224
5.38318 80.7477 -0.198385
16.1495 80.7477 -0.260717
26.9159 80.7477 -0.183916
37.6822 80.7477 -0.134329
48.4486 80.7477 -0.164982
59.215 80.7477 -0.167454
69.9813 80.7477 -0.0407553
5.38318 91.514 -0.292474
16.1495 91.514 -0.437372
26.9159 91.514 -0.430418
37.6822 91.514 -0.393847
48.4486 91.514 -0.375318
59.215 91.514 -0.308044
69.9813 91.514 -0.12745
5.38318 102.28 -0.303167
16.1495 102.28 -0.453776
26.9159 102.28 -0.433641
37.6822 102.28 -0.389083
48.4486 102.28 -0.35603
59.215 102.28 -0.287511
69.9813 102.28 -0.119512
5.38318 113.047 -0.300929
16.1495 113.047 -0.455728
26.9159 113.047 -0.457466
37.6822 113.047 -0.439145
48.4486 113.047 -0.413808
59.215 113.047 -0.32547
69.9813 113.047 -0.143821
5.38318 123.813 -0.277673
16.1495 123.813 -0.390813
26.9159 123.813 -0.314914
37.6822 123.813 -0.280466
48.4486 123.813 -0.298581
59.215 123.813 -0.258269
69.9813 123.813 -0.125533
5.38318 134.579 -0.188521
16.1495 134.579 -0.181654
26.9159 134.579 0.0983
37.6822 134.579 0.276651
48.4486 134.579 0.0184509
59.215 134.579 -0.0824215
69.9813 134.579 -0.0661118
5.38318 145.346 -0.0901049
16.1495 145.346 0.235911
26.9159 145.346 1.21583
37.6822 145.346 1.55268
48.4486 145.346 1.0459
59.215 145.346 0.437584
69.9813 145.346 0.0532411
5.38318 156.112 0.130309
16.1495 156.112 0.941254
26.9159 156.112 2.26426
37.6822 156.112 2.62373
48.4486 156.112 1.93901
59.215 156.112 0.940888
69.9813 156.112 0.220247
5.38318 166.879 0.205989
16.1495 166.879 1.12958
26.9159 166.879 2.4319
37.6822 166.879 2.79585
48.4486 166.879 2.08778
59.215 166.879 0.965203
69.9813 166.879 0.215948
5.38318 177.645 0.458384
16.1495 177.645 1.32942
26.9159 177.645 2.26477
37.6822 177.645 2.49197
48.4486 177.645 1.92162
59.215 177.645 0.941143
69.9813 177.645 0.268145
5.38318 188.411 0.546153
16.1495 188.411 1.41487
26.9159 188.411 2.10652
37.6822 188.411 2.16055
48.4486 188.411 1.66356
59.215 188.411 0.825289
69.9813 188.411 0.328785
5.38318 199.178 0.612548
16.1495 199.178 1.51297
26.9159 199.178 2.28058
37.6822 199.178 2.42796
48.4486 199.178 2.05526
59.215 199.178 1.27866
69.9813 199.178 0.622671
5.38318 209.944 0.424639
16.1495 209.944 1.12145
26.9159 209.944 1.81929
37.6822 209.944 2.04682
48.4486 209.944 1.84371
59.215 209.944 1.21751
69.9813 209.944 0.637561
