48 26
0 6 72 40
0 0 72 72
0 0 72 82
0 0 72 144
0 0 72 216
5.38318 5.38318 1.3381
16.1495 5.38318 2.14811
26.9159 5.38318 2.32641
37.6822 5.38318 2.4262
48.4486 5.38318 2.43174
59.215 5.38318 1.93409
69.9813 5.38318 1.16036
5.38318 16.1495 2.25238
16.1495 16.1495 3.75127
26.9159 16.1495 4.16188
37.6822 16.1495 4.32428
48.4486 16.1495 4.4159
59.215 16.1495 3.588
69.9813 16.1495 2.20991
5.38318 26.9159 2.26692
16.1495 26.9159 3.8824
26.9159 26.9159 4.41025
37.6822 26.9159 4.61772
48.4486 26.9159 4.68537
59.215 26.9159 3.92986
69.9813 26.9159 2.41097
5.38318 37.6822 1.58196
16.1495 37.6822 2.65471
26.9159 37.6822 3.22191
37.6822 37.6822 3.39025
48.4486 37.6822 3.41372
59.215 37.6822 2.93824
69.9813 37.6822 1.82976
5.38318 48.4486 1.12835
16.1495 48.4486 1.86426
26.9159 48.4486 2.42294
37.6822 48.4486 2.53179
48.4486 48.4486 2.4879
59.215 48.4486 2.28613
69.9813 48.4486 1.46887
5.38318 59.215 1.21204
16.1495 59.215 1.93064
26.9159 59.215 2.4528
37.6822 59.215 2.4583
48.4486 59.215 2.36295
59.215 59.215 2.21638
69.9813 59.215 1.5042
5.38318 69.9813 1.0748
16.1495 69.9813 1.58256
26.9159 69.9813 1.90572
37.6822 69.9813 1.68596
48.4486 69.9813 1.57056
59.215 69.9813 1.51864
69.9813 69.9813 1.14843
5.38318 80.7477 0.654109
16.1495 80.7477 0.952941
26.9159 80.7477 1.12546
37.6822 80.7477 0.679496
48.4486 80.7477 0.509069
59.215 80.7477 0.51358
69.9813 80.7477 0.562618
5.38318 91.514 -0.17016
16.1495 91.514 -0.293095
26.9159 91.514 -0.30232
37.6822 91.514 -0.480342
48.4486 91.514 -0.516813
59.215 91.514 -0.36845
69.9813 91.514 -0.0836578
5.38318 102.28 -0.500672
16.1495 102.28 -0.809435
26.9159 102.28 -0.871798
37.6822 102.28 -0.932392
48.4486 102.28 -0.901039
59.215 102.28 -0.678035
69.9813 102.28 -0.276843
5.38318 113.047 -0.585673
16.1495 113.047 -0.938082
26.9159 113.047 -1.02366
37.6822 113.047 -1.01993
48.4486 113.047 -0.955861
59.215 113.047 -0.725913
69.9813 113.047 -0.298947
5.38318 123.813 -0.584065
16.1495 123.813 -0.932919
26.9159 123.813 -1.00399
37.6822 123.813 -0.969643
48.4486 123.813 -0.877019
59.215 123.813 -0.565701
69.9813 123.813 -0.199965
5.38318 134.579 -0.579078
16.1495 134.579 -0.91589
26.9159 134.579 -0.955749
37.6822 134.579 -0.847393
48.4486 134.579 -0.610644
59.215 134.579 -0.267198
69.9813 134.579 0.00334922
5.38318 145.346 -0.546046
16.1495 145.346 -0.845732
26.9159 145.346 -0.784193
37.6822 145.346 -0.567554
48.4486 145.346 -0.237315
59.215 145.346 0.305629
69.9813 145.346 0.518726
5.38318 156.112 -0.373952
16.1495 156.112 -0.50874
26.9159 156.112 -0.265148
37.6822 156.112 -0.00897226
48.4486 156.112 0.710418
59.215 156.112 1.09304
69.9813 156.112 0.916875
5.38318 166.879 -0.00488216
16.1495 166.879 0.195158
26.9159 166.879 0.901091
37.6822 166.879 1.23012
48.4486 166.879 1.47395
59.215 166.879 1.48675
69.9813 166.879 1.06824
5.38318 177.645 1.00171
16.1495 177.645 1.73471
26.9159 177.645 2.4433
37.6822 177.645 2.60328
48.4486 177.645 2.46965
59.215 177.645 1.97926
69.9813 177.645 1.24441
5.38318 188.411 1.47969
16.1495 188.411 2.39845
26.9159 188.411 3.00366
37.6822 188.411 3.29895
48.4486 188.411 3.39135
59.215 188.411 2.91112
69.9813 188.411 1.85959
5.38318 199.178 1.37169
16.1495 199.178 2.13648
26.9159 199.178 2.59062
37.6822 199.178 2.91723
48.4486 199.178 3.35914
59.215 199.178 3.22075
69.9813 199.178 2.15298
5.38318 209.944 0.503961
16.1495 209.944 0.854012
26.9159 209.944 1.09172
37.6822 209.944 1.45754
48.4486 209.944 2.07738
59.215 209.944 2.35909
69.9813 209.944 1.68037
