37 37
0 17 72 40
0 1 72 72
0 0 72 82
0 0 72 144
0 0 72 216
5.38318 5.38318 0.144433
16.1495 5.38318 0.217016
26.9159 5.38318 0.5202
37.6822 5.38318 0.588337
48.4486 5.38318 0.655839
59.215 5.38318 0.506287
69.9813 5.38318 0.329499
5.38318 16.1495 0.203337
16.1495 16.1495 0.729702
26.9159 16.1495 1.64622
37.6822 16.1495 1.87946
48.4486 16.1495 1.89505
59.215 16.1495 1.41269
69.9813 16.1495 0.869714
5.38318 26.9159 -0.0574874
16.1495 26.9159 0.469587
26.9159 26.9159 1.86023
37.6822 26.9159 2.2394
48.4486 26.9159 2.36672
59.215 26.9159 1.70861
69.9813 26.9159 1.07765
5.38318 37.6822 0.182268
16.1495 37.6822 1.16403
26.9159 37.6822 2.77537
37.6822 37.6822 3.12256
48.4486 37.6822 3.10661
59.215 37.6822 2.06925
69.9813 37.6822 1.25375
5.38318 48.4486 0.195417
16.1495 48.4486 1.13654
26.9159 48.4486 2.63854
37.6822 48.4486 2.97185
48.4486 48.4486 2.90118
59.215 48.4486 1.86048
69.9813 48.4486 1.15826
5.38318 59.215 0.3233
16.1495 59.215 1.04017
26.9159 59.215 2.08511
37.6822 59.215 2.20651
48.4486 59.215 2.05855
59.215 59.215 1.32823
69.9813 59.215 0.921231
5.38318 69.9813 -0.0155898
16.1495 69.9813 0.0787031
26.9159 69.9813 0.51073
37.6822 69.9813 0.401385
48.4486 69.9813 0.42202
59.215 69.9813 0.350297
69.9813 69.9813 0.502595
5.38318 80.7477 -0.152828
16.1495 80.7477 -0.197072
26.9159 80.7477 -0.0723368
37.6822 80.7477 -0.140671
48.4486 80.7477 -0.0964159
59.215 80.7477 -0.061725
69.9813 80.7477 0.257621
5.38318 91.514 -0.262078
16.1495 91.514 -0.39359
26.9159 91.514 -0.289234
37.6822 91.514 -0.301316
48.4486 91.514 -0.234851
59.215 91.514 -0.209267
69.9813 91.514 -0.0278242
5.38318 102.28 -0.291127
16.1495 102.28 -0.431939
26.9159 102.28 -0.368052
37.6822 102.28 -0.359408
48.4486 102.28 -0.356649
59.215 102.28 -0.302731
69.9813 102.28 -0.131633
5.38318 113.047 -0.296989
16.1495 113.047 -0.448342
26.9159 113.047 -0.453892
37.6822 113.047 -0.438604
48.4486 113.047 -0.426403
59.215 113.047 -0.338969
69.9813 113.047 -0.152273
5.38318 123.813 -0.298226
16.1495 123.813 -0.450377
26.9159 123.813 -0.450367
37.6822 123.813 -0.433201
48.4486 123.813 -0.413091
59.215 123.813 -0.323034
69.9813 123.813 -0.143025
5.38318 134.579 -0.296899
16.1495 134.579 -0.442437
26.9159 134.579 -0.394001
37.6822 134.579 -0.341443
48.4486 134.579 -0.266749
59.215 134.579 -0.187553
69.9813 134.579 -0.0525565
5.38318 145.346 -0.291339
16.1495 145.346 -0.408827
26.9159 145.346 -0.280693
37.6822 145.346 -0.174047
48.4486 145.346 -0.0281988
59.215 145.346 0.0772641
69.9813 145.346 0.256104
5.38318 156.112 -0.233451
16.1495 156.112 -0.271511
26.9159 156.112 -0.0764832
37.6822 156.112 0.26724
48.4486 156.112 0.781032
59.215 156.112 0.844705
69.9813 156.112 0.789278
5.38318 166.879 -0.0772109
16.1495 166.879 -0.0248539
26.9159 166.879 0.305758
37.6822 166.879 0.722164
48.4486 166.879 1.22602
59.215 166.879 1.37403
69.9813 166.879 1.17085
5.38318 177.645 0.42922
16.1495 177.645 0.719308
26.9159 177.645 0.717681
37.6822 177.645 0.880444
48.4486 177.645 1.18677
59.215 177.645 1.51208
69.9813 177.645 1.31117
5.38318 188.411 1.05781
16.1495 188.411 1.38155
26.9159 188.411 0.943593
37.6822 188.411 0.5367
48.4486 188.411 0.360844
59.215 188.411 0.992574
69.9813 188.411 0.996719
5.38318 199.178 1.29397
16.1495 199.178 1.54769
26.9159 199.178 0.888693
37.6822 199.178 0.0899186
48.4486 199.178 -0.180955
59.215 199.178 0.39012
69.9813 199.178 0.682854
5.38318 209.944 0.979942
16.1495 209.944 1.16715
26.9159 209.944 0.70353
37.6822 209.944 0.0792931
48.4486 209.944 -0.0652011
59.215 209.944 0.321896
69.9813 209.944 0.509671
