26 166
0 146 72 40
0 130 72 72
0 125 72 82
0 72 72 144
0 0 72 216
5.38318 5.38318 0.832955
16.1495 5.38318 1.20623
26.9159 5.38318 1.29926
37.6822 5.38318 1.31426
48.4486 5.38318 1.35348
59.215 5.38318 1.19106
69.9813 5.38318 0.754953
5.38318 16.1495 1.32205
16.1495 16.1495 2.07065
26.9159 16.1495 2.49755
37.6822 16.1495 2.65703
48.4486 16.1495 2.6959
59.215 16.1495 2.24622
69.9813 16.1495 1.41084
5.38318 26.9159 1.2998
16.1495 26.9159 2.37217
26.9159 26.9159 3.37124
37.6822 26.9159 3.75623
48.4486 26.9159 3.57998
59.215 26.9159 2.68877
69.9813 26.9159 1.59101
5.38318 37.6822 1.18819
16.1495 37.6822 2.47876
26.9159 37.6822 4.22619
37.6822 37.6822 4.70232
48.4486 37.6822 4.18395
59.215 37.6822 2.66023
69.9813 37.6822 1.4339
5.38318 48.4486 1.09691
16.1495 48.4486 2.42765
26.9159 48.4486 4.34328
37.6822 48.4486 4.76102
48.4486 48.4486 4.02856
59.215 48.4486 2.40987
69.9813 48.4486 1.19967
5.38318 59.215 0.843265
16.1495 59.215 1.86491
26.9159 59.215 3.22094
37.6822 59.215 3.25784
48.4486 59.215 2.60476
59.215 59.215 1.53457
69.9813 59.215 0.864668
5.38318 69.9813 0.216001
16.1495 69.9813 0.430156
26.9159 69.9813 0.76292
37.6822 69.9813 0.627933
48.4486 69.9813 0.235875
59.215 69.9813 0.467233
69.9813 69.9813 0.530234
5.38318 80.7477 -0.280738
16.1495 80.7477 -0.435711
26.9159 80.7477 -0.470138
37.6822 80.7477 -0.552265
48.4486 80.7477 -0.601649
59.215 80.7477 -0.296721
69.9813 80.7477 -0.0158333
5.38318 91.514 -0.520991
16.1495 91.514 -0.856582
26.9159 91.514 -0.939755
37.6822 91.514 -0.99979
48.4486 91.514 -0.963941
59.215 91.514 -0.671004
69.9813 91.514 -0.263258
5.38318 102.28 -0.59169
16.1495 102.28 -0.962501
26.9159 102.28 -1.05038
37.6822 102.28 -1.06124
48.4486 102.28 -1.01038
59.215 102.28 -0.792736
69.9813 102.28 -0.355583
5.38318 113.047 -0.570255
16.1495 113.047 -0.903177
26.9159 113.047 -0.965048
37.6822 113.047 -0.9702
48.4486 113.047 -0.935417
59.215 113.047 -0.742911
69.9813 113.047 -0.329223
5.38318 123.813 -0.459238
16.1495 123.813 -0.637805
26.9159 123.813 -0.51303
37.6822 123.813 -0.569941
48.4486 123.813 -0.676861
59.215 123.813 -0.609876
69.9813 123.813 -0.295673
5.38318 134.579 -0.167567
16.1495 134.579 -0.00275075
26.9159 134.579 0.905108
37.6822 134.579 0.609627
48.4486 134.579 -0.106405
59.215 134.579 -0.3584
69.9813 134.579 -0.227437
5.38318 145.346 0.596033
16.1495 145.346 2.00503
26.9159 145.346 3.30246
37.6822 145.346 2.97474
48.4486 145.346 1.60861
59.215 145.346 0.255629
69.9813 145.346 -0.0776832
5.38318 156.112 1.22399
16.1495 156.112 3.11889
26.9159 156.112 4.7373
37.6822 156.112 4.45404
48.4486 156.112 2.9348
59.215 156.112 1.32142
69.9813 156.112 0.514732
5.38318 166.879 1.56268
16.1495 166.879 3.42623
26.9159 166.879 4.80952
37.6822 166.879 4.62511
48.4486 166.879 3.43238
59.215 166.879 2.15347
69.9813 166.879 1.14192
5.38318 177.645 1.5234
16.1495 177.645 2.94476
26.9159 177.645 3.83353
37.6822 177.645 3.9674
48.4486 177.645 3.61004
59.215 177.645 2.84176
69.9813 177.645 1.7846
5.38318 188.411 1.62946
16.1495 188.411 2.8457
26.9159 188.411 3.53928
37.6822 188.411 3.95608
48.4486 188.411 4.04519
59.215 188.411 3.38443
69.9813 188.411 2.13167
5.38318 199.178 1.61133
16.1495 199.178 2.99696
26.9159 199.178 3.67007
37.6822 199.178 4.31465
48.4486 199.178 4.20454
59.215 199.178 3.33078
69.9813 199.178 1.99846
5.38318 209.944 1.35541
16.1495 209.944 2.53404
26.9159 209.944 3.19053
37.6822 209.944 3.62722
48.4486 209.944 3.2734
59.215 209.944 2.31526
69.9813 209.944 1.25078
