37 177
0 157 72 40
0 141 72 72
0 134 72 82
0 72 72 144
0 0 72 216
5.38318 5.38318 0.742972
16.1495 5.38318 1.57311
26.9159 5.38318 2.00436
37.6822 5.38318 1.61263
48.4486 5.38318 0.689987
59.215 5.38318 0.11459
69.9813 5.38318 -0.0423995
5.38318 16.1495 1.04884
16.1495 16.1495 2.4632
26.9159 16.1495 3.29243
37.6822 16.1495 2.74242
48.4486 16.1495 1.25541
59.215 16.1495 0.267115
69.9813 16.1495 -0.0153556
5.38318 26.9159 0.783961
16.1495 26.9159 2.21264
26.9159 26.9159 3.23905
37.6822 26.9159 2.75272
48.4486 26.9159 0.94528
59.215 26.9159 -0.0884459
69.9813 26.9159 -0.172312
5.38318 37.6822 0.391647
16.1495 37.6822 1.34606
26.9159 37.6822 2.31725
37.6822 37.6822 2.00707
48.4486 37.6822 0.768851
59.215 37.6822 0.26756
69.9813 37.6822 0.0557593
5.38318 48.4486 0.401902
16.1495 48.4486 1.28484
26.9159 48.4486 2.22016
37.6822 48.4486 2.04863
48.4486 48.4486 1.38576
59.215 48.4486 1.19942
69.9813 48.4486 0.76123
5.38318 59.215 0.47013
16.1495 59.215 1.28549
26.9159 59.215 1.99856
37.6822 59.215 1.74567
48.4486 59.215 1.63033
59.215 59.215 1.79227
69.9813 59.215 1.30938
5.38318 69.9813 0.388374
16.1495 69.9813 1.02555
26.9159 69.9813 1.43553
37.6822 69.9813 1.04468
48.4486 69.9813 1.10713
59.215 69.9813 1.39407
69.9813 69.9813 1.20175
5.38318 80.7477 -0.0748252
16.1495 80.7477 0.0695134
26.9159 80.7477 0.0906657
37.6822 80.7477 -0.216806
48.4486 80.7477 -0.242882
59.215 80.7477 -0.00777917
69.9813 80.7477 0.41188
5.38318 91.514 -0.40776
16.1495 91.514 -0.61804
26.9159 91.514 -0.684406
37.6822 91.514 -0.841837
48.4486 91.514 -0.874113
59.215 91.514 -0.666029
69.9813 91.514 -0.261187
5.38318 102.28 -0.560745
16.1495 102.28 -0.902095
26.9159 102.28 -0.997037
37.6822 102.28 -1.0269
48.4486 102.28 -0.98457
59.215 102.28 -0.783574
69.9813 102.28 -0.337658
5.38318 113.047 -0.57516
16.1495 113.047 -0.916981
26.9159 113.047 -0.992893
37.6822 113.047 -0.991306
48.4486 113.047 -0.942595
59.215 113.047 -0.736717
69.9813 113.047 -0.316789
5.38318 123.813 -0.541859
16.1495 123.813 -0.844448
26.9159 123.813 -0.835019
37.6822 123.813 -0.803652
48.4486 123.813 -0.743122
59.215 123.813 -0.564196
69.9813 123.813 -0.225818
5.38318 134.579 -0.398944
16.1495 134.579 -0.541111
26.9159 134.579 -0.387937
37.6822 134.579 -0.320507
48.4486 134.579 -0.290582
59.215 134.579 -0.254852
69.9813 134.579 -0.0645065
5.38318 145.346 -0.138415
16.1495 145.346 -0.00637021
26.9159 145.346 0.896581
37.6822 145.346 1.3104
48.4486 145.346 1.31626
59.215 145.346 0.777518
69.9813 145.346 0.537566
5.38318 156.112 0.464967
16.1495 156.112 1.48311
26.9159 156.112 2.83377
37.6822 156.112 3.40066
48.4486 156.112 3.14703
59.215 156.112 2.07048
69.9813 156.112 1.12317
5.38318 166.879 1.06507
16.1495 166.879 2.57763
26.9159 166.879 4.53413
37.6822 166.879 5.28011
48.4486 166.879 4.6703
59.215 166.879 2.94523
69.9813 166.879 1.48297
5.38318 177.645 1.21365
16.1495 177.645 2.89256
26.9159 177.645 5.07009
37.6822 177.645 5.72242
48.4486 177.645 4.84131
59.215 177.645 2.97624
69.9813 177.645 1.46664
5.38318 188.411 1.07281
16.1495 188.411 2.48282
26.9159 188.411 4.22217
37.6822 188.411 4.50346
48.4486 188.411 3.59201
59.215 188.411 2.17885
69.9813 188.411 1.06641
5.38318 199.178 0.523785
16.1495 199.178 1.40833
26.9159 199.178 2.1195
37.6822 199.178 2.18832
48.4486 199.178 1.68011
59.215 199.178 1.03967
69.9813 199.178 0.730009
5.38318 209.944 0.320572
16.1495 209.944 0.909602
26.9159 209.944 1.08455
37.6822 209.944 1.05757
48.4486 209.944 0.637328
59.215 209.944 0.555823
69.9813 209.944 0.505419
