26 26
0 6 72 40
0 0 72 72
0 0 72 82
0 0 72 144
0 0 72 216
5.38318 5.38318 1.07866
16.1495 5.38318 1.80997
26.9159 5.38318 2.063
37.6822 5.38318 1.58519
48.4486 5.38318 1.15284
59.215 5.38318 0.801155
69.9813 5.38318 0.556618
5.38318 16.1495 1.65423
16.1495 16.1495 3.0641
26.9159 16.1495 3.65005
37.6822 16.1495 2.95041
48.4486 16.1495 2.19252
59.215 16.1495 1.57045
69.9813 16.1495 1.08313
5.38318 26.9159 1.85955
16.1495 26.9159 3.44465
26.9159 26.9159 4.13305
37.6822 26.9159 3.44583
48.4486 26.9159 2.60163
59.215 26.9159 1.82794
69.9813 26.9159 1.22111
5.38318 37.6822 1.45571
16.1495 37.6822 2.59477
26.9159 37.6822 3.17314
37.6822 37.6822 3.00847
48.4486 37.6822 2.65292
59.215 37.6822 1.98926
69.9813 37.6822 1.2506
5.38318 48.4486 1.15173
16.1495 48.4486 2.06067
26.9159 48.4486 2.65703
37.6822 48.4486 2.86586
48.4486 48.4486 2.87736
59.215 48.4486 2.26459
69.9813 48.4486 1.4158
5.38318 59.215 1.12037
16.1495 59.215 1.99677
26.9159 59.215 2.51958
37.6822 59.215 2.68406
48.4486 59.215 2.7404
59.215 59.215 2.20811
69.9813 59.215 1.41991
5.38318 69.9813 0.5869
16.1495 69.9813 1.16133
26.9159 69.9813 1.65658
37.6822 69.9813 1.91399
48.4486 69.9813 2.03075
59.215 69.9813 1.62722
69.9813 69.9813 1.09623
5.38318 80.7477 -0.032628
16.1495 80.7477 0.0669744
26.9159 80.7477 0.400828
37.6822 80.7477 0.537828
48.4486 80.7477 0.64285
59.215 80.7477 0.522324
69.9813 80.7477 0.493173
5.38318 91.514 -0.260208
16.1495 91.514 -0.368231
26.9159 91.514 -0.27355
37.6822 91.514 -0.241621
48.4486 91.514 -0.225143
59.215 91.514 -0.199699
69.9813 91.514 -0.05569
5.38318 102.28 -0.268021
16.1495 102.28 -0.374636
26.9159 102.28 -0.291207
37.6822 102.28 -0.275168
48.4486 102.28 -0.271513
59.215 102.28 -0.216155
69.9813 102.28 -0.0695256
5.38318 113.047 -0.295995
16.1495 113.047 -0.442329
26.9159 113.047 -0.42246
37.6822 113.047 -0.405328
48.4486 113.047 -0.387255
59.215 113.047 -0.306245
69.9813 113.047 -0.133228
5.38318 123.813 -0.282537
16.1495 123.813 -0.401005
26.9159 123.813 -0.311538
37.6822 123.813 -0.261652
48.4486 123.813 -0.227579
59.215 123.813 -0.17309
69.9813 123.813 -0.0633902
5.38318 134.579 -0.251486
16.1495 134.579 -0.327516
26.9159 134.579 -0.158329
37.6822 134.579 -0.0451854
48.4486 134.579 0.0392106
59.215 134.579 0.101232
69.9813 134.579 0.127841
5.38318 145.346 -0.187724
16.1495 145.346 -0.209939
26.9159 145.346 0.192143
37.6822 145.346 0.58327
48.4486 145.346 0.791469
59.215 145.346 0.712848
69.9813 145.346 0.46078
5.38318 156.112 -0.0487167
16.1495 156.112 -0.0127236
26.9159 156.112 0.650897
37.6822 156.112 1.04871
48.4486 156.112 1.23152
59.215 156.112 1.09223
69.9813 156.112 0.655158
5.38318 166.879 0.37092
16.1495 166.879 0.544305
26.9159 166.879 0.905914
37.6822 166.879 1.04777
48.4486 166.879 1.11448
59.215 166.879 1.01201
69.9813 166.879 0.635528
5.38318 177.645 0.920645
16.1495 177.645 1.27567
26.9159 177.645 1.14527
37.6822 177.645 0.779019
48.4486 177.645 0.489254
59.215 177.645 0.527593
69.9813 177.645 0.381484
5.38318 188.411 1.15348
16.1495 188.411 1.53751
26.9159 188.411 1.20043
37.6822 188.411 0.456799
48.4486 188.411 -0.079896
59.215 188.411 -0.0286064
69.9813 188.411 0.0639163
5.38318 199.178 0.828574
16.1495 199.178 1.18965
26.9159 199.178 0.916623
37.6822 199.178 0.336598
48.4486 199.178 -0.0659924
59.215 199.178 -0.00810614
69.9813 199.178 0.129189
5.38318 209.944 0.319188
16.1495 209.944 0.51222
26.9159 209.944 0.441758
37.6822 209.944 0.181084
48.4486 209.944 0.05466
59.215 209.944 0.147245
69.9813 209.944 0.229779
