37 26
0 6 72 40
0 0 72 72
0 0 72 82
0 0 72 144
0 0 72 216
5.38318 5.38318 0.607399
16.1495 5.38318 1.11358
26.9159 5.38318 1.84602
37.6822 5.38318 1.93327
48.4486 5.38318 1.68946
59.215 5.38318 1.11792
69.9813 5.38318 0.568542
5.38318 16.1495 0.927619
16.1495 16.1495 2.25142
26.9159 16.1495 3.77994
37.6822 16.1495 3.9745
48.4486 16.1495 3.41225
59.215 16.1495 2.09094
69.9813 16.1495 1.06932
5.38318 26.9159 0.856014
16.1495 26.9159 2.6711
26.9159 26.9159 5.05262
37.6822 26.9159 5.53652
48.4486 26.9159 4.65377
59.215 26.9159 2.64886
69.9813 26.9159 1.26742
5.38318 37.6822 0.629894
16.1495 37.6822 2.35107
26.9159 37.6822 4.79143
37.6822 37.6822 5.31014
48.4486 37.6822 4.34675
59.215 37.6822 2.23086
69.9813 37.6822 0.929007
5.38318 48.4486 0.063386
16.1495 48.4486 1.07871
26.9159 48.4486 3.08619
37.6822 48.4486 3.42563
48.4486 48.4486 2.74455
59.215 48.4486 1.1528
69.9813 48.4486 0.481354
5.38318 59.215 -0.0885529
16.1495 59.215 -0.0409262
26.9159 59.215 0.815337
37.6822 59.215 0.863267
48.4486 59.215 0.598888
59.215 59.215 0.228777
69.9813 59.215 0.305649
5.38318 69.9813 -0.108469
16.1495 69.9813 -0.186117
26.9159 69.9813 -0.0302808
37.6822 69.9813 -0.0632713
48.4486 69.9813 -0.0251157
59.215 69.9813 0.224579
69.9813 69.9813 0.484476
5.38318 80.7477 -0.0631019
16.1495 80.7477 -0.123265
26.9159 80.7477 -0.0252767
37.6822 80.7477 -0.112675
48.4486 80.7477 -0.000785028
59.215 80.7477 0.396781
69.9813 80.7477 0.618228
5.38318 91.514 -0.109417
16.1495 91.514 -0.163864
26.9159 91.514 -0.0602435
37.6822 91.514 -0.114696
48.4486 91.514 -0.0353604
59.215 91.514 0.220871
69.9813 91.514 0.43488
5.38318 102.28 -0.160896
16.1495 102.28 -0.202964
26.9159 102.28 -0.119244
37.6822 102.28 -0.125741
48.4486 102.28 -0.133653
59.215 102.28 -0.0720637
69.9813 102.28 0.107207
5.38318 113.047 -0.286787
16.1495 113.047 -0.42885
26.9159 113.047 -0.405055
37.6822 113.047 -0.39921
48.4486 113.047 -0.393998
59.215 113.047 -0.312756
69.9813 113.047 -0.137094
5.38318 123.813 -0.18347
16.1495 123.813 -0.247211
26.9159 123.813 -0.216438
37.6822 123.813 -0.261246
48.4486 123.813 -0.32555
59.215 123.813 -0.30013
69.9813 123.813 -0.142186
5.38318 134.579 0.069562
16.1495 134.579 0.335084
26.9159 134.579 0.560876
37.6822 134.579 0.306108
48.4486 134.579 -0.0828687
59.215 134.579 -0.187618
69.9813 134.579 -0.104639
5.38318 145.346 0.797594
16.1495 145.346 1.71453
26.9159 145.346 2.1759
37.6822 145.346 1.70682
48.4486 145.346 0.881877
59.215 145.346 0.222426
69.9813 145.346 0.0766103
5.38318 156.112 1.42278
16.1495 156.112 2.98878
26.9159 156.112 3.80804
37.6822 156.112 3.07767
48.4486 156.112 1.91955
59.215 156.112 0.930425
69.9813 156.112 0.49326
5.38318 166.879 1.72278
16.1495 166.879 3.62094
26.9159 166.879 4.55818
37.6822 166.879 3.90002
48.4486 166.879 2.74365
59.215 166.879 1.81544
69.9813 166.879 1.10678
5.38318 177.645 1.78705
16.1495 177.645 3.38354
26.9159 177.645 4.01572
37.6822 177.645 3.59712
48.4486 177.645 2.98633
59.215 177.645 2.42921
69.9813 177.645 1.62089
5.38318 188.411 1.56309
16.1495 188.411 2.72504
26.9159 188.411 3.02476
37.6822 188.411 2.89787
48.4486 188.411 2.8021
59.215 188.411 2.66531
69.9813 188.411 1.85251
5.38318 199.178 1.31297
16.1495 199.178 2.34351
26.9159 199.178 2.63541
37.6822 199.178 2.55339
48.4486 199.178 2.42362
59.215 199.178 2.29578
69.9813 199.178 1.62555
5.38318 209.944 0.643912
16.1495 209.944 1.26099
26.9159 209.944 1.48432
37.6822 209.944 1.48247
48.4486 209.944 1.39827
59.215 209.944 1.31992
69.9813 209.944 0.984044
