37 48
0 28 72 40
0 12 72 72
0 7 72 82
0 0 72 144
0 0 72 216
5.38318 5.38318 0.247183
16.1495 5.38318 0.363462
26.9159 5.38318 0.497276
37.6822 5.38318 0.458929
48.4486 5.38318 0.424785
59.215 5.38318 0.366321
69.9813 5.38318 0.266075
5.38318 16.1495 0.542114
16.1495 16.1495 1.09352
26.9159 16.1495 1.66762
37.6822 16.1495 1.74027
48.4486 16.1495 1.69215
59.215 16.1495 1.29969
69.9813 16.1495 0.877244
5.38318 26.9159 0.570416
16.1495 26.9159 1.47782
26.9159 26.9159 2.58966
37.6822 26.9159 2.75713
48.4486 26.9159 2.56534
59.215 26.9159 1.72349
69.9813 26.9159 1.13206
5.38318 37.6822 1.04312
16.1495 37.6822 2.54493
26.9159 37.6822 4.35721
37.6822 37.6822 4.83884
48.4486 37.6822 4.47363
59.215 37.6822 2.91194
69.9813 37.6822 1.6582
5.38318 48.4486 1.06515
16.1495 48.4486 2.78692
26.9159 48.4486 4.97718
37.6822 48.4486 5.68661
48.4486 48.4486 5.11524
59.215 48.4486 3.20978
69.9813 48.4486 1.71319
5.38318 59.215 0.696208
16.1495 59.215 2.06581
26.9159 59.215 3.78937
37.6822 59.215 4.30871
48.4486 59.215 3.80174
59.215 59.215 2.39914
69.9813 59.215 1.28917
5.38318 69.9813 -0.119615
16.1495 69.9813 -0.0216584
26.9159 69.9813 0.765329
37.6822 69.9813 0.909507
48.4486 69.9813 0.568482
59.215 69.9813 0.196555
69.9813 69.9813 0.164316
5.38318 80.7477 -0.425782
16.1495 80.7477 -0.656724
26.9159 80.7477 -0.591935
37.6822 80.7477 -0.574176
48.4486 80.7477 -0.595337
59.215 80.7477 -0.438229
69.9813 80.7477 -0.173678
5.38318 91.514 -0.605137
16.1495 91.514 -0.988952
26.9159 91.514 -1.07711
37.6822 91.514 -1.07296
48.4486 91.514 -1.00657
59.215 91.514 -0.748734
69.9813 91.514 -0.318817
5.38318 102.28 -0.609978
16.1495 102.28 -0.977379
26.9159 102.28 -1.05538
37.6822 102.28 -1.04646
48.4486 102.28 -0.98766
59.215 102.28 -0.7692
69.9813 102.28 -0.333523
5.38318 113.047 -0.564062
16.1495 113.047 -0.89899
26.9159 113.047 -0.971144
37.6822 113.047 -0.975281
48.4486 113.047 -0.926087
59.215 113.047 -0.713769
69.9813 113.047 -0.300461
5.38318 123.813 -0.505395
16.1495 123.813 -0.781076
26.9159 123.813 -0.756108
37.6822 123.813 -0.759463
48.4486 123.813 -0.700546
59.215 123.813 -0.522454
69.9813 123.813 -0.194526
5.38318 134.579 -0.22443
16.1495 134.579 -0.295131
26.9159 134.579 -0.182101
37.6822 134.579 -0.198369
48.4486 134.579 -0.172389
59.215 134.579 -0.113881
69.9813 134.579 0.0964022
5.38318 145.346 0.172965
16.1495 145.346 0.630635
26.9159 145.346 1.08333
37.6822 145.346 1.20607
48.4486 145.346 1.20879
59.215 145.346 0.98947
69.9813 145.346 0.713013
5.38318 156.112 0.873257
16.1495 156.112 1.86284
26.9159 156.112 2.42356
37.6822 156.112 2.56599
48.4486 156.112 2.46672
59.215 156.112 2.04352
69.9813 156.112 1.28992
5.38318 166.879 1.15708
16.1495 166.879 2.23599
26.9159 166.879 2.9471
37.6822 166.879 3.22474
48.4486 166.879 3.14047
59.215 166.879 2.55718
69.9813 166.879 1.575
5.38318 177.645 1.32917
16.1495 177.645 2.43448
26.9159 177.645 3.29684
37.6822 177.645 3.48023
48.4486 177.645 3.47286
59.215 177.645 2.72598
69.9813 177.645 1.73337
5.38318 188.411 1.36265
16.1495 188.411 2.49518
26.9159 188.411 3.55206
37.6822 188.411 3.68892
48.4486 188.411 3.79969
59.215 188.411 2.91692
69.9813 188.411 1.87198
5.38318 199.178 1.19111
16.1495 199.178 2.19425
26.9159 199.178 3.21953
37.6822 199.178 3.28662
48.4486 199.178 3.392
59.215 199.178 2.52879
69.9813 199.178 1.64035
5.38318 209.944 0.528029
16.1495 209.944 1.04006
26.9159 209.944 1.65037
37.6822 209.944 1.66778
48.4486 209.944 1.68978
59.215 209.944 1.25825
69.9813 209.944 0.851242
