26 37
0 17 72 40
0 1 72 72
0 0 72 82
0 0 72 144
0 0 72 216
5.38318 5.38318 0.843368
16.1495 5.38318 1.3999
26.9159 5.38318 1.75333
37.6822 5.38318 1.57336
48.4486 5.38318 1.03483
59.215 5.38318 0.548656
69.9813 5.38318 0.221475
5.38318 16.1495 1.61831
16.1495 16.1495 3.06057
26.9159 16.1495 3.93493
37.6822 16.1495 3.56026
48.4486 16.1495 2.37982
59.215 16.1495 1.35475
69.9813 16.1495 0.582898
5.38318 26.9159 2.36605
16.1495 26.9159 4.72194
26.9159 26.9159 5.88212
37.6822 26.9159 5.20342
48.4486 26.9159 3.15555
59.215 26.9159 1.58858
69.9813 26.9159 0.590941
5.38318 37.6822 2.31708
16.1495 37.6822 4.7645
26.9159 37.6822 5.95818
37.6822 37.6822 5.23693
48.4486 37.6822 3.14136
59.215 37.6822 1.62054
69.9813 37.6822 0.645165
5.38318 48.4486 1.65335
16.1495 48.4486 3.37631
26.9159 48.4486 4.1923
37.6822 48.4486 3.66202
48.4486 48.4486 2.25463
59.215 48.4486 1.16214
69.9813 48.4486 0.57931
5.38318 59.215 0.441707
16.1495 59.215 0.889307
26.9159 59.215 1.46583
37.6822 59.215 1.27437
48.4486 59.215 0.72133
59.215 59.215 0.475151
69.9813 59.215 0.322405
5.38318 69.9813 -0.0642952
16.1495 69.9813 -0.118781
26.9159 69.9813 0.206197
37.6822 69.9813 0.0131922
48.4486 69.9813 -0.160196
59.215 69.9813 -0.10627
69.9813 69.9813 -0.00761471
5.38318 80.7477 -0.347885
16.1495 80.7477 -0.556356
26.9159 80.7477 -0.514478
37.6822 80.7477 -0.525507
48.4486 80.7477 -0.558597
59.215 80.7477 -0.402349
69.9813 80.7477 -0.164874
5.38318 91.514 -0.57014
16.1495 91.514 -0.927458
26.9159 91.514 -0.985616
37.6822 91.514 -0.993442
48.4486 91.514 -0.938323
59.215 91.514 -0.684982
69.9813 91.514 -0.294918
5.38318 102.28 -0.581296
16.1495 102.28 -0.936159
26.9159 102.28 -1.01652
37.6822 102.28 -1.02411
48.4486 102.28 -0.980538
59.215 102.28 -0.777131
69.9813 102.28 -0.347087
5.38318 113.047 -0.583802
16.1495 113.047 -0.933371
26.9159 113.047 -1.01638
37.6822 113.047 -1.0179
48.4486 113.047 -0.966448
59.215 113.047 -0.764595
69.9813 113.047 -0.331108
5.38318 123.813 -0.57506
16.1495 123.813 -0.907341
26.9159 123.813 -0.971308
37.6822 123.813 -0.966908
48.4486 123.813 -0.927706
59.215 123.813 -0.730352
69.9813 123.813 -0.319851
5.38318 134.579 -0.522285
16.1495 134.579 -0.733092
26.9159 134.579 -0.603346
37.6822 134.579 -0.538787
48.4486 134.579 -0.645287
59.215 134.579 -0.55722
69.9813 134.579 -0.279995
5.38318 145.346 -0.304898
16.1495 145.346 -0.101659
26.9159 145.346 0.95335
37.6822 145.346 1.26742
48.4486 145.346 0.340599
59.215 145.346 -0.146583
69.9813 145.346 -0.14995
5.38318 156.112 0.156407
16.1495 156.112 1.73661
26.9159 156.112 3.57037
37.6822 156.112 4.06118
48.4486 156.112 2.6448
59.215 156.112 1.1507
69.9813 156.112 0.238442
5.38318 166.879 0.748454
16.1495 166.879 2.84826
26.9159 166.879 5.265
37.6822 166.879 5.87014
48.4486 166.879 4.12963
59.215 166.879 2.19261
69.9813 166.879 0.787389
5.38318 177.645 1.15025
16.1495 177.645 3.02279
26.9159 177.645 4.98042
37.6822 177.645 5.34664
48.4486 177.645 3.98003
59.215 177.645 2.37474
69.9813 177.645 1.14345
5.38318 188.411 0.959178
16.1495 188.411 1.9041
26.9159 188.411 2.72967
37.6822 188.411 2.72944
48.4486 188.411 2.25008
59.215 188.411 1.71125
69.9813 188.411 1.12023
5.38318 199.178 0.597825
16.1495 199.178 0.894172
26.9159 199.178 1.14027
37.6822 199.178 0.873735
48.4486 199.178 0.766265
59.215 199.178 0.795679
69.9813 199.178 0.735809
5.38318 209.944 0.101095
16.1495 209.944 0.109434
26.9159 209.944 0.288425
37.6822 209.944 0.16545
48.4486 209.944 0.185405
59.215 209.944 0.292165
69.9813 209.944 0.351234
