37 48
0 28 72 40
0 12 72 72
0 7 72 82
0 0 72 144
0 0 72 216
5.38318 5.38318 0.368133
16.1495 5.38318 0.574268
26.9159 5.38318 0.745407
37.6822 5.38318 0.667834
48.4486 5.38318 0.572922
59.215 5.38318 0.419981
69.9813 5.38318 0.284103
5.38318 16.1495 0.716438
16.1495 16.1495 1.37203
26.9159 16.1495 1.99315
37.6822 16.1495 1.97121
48.4486 16.1495 1.82202
59.215 16.1495 1.28067
69.9813 16.1495 0.81521
5.38318 26.9159 0.834491
16.1495 26.9159 1.89821
26.9159 26.9159 3.03029
37.6822 26.9159 3.05149
48.4486 26.9159 2.75957
59.215 26.9159 1.64643
69.9813 26.9159 0.982993
5.38318 37.6822 1.02385
16.1495 37.6822 2.50054
26.9159 37.6822 4.38524
37.6822 37.6822 4.67324
48.4486 37.6822 4.25557
59.215 37.6822 2.52355
69.9813 37.6822 1.3714
5.38318 48.4486 0.703566
16.1495 48.4486 2.24264
26.9159 48.4486 4.35503
37.6822 48.4486 4.84853
48.4486 48.4486 4.33232
59.215 48.4486 2.37138
69.9813 48.4486 1.18566
5.38318 59.215 -0.0135872
16.1495 59.215 0.935559
26.9159 59.215 2.81958
37.6822 59.215 3.20122
48.4486 59.215 2.75185
59.215 59.215 1.16513
69.9813 59.215 0.470167
5.38318 69.9813 -0.36702
16.1495 69.9813 -0.411863
26.9159 69.9813 -0.0387163
37.6822 69.9813 0.010983
48.4486 69.9813 -0.226006
59.215 69.9813 -0.416161
69.9813 69.9813 -0.242839
5.38318 80.7477 -0.529814
16.1495 80.7477 -0.831446
26.9159 80.7477 -0.804129
37.6822 80.7477 -0.841862
48.4486 80.7477 -0.873842
59.215 80.7477 -0.750543
69.9813 80.7477 -0.354225
5.38318 91.514 -0.585439
16.1495 91.514 -0.950738
26.9159 91.514 -1.06726
37.6822 91.514 -1.102
48.4486 91.514 -1.05464
59.215 91.514 -0.841555
69.9813 91.514 -0.375556
5.38318 102.28 -0.590101
16.1495 102.28 -0.946716
26.9159 102.28 -1.04265
37.6822 102.28 -1.05175
48.4486 102.28 -1.00048
59.215 102.28 -0.792825
69.9813 102.28 -0.347065
5.38318 113.047 -0.569187
16.1495 113.047 -0.904372
26.9159 113.047 -0.966617
37.6822 113.047 -0.961608
48.4486 113.047 -0.909044
59.215 113.047 -0.692029
69.9813 113.047 -0.292518
5.38318 123.813 -0.503548
16.1495 123.813 -0.743374
26.9159 123.813 -0.653454
37.6822 123.813 -0.590108
48.4486 123.813 -0.551921
59.215 123.813 -0.408476
69.9813 123.813 -0.150512
5.38318 134.579 -0.257265
16.1495 134.579 -0.324981
26.9159 134.579 -0.108036
37.6822 134.579 -0.00234227
48.4486 134.579 0.0337209
59.215 134.579 0.172787
69.9813 134.579 0.277421
5.38318 145.346 0.215767
16.1495 145.346 0.764595
26.9159 145.346 1.48243
37.6822 145.346 1.98405
48.4486 145.346 1.92474
59.215 145.346 1.6513
69.9813 145.346 1.0463
5.38318 156.112 0.933766
16.1495 156.112 1.91601
26.9159 156.112 2.6371
37.6822 156.112 3.04705
48.4486 156.112 3.00196
59.215 156.112 2.59166
69.9813 156.112 1.61509
5.38318 166.879 1.29203
16.1495 166.879 2.45966
26.9159 166.879 3.33621
37.6822 166.879 3.72025
48.4486 166.879 3.60391
59.215 166.879 2.96618
69.9813 166.879 1.8311
5.38318 177.645 1.26591
16.1495 177.645 2.40888
26.9159 177.645 3.53666
37.6822 177.645 3.71408
48.4486 177.645 3.35947
59.215 177.645 2.50173
69.9813 177.645 1.5058
5.38318 188.411 0.987597
16.1495 188.411 2.16579
26.9159 188.411 3.62735
37.6822 188.411 3.85422
48.4486 188.411 3.17497
59.215 188.411 2.01299
69.9813 188.411 1.04316
5.38318 199.178 0.595996
16.1495 199.178 1.5561
26.9159 199.178 2.86148
37.6822 199.178 3.00806
48.4486 199.178 2.30146
59.215 199.178 1.20454
69.9813 199.178 0.549433
5.38318 209.944 0.207431
16.1495 209.944 0.698398
26.9159 209.944 1.37288
37.6822 209.944 1.42442
48.4486 209.944 1.0035
59.215 209.944 0.443178
69.9813 209.944 0.224166
