37 177
0 157 72 40
0 141 72 72
0 134 72 82
0 72 72 144
0 0 72 216
5.38318 5.38318 0.262475
16.1495 5.38318 0.435335
26.9159 5.38318 0.705386
37.6822 5.38318 0.75674
48.4486 5.38318 0.709195
59.215 5.38318 0.557677
69.9813 5.38318 0.353522
5.38318 16.1495 0.5447
16.1495 16.1495 1.24013
26.9159 16.1495 1.84694
37.6822 16.1495 2.03163
48.4486 16.1495 1.8718
59.215 16.1495 1.45263
69.9813 16.1495 0.855932
5.38318 26.9159 0.58811
16.1495 26.9159 1.46935
26.9159 26.9159 2.24158
37.6822 26.9159 2.55235
48.4486 26.9159 2.36591
59.215 26.9159 1.79799
69.9813 26.9159 1.08109
5.38318 37.6822 0.918021
16.1495 37.6822 1.93083
26.9159 37.6822 2.92022
37.6822 37.6822 3.24382
48.4486 37.6822 2.93124
59.215 37.6822 2.14
69.9813 37.6822 1.238
5.38318 48.4486 0.723754
16.1495 48.4486 1.5572
26.9159 48.4486 2.53188
37.6822 48.4486 2.76999
48.4486 48.4486 2.48771
59.215 48.4486 1.75115
69.9813 48.4486 0.988447
5.38318 59.215 0.289238
16.1495 59.215 0.796305
26.9159 59.215 1.75318
37.6822 59.215 1.81664
48.4486 59.215 1.32656
59.215 59.215 0.693807
69.9813 59.215 0.357811
5.38318 69.9813 -0.238821
16.1495 69.9813 -0.311511
26.9159 69.9813 -0.116806
37.6822 69.9813 -0.178297
48.4486 69.9813 -0.343665
59.215 69.9813 -0.351746
69.9813 69.9813 -0.18154
5.38318 80.7477 -0.474299
16.1495 80.7477 -0.724576
26.9159 80.7477 -0.68884
37.6822 80.7477 -0.741439
48.4486 80.7477 -0.827288
59.215 80.7477 -0.693016
69.9813 80.7477 -0.340742
5.38318 91.514 -0.557858
16.1495 91.514 -0.893195
26.9159 91.514 -0.965089
37.6822 91.514 -0.991341
48.4486 91.514 -0.960581
59.215 91.514 -0.780504
69.9813 91.514 -0.349545
5.38318 102.28 -0.58357
16.1495 102.28 -0.936426
26.9159 102.28 -1.02431
37.6822 102.28 -1.03434
48.4486 102.28 -0.984437
59.215 102.28 -0.784508
69.9813 102.28 -0.34438
5.38318 113.047 -0.563696
16.1495 113.047 -0.904546
26.9159 113.047 -0.982806
37.6822 113.047 -0.984602
48.4486 113.047 -0.929317
59.215 113.047 -0.703511
69.9813 113.047 -0.292877
5.38318 123.813 -0.45646
16.1495 123.813 -0.70106
26.9159 123.813 -0.701653
37.6822 123.813 -0.670681
48.4486 123.813 -0.626518
59.215 123.813 -0.413539
69.9813 123.813 -0.135435
5.38318 134.579 -0.153617
16.1495 134.579 -0.17931
26.9159 134.579 -0.174256
37.6822 134.579 -0.11422
48.4486 134.579 -0.147173
59.215 134.579 0.0708914
69.9813 134.579 0.317057
5.38318 145.346 0.614325
16.1495 145.346 1.28459
26.9159 145.346 1.62455
37.6822 145.346 1.92943
48.4486 145.346 1.69953
59.215 145.346 1.61258
69.9813 145.346 1.07063
5.38318 156.112 1.4446
16.1495 156.112 2.69931
26.9159 156.112 3.31192
37.6822 156.112 3.49536
48.4486 156.112 3.07372
59.215 156.112 2.56029
69.9813 156.112 1.56196
5.38318 166.879 1.82975
16.1495 166.879 3.6307
26.9159 166.879 5.06235
37.6822 166.879 5.37735
48.4486 166.879 4.52064
59.215 166.879 3.20884
69.9813 166.879 1.72895
5.38318 177.645 1.71542
16.1495 177.645 3.76631
26.9159 177.645 5.81571
37.6822 177.645 6.20966
48.4486 177.645 5.01288
59.215 177.645 3.09482
69.9813 177.645 1.55671
5.38318 188.411 1.29098
16.1495 188.411 3.19339
26.9159 188.411 5.39552
37.6822 188.411 5.90385
48.4486 188.411 4.59533
59.215 188.411 2.63681
69.9813 188.411 1.16185
5.38318 199.178 0.774343
16.1495 199.178 1.95144
26.9159 199.178 3.1223
37.6822 199.178 3.34998
48.4486 199.178 2.80748
59.215 199.178 1.82255
69.9813 199.178 1.0674
5.38318 209.944 0.445691
16.1495 209.944 1.10372
26.9159 209.944 1.43483
37.6822 209.944 1.54707
48.4486 209.944 1.38741
59.215 209.944 1.23471
69.9813 209.944 0.845942
