37 188
0 168 72 40
0 144 72 72
0 134 72 82
0 72 72 144
0 0 72 216
5.38318 5.38318 0.802661
16.1495 5.38318 1.1808
26.9159 5.38318 1.31061
37.6822 5.38318 1.2709
48.4486 5.38318 1.29661
59.215 5.38318 1.17803
69.9813 5.38318 0.742602
5.38318 16.1495 1.30286
16.1495 16.1495 2.11132
26.9159 16.1495 2.55172
37.6822 16.1495 2.57641
48.4486 16.1495 2.52691
59.215 16.1495 2.1882
69.9813 16.1495 1.36457
5.38318 26.9159 1.28822
16.1495 26.9159 2.48267
26.9159 26.9159 3.43495
37.6822 26.9159 3.60607
48.4486 26.9159 3.28538
59.215 26.9159 2.55426
69.9813 26.9159 1.5289
5.38318 37.6822 1.1293
16.1495 37.6822 2.49389
26.9159 37.6822 3.97409
37.6822 37.6822 4.28495
48.4486 37.6822 3.67551
59.215 37.6822 2.40804
69.9813 37.6822 1.32086
5.38318 48.4486 0.959822
16.1495 48.4486 2.25113
26.9159 48.4486 3.73527
37.6822 48.4486 4.09164
48.4486 48.4486 3.55289
59.215 48.4486 2.306
69.9813 48.4486 1.29947
5.38318 59.215 0.819121
16.1495 59.215 1.70506
26.9159 59.215 2.70785
37.6822 59.215 2.87582
48.4486 59.215 2.56321
59.215 59.215 1.88501
69.9813 59.215 1.19849
5.38318 69.9813 0.46607
16.1495 69.9813 0.782124
26.9159 69.9813 1.01297
37.6822 69.9813 1.05469
48.4486 69.9813 0.939925
59.215 69.9813 1.16811
69.9813 69.9813 0.945684
5.38318 80.7477 -0.0756049
16.1495 80.7477 -0.113374
26.9159 80.7477 -0.0876047
37.6822 80.7477 -0.131783
48.4486 80.7477 -0.207561
59.215 80.7477 0.113859
69.9813 80.7477 0.331909
5.38318 91.514 -0.416706
16.1495 91.514 -0.681419
26.9159 91.514 -0.715343
37.6822 91.514 -0.762453
48.4486 91.514 -0.751521
59.215 91.514 -0.493241
69.9813 91.514 -0.180881
5.38318 102.28 -0.572655
16.1495 102.28 -0.929507
26.9159 102.28 -1.01646
37.6822 102.28 -1.02308
48.4486 102.28 -0.977494
59.215 102.28 -0.754356
69.9813 102.28 -0.333834
5.38318 113.047 -0.582009
16.1495 113.047 -0.930467
26.9159 113.047 -1.008
37.6822 113.047 -1.00916
48.4486 113.047 -0.959568
59.215 113.047 -0.759129
69.9813 113.047 -0.329921
5.38318 123.813 -0.548512
16.1495 123.813 -0.854563
26.9159 123.813 -0.871174
37.6822 123.813 -0.852102
48.4486 123.813 -0.814082
59.215 123.813 -0.627017
69.9813 123.813 -0.266405
5.38318 134.579 -0.445808
16.1495 134.579 -0.615157
26.9159 134.579 -0.457585
37.6822 134.579 -0.401553
48.4486 134.579 -0.405755
59.215 134.579 -0.336766
69.9813 134.579 -0.12522
5.38318 145.346 -0.148938
16.1495 145.346 -0.0272264
26.9159 145.346 0.791284
37.6822 145.346 1.03304
48.4486 145.346 0.821593
59.215 145.346 0.497043
69.9813 145.346 0.336153
5.38318 156.112 0.419547
16.1495 156.112 1.24141
26.9159 156.112 2.29381
37.6822 156.112 2.63907
48.4486 156.112 2.34329
59.215 156.112 1.67706
69.9813 156.112 0.905415
5.38318 166.879 1.17472
16.1495 166.879 2.4911
26.9159 166.879 3.45464
37.6822 166.879 3.75673
48.4486 166.879 3.20529
59.215 166.879 2.42015
69.9813 166.879 1.33761
5.38318 177.645 1.5134
16.1495 177.645 3.12612
26.9159 177.645 4.04939
37.6822 177.645 4.23914
48.4486 177.645 3.55739
59.215 177.645 2.70551
69.9813 177.645 1.55436
5.38318 188.411 1.60903
16.1495 188.411 3.39078
26.9159 188.411 4.41296
37.6822 188.411 4.47177
48.4486 188.411 3.50485
59.215 188.411 2.55896
69.9813 188.411 1.49269
5.38318 199.178 1.03812
16.1495 199.178 2.30623
26.9159 199.178 3.07166
37.6822 199.178 3.03551
48.4486 199.178 2.34362
59.215 199.178 1.75725
69.9813 199.178 1.12096
5.38318 209.944 0.548118
16.1495 209.944 1.21842
26.9159 209.944 1.57149
37.6822 209.944 1.42367
48.4486 209.944 1.12761
59.215 209.944 0.944873
69.9813 209.944 0.750906
