37 26
0 6 72 40
0 0 72 72
0 0 72 82
0 0 72 144
0 0 72 216
5.38318 5.38318 0.35677
16.1495 5.38318 1.12962
26.9159 5.38318 2.11964
37.6822 5.38318 2.29762
48.4486 5.38318 1.5731
59.215 5.38318 0.727141
69.9813 5.38318 0.180368
5.38318 16.1495 0.497139
16.1495 16.1495 1.84478
26.9159 16.1495 3.67102
37.6822 16.1495 4.11795
48.4486 16.1495 2.95281
59.215 16.1495 1.44462
69.9813 16.1495 0.447478
5.38318 26.9159 0.306824
16.1495 26.9159 1.72134
26.9159 26.9159 3.65484
37.6822 26.9159 4.2397
48.4486 26.9159 3.04959
59.215 26.9159 1.42471
69.9813 26.9159 0.303326
5.38318 37.6822 0.241256
16.1495 37.6822 1.16019
26.9159 37.6822 2.48313
37.6822 37.6822 2.8639
48.4486 37.6822 2.19809
59.215 37.6822 1.03064
69.9813 37.6822 0.295278
5.38318 48.4486 0.191411
16.1495 48.4486 0.885047
26.9159 48.4486 1.93676
37.6822 48.4486 2.18351
48.4486 48.4486 1.77601
59.215 48.4486 0.786371
69.9813 48.4486 0.323834
5.38318 59.215 0.196217
16.1495 59.215 0.944826
26.9159 59.215 2.01143
37.6822 59.215 2.33053
48.4486 59.215 1.95703
59.215 59.215 0.937676
69.9813 59.215 0.413437
5.38318 69.9813 0.00221456
16.1495 69.9813 0.628241
26.9159 69.9813 1.63804
37.6822 69.9813 1.90309
48.4486 69.9813 1.69075
59.215 69.9813 0.706688
69.9813 69.9813 0.367572
5.38318 80.7477 -0.127684
16.1495 80.7477 0.0531262
26.9159 80.7477 0.81293
37.6822 80.7477 1.00944
48.4486 80.7477 0.892975
59.215 80.7477 0.209228
69.9813 80.7477 0.159122
5.38318 91.514 -0.242028
16.1495 91.514 -0.295305
26.9159 91.514 -0.17402
37.6822 91.514 -0.175555
48.4486 91.514 -0.172027
59.215 91.514 -0.278312
69.9813 91.514 -0.107214
5.38318 102.28 -0.295918
16.1495 102.28 -0.445895
26.9159 102.28 -0.441253
37.6822 102.28 -0.442946
48.4486 102.28 -0.429838
59.215 102.28 -0.375475
69.9813 102.28 -0.165445
5.38318 113.047 -0.298494
16.1495 113.047 -0.451967
26.9159 113.047 -0.457473
37.6822 113.047 -0.440037
48.4486 113.047 -0.424091
59.215 113.047 -0.335841
69.9813 113.047 -0.150239
5.38318 123.813 -0.281795
16.1495 123.813 -0.432515
26.9159 123.813 -0.418785
37.6822 123.813 -0.413934
48.4486 123.813 -0.396569
59.215 123.813 -0.3045
69.9813 123.813 -0.132639
5.38318 134.579 -0.130659
16.1495 134.579 -0.210111
26.9159 134.579 -0.164602
37.6822 134.579 -0.175483
48.4486 134.579 -0.166634
59.215 134.579 -0.108494
69.9813 134.579 0.0088158
5.38318 145.346 0.333296
16.1495 145.346 0.463163
26.9159 145.346 0.644725
37.6822 145.346 0.539685
48.4486 145.346 0.517545
59.215 145.346 0.47724
69.9813 145.346 0.476845
5.38318 156.112 1.16987
16.1495 156.112 1.77397
26.9159 156.112 2.05143
37.6822 156.112 1.8461
48.4486 156.112 1.75294
59.215 156.112 1.56966
69.9813 156.112 1.12739
5.38318 166.879 1.74883
16.1495 166.879 2.6525
26.9159 166.879 2.99631
37.6822 166.879 2.67529
48.4486 166.879 2.52985
59.215 166.879 2.24721
69.9813 166.879 1.55719
5.38318 177.645 1.80828
16.1495 177.645 2.78534
26.9159 177.645 3.2041
37.6822 177.645 2.88409
48.4486 177.645 2.65001
59.215 177.645 2.33539
69.9813 177.645 1.60301
5.38318 188.411 1.19018
16.1495 188.411 1.89374
26.9159 188.411 2.32815
37.6822 188.411 2.11003
48.4486 188.411 1.75805
59.215 188.411 1.52159
69.9813 188.411 1.15331
5.38318 199.178 0.472772
16.1495 199.178 0.776775
26.9159 199.178 1.12926
37.6822 199.178 1.15722
48.4486 199.178 0.816355
59.215 199.178 0.727804
69.9813 199.178 0.631367
5.38318 209.944 0.0453254
16.1495 209.944 0.137342
26.9159 209.944 0.479799
37.6822 209.944 0.714837
48.4486 209.944 0.484806
59.215 209.944 0.494909
69.9813 209.944 0.402639
