37 37
0 17 72 40
0 1 72 72
0 0 72 82
0 0 72 144
0 0 72 216
5.38318 5.38318 0.727797
16.1495 5.38318 1.12558
26.9159 5.38318 1.27944
37.6822 5.38318 1.29927
48.4486 5.38318 1.27409
59.215 5.38318 1.09999
69.9813 5.38318 0.695487
5.38318 16.1495 1.21765
16.1495 16.1495 2.08337
26.9159 16.1495 2.53131
37.6822 16.1495 2.63514
48.4486 16.1495 2.63709
59.215 16.1495 2.23484
69.9813 16.1495 1.43267
5.38318 26.9159 1.45897
16.1495 26.9159 2.73187
26.9159 26.9159 3.63205
37.6822 26.9159 3.80937
48.4486 26.9159 3.61714
59.215 26.9159 2.8296
69.9813 26.9159 1.74774
5.38318 37.6822 1.34806
16.1495 37.6822 2.74761
26.9159 37.6822 4.17561
37.6822 37.6822 4.40962
48.4486 37.6822 3.93685
59.215 37.6822 2.71404
69.9813 37.6822 1.56696
5.38318 48.4486 0.956308
16.1495 48.4486 2.31915
26.9159 48.4486 3.93202
37.6822 48.4486 4.12667
48.4486 48.4486 3.35141
59.215 48.4486 1.92137
69.9813 48.4486 0.905618
5.38318 59.215 0.109705
16.1495 59.215 0.858947
26.9159 59.215 2.35465
37.6822 59.215 2.41132
48.4486 59.215 1.66759
59.215 59.215 0.431161
69.9813 59.215 0.0282334
5.38318 69.9813 -0.357642
16.1495 69.9813 -0.427225
26.9159 69.9813 -0.10554
37.6822 69.9813 -0.0906374
48.4486 69.9813 -0.287895
59.215 69.9813 -0.432451
69.9813 69.9813 -0.245794
5.38318 80.7477 -0.52813
16.1495 80.7477 -0.82853
26.9159 80.7477 -0.803222
37.6822 80.7477 -0.844446
48.4486 80.7477 -0.876517
59.215 80.7477 -0.75276
69.9813 80.7477 -0.354975
5.38318 91.514 -0.584804
16.1495 91.514 -0.949302
26.9159 91.514 -1.06612
37.6822 91.514 -1.10089
48.4486 91.514 -1.052
59.215 91.514 -0.837517
69.9813 91.514 -0.372893
5.38318 102.28 -0.589359
16.1495 102.28 -0.947362
26.9159 102.28 -1.04542
37.6822 102.28 -1.05642
48.4486 102.28 -1.00378
59.215 102.28 -0.793082
69.9813 102.28 -0.347195
5.38318 113.047 -0.571591
16.1495 113.047 -0.91268
26.9159 113.047 -0.989556
37.6822 113.047 -0.990912
48.4486 113.047 -0.942873
59.215 113.047 -0.732472
69.9813 113.047 -0.315777
5.38318 123.813 -0.468191
16.1495 123.813 -0.698589
26.9159 123.813 -0.657159
37.6822 123.813 -0.693683
48.4486 123.813 -0.701739
59.215 123.813 -0.543546
69.9813 123.813 -0.218688
5.38318 134.579 -0.164458
16.1495 134.579 -0.100525
26.9159 134.579 0.164135
37.6822 134.579 -0.035381
48.4486 134.579 -0.200454
59.215 134.579 -0.211667
69.9813 134.579 -0.0490558
5.38318 145.346 0.688437
16.1495 145.346 1.82239
26.9159 145.346 2.51798
37.6822 145.346 2.15264
48.4486 145.346 1.32843
59.215 145.346 0.751843
69.9813 145.346 0.518501
5.38318 156.112 1.25193
16.1495 156.112 2.86796
26.9159 156.112 3.8338
37.6822 156.112 3.45546
48.4486 156.112 2.46598
59.215 156.112 1.6229
69.9813 156.112 0.979346
5.38318 166.879 1.41812
16.1495 166.879 3.11628
26.9159 166.879 4.17355
37.6822 166.879 3.9804
48.4486 166.879 3.03913
59.215 166.879 2.04042
69.9813 166.879 1.18281
5.38318 177.645 1.16943
16.1495 177.645 2.35847
26.9159 177.645 3.1531
37.6822 177.645 3.25993
48.4486 177.645 2.81897
59.215 177.645 2.04804
69.9813 177.645 1.20313
5.38318 188.411 1.06236
16.1495 188.411 1.97825
26.9159 188.411 2.63721
37.6822 188.411 2.95521
48.4486 188.411 2.86492
59.215 188.411 2.18743
69.9813 188.411 1.30117
5.38318 199.178 1.04539
16.1495 199.178 1.90199
26.9159 199.178 2.48438
37.6822 199.178 2.66598
48.4486 199.178 2.67021
59.215 199.178 2.07121
69.9813 199.178 1.30109
5.38318 209.944 0.78353
16.1495 209.944 1.44699
26.9159 209.944 1.89517
37.6822 209.944 2.04513
48.4486 209.944 2.07188
59.215 209.944 1.60425
69.9813 209.944 1.01962
