37 26
0 6 72 40
0 0 72 72
0 0 72 82
0 0 72 144
0 0 72 216
5.38318 5.38318 0.697758
16.1495 5.38318 1.32004
26.9159 5.38318 1.95296
37.6822 5.38318 2.21315
48.4486 5.38318 2.01222
59.215 5.38318 1.32567
69.9813 5.38318 0.715744
5.38318 16.1495 1.13082
16.1495 16.1495 2.478
26.9159 16.1495 3.77781
37.6822 16.1495 4.24044
48.4486 16.1495 3.789
59.215 16.1495 2.45924
69.9813 16.1495 1.33953
5.38318 26.9159 1.45703
16.1495 26.9159 3.29739
26.9159 26.9159 4.89516
37.6822 26.9159 5.22331
48.4486 26.9159 4.46787
59.215 26.9159 2.84011
69.9813 26.9159 1.59286
5.38318 37.6822 1.38546
16.1495 37.6822 3.13994
26.9159 37.6822 4.66731
37.6822 37.6822 4.91042
48.4486 37.6822 4.16073
59.215 37.6822 2.60422
69.9813 37.6822 1.47394
5.38318 48.4486 1.50294
16.1495 48.4486 2.90002
26.9159 48.4486 4.0002
37.6822 48.4486 4.05882
48.4486 48.4486 3.65433
59.215 48.4486 2.52636
69.9813 48.4486 1.56767
5.38318 59.215 1.37322
16.1495 59.215 2.15729
26.9159 59.215 2.54392
37.6822 59.215 2.41492
48.4486 59.215 2.55632
59.215 59.215 2.21762
69.9813 59.215 1.63975
5.38318 69.9813 1.18557
16.1495 69.9813 1.60741
26.9159 69.9813 1.76388
37.6822 69.9813 1.28585
48.4486 69.9813 1.56973
59.215 69.9813 1.51096
69.9813 69.9813 1.33276
5.38318 80.7477 0.0506914
16.1495 80.7477 -0.0443766
26.9159 80.7477 0.230168
37.6822 80.7477 -0.0589325
48.4486 80.7477 0.186076
59.215 80.7477 0.272594
69.9813 80.7477 0.55754
5.38318 91.514 -0.444953
16.1495 91.514 -0.748267
26.9159 91.514 -0.705954
37.6822 91.514 -0.787362
48.4486 91.514 -0.724221
59.215 91.514 -0.576535
69.9813 91.514 -0.212953
5.38318 102.28 -0.555624
16.1495 102.28 -0.902745
26.9159 102.28 -0.976123
37.6822 102.28 -0.996628
48.4486 102.28 -0.943754
59.215 102.28 -0.738802
69.9813 102.28 -0.313763
5.38318 113.047 -0.575615
16.1495 113.047 -0.918067
26.9159 113.047 -0.994764
37.6822 113.047 -0.998048
48.4486 113.047 -0.950222
59.215 113.047 -0.750221
69.9813 113.047 -0.322474
5.38318 123.813 -0.529097
16.1495 123.813 -0.809605
26.9159 123.813 -0.774855
37.6822 123.813 -0.744352
48.4486 123.813 -0.721545
59.215 123.813 -0.563522
69.9813 123.813 -0.231872
5.38318 134.579 -0.365323
16.1495 134.579 -0.464778
26.9159 134.579 -0.315377
37.6822 134.579 -0.248082
48.4486 134.579 -0.279791
59.215 134.579 -0.247602
69.9813 134.579 -0.0652213
5.38318 145.346 -0.0612707
16.1495 145.346 0.324574
26.9159 145.346 0.990398
37.6822 145.346 1.33484
48.4486 145.346 1.0978
59.215 145.346 0.742882
69.9813 145.346 0.523623
5.38318 156.112 0.525906
16.1495 156.112 1.34155
26.9159 156.112 2.12496
37.6822 156.112 2.40257
48.4486 156.112 2.16438
59.215 156.112 1.65766
69.9813 156.112 0.989705
5.38318 166.879 1.06784
16.1495 166.879 2.16982
26.9159 166.879 3.00845
37.6822 166.879 3.22196
48.4486 166.879 2.93147
59.215 166.879 2.22885
69.9813 166.879 1.34655
5.38318 177.645 1.27477
16.1495 177.645 2.57744
26.9159 177.645 3.81397
37.6822 177.645 3.92232
48.4486 177.645 3.53479
59.215 177.645 2.40373
69.9813 177.645 1.40672
5.38318 188.411 1.19474
16.1495 188.411 2.75329
26.9159 188.411 4.52935
37.6822 188.411 4.89968
48.4486 188.411 4.36207
59.215 188.411 2.73177
69.9813 188.411 1.50063
5.38318 199.178 0.897498
16.1495 199.178 2.31998
26.9159 199.178 4.15057
37.6822 199.178 4.60493
48.4486 199.178 3.91019
59.215 199.178 2.23876
69.9813 199.178 1.11656
5.38318 209.944 0.480439
16.1495 209.944 1.22997
26.9159 209.944 2.25697
37.6822 209.944 2.4774
48.4486 209.944 2.08673
59.215 209.944 1.20343
69.9813 209.944 0.626857
