48 177
0 157 72 40
0 141 72 72
0 134 72 82
0 72 72 144
0 0 72 216
5.38318 5.38318 0.486749
16.1495 5.38318 1.07419
26.9159 5.38318 1.59836
37.6822 5.38318 1.51489
48.4486 5.38318 1.05197
59.215 5.38318 0.49343
69.9813 5.38318 0.192101
5.38318 16.1495 0.928666
16.1495 16.1495 2.0356
26.9159 16.1495 2.93129
37.6822 16.1495 2.81358
48.4486 16.1495 2.00141
59.215 16.1495 1.10926
69.9813 16.1495 0.488346
5.38318 26.9159 1.45245
16.1495 26.9159 2.75148
26.9159 26.9159 3.58886
37.6822 26.9159 3.33643
48.4486 26.9159 2.3939
59.215 26.9159 1.36517
69.9813 26.9159 0.612316
5.38318 37.6822 2.13128
16.1495 37.6822 3.36623
26.9159 37.6822 3.6026
37.6822 37.6822 2.98516
48.4486 37.6822 2.22573
59.215 37.6822 1.57054
69.9813 37.6822 0.894676
5.38318 48.4486 2.40057
16.1495 48.4486 3.63205
26.9159 48.4486 3.59179
37.6822 48.4486 2.79855
48.4486 48.4486 2.36491
59.215 48.4486 2.00977
69.9813 48.4486 1.3685
5.38318 59.215 1.81307
16.1495 59.215 3.01728
26.9159 59.215 3.23729
37.6822 59.215 2.79278
48.4486 59.215 2.58982
59.215 59.215 2.49066
69.9813 59.215 1.7558
5.38318 69.9813 0.693663
16.1495 69.9813 1.69177
26.9159 69.9813 2.2334
37.6822 69.9813 2.31467
48.4486 69.9813 2.35145
59.215 69.9813 2.44208
69.9813 69.9813 1.78116
5.38318 80.7477 0.136217
16.1495 80.7477 0.884661
26.9159 80.7477 1.41423
37.6822 80.7477 1.47089
48.4486 80.7477 1.29723
59.215 80.7477 1.38105
69.9813 80.7477 1.02961
5.38318 91.514 -0.167836
16.1495 91.514 -0.139522
26.9159 91.514 0.0100188
37.6822 91.514 0.00530824
48.4486 91.514 -0.154385
59.215 91.514 -0.136902
69.9813 91.514 -0.0591442
5.38318 102.28 -0.271695
16.1495 102.28 -0.405574
26.9159 102.28 -0.384409
37.6822 102.28 -0.388891
48.4486 102.28 -0.432235
59.215 102.28 -0.341473
69.9813 102.28 -0.166801
5.38318 113.047 -0.289101
16.1495 113.047 -0.434432
26.9159 113.047 -0.421593
37.6822 113.047 -0.406328
48.4486 113.047 -0.391066
59.215 113.047 -0.296064
69.9813 113.047 -0.127464
5.38318 123.813 -0.202185
16.1495 123.813 -0.294292
26.9159 123.813 -0.254744
37.6822 123.813 -0.275104
48.4486 123.813 -0.270119
59.215 123.813 -0.200743
69.9813 123.813 -0.060506
5.38318 134.579 -0.0258309
16.1495 134.579 0.0810961
26.9159 134.579 0.333335
37.6822 134.579 0.213802
48.4486 134.579 0.175155
59.215 134.579 0.139291
69.9813 134.579 0.279854
5.38318 145.346 0.309202
16.1495 145.346 0.874865
26.9159 145.346 1.42869
37.6822 145.346 1.37616
48.4486 145.346 1.3329
59.215 145.346 1.02581
69.9813 145.346 0.837859
5.38318 156.112 0.599725
16.1495 156.112 1.67723
26.9159 156.112 2.67109
37.6822 156.112 2.90437
48.4486 156.112 2.81652
59.215 156.112 2.14767
69.9813 156.112 1.44232
5.38318 166.879 0.654475
16.1495 166.879 1.87961
26.9159 166.879 3.33628
37.6822 166.879 4.13531
48.4486 166.879 4.20339
59.215 166.879 3.26022
69.9813 166.879 1.9649
5.38318 177.645 0.791853
16.1495 177.645 1.85947
26.9159 177.645 3.50708
37.6822 177.645 4.68824
48.4486 177.645 4.92181
59.215 177.645 3.85871
69.9813 177.645 2.14465
5.38318 188.411 0.980296
16.1495 188.411 1.97099
26.9159 188.411 3.38737
37.6822 188.411 4.28697
48.4486 188.411 4.31738
59.215 188.411 3.31863
69.9813 188.411 1.76763
5.38318 199.178 1.06672
16.1495 199.178 1.83914
26.9159 199.178 2.56107
37.6822 199.178 2.72751
48.4486 199.178 2.49194
59.215 199.178 2.00448
69.9813 199.178 1.14777
5.38318 209.944 0.646218
16.1495 209.944 1.13318
26.9159 209.944 1.43087
37.6822 209.944 1.26845
48.4486 209.944 1.11035
59.215 209.944 0.947354
69.9813 209.944 0.709999
