37 26
0 6 72 40
0 0 72 72
0 0 72 82
0 0 72 144
0 0 72 216
5.38318 5.38318 0.533396
16.1495 5.38318 1.02831
26.9159 5.38318 1.60094
37.6822 5.38318 1.73409
48.4486 5.38318 1.45693
59.215 5.38318 0.942405
69.9813 5.38318 0.461514
5.38318 16.1495 0.857847
16.1495 16.1495 2.00402
26.9159 16.1495 3.33987
37.6822 16.1495 3.74946
48.4486 16.1495 3.19521
59.215 16.1495 2.015
69.9813 16.1495 1.0032
5.38318 26.9159 0.916613
16.1495 26.9159 2.45564
26.9159 26.9159 4.53777
37.6822 26.9159 5.17677
48.4486 26.9159 4.38306
59.215 26.9159 2.59118
69.9813 26.9159 1.20594
5.38318 37.6822 0.782732
16.1495 37.6822 2.3015
26.9159 37.6822 4.30281
37.6822 37.6822 4.94696
48.4486 37.6822 4.15304
59.215 37.6822 2.42391
69.9813 37.6822 1.11337
5.38318 48.4486 0.532091
16.1495 48.4486 1.64374
26.9159 48.4486 2.95707
37.6822 48.4486 3.3091
48.4486 48.4486 2.66065
59.215 48.4486 1.56096
69.9813 48.4486 0.761387
5.38318 59.215 0.381245
16.1495 59.215 1.05898
26.9159 59.215 1.44778
37.6822 59.215 1.66268
48.4486 59.215 1.17304
59.215 59.215 0.989356
69.9813 59.215 0.672084
5.38318 69.9813 0.0582421
16.1495 69.9813 0.46697
26.9159 69.9813 0.492763
37.6822 69.9813 0.657136
48.4486 69.9813 0.314624
59.215 69.9813 0.572096
69.9813 69.9813 0.57655
5.38318 80.7477 -0.172774
16.1495 80.7477 -0.214124
26.9159 80.7477 -0.265214
37.6822 80.7477 -0.26578
48.4486 80.7477 -0.291431
59.215 80.7477 -0.108102
69.9813 80.7477 0.204598
5.38318 91.514 -0.493084
16.1495 91.514 -0.791413
26.9159 91.514 -0.866893
37.6822 91.514 -0.84974
48.4486 91.514 -0.821091
59.215 91.514 -0.582009
69.9813 91.514 -0.228709
5.38318 102.28 -0.565779
16.1495 102.28 -0.904254
26.9159 102.28 -0.987398
37.6822 102.28 -0.97726
48.4486 102.28 -0.928906
59.215 102.28 -0.713334
69.9813 102.28 -0.308362
5.38318 113.047 -0.58051
16.1495 113.047 -0.930535
26.9159 113.047 -1.01438
37.6822 113.047 -1.01612
48.4486 113.047 -0.961991
59.215 113.047 -0.758218
69.9813 113.047 -0.326227
5.38318 123.813 -0.559657
16.1495 123.813 -0.888299
26.9159 123.813 -0.972053
37.6822 123.813 -0.970868
48.4486 123.813 -0.921231
59.215 123.813 -0.697609
69.9813 123.813 -0.291125
5.38318 134.579 -0.486092
16.1495 134.579 -0.723834
26.9159 134.579 -0.754383
37.6822 134.579 -0.738288
48.4486 134.579 -0.712021
59.215 134.579 -0.507831
69.9813 134.579 -0.18674
5.38318 145.346 -0.259104
16.1495 145.346 -0.29744
26.9159 145.346 -0.277902
37.6822 145.346 -0.23855
48.4486 145.346 -0.235515
59.215 145.346 -0.118028
69.9813 145.346 0.137818
5.38318 156.112 0.116172
16.1495 156.112 0.626501
26.9159 156.112 0.999528
37.6822 156.112 1.14096
48.4486 156.112 1.13271
59.215 156.112 0.991188
69.9813 156.112 0.847945
5.38318 166.879 0.744441
16.1495 166.879 1.65683
26.9159 166.879 2.32577
37.6822 166.879 2.51001
48.4486 166.879 2.55037
59.215 166.879 2.15445
69.9813 166.879 1.51442
5.38318 177.645 0.877275
16.1495 177.645 1.7455
26.9159 177.645 2.52166
37.6822 177.645 2.78557
48.4486 177.645 2.95297
59.215 177.645 2.58643
69.9813 177.645 1.775
5.38318 188.411 0.710305
16.1495 188.411 1.37602
26.9159 188.411 1.891
37.6822 188.411 2.01248
48.4486 188.411 2.09119
59.215 188.411 1.96213
69.9813 188.411 1.41819
5.38318 199.178 0.28831
16.1495 199.178 0.47901
26.9159 199.178 0.586655
37.6822 199.178 0.446514
48.4486 199.178 0.427342
59.215 199.178 0.69764
69.9813 199.178 0.728197
5.38318 209.944 0.0570637
16.1495 209.944 0.105224
26.9159 209.944 0.00897808
37.6822 209.944 -0.112318
48.4486 209.944 -0.185412
59.215 209.944 -0.0656074
69.9813 209.944 0.198018
