37 37
0 17 72 40
0 1 72 72
0 0 72 82
0 0 72 144
0 0 72 216
5.38318 5.38318 0.370231
16.1495 5.38318 0.781826
26.9159 5.38318 1.30378
37.6822 5.38318 1.40223
48.4486 5.38318 1.21002
59.215 5.38318 0.649482
69.9813 5.38318 0.357572
5.38318 16.1495 0.707943
16.1495 16.1495 1.76848
26.9159 16.1495 3.04456
37.6822 16.1495 3.36455
48.4486 16.1495 2.92108
59.215 16.1495 1.67617
69.9813 16.1495 0.912928
5.38318 26.9159 1.11483
16.1495 26.9159 2.6277
26.9159 26.9159 4.79719
37.6822 26.9159 5.32594
48.4486 26.9159 4.62169
59.215 26.9159 2.55868
69.9813 26.9159 1.24639
5.38318 37.6822 1.34502
16.1495 37.6822 2.93118
26.9159 37.6822 5.12062
37.6822 37.6822 5.76632
48.4486 37.6822 5.07214
59.215 37.6822 3.01382
69.9813 37.6822 1.48644
5.38318 48.4486 1.63815
16.1495 48.4486 2.82641
26.9159 48.4486 4.15618
37.6822 48.4486 4.31473
48.4486 48.4486 3.78364
59.215 48.4486 2.60969
69.9813 48.4486 1.44475
5.38318 59.215 1.24064
16.1495 59.215 1.75579
26.9159 59.215 1.88002
37.6822 59.215 1.68671
48.4486 59.215 1.52946
59.215 59.215 1.70143
69.9813 59.215 1.32892
5.38318 69.9813 0.784105
16.1495 69.9813 1.08098
26.9159 69.9813 0.979494
37.6822 69.9813 0.641126
48.4486 69.9813 0.561649
59.215 69.9813 1.15061
69.9813 69.9813 1.10833
5.38318 80.7477 -0.118763
16.1495 80.7477 -0.188428
26.9159 80.7477 -0.17435
37.6822 80.7477 -0.217045
48.4486 80.7477 -0.159306
59.215 80.7477 0.221812
69.9813 80.7477 0.507926
5.38318 91.514 -0.337873
16.1495 91.514 -0.455491
26.9159 91.514 -0.390421
37.6822 91.514 -0.342972
48.4486 91.514 -0.322901
59.215 91.514 -0.221511
69.9813 91.514 -0.040733
5.38318 102.28 -0.31111
16.1495 102.28 -0.429811
26.9159 102.28 -0.348965
37.6822 102.28 -0.31171
48.4486 102.28 -0.325022
59.215 102.28 -0.276773
69.9813 102.28 -0.12545
5.38318 113.047 -0.298398
16.1495 113.047 -0.449531
26.9159 113.047 -0.446881
37.6822 113.047 -0.43556
48.4486 113.047 -0.421122
59.215 113.047 -0.329859
69.9813 113.047 -0.146006
5.38318 123.813 -0.272792
16.1495 123.813 -0.40668
26.9159 123.813 -0.365455
37.6822 123.813 -0.361069
48.4486 123.813 -0.354531
59.215 123.813 -0.267726
69.9813 123.813 -0.109834
5.38318 134.579 -0.186732
16.1495 134.579 -0.244884
26.9159 134.579 -0.141429
37.6822 134.579 -0.116995
48.4486 134.579 -0.130006
59.215 134.579 -0.0741669
69.9813 134.579 -0.00497809
5.38318 145.346 -0.0212111
16.1495 145.346 0.207164
26.9159 145.346 0.726593
37.6822 145.346 0.911548
48.4486 145.346 0.843196
59.215 145.346 0.698022
69.9813 145.346 0.456782
5.38318 156.112 0.327872
16.1495 156.112 1.08604
26.9159 156.112 2.0743
37.6822 156.112 2.52697
48.4486 156.112 2.35246
59.215 156.112 1.78592
69.9813 156.112 1.04357
5.38318 166.879 0.653197
16.1495 166.879 2.01339
26.9159 166.879 3.43056
37.6822 166.879 4.3019
48.4486 166.879 3.98266
59.215 166.879 2.81707
69.9813 166.879 1.55575
5.38318 177.645 0.749867
16.1495 177.645 2.30577
26.9159 177.645 3.9422
37.6822 177.645 5.16059
48.4486 177.645 4.80143
59.215 177.645 3.38206
69.9813 177.645 1.80944
5.38318 188.411 0.809004
16.1495 188.411 2.28505
26.9159 188.411 3.70986
37.6822 188.411 4.62767
48.4486 188.411 4.15463
59.215 188.411 2.95147
69.9813 188.411 1.59171
5.38318 199.178 0.626562
16.1495 199.178 1.54132
26.9159 199.178 2.22022
37.6822 199.178 2.46227
48.4486 199.178 2.19104
59.215 199.178 1.78385
69.9813 199.178 1.12603
5.38318 209.944 0.517718
16.1495 209.944 1.01701
26.9159 209.944 1.30511
37.6822 209.944 1.14109
48.4486 209.944 1.00571
59.215 209.944 0.973056
69.9813 209.944 0.773844
