26 26
0 6 72 40
0 0 72 72
0 0 72 82
0 0 72 144
0 0 72 216
5.38318 5.38318 1.10619
16.1495 5.38318 1.86207
26.9159 5.38318 2.15547
37.6822 5.38318 1.89259
48.4486 5.38318 1.57842
59.215 5.38318 1.31578
69.9813 5.38318 0.860125
5.38318 16.1495 1.75575
16.1495 16.1495 3.11803
26.9159 16.1495 3.69327
37.6822 16.1495 3.25085
48.4486 16.1495 2.71912
59.215 16.1495 2.29061
69.9813 16.1495 1.57995
5.38318 26.9159 1.90611
16.1495 26.9159 3.38973
26.9159 26.9159 4.0182
37.6822 26.9159 3.72557
48.4486 26.9159 3.19126
59.215 26.9159 2.73854
69.9813 26.9159 1.8603
5.38318 37.6822 1.42418
16.1495 37.6822 2.50942
26.9159 37.6822 3.00941
37.6822 37.6822 3.01525
48.4486 37.6822 2.67369
59.215 37.6822 2.25857
69.9813 37.6822 1.48299
5.38318 48.4486 1.32071
16.1495 48.4486 2.43143
26.9159 48.4486 3.024
37.6822 48.4486 3.23051
48.4486 48.4486 2.89413
59.215 48.4486 2.3453
69.9813 48.4486 1.40388
5.38318 59.215 1.19507
16.1495 59.215 2.14178
26.9159 59.215 2.61188
37.6822 59.215 2.79722
48.4486 59.215 2.50074
59.215 59.215 2.00063
69.9813 59.215 1.1718
5.38318 69.9813 0.6493
16.1495 69.9813 1.32405
26.9159 69.9813 1.77391
37.6822 69.9813 2.098
48.4486 69.9813 1.8954
59.215 69.9813 1.49236
69.9813 69.9813 0.912859
5.38318 80.7477 -0.226093
16.1495 80.7477 -0.231396
26.9159 80.7477 -0.124959
37.6822 80.7477 0.0926665
48.4486 80.7477 -0.0361793
59.215 80.7477 -0.0573294
69.9813 80.7477 0.0850586
5.38318 91.514 -0.522516
16.1495 91.514 -0.818688
26.9159 91.514 -0.847112
37.6822 91.514 -0.781505
48.4486 91.514 -0.738682
59.215 91.514 -0.565495
69.9813 91.514 -0.227571
5.38318 102.28 -0.58478
16.1495 102.28 -0.93443
26.9159 102.28 -1.01657
37.6822 102.28 -1.01219
48.4486 102.28 -0.966083
59.215 102.28 -0.786038
69.9813 102.28 -0.347298
5.38318 113.047 -0.586543
16.1495 113.047 -0.942413
26.9159 113.047 -1.03118
37.6822 113.047 -1.03498
48.4486 113.047 -0.980612
59.215 113.047 -0.775545
69.9813 113.047 -0.338453
5.38318 123.813 -0.585244
16.1495 123.813 -0.932114
26.9159 123.813 -1.0086
37.6822 123.813 -1.00302
48.4486 123.813 -0.949674
59.215 123.813 -0.743251
69.9813 123.813 -0.321214
5.38318 134.579 -0.564328
16.1495 134.579 -0.8849
26.9159 134.579 -0.935894
37.6822 134.579 -0.929459
48.4486 134.579 -0.894104
59.215 134.579 -0.685303
69.9813 134.579 -0.300775
5.38318 145.346 -0.534462
16.1495 145.346 -0.824491
26.9159 145.346 -0.765175
37.6822 145.346 -0.765982
48.4486 145.346 -0.76309
59.215 145.346 -0.602685
69.9813 145.346 -0.268186
5.38318 156.112 -0.453187
16.1495 156.112 -0.639161
26.9159 156.112 -0.49955
37.6822 156.112 -0.545291
48.4486 156.112 -0.637572
59.215 156.112 -0.56022
69.9813 156.112 -0.261567
5.38318 166.879 -0.436946
16.1495 166.879 -0.612982
26.9159 166.879 -0.449142
37.6822 166.879 -0.520923
48.4486 166.879 -0.637382
59.215 166.879 -0.569315
69.9813 166.879 -0.26424
5.38318 177.645 -0.424604
16.1495 177.645 -0.625431
26.9159 177.645 -0.523765
37.6822 177.645 -0.64174
48.4486 177.645 -0.748605
59.215 177.645 -0.628065
69.9813 177.645 -0.285345
5.38318 188.411 -0.452033
16.1495 188.411 -0.691848
26.9159 188.411 -0.644669
37.6822 188.411 -0.763664
48.4486 188.411 -0.801808
59.215 188.411 -0.61764
69.9813 188.411 -0.250773
5.38318 199.178 -0.43692
16.1495 199.178 -0.630261
26.9159 199.178 -0.576825
37.6822 199.178 -0.660056
48.4486 199.178 -0.681982
59.215 199.178 -0.495
69.9813 199.178 -0.177444
5.38318 209.944 -0.296988
16.1495 209.944 -0.381091
26.9159 209.944 -0.320511
37.6822 209.944 -0.353828
48.4486 209.944 -0.345608
59.215 209.944 -0.232146
69.9813 209.944 -0.0223761
