37 48
0 28 72 40
0 12 72 72
0 7 72 82
0 0 72 144
0 0 72 216
5.38318 5.38318 0.710158
16.1495 5.38318 1.12366
26.9159 5.38318 1.39576
37.6822 5.38318 1.36419
48.4486 5.38318 1.29805
59.215 5.38318 1.01238
69.9813 5.38318 0.678196
5.38318 16.1495 1.3149
16.1495 16.1495 2.27468
26.9159 16.1495 2.79021
37.6822 16.1495 2.74504
48.4486 16.1495 2.49686
59.215 16.1495 1.96649
69.9813 16.1495 1.26426
5.38318 26.9159 1.40441
16.1495 26.9159 2.56201
26.9159 26.9159 3.22629
37.6822 26.9159 3.18472
48.4486 26.9159 2.75812
59.215 26.9159 2.18254
69.9813 26.9159 1.37124
5.38318 37.6822 1.49544
16.1495 37.6822 2.79092
26.9159 37.6822 3.65888
37.6822 37.6822 3.63238
48.4486 37.6822 3.00672
59.215 37.6822 2.20868
69.9813 37.6822 1.29431
5.38318 48.4486 1.38089
16.1495 48.4486 2.68683
26.9159 48.4486 3.67597
37.6822 48.4486 3.75477
48.4486 48.4486 3.07428
59.215 48.4486 2.15381
69.9813 48.4486 1.20986
5.38318 59.215 1.0174
16.1495 59.215 2.0601
26.9159 59.215 2.94311
37.6822 59.215 2.96697
48.4486 59.215 2.53985
59.215 59.215 1.84555
69.9813 59.215 1.169
5.38318 69.9813 0.536612
16.1495 69.9813 1.25449
26.9159 69.9813 1.96973
37.6822 69.9813 1.90937
48.4486 69.9813 1.63319
59.215 69.9813 1.25856
69.9813 69.9813 0.925513
5.38318 80.7477 -0.0755644
16.1495 80.7477 0.126571
26.9159 80.7477 0.765097
37.6822 80.7477 0.710955
48.4486 80.7477 0.564133
59.215 80.7477 0.470632
69.9813 80.7477 0.481615
5.38318 91.514 -0.313568
16.1495 91.514 -0.424251
26.9159 91.514 -0.308346
37.6822 91.514 -0.309997
48.4486 91.514 -0.305687
59.215 91.514 -0.237459
69.9813 91.514 -0.068363
5.38318 102.28 -0.312231
16.1495 102.28 -0.457098
26.9159 102.28 -0.392547
37.6822 102.28 -0.374174
48.4486 102.28 -0.354957
59.215 102.28 -0.274214
69.9813 102.28 -0.103117
5.38318 113.047 -0.302053
16.1495 113.047 -0.455819
26.9159 113.047 -0.459075
37.6822 113.047 -0.441629
48.4486 113.047 -0.423287
59.215 113.047 -0.327395
69.9813 113.047 -0.142148
5.38318 123.813 -0.276644
16.1495 123.813 -0.406407
26.9159 123.813 -0.349628
37.6822 123.813 -0.348441
48.4486 123.813 -0.34989
59.215 123.813 -0.295468
69.9813 123.813 -0.13291
5.38318 134.579 -0.164237
16.1495 134.579 -0.179951
26.9159 134.579 -0.0093142
37.6822 134.579 0.0503498
48.4486 134.579 -0.0691221
59.215 134.579 -0.112988
69.9813 134.579 -0.0722135
5.38318 145.346 -0.0044524
16.1495 145.346 0.272873
26.9159 145.346 1.0112
37.6822 145.346 1.07805
48.4486 145.346 0.646409
59.215 145.346 0.305776
69.9813 145.346 0.0578729
5.38318 156.112 0.38725
16.1495 156.112 1.07647
26.9159 156.112 2.24072
37.6822 156.112 2.31223
48.4486 156.112 1.48673
59.215 156.112 0.768993
69.9813 156.112 0.169234
5.38318 166.879 0.450775
16.1495 166.879 1.19083
26.9159 166.879 2.56083
37.6822 166.879 2.55215
48.4486 166.879 1.58077
59.215 166.879 0.793443
69.9813 166.879 0.177325
5.38318 177.645 0.428846
16.1495 177.645 1.02339
26.9159 177.645 2.30174
37.6822 177.645 2.02875
48.4486 177.645 1.17115
59.215 177.645 0.482694
69.9813 177.645 0.0757615
5.38318 188.411 0.272064
16.1495 188.411 0.602655
26.9159 188.411 1.50286
37.6822 188.411 1.00127
48.4486 188.411 0.47949
59.215 188.411 0.146775
69.9813 188.411 0.153205
5.38318 199.178 0.163313
16.1495 199.178 0.439727
26.9159 199.178 1.2813
37.6822 199.178 0.811856
48.4486 199.178 0.536966
59.215 199.178 0.248369
69.9813 199.178 0.377623
5.38318 209.944 -0.00465363
16.1495 209.944 0.0858626
26.9159 209.944 0.59619
37.6822 209.944 0.344448
48.4486 209.944 0.347928
59.215 209.944 0.264708
69.9813 209.944 0.387576
