37 177
0 157 72 40
0 141 72 72
0 134 72 82
0 72 72 144
0 0 72 216
5.38318 5.38318 0.970343
16.1495 5.38318 1.22797
26.9159 5.38318 1.1328
37.6822 5.38318 0.922982
48.4486 5.38318 1.31497
59.215 5.38318 1.41513
69.9813 5.38318 1.04026
5.38318 16.1495 1.52206
16.1495 16.1495 2.09249
26.9159 16.1495 2.14591
37.6822 16.1495 1.87139
48.4486 16.1495 2.3293
59.215 16.1495 2.38552
69.9813 16.1495 1.80156
5.38318 26.9159 1.32026
16.1495 26.9159 2.04232
26.9159 26.9159 2.64325
37.6822 26.9159 2.47274
48.4486 26.9159 2.69191
59.215 26.9159 2.35041
69.9813 26.9159 1.6957
5.38318 37.6822 1.03259
16.1495 37.6822 1.95002
26.9159 37.6822 3.27469
37.6822 37.6822 3.44132
48.4486 37.6822 3.17717
59.215 37.6822 2.15245
69.9813 37.6822 1.30419
5.38318 48.4486 0.973119
16.1495 48.4486 2.01829
26.9159 48.4486 3.65464
37.6822 48.4486 4.01549
48.4486 48.4486 3.56994
59.215 48.4486 2.31035
69.9813 48.4486 1.25898
5.38318 59.215 0.945204
16.1495 59.215 1.8524
26.9159 59.215 2.94867
37.6822 59.215 2.92822
48.4486 59.215 2.49918
59.215 59.215 1.74846
69.9813 59.215 1.12067
5.38318 69.9813 0.57698
16.1495 69.9813 0.957473
26.9159 69.9813 1.27953
37.6822 69.9813 1.00531
48.4486 69.9813 0.823963
59.215 69.9813 0.858633
69.9813 69.9813 0.807871
5.38318 80.7477 0.0727361
16.1495 80.7477 0.161854
26.9159 80.7477 0.281288
37.6822 80.7477 -0.0237181
48.4486 80.7477 -0.0626372
59.215 80.7477 0.137849
69.9813 80.7477 0.421463
5.38318 91.514 -0.179603
16.1495 91.514 -0.280158
26.9159 91.514 -0.250052
37.6822 91.514 -0.312213
48.4486 91.514 -0.285139
59.215 91.514 -0.182383
69.9813 91.514 0.0128448
5.38318 102.28 -0.28253
16.1495 102.28 -0.41996
26.9159 102.28 -0.378219
37.6822 102.28 -0.358848
48.4486 102.28 -0.363267
59.215 102.28 -0.282642
69.9813 102.28 -0.123673
5.38318 113.047 -0.30102
16.1495 113.047 -0.455579
26.9159 113.047 -0.461195
37.6822 113.047 -0.444709
48.4486 113.047 -0.429771
59.215 113.047 -0.340257
69.9813 113.047 -0.15176
5.38318 123.813 -0.297855
16.1495 123.813 -0.453519
26.9159 123.813 -0.45606
37.6822 123.813 -0.444956
48.4486 123.813 -0.416838
59.215 123.813 -0.316864
69.9813 123.813 -0.135217
5.38318 134.579 -0.247483
16.1495 134.579 -0.33464
26.9159 134.579 -0.256827
37.6822 134.579 -0.232953
48.4486 134.579 -0.242659
59.215 134.579 -0.213515
69.9813 134.579 -0.0926304
5.38318 145.346 -0.102039
16.1495 145.346 0.00721042
26.9159 145.346 0.480955
37.6822 145.346 0.620095
48.4486 145.346 0.396526
59.215 145.346 0.118917
69.9813 145.346 0.0760208
5.38318 156.112 0.317813
16.1495 156.112 1.21007
26.9159 156.112 2.09283
37.6822 156.112 2.29989
48.4486 156.112 1.74844
59.215 156.112 0.92804
69.9813 156.112 0.417722
5.38318 166.879 0.770121
16.1495 166.879 2.18219
26.9159 166.879 3.48056
37.6822 166.879 3.86336
48.4486 166.879 2.9726
59.215 166.879 1.7297
69.9813 166.879 0.770035
5.38318 177.645 1.08863
16.1495 177.645 2.70226
26.9159 177.645 4.18317
37.6822 177.645 4.61181
48.4486 177.645 3.66471
59.215 177.645 2.26315
69.9813 177.645 1.07031
5.38318 188.411 1.24722
16.1495 188.411 2.65831
26.9159 188.411 3.78746
37.6822 188.411 4.08555
48.4486 188.411 3.4105
59.215 188.411 2.35298
69.9813 188.411 1.25995
5.38318 199.178 1.23171
16.1495 199.178 2.19606
26.9159 199.178 2.69822
37.6822 199.178 2.74851
48.4486 199.178 2.55398
59.215 199.178 2.13131
69.9813 199.178 1.38919
5.38318 209.944 1.12648
16.1495 209.944 1.80487
26.9159 209.944 1.8972
37.6822 209.944 1.67885
48.4486 209.944 1.7134
59.215 209.944 1.65999
69.9813 209.944 1.26579
