37 177
0 157 72 40
0 141 72 72
0 134 72 82
0 72 72 144
0 0 72 216
5.38318 5.38318 0.677385
16.1495 5.38318 1.12617
26.9159 5.38318 1.35801
37.6822 5.38318 1.41698
48.4486 5.38318 1.34828
59.215 5.38318 1.07829
69.9813 5.38318 0.681516
5.38318 16.1495 1.13582
16.1495 16.1495 2.11032
26.9159 16.1495 2.79731
37.6822 16.1495 2.96645
48.4486 16.1495 2.81802
59.215 16.1495 2.16702
69.9813 16.1495 1.36841
5.38318 26.9159 1.23313
16.1495 26.9159 2.52198
26.9159 26.9159 3.68705
37.6822 26.9159 3.96854
48.4486 26.9159 3.66334
59.215 26.9159 2.6657
69.9813 26.9159 1.62652
5.38318 37.6822 1.21589
16.1495 37.6822 2.58289
26.9159 37.6822 4.05406
37.6822 37.6822 4.28159
48.4486 37.6822 3.83378
59.215 37.6822 2.61158
69.9813 37.6822 1.56159
5.38318 48.4486 1.0746
16.1495 48.4486 2.30201
26.9159 48.4486 3.6835
37.6822 48.4486 3.80988
48.4486 48.4486 3.23133
59.215 48.4486 2.02005
69.9813 48.4486 1.10802
5.38318 59.215 0.660377
16.1495 59.215 1.61576
26.9159 59.215 2.78211
37.6822 59.215 2.87763
48.4486 59.215 2.40816
59.215 59.215 1.25143
69.9813 59.215 0.64786
5.38318 69.9813 0.0710076
16.1495 69.9813 0.683231
26.9159 69.9813 1.80194
37.6822 69.9813 1.87524
48.4486 69.9813 1.2832
59.215 69.9813 0.250708
69.9813 69.9813 0.000467002
5.38318 80.7477 -0.312548
16.1495 80.7477 -0.375978
26.9159 80.7477 -0.138232
37.6822 80.7477 -0.209644
48.4486 80.7477 -0.338628
59.215 80.7477 -0.462986
69.9813 80.7477 -0.225702
5.38318 91.514 -0.518249
16.1495 91.514 -0.823785
26.9159 91.514 -0.883345
37.6822 91.514 -0.946754
48.4486 91.514 -0.945532
59.215 91.514 -0.786833
69.9813 91.514 -0.359284
5.38318 102.28 -0.575548
16.1495 102.28 -0.927223
26.9159 102.28 -1.01996
37.6822 102.28 -1.03815
48.4486 102.28 -0.99064
59.215 102.28 -0.789065
69.9813 102.28 -0.346304
5.38318 113.047 -0.57458
16.1495 113.047 -0.919935
26.9159 113.047 -0.997939
37.6822 113.047 -0.999457
48.4486 113.047 -0.944818
59.215 113.047 -0.737377
69.9813 113.047 -0.314363
5.38318 123.813 -0.536743
16.1495 123.813 -0.830339
26.9159 123.813 -0.817886
37.6822 123.813 -0.788779
48.4486 123.813 -0.729207
59.215 123.813 -0.552307
69.9813 123.813 -0.217439
5.38318 134.579 -0.374329
16.1495 134.579 -0.500561
26.9159 134.579 -0.354608
37.6822 134.579 -0.298201
48.4486 134.579 -0.280803
59.215 134.579 -0.23651
69.9813 134.579 -0.0497116
5.38318 145.346 -0.0951589
16.1495 145.346 0.165512
26.9159 145.346 0.987952
37.6822 145.346 1.36905
48.4486 145.346 1.16671
59.215 145.346 0.733533
69.9813 145.346 0.491708
5.38318 156.112 0.519263
16.1495 156.112 1.47586
26.9159 156.112 2.6171
37.6822 156.112 3.0436
48.4486 156.112 2.634
59.215 156.112 1.77526
69.9813 156.112 0.97487
5.38318 166.879 0.983282
16.1495 166.879 2.43106
26.9159 166.879 4.10582
37.6822 166.879 4.63643
48.4486 166.879 3.77622
59.215 166.879 2.31016
69.9813 166.879 1.13909
5.38318 177.645 1.18916
16.1495 177.645 2.805
26.9159 177.645 4.93037
37.6822 177.645 5.38921
48.4486 177.645 4.34131
59.215 177.645 2.48147
69.9813 177.645 1.16608
5.38318 188.411 1.04654
16.1495 188.411 2.70343
26.9159 188.411 4.81562
37.6822 188.411 5.19707
48.4486 188.411 3.94596
59.215 188.411 2.13619
69.9813 188.411 0.83581
5.38318 199.178 0.730879
16.1495 199.178 1.80593
26.9159 199.178 2.87514
37.6822 199.178 2.9908
48.4486 199.178 2.42709
59.215 199.178 1.49977
69.9813 199.178 0.888073
5.38318 209.944 0.432805
16.1495 209.944 1.00639
26.9159 209.944 1.20167
37.6822 209.944 1.2474
48.4486 209.944 1.01844
59.215 209.944 0.851299
69.9813 209.944 0.619273
