37 26
0 6 72 40
0 0 72 72
0 0 72 82
0 0 72 144
0 0 72 216
5.38318 5.38318 0.577669
16.1495 5.38318 1.18838
26.9159 5.38318 1.90366
37.6822 5.38318 2.07145
48.4486 5.38318 1.68119
59.215 5.38318 1.01041
69.9813 5.38318 0.449898
5.38318 16.1495 0.997305
16.1495 16.1495 2.43639
26.9159 16.1495 4.09179
37.6822 16.1495 4.54187
48.4486 16.1495 3.66225
59.215 16.1495 2.13201
69.9813 16.1495 0.966678
5.38318 26.9159 1.07937
16.1495 26.9159 2.99431
26.9159 26.9159 5.42552
37.6822 26.9159 6.16053
48.4486 26.9159 4.99469
59.215 26.9159 2.82281
69.9813 26.9159 1.27321
5.38318 37.6822 1.09285
16.1495 37.6822 2.92075
26.9159 37.6822 5.12409
37.6822 37.6822 5.65087
48.4486 37.6822 4.64518
59.215 37.6822 2.63304
69.9813 37.6822 1.28182
5.38318 48.4486 0.958038
16.1495 48.4486 2.12018
26.9159 48.4486 3.41431
37.6822 48.4486 3.58508
48.4486 48.4486 3.3596
59.215 48.4486 2.16093
69.9813 48.4486 1.38221
5.38318 59.215 1.13242
16.1495 59.215 2.08091
26.9159 59.215 2.74785
37.6822 59.215 2.77161
48.4486 59.215 2.96159
59.215 59.215 2.26341
69.9813 59.215 1.58767
5.38318 69.9813 0.955617
16.1495 69.9813 1.6733
26.9159 69.9813 2.11389
37.6822 69.9813 2.19617
48.4486 69.9813 2.56049
59.215 69.9813 2.18829
69.9813 69.9813 1.56405
5.38318 80.7477 0.176209
16.1495 80.7477 0.318087
26.9159 80.7477 0.482989
37.6822 80.7477 0.511193
48.4486 80.7477 0.76781
59.215 80.7477 0.84593
69.9813 80.7477 0.750993
5.38318 91.514 -0.450806
16.1495 91.514 -0.7186
26.9159 91.514 -0.764567
37.6822 91.514 -0.72529
48.4486 91.514 -0.677876
59.215 91.514 -0.421601
69.9813 91.514 -0.146503
5.38318 102.28 -0.563917
16.1495 102.28 -0.897769
26.9159 102.28 -0.976029
37.6822 102.28 -0.967072
48.4486 102.28 -0.924039
59.215 102.28 -0.688089
69.9813 102.28 -0.296092
5.38318 113.047 -0.57633
16.1495 113.047 -0.919568
26.9159 113.047 -0.995441
37.6822 113.047 -0.993542
48.4486 113.047 -0.942967
59.215 113.047 -0.733216
69.9813 113.047 -0.313556
5.38318 123.813 -0.542141
16.1495 123.813 -0.844913
26.9159 123.813 -0.836364
37.6822 123.813 -0.804731
48.4486 123.813 -0.74316
59.215 123.813 -0.564008
69.9813 123.813 -0.225371
5.38318 134.579 -0.40065
16.1495 134.579 -0.545506
26.9159 134.579 -0.394197
37.6822 134.579 -0.328254
48.4486 134.579 -0.296149
59.215 134.579 -0.257801
69.9813 134.579 -0.0650495
5.38318 145.346 -0.14068
16.1495 145.346 -0.0120282
26.9159 145.346 0.87993
37.6822 145.346 1.28388
48.4486 145.346 1.29692
59.215 145.346 0.764846
69.9813 145.346 0.534631
5.38318 156.112 0.483382
16.1495 156.112 1.48335
26.9159 156.112 2.80219
37.6822 156.112 3.33508
48.4486 156.112 3.10642
59.215 156.112 2.0528
69.9813 156.112 1.1301
5.38318 166.879 1.13324
16.1495 166.879 2.62966
26.9159 166.879 4.47751
37.6822 166.879 5.18078
48.4486 166.879 4.70157
59.215 166.879 3.03943
69.9813 166.879 1.60899
5.38318 177.645 1.41158
16.1495 177.645 3.04769
26.9159 177.645 4.9272
37.6822 177.645 5.47235
48.4486 177.645 4.7385
59.215 177.645 3.0678
69.9813 177.645 1.59727
5.38318 188.411 1.36144
16.1495 188.411 2.69292
26.9159 188.411 3.96933
37.6822 188.411 4.16879
48.4486 188.411 3.61265
59.215 188.411 2.63344
69.9813 188.411 1.54696
5.38318 199.178 0.920887
16.1495 199.178 1.52191
26.9159 199.178 1.67288
37.6822 199.178 1.54883
48.4486 199.178 1.33181
59.215 199.178 1.51882
69.9813 199.178 1.17737
5.38318 209.944 0.546317
16.1495 209.944 0.832502
26.9159 209.944 0.661023
37.6822 209.944 0.599306
48.4486 209.944 0.678687
59.215 209.944 1.20944
69.9813 209.944 1.01864
