37 37
0 17 72 40
0 1 72 72
0 0 72 82
0 0 72 144
0 0 72 216
5.38318 5.38318 0.418494
16.1495 5.38318 0.841301
26.9159 5.38318 1.16547
37.6822 5.38318 1.10481
48.4486 5.38318 0.877464
59.215 5.38318 0.437749
69.9813 5.38318 0.27292
5.38318 16.1495 0.710797
16.1495 16.1495 1.93128
26.9159 16.1495 2.85769
37.6822 16.1495 3.03315
48.4486 16.1495 2.50972
59.215 16.1495 1.48943
69.9813 16.1495 0.790475
5.38318 26.9159 0.86321
16.1495 26.9159 2.63369
26.9159 26.9159 4.35767
37.6822 26.9159 4.96577
48.4486 26.9159 4.08655
59.215 26.9159 2.32505
69.9813 26.9159 1.10582
5.38318 37.6822 1.02357
16.1495 37.6822 2.997
26.9159 37.6822 5.21074
37.6822 37.6822 6.23165
48.4486 37.6822 5.21497
59.215 37.6822 3.02146
69.9813 37.6822 1.33126
5.38318 48.4486 1.09826
16.1495 48.4486 2.82088
26.9159 48.4486 4.63759
37.6822 48.4486 5.42187
48.4486 48.4486 4.58795
59.215 48.4486 2.75651
69.9813 48.4486 1.31195
5.38318 59.215 1.12417
16.1495 59.215 2.29989
26.9159 59.215 2.99178
37.6822 59.215 3.14879
48.4486 59.215 2.74544
59.215 59.215 1.91117
69.9813 59.215 1.1736
5.38318 69.9813 0.861686
16.1495 69.9813 1.69981
26.9159 69.9813 1.84917
37.6822 69.9813 1.80656
48.4486 69.9813 1.61892
59.215 69.9813 1.42267
69.9813 69.9813 1.02612
5.38318 80.7477 0.25547
16.1495 80.7477 0.730591
26.9159 80.7477 0.904068
37.6822 80.7477 0.786867
48.4486 80.7477 0.686317
59.215 80.7477 0.729346
69.9813 80.7477 0.634505
5.38318 91.514 -0.258723
16.1495 91.514 -0.316395
26.9159 91.514 -0.216111
37.6822 91.514 -0.176768
48.4486 91.514 -0.185169
59.215 91.514 -0.0852098
69.9813 91.514 0.0340407
5.38318 102.28 -0.315441
16.1495 102.28 -0.456458
26.9159 102.28 -0.388102
37.6822 102.28 -0.34671
48.4486 102.28 -0.353113
59.215 102.28 -0.272735
69.9813 102.28 -0.121158
5.38318 113.047 -0.299555
16.1495 113.047 -0.45165
26.9159 113.047 -0.452405
37.6822 113.047 -0.433745
48.4486 113.047 -0.418657
59.215 113.047 -0.326332
69.9813 113.047 -0.1456
5.38318 123.813 -0.289383
16.1495 123.813 -0.43214
26.9159 123.813 -0.39616
37.6822 123.813 -0.380387
48.4486 123.813 -0.376929
59.215 123.813 -0.301122
69.9813 123.813 -0.13592
5.38318 134.579 -0.156743
16.1495 134.579 -0.225798
26.9159 134.579 -0.176398
37.6822 134.579 -0.171814
48.4486 134.579 -0.210255
59.215 134.579 -0.166331
69.9813 134.579 -0.0672472
5.38318 145.346 0.337225
16.1495 145.346 0.558837
26.9159 145.346 0.720771
37.6822 145.346 0.722434
48.4486 145.346 0.450138
59.215 145.346 0.354574
69.9813 145.346 0.232699
5.38318 156.112 1.68903
16.1495 156.112 2.41553
26.9159 156.112 2.3449
37.6822 156.112 2.02902
48.4486 156.112 1.5099
59.215 156.112 1.22918
69.9813 156.112 0.689678
5.38318 166.879 3.16067
16.1495 166.879 4.4562
26.9159 166.879 4.02857
37.6822 166.879 3.27252
48.4486 166.879 2.51446
59.215 166.879 2.0453
69.9813 166.879 1.16507
5.38318 177.645 3.84288
16.1495 177.645 5.42452
26.9159 177.645 4.83869
37.6822 177.645 3.72044
48.4486 177.645 2.90049
59.215 177.645 2.38233
69.9813 177.645 1.39428
5.38318 188.411 2.976
16.1495 188.411 4.32167
26.9159 188.411 4.05086
37.6822 188.411 3.13616
48.4486 188.411 2.45352
59.215 188.411 2.05103
69.9813 188.411 1.28547
5.38318 199.178 1.26017
16.1495 199.178 2.0694
26.9159 199.178 2.2426
37.6822 199.178 1.75158
48.4486 199.178 1.35653
59.215 199.178 1.27392
69.9813 199.178 0.94018
5.38318 209.944 0.563185
16.1495 209.944 1.02512
26.9159 209.944 1.31217
37.6822 209.944 0.964096
48.4486 209.944 0.841981
59.215 209.944 0.90005
69.9813 209.944 0.720025
