37 177
0 157 72 40
0 141 72 72
0 134 72 82
0 72 72 144
0 0 72 216
5.38318 5.38318 0.642816
16.1495 5.38318 1.12716
26.9159 5.38318 1.56604
37.6822 5.38318 1.65108
48.4486 5.38318 1.43435
59.215 5.38318 0.952269
69.9813 5.38318 0.513746
5.38318 16.1495 1.09975
16.1495 16.1495 2.23935
26.9159 16.1495 3.32949
37.6822 16.1495 3.62019
48.4486 16.1495 3.12904
59.215 16.1495 2.07265
69.9813 16.1495 1.14224
5.38318 26.9159 1.50453
16.1495 26.9159 3.09715
26.9159 26.9159 4.77438
37.6822 26.9159 5.17407
48.4486 26.9159 4.48024
59.215 26.9159 2.90677
69.9813 26.9159 1.54051
5.38318 37.6822 1.68853
16.1495 37.6822 3.29401
26.9159 37.6822 4.89381
37.6822 37.6822 5.21166
48.4486 37.6822 4.65781
59.215 37.6822 3.1843
69.9813 37.6822 1.74714
5.38318 48.4486 1.72331
16.1495 48.4486 2.88933
26.9159 48.4486 3.69583
37.6822 48.4486 3.67807
48.4486 48.4486 3.54246
59.215 48.4486 2.81467
69.9813 48.4486 1.78659
5.38318 59.215 1.29117
16.1495 59.215 1.89525
26.9159 59.215 1.79718
37.6822 59.215 1.65733
48.4486 59.215 1.96891
59.215 59.215 2.13576
69.9813 59.215 1.61059
5.38318 69.9813 0.572813
16.1495 69.9813 0.831173
26.9159 69.9813 0.58011
37.6822 69.9813 0.601382
48.4486 69.9813 0.846618
59.215 69.9813 1.33612
69.9813 69.9813 1.15758
5.38318 80.7477 -0.10172
16.1495 80.7477 -0.204249
26.9159 80.7477 -0.300507
37.6822 80.7477 -0.288954
48.4486 80.7477 -0.255201
59.215 80.7477 0.139695
69.9813 80.7477 0.360426
5.38318 91.514 -0.448444
16.1495 91.514 -0.740157
26.9159 91.514 -0.782227
37.6822 91.514 -0.801791
48.4486 91.514 -0.771086
59.215 91.514 -0.516934
69.9813 91.514 -0.201011
5.38318 102.28 -0.562029
16.1495 102.28 -0.902125
26.9159 102.28 -0.979072
37.6822 102.28 -0.981994
48.4486 102.28 -0.936147
59.215 102.28 -0.717701
69.9813 102.28 -0.310959
5.38318 113.047 -0.574603
16.1495 113.047 -0.917188
26.9159 113.047 -0.991616
37.6822 113.047 -0.990352
48.4486 113.047 -0.940576
59.215 113.047 -0.732289
69.9813 113.047 -0.314144
5.38318 123.813 -0.541815
16.1495 123.813 -0.844339
26.9159 123.813 -0.834882
37.6822 123.813 -0.803427
48.4486 123.813 -0.742861
59.215 123.813 -0.563971
69.9813 123.813 -0.225683
5.38318 134.579 -0.400175
16.1495 134.579 -0.545698
26.9159 134.579 -0.397696
37.6822 134.579 -0.331697
48.4486 134.579 -0.299744
59.215 134.579 -0.258709
69.9813 134.579 -0.0651784
5.38318 145.346 -0.168789
16.1495 145.346 -0.0607612
26.9159 145.346 0.70388
37.6822 145.346 1.14354
48.4486 145.346 1.19223
59.215 145.346 0.731525
69.9813 145.346 0.521337
5.38318 156.112 0.365766
16.1495 156.112 1.28043
26.9159 156.112 2.51931
37.6822 156.112 3.10729
48.4486 156.112 2.9303
59.215 156.112 1.98856
69.9813 156.112 1.09978
5.38318 166.879 0.848797
16.1495 166.879 2.26556
26.9159 166.879 3.93629
37.6822 166.879 4.76323
48.4486 166.879 4.29378
59.215 166.879 2.80243
69.9813 166.879 1.44116
5.38318 177.645 1.09035
16.1495 177.645 2.63395
26.9159 177.645 4.55407
37.6822 177.645 5.28593
48.4486 177.645 4.54149
59.215 177.645 2.88945
69.9813 177.645 1.44965
5.38318 188.411 0.962885
16.1495 188.411 2.31402
26.9159 188.411 3.90636
37.6822 188.411 4.30719
48.4486 188.411 3.46776
59.215 188.411 2.16968
69.9813 188.411 1.05207
5.38318 199.178 0.521131
16.1495 199.178 1.38732
26.9159 199.178 2.1125
37.6822 199.178 2.22562
48.4486 199.178 1.76931
59.215 199.178 1.14731
69.9813 199.178 0.766057
5.38318 209.944 0.31218
16.1495 209.944 0.874583
26.9159 209.944 1.0347
37.6822 209.944 1.01057
48.4486 209.944 0.622639
59.215 209.944 0.556583
69.9813 209.944 0.501923
