37 188
0 168 72 40
0 144 72 72
0 134 72 82
0 72 72 144
0 0 72 216
5.38318 5.38318 0.474756
16.1495 5.38318 0.748773
26.9159 5.38318 1.18182
37.6822 5.38318 1.37137
48.4486 5.38318 1.63169
59.215 5.38318 1.43795
69.9813 5.38318 0.989873
5.38318 16.1495 0.813684
16.1495 16.1495 1.48736
26.9159 16.1495 2.08434
37.6822 16.1495 2.31341
48.4486 16.1495 2.68771
59.215 16.1495 2.46753
69.9813 16.1495 1.72861
5.38318 26.9159 0.96416
16.1495 26.9159 1.63749
26.9159 26.9159 2.14029
37.6822 26.9159 2.18547
48.4486 26.9159 2.49159
59.215 26.9159 2.39505
69.9813 26.9159 1.77875
5.38318 37.6822 1.17336
16.1495 37.6822 1.72923
26.9159 37.6822 1.88962
37.6822 37.6822 1.53528
48.4486 37.6822 1.53771
59.215 37.6822 1.53043
69.9813 37.6822 1.20456
5.38318 48.4486 1.36185
16.1495 48.4486 1.91788
26.9159 48.4486 1.87606
37.6822 48.4486 1.23846
48.4486 48.4486 1.00396
59.215 48.4486 0.896042
69.9813 48.4486 0.769234
5.38318 59.215 1.4352
16.1495 59.215 2.04793
26.9159 59.215 1.98262
37.6822 59.215 1.23197
48.4486 59.215 0.920324
59.215 59.215 0.724303
69.9813 59.215 0.618707
5.38318 69.9813 1.08376
16.1495 69.9813 1.61389
26.9159 69.9813 1.54965
37.6822 69.9813 0.77185
48.4486 69.9813 0.347413
59.215 69.9813 0.189402
69.9813 69.9813 0.266084
5.38318 80.7477 0.351084
16.1495 80.7477 0.621118
26.9159 80.7477 0.715734
37.6822 80.7477 0.122465
48.4486 80.7477 -0.158899
59.215 80.7477 -0.185585
69.9813 80.7477 -0.073382
5.38318 91.514 -0.123936
16.1495 91.514 -0.188556
26.9159 91.514 -0.189359
37.6822 91.514 -0.342235
48.4486 91.514 -0.433484
59.215 91.514 -0.371538
69.9813 91.514 -0.18145
5.38318 102.28 -0.269575
16.1495 102.28 -0.406225
26.9159 102.28 -0.382816
37.6822 102.28 -0.412423
48.4486 102.28 -0.424818
59.215 102.28 -0.337412
69.9813 102.28 -0.154362
5.38318 113.047 -0.298701
16.1495 113.047 -0.451638
26.9159 113.047 -0.457881
37.6822 113.047 -0.440251
48.4486 113.047 -0.42187
59.215 113.047 -0.325764
69.9813 113.047 -0.14212
5.38318 123.813 -0.279944
16.1495 123.813 -0.426852
26.9159 123.813 -0.405882
37.6822 123.813 -0.381783
48.4486 123.813 -0.352283
59.215 123.813 -0.257718
69.9813 123.813 -0.100752
5.38318 134.579 -0.227904
16.1495 134.579 -0.335969
26.9159 134.579 -0.319391
37.6822 134.579 -0.275498
48.4486 134.579 -0.246203
59.215 134.579 -0.148472
69.9813 134.579 -0.0338675
5.38318 145.346 -0.10378
16.1495 145.346 -0.0959694
26.9159 145.346 -0.0228879
37.6822 145.346 0.198578
48.4486 145.346 0.201852
59.215 145.346 0.305363
69.9813 145.346 0.269683
5.38318 156.112 0.321898
16.1495 156.112 0.737884
26.9159 156.112 1.15559
37.6822 156.112 1.37747
48.4486 156.112 1.22804
59.215 156.112 0.983665
69.9813 156.112 0.652707
5.38318 166.879 0.986743
16.1495 166.879 2.00041
26.9159 166.879 2.81849
37.6822 166.879 3.02253
48.4486 166.879 2.61307
59.215 166.879 1.85678
69.9813 166.879 1.08757
5.38318 177.645 1.4792
16.1495 177.645 3.00947
26.9159 177.645 4.37053
37.6822 177.645 4.47048
48.4486 177.645 3.84724
59.215 177.645 2.57003
69.9813 177.645 1.47577
5.38318 188.411 1.58613
16.1495 188.411 3.32154
26.9159 188.411 4.83302
37.6822 188.411 4.95585
48.4486 188.411 4.23527
59.215 188.411 2.80852
69.9813 188.411 1.57882
5.38318 199.178 1.09769
16.1495 199.178 2.24173
26.9159 199.178 3.45604
37.6822 199.178 3.5329
48.4486 199.178 3.07325
59.215 199.178 2.04387
69.9813 199.178 1.1707
5.38318 209.944 0.437474
16.1495 209.944 0.906583
26.9159 209.944 1.43627
37.6822 209.944 1.45927
48.4486 209.944 1.24419
59.215 209.944 0.866935
69.9813 209.944 0.52005
