37 188
0 168 72 40
0 144 72 72
0 134 72 82
0 72 72 144
0 0 72 216
5.38318 5.38318 0.503685
16.1495 5.38318 1.01886
26.9159 5.38318 1.57061
37.6822 5.38318 1.80067
48.4486 5.38318 1.61939
59.215 5.38318 1.12133
69.9813 5.38318 0.602169
5.38318 16.1495 0.958946
16.1495 16.1495 2.06904
26.9159 16.1495 3.0497
37.6822 16.1495 3.46388
48.4486 16.1495 3.15458
59.215 16.1495 2.24518
69.9813 16.1495 1.22708
5.38318 26.9159 1.09677
16.1495 26.9159 2.40204
26.9159 26.9159 3.64221
37.6822 26.9159 4.10029
48.4486 26.9159 3.79222
59.215 26.9159 2.73094
69.9813 26.9159 1.55346
5.38318 37.6822 1.43896
16.1495 37.6822 2.73643
26.9159 37.6822 3.90851
37.6822 37.6822 4.01182
48.4486 37.6822 3.66923
59.215 37.6822 2.70173
69.9813 37.6822 1.63544
5.38318 48.4486 1.33363
16.1495 48.4486 2.54636
26.9159 48.4486 3.68972
37.6822 48.4486 3.72099
48.4486 48.4486 3.37538
59.215 48.4486 2.46789
69.9813 48.4486 1.52995
5.38318 59.215 0.847091
16.1495 59.215 1.82531
26.9159 59.215 2.96307
37.6822 59.215 3.17503
48.4486 59.215 2.83659
59.215 59.215 1.9777
69.9813 59.215 1.11353
5.38318 69.9813 -0.00903514
16.1495 69.9813 0.247691
26.9159 69.9813 0.974722
37.6822 69.9813 1.17197
48.4486 69.9813 0.992399
59.215 69.9813 0.668371
69.9813 69.9813 0.368135
5.38318 80.7477 -0.205162
16.1495 80.7477 -0.271026
26.9159 80.7477 -0.20484
37.6822 80.7477 -0.166774
48.4486 80.7477 -0.197274
59.215 80.7477 -0.194957
69.9813 80.7477 -0.0894016
5.38318 91.514 -0.28976
16.1495 91.514 -0.449129
26.9159 91.514 -0.477076
37.6822 91.514 -0.496744
48.4486 91.514 -0.464046
59.215 91.514 -0.387345
69.9813 91.514 -0.167337
5.38318 102.28 -0.295615
16.1495 102.28 -0.443208
26.9159 102.28 -0.431947
37.6822 102.28 -0.423897
48.4486 102.28 -0.402544
59.215 102.28 -0.330998
69.9813 102.28 -0.144819
5.38318 113.047 -0.284982
16.1495 113.047 -0.432229
26.9159 113.047 -0.413104
37.6822 113.047 -0.397649
48.4486 113.047 -0.375175
59.215 113.047 -0.288678
69.9813 113.047 -0.123349
5.38318 123.813 -0.153169
16.1495 123.813 -0.195178
26.9159 123.813 -0.113618
37.6822 123.813 -0.0950924
48.4486 123.813 -0.106246
59.215 123.813 -0.0958068
69.9813 123.813 -0.0106694
5.38318 134.579 0.191623
16.1495 134.579 0.4926
26.9159 134.579 0.880471
37.6822 134.579 1.01433
48.4486 134.579 0.875132
59.215 134.579 0.570398
69.9813 134.579 0.364216
5.38318 145.346 0.749231
16.1495 145.346 1.66436
26.9159 145.346 2.33503
37.6822 145.346 2.52578
48.4486 145.346 2.28447
59.215 145.346 1.60248
69.9813 145.346 0.929192
5.38318 156.112 1.03017
16.1495 156.112 2.24448
26.9159 156.112 3.23913
37.6822 156.112 3.58295
48.4486 156.112 3.25329
59.215 156.112 2.25634
69.9813 156.112 1.24724
5.38318 166.879 1.00022
16.1495 166.879 2.34733
26.9159 166.879 3.5835
37.6822 166.879 3.96708
48.4486 166.879 3.55867
59.215 166.879 2.39081
69.9813 166.879 1.31804
5.38318 177.645 0.759061
16.1495 177.645 1.96426
26.9159 177.645 3.34986
37.6822 177.645 3.81035
48.4486 177.645 3.45335
59.215 177.645 2.2501
69.9813 177.645 1.22947
5.38318 188.411 0.954669
16.1495 188.411 2.15853
26.9159 188.411 3.83267
37.6822 188.411 4.40391
48.4486 188.411 4.03893
59.215 188.411 2.64414
69.9813 188.411 1.43261
5.38318 199.178 0.975335
16.1495 199.178 2.09739
26.9159 199.178 3.68239
37.6822 199.178 4.25207
48.4486 199.178 3.82767
59.215 199.178 2.67038
69.9813 199.178 1.46451
5.38318 209.944 0.719365
16.1495 209.944 1.33462
26.9159 209.944 2.1025
37.6822 209.944 2.19771
48.4486 209.944 2.01917
59.215 209.944 1.61845
69.9813 209.944 1.03634
