59 37
0 17 72 40
0 1 72 72
0 0 72 82
0 0 72 144
0 0 72 216
5.38318 5.38318 0.68723
16.1495 5.38318 1.14543
26.9159 5.38318 1.27663
37.6822 5.38318 1.25393
48.4486 5.38318 1.17904
59.215 5.38318 1.03434
69.9813 5.38318 0.715962
5.38318 16.1495 1.43127
16.1495 16.1495 2.29874
26.9159 16.1495 2.42713
37.6822 16.1495 2.4097
48.4486 16.1495 2.50411
59.215 16.1495 2.37109
69.9813 16.1495 1.67868
5.38318 26.9159 2.14727
16.1495 26.9159 3.16548
26.9159 26.9159 2.93608
37.6822 26.9159 2.87981
48.4486 26.9159 3.39211
59.215 26.9159 3.78102
69.9813 26.9159 2.78102
5.38318 37.6822 2.50858
16.1495 37.6822 3.45429
26.9159 37.6822 2.94082
37.6822 37.6822 2.72026
48.4486 37.6822 3.55737
59.215 37.6822 4.25502
69.9813 37.6822 3.26916
5.38318 48.4486 2.00338
16.1495 48.4486 2.78624
26.9159 48.4486 2.52048
37.6822 48.4486 2.36692
48.4486 48.4486 3.03273
59.215 48.4486 3.53848
69.9813 48.4486 2.73757
5.38318 59.215 0.993363
16.1495 59.215 1.63786
26.9159 59.215 1.91642
37.6822 59.215 1.88542
48.4486 59.215 2.07668
59.215 59.215 1.96787
69.9813 59.215 1.5234
5.38318 69.9813 0.59751
16.1495 69.9813 1.02186
26.9159 69.9813 1.55977
37.6822 69.9813 1.46511
48.4486 69.9813 1.66351
59.215 69.9813 1.37012
69.9813 69.9813 1.10577
5.38318 80.7477 0.186808
16.1495 80.7477 0.326335
26.9159 80.7477 0.767626
37.6822 80.7477 0.582466
48.4486 80.7477 0.783859
59.215 80.7477 0.721881
69.9813 80.7477 0.73502
5.38318 91.514 -0.127047
16.1495 91.514 -0.216275
26.9159 91.514 -0.143714
37.6822 91.514 -0.26724
48.4486 91.514 -0.218387
59.215 91.514 -0.141269
69.9813 91.514 0.131181
5.38318 102.28 -0.214842
16.1495 102.28 -0.349652
26.9159 102.28 -0.343501
37.6822 102.28 -0.420063
48.4486 102.28 -0.389872
59.215 102.28 -0.276047
69.9813 102.28 -0.0749974
5.38318 113.047 -0.297732
16.1495 113.047 -0.45155
26.9159 113.047 -0.456514
37.6822 113.047 -0.440683
48.4486 113.047 -0.426673
59.215 113.047 -0.333081
69.9813 113.047 -0.147241
5.38318 123.813 -0.28826
16.1495 123.813 -0.416603
26.9159 123.813 -0.332887
37.6822 123.813 -0.277216
48.4486 123.813 -0.270214
59.215 123.813 -0.221601
69.9813 123.813 -0.097655
5.38318 134.579 -0.246169
16.1495 134.579 -0.278567
26.9159 134.579 -0.0316219
37.6822 134.579 0.251338
48.4486 134.579 0.156337
59.215 134.579 0.00407625
69.9813 134.579 0.00052797
5.38318 145.346 -0.172787
16.1495 145.346 -0.0265015
26.9159 145.346 1.03997
37.6822 145.346 1.58015
48.4486 145.346 1.40496
59.215 145.346 0.821798
69.9813 145.346 0.365569
5.38318 156.112 -0.0506515
16.1495 156.112 0.551959
26.9159 156.112 1.99869
37.6822 156.112 2.76253
48.4486 156.112 2.43828
59.215 156.112 1.50687
69.9813 156.112 0.642196
5.38318 166.879 0.135845
16.1495 166.879 1.02603
26.9159 166.879 2.53494
37.6822 166.879 3.45788
48.4486 166.879 3.06837
59.215 166.879 1.90436
69.9813 166.879 0.853142
5.38318 177.645 0.527417
16.1495 177.645 1.46022
26.9159 177.645 2.56001
37.6822 177.645 3.20982
48.4486 177.645 2.83216
59.215 177.645 1.86846
69.9813 177.645 0.886842
5.38318 188.411 0.883377
16.1495 188.411 1.81259
26.9159 188.411 2.41209
37.6822 188.411 2.7064
48.4486 188.411 2.38021
59.215 188.411 1.68226
69.9813 188.411 0.927009
5.38318 199.178 1.0531
16.1495 199.178 1.83123
26.9159 199.178 2.11249
37.6822 199.178 2.13552
48.4486 199.178 2.00537
59.215 199.178 1.59716
69.9813 199.178 1.04435
5.38318 209.944 0.75487
16.1495 209.944 1.27292
26.9159 209.944 1.40815
37.6822 209.944 1.4889
48.4486 209.944 1.55521
59.215 209.944 1.34011
69.9813 209.944 0.903653
