26 166
0 146 72 40
0 130 72 72
0 125 72 82
0 72 72 144
0 0 72 216
5.38318 5.38318 0.447514
16.1495 5.38318 0.916503
26.9159 5.38318 1.39186
37.6822 5.38318 1.51101
48.4486 5.38318 1.37047
59.215 5.38318 0.897255
69.9813 5.38318 0.509791
5.38318 16.1495 0.648374
16.1495 16.1495 1.66979
26.9159 16.1495 2.63506
37.6822 16.1495 3.01087
48.4486 16.1495 2.75578
59.215 16.1495 1.80324
69.9813 16.1495 0.998389
5.38318 26.9159 0.516806
16.1495 26.9159 1.57629
26.9159 26.9159 2.78585
37.6822 26.9159 3.44932
48.4486 26.9159 3.28782
59.215 26.9159 2.15374
69.9813 26.9159 1.17173
5.38318 37.6822 0.677084
16.1495 37.6822 1.595
26.9159 37.6822 2.64529
37.6822 37.6822 3.23781
48.4486 37.6822 3.03843
59.215 37.6822 1.99669
69.9813 37.6822 1.06572
5.38318 48.4486 0.848877
16.1495 48.4486 1.59182
26.9159 48.4486 2.17614
37.6822 48.4486 2.52292
48.4486 48.4486 2.41772
59.215 48.4486 1.83199
69.9813 48.4486 1.10738
5.38318 59.215 0.850763
16.1495 59.215 1.48457
26.9159 59.215 1.8167
37.6822 59.215 2.01944
48.4486 59.215 2.0237
59.215 59.215 1.79317
69.9813 59.215 1.19034
5.38318 69.9813 0.24606
16.1495 69.9813 0.456938
26.9159 69.9813 0.454514
37.6822 69.9813 0.786886
48.4486 69.9813 1.06876
59.215 69.9813 1.33786
69.9813 69.9813 1.00079
5.38318 80.7477 -0.253297
16.1495 80.7477 -0.368091
26.9159 80.7477 -0.404633
37.6822 80.7477 -0.317367
48.4486 80.7477 -0.194474
59.215 80.7477 0.188928
69.9813 80.7477 0.394645
5.38318 91.514 -0.489982
16.1495 91.514 -0.79058
26.9159 91.514 -0.861459
37.6822 91.514 -0.847335
48.4486 91.514 -0.769455
59.215 91.514 -0.513091
69.9813 91.514 -0.186964
5.38318 102.28 -0.56556
16.1495 102.28 -0.907624
26.9159 102.28 -0.991924
37.6822 102.28 -0.994783
48.4486 102.28 -0.947969
59.215 102.28 -0.738118
69.9813 102.28 -0.320693
5.38318 113.047 -0.572202
16.1495 113.047 -0.916801
26.9159 113.047 -1.00159
37.6822 113.047 -1.00938
48.4486 113.047 -0.963409
59.215 113.047 -0.764278
69.9813 113.047 -0.3322
5.38318 123.813 -0.501241
16.1495 123.813 -0.770053
26.9159 123.813 -0.791499
37.6822 123.813 -0.864536
48.4486 123.813 -0.892744
59.215 123.813 -0.723549
69.9813 123.813 -0.323258
5.38318 134.579 -0.137694
16.1495 134.579 -0.112175
26.9159 134.579 -0.0585735
37.6822 134.579 -0.316637
48.4486 134.579 -0.593991
59.215 134.579 -0.595701
69.9813 134.579 -0.287413
5.38318 145.346 0.821409
16.1495 145.346 1.88444
26.9159 145.346 2.32308
37.6822 145.346 1.39772
48.4486 145.346 -0.027436
59.215 145.346 -0.342651
69.9813 145.346 -0.199279
5.38318 156.112 1.87009
16.1495 156.112 3.84698
26.9159 156.112 4.61246
37.6822 156.112 3.35683
48.4486 156.112 1.49418
59.215 156.112 0.285091
69.9813 156.112 0.0664196
5.38318 166.879 2.17689
16.1495 166.879 4.51975
26.9159 166.879 5.44775
37.6822 166.879 4.1776
48.4486 166.879 2.33968
59.215 166.879 1.20147
69.9813 166.879 0.680405
5.38318 177.645 1.91972
16.1495 177.645 3.95489
26.9159 177.645 4.6937
37.6822 177.645 3.87224
48.4486 177.645 2.65444
59.215 177.645 2.12003
69.9813 177.645 1.37566
5.38318 188.411 1.17674
16.1495 188.411 2.50863
26.9159 188.411 3.10156
37.6822 188.411 2.87009
48.4486 188.411 2.42046
59.215 188.411 2.29487
69.9813 188.411 1.56711
5.38318 199.178 0.696409
16.1495 199.178 1.75021
26.9159 199.178 2.23279
37.6822 199.178 2.25783
48.4486 199.178 1.95056
59.215 199.178 1.81476
69.9813 199.178 1.27771
5.38318 209.944 0.338328
16.1495 209.944 0.859462
26.9159 209.944 1.11463
37.6822 209.944 1.11991
48.4486 209.944 0.901203
59.215 209.944 0.783523
69.9813 209.944 0.631729
