37 26
0 6 72 40
0 0 72 72
0 0 72 82
0 0 72 144
0 0 72 216
5.38318 5.38318 0.0268867
16.1495 5.38318 0.350488
26.9159 5.38318 1.4101
37.6822 5.38318 2.20282
48.4486 5.38318 2.07459
59.215 5.38318 1.41042
69.9813 5.38318 0.614075
5.38318 16.1495 0.107832
16.1495 16.1495 0.864014
26.9159 16.1495 2.66097
37.6822 16.1495 3.92686
48.4486 16.1495 3.71313
59.215 16.1495 2.49543
69.9813 16.1495 1.15072
5.38318 26.9159 -0.0140733
16.1495 26.9159 0.98409
26.9159 26.9159 3.00538
37.6822 26.9159 4.24942
48.4486 26.9159 3.84459
59.215 26.9159 2.45939
69.9813 26.9159 1.10809
5.38318 37.6822 0.522886
16.1495 37.6822 1.63056
26.9159 37.6822 3.14713
37.6822 37.6822 3.50827
48.4486 37.6822 2.94213
59.215 37.6822 1.7982
69.9813 37.6822 0.923576
5.38318 48.4486 0.784767
16.1495 48.4486 1.99353
26.9159 48.4486 3.04915
37.6822 48.4486 3.15447
48.4486 48.4486 2.74074
59.215 48.4486 1.87719
69.9813 48.4486 1.19481
5.38318 59.215 0.992445
16.1495 59.215 1.83492
26.9159 59.215 2.79585
37.6822 59.215 3.08474
48.4486 59.215 3.28162
59.215 59.215 2.77863
69.9813 59.215 1.82681
5.38318 69.9813 0.824135
16.1495 69.9813 1.09705
26.9159 69.9813 1.94772
37.6822 69.9813 2.31393
48.4486 69.9813 2.84503
59.215 69.9813 2.73785
69.9813 69.9813 1.84725
5.38318 80.7477 0.221531
16.1495 80.7477 0.0341966
26.9159 80.7477 0.887009
37.6822 80.7477 1.06752
48.4486 80.7477 1.52734
59.215 80.7477 1.65737
69.9813 80.7477 1.14542
5.38318 91.514 -0.370931
16.1495 91.514 -0.654458
26.9159 91.514 -0.489586
37.6822 91.514 -0.561994
48.4486 91.514 -0.570341
59.215 91.514 -0.364023
69.9813 91.514 -0.168771
5.38318 102.28 -0.57002
16.1495 102.28 -0.926836
26.9159 102.28 -0.972769
37.6822 102.28 -0.97472
48.4486 102.28 -0.93011
59.215 102.28 -0.705791
69.9813 102.28 -0.320058
5.38318 113.047 -0.5892
16.1495 113.047 -0.94725
26.9159 113.047 -1.03194
37.6822 113.047 -1.03357
48.4486 113.047 -0.977067
59.215 113.047 -0.773001
69.9813 113.047 -0.337244
5.38318 123.813 -0.576541
16.1495 123.813 -0.92262
26.9159 123.813 -1.0053
37.6822 123.813 -1.0063
48.4486 123.813 -0.951832
59.215 123.813 -0.745106
69.9813 123.813 -0.319824
5.38318 134.579 -0.54833
16.1495 134.579 -0.865732
26.9159 134.579 -0.9387
37.6822 134.579 -0.942577
48.4486 134.579 -0.901964
59.215 134.579 -0.688012
69.9813 134.579 -0.292237
5.38318 145.346 -0.449154
16.1495 145.346 -0.656302
26.9159 145.346 -0.620997
37.6822 145.346 -0.649377
48.4486 145.346 -0.665481
59.215 145.346 -0.543766
69.9813 145.346 -0.218311
5.38318 156.112 -0.24984
16.1495 156.112 -0.282585
26.9159 156.112 -0.127635
37.6822 156.112 -0.19824
48.4486 156.112 -0.326878
59.215 156.112 -0.350388
69.9813 156.112 -0.123861
5.38318 166.879 -0.00518068
16.1495 166.879 0.442506
26.9159 166.879 1.13291
37.6822 166.879 0.933191
48.4486 166.879 0.285288
59.215 166.879 -0.116685
69.9813 166.879 -0.00393122
5.38318 177.645 0.133828
16.1495 177.645 0.739355
26.9159 177.645 1.4312
37.6822 177.645 1.17659
48.4486 177.645 0.428445
59.215 177.645 -0.0782216
69.9813 177.645 0.0214221
5.38318 188.411 -0.0047283
16.1495 188.411 0.352617
26.9159 188.411 0.799379
37.6822 188.411 0.363704
48.4486 188.411 -0.192279
59.215 188.411 -0.269846
69.9813 188.411 -0.0666573
5.38318 199.178 -0.253398
16.1495 199.178 -0.342884
26.9159 199.178 -0.341197
37.6822 199.178 -0.478667
48.4486 199.178 -0.570146
59.215 199.178 -0.417475
69.9813 199.178 -0.114089
5.38318 209.944 -0.242087
16.1495 209.944 -0.329543
26.9159 209.944 -0.354146
37.6822 209.944 -0.423246
48.4486 209.944 -0.446098
59.215 209.944 -0.280975
69.9813 209.944 -0.0459739
