26 26
0 6 72 40
0 0 72 72
0 0 72 82
0 0 72 144
0 0 72 216
5.38318 5.38318 0.633964
16.1495 5.38318 1.32233
26.9159 5.38318 1.97426
37.6822 5.38318 1.90548
48.4486 5.38318 1.35568
59.215 5.38318 0.683676
69.9813 5.38318 0.305187
5.38318 16.1495 1.09215
16.1495 16.1495 2.3655
26.9159 16.1495 3.46916
37.6822 16.1495 3.3961
48.4486 16.1495 2.45781
59.215 16.1495 1.38186
69.9813 16.1495 0.654563
5.38318 26.9159 1.67026
16.1495 26.9159 3.1418
26.9159 26.9159 4.12793
37.6822 26.9159 3.9019
48.4486 26.9159 2.93552
59.215 26.9159 1.78425
69.9813 26.9159 0.908991
5.38318 37.6822 2.22215
16.1495 37.6822 3.56346
26.9159 37.6822 3.87801
37.6822 37.6822 3.33713
48.4486 37.6822 2.60786
59.215 37.6822 1.87361
69.9813 37.6822 1.11042
5.38318 48.4486 2.48263
16.1495 48.4486 3.82845
26.9159 48.4486 3.91902
37.6822 48.4486 3.19439
48.4486 48.4486 2.74522
59.215 48.4486 2.1938
69.9813 48.4486 1.46786
5.38318 59.215 1.79325
16.1495 59.215 2.95823
26.9159 59.215 3.2983
37.6822 59.215 2.90587
48.4486 59.215 2.76464
59.215 59.215 2.48189
69.9813 59.215 1.75265
5.38318 69.9813 0.66703
16.1495 69.9813 1.57733
26.9159 69.9813 2.13461
37.6822 69.9813 2.2371
48.4486 69.9813 2.33229
59.215 69.9813 2.26365
69.9813 69.9813 1.6662
5.38318 80.7477 0.0992708
16.1495 80.7477 0.685481
26.9159 80.7477 1.16291
37.6822 80.7477 1.22872
48.4486 80.7477 1.16698
59.215 80.7477 1.20557
69.9813 80.7477 0.954141
5.38318 91.514 -0.178917
16.1495 91.514 -0.169961
26.9159 91.514 -0.0900243
37.6822 91.514 -0.0972166
48.4486 91.514 -0.223912
59.215 91.514 -0.188661
69.9813 91.514 -0.0785716
5.38318 102.28 -0.272444
16.1495 102.28 -0.40702
26.9159 102.28 -0.38801
37.6822 102.28 -0.391652
48.4486 102.28 -0.433233
59.215 102.28 -0.340113
69.9813 102.28 -0.163951
5.38318 113.047 -0.277781
16.1495 113.047 -0.426362
26.9159 113.047 -0.413052
37.6822 113.047 -0.406414
48.4486 113.047 -0.388834
59.215 113.047 -0.298498
69.9813 113.047 -0.129042
5.38318 123.813 -0.217725
16.1495 123.813 -0.341984
26.9159 123.813 -0.31681
37.6822 123.813 -0.321099
48.4486 123.813 -0.286855
59.215 123.813 -0.204207
69.9813 123.813 -0.0646495
5.38318 134.579 -0.0194496
16.1495 134.579 -0.0545788
26.9159 134.579 0.00802739
37.6822 134.579 -0.0397806
48.4486 134.579 -0.0171952
59.215 134.579 0.039223
69.9813 134.579 0.208065
5.38318 145.346 0.145977
16.1495 145.346 0.199392
26.9159 145.346 0.493819
37.6822 145.346 0.511833
48.4486 145.346 0.670347
59.215 145.346 0.682601
69.9813 145.346 0.607852
5.38318 156.112 0.70714
16.1495 156.112 1.33526
26.9159 156.112 1.89791
37.6822 156.112 1.94017
48.4486 156.112 1.87571
59.215 156.112 1.57633
69.9813 156.112 1.06549
5.38318 166.879 0.874177
16.1495 166.879 1.78413
26.9159 166.879 2.4876
37.6822 166.879 2.62835
48.4486 166.879 2.52497
59.215 166.879 2.04605
69.9813 166.879 1.30024
5.38318 177.645 1.38087
16.1495 177.645 2.65581
26.9159 177.645 3.53936
37.6822 177.645 3.6507
48.4486 177.645 3.21286
59.215 177.645 2.3828
69.9813 177.645 1.43059
5.38318 188.411 1.49495
16.1495 188.411 2.7909
26.9159 188.411 3.71951
37.6822 188.411 3.75101
48.4486 188.411 3.23251
59.215 188.411 2.3027
69.9813 188.411 1.3786
5.38318 199.178 1.52417
16.1495 199.178 2.57302
26.9159 199.178 3.24927
37.6822 199.178 3.03754
48.4486 199.178 2.65729
59.215 199.178 2.02035
69.9813 199.178 1.33107
5.38318 209.944 0.879182
16.1495 209.944 1.358
26.9159 209.944 1.66423
37.6822 209.944 1.54954
48.4486 209.944 1.63487
59.215 209.944 1.50413
69.9813 209.944 1.11385
