37 37
0 17 72 40
0 1 72 72
0 0 72 82
0 0 72 144
0 0 72 216
5.38318 5.38318 0.23913
16.1495 5.38318 0.508116
26.9159 5.38318 0.993372
37.6822 5.38318 1.15949
48.4486 5.38318 1.09761
59.215 5.38318 0.775461
69.9813 5.38318 0.438608
5.38318 16.1495 0.503139
16.1495 16.1495 1.37192
26.9159 16.1495 2.43936
37.6822 16.1495 2.84412
48.4486 16.1495 2.60985
59.215 16.1495 1.81712
69.9813 16.1495 1.00052
5.38318 26.9159 0.724355
16.1495 26.9159 2.037
26.9159 26.9159 3.87928
37.6822 26.9159 4.57376
48.4486 26.9159 4.00268
59.215 26.9159 2.5725
69.9813 26.9159 1.27787
5.38318 37.6822 0.90099
16.1495 37.6822 2.43364
26.9159 37.6822 4.554
37.6822 37.6822 5.31945
48.4486 37.6822 4.57496
59.215 37.6822 2.80231
69.9813 37.6822 1.30701
5.38318 48.4486 0.833487
16.1495 48.4486 2.14075
26.9159 48.4486 3.94929
37.6822 48.4486 4.54985
48.4486 48.4486 3.81087
59.215 48.4486 2.2432
69.9813 48.4486 1.04757
5.38318 59.215 0.596493
16.1495 59.215 1.73597
26.9159 59.215 2.99058
37.6822 59.215 3.58565
48.4486 59.215 2.96714
59.215 59.215 1.83684
69.9813 59.215 0.883676
5.38318 69.9813 0.380554
16.1495 69.9813 1.45101
26.9159 69.9813 2.62905
37.6822 69.9813 3.29146
48.4486 69.9813 2.68164
59.215 69.9813 1.71493
69.9813 69.9813 0.744263
5.38318 80.7477 -0.0715347
16.1495 80.7477 0.421389
26.9159 80.7477 1.17202
37.6822 80.7477 1.63888
48.4486 80.7477 1.06287
59.215 80.7477 0.675567
69.9813 80.7477 0.179419
5.38318 91.514 -0.259945
16.1495 91.514 -0.302313
26.9159 91.514 -0.212251
37.6822 91.514 -0.10242
48.4486 91.514 -0.267843
59.215 91.514 -0.195342
69.9813 91.514 -0.156456
5.38318 102.28 -0.297362
16.1495 102.28 -0.441627
26.9159 102.28 -0.426236
37.6822 102.28 -0.399172
48.4486 102.28 -0.440856
59.215 102.28 -0.325888
69.9813 102.28 -0.167529
5.38318 113.047 -0.294139
16.1495 113.047 -0.442838
26.9159 113.047 -0.433026
37.6822 113.047 -0.41752
48.4486 113.047 -0.399961
59.215 113.047 -0.314969
69.9813 113.047 -0.139129
5.38318 123.813 -0.212476
16.1495 123.813 -0.302492
26.9159 123.813 -0.265143
37.6822 123.813 -0.285081
48.4486 123.813 -0.303659
59.215 123.813 -0.261702
69.9813 123.813 -0.107523
5.38318 134.579 -0.0654812
16.1495 134.579 -0.00448551
26.9159 134.579 0.253994
37.6822 134.579 0.175945
48.4486 134.579 -0.0271222
59.215 134.579 -0.0962207
69.9813 134.579 -0.0175491
5.38318 145.346 0.383929
16.1495 145.346 0.994566
26.9159 145.346 1.44111
37.6822 145.346 1.28722
48.4486 145.346 0.87011
59.215 145.346 0.415285
69.9813 145.346 0.259365
5.38318 156.112 0.851343
16.1495 156.112 1.92473
26.9159 156.112 2.59523
37.6822 156.112 2.53213
48.4486 156.112 2.0256
59.215 156.112 1.32841
69.9813 156.112 0.773994
5.38318 166.879 1.39575
16.1495 166.879 2.66764
26.9159 166.879 3.42071
37.6822 166.879 3.38987
48.4486 166.879 3.03669
59.215 166.879 2.16268
69.9813 166.879 1.32756
5.38318 177.645 2.04773
16.1495 177.645 3.4182
26.9159 177.645 4.01925
37.6822 177.645 4.11879
48.4486 177.645 4.383
59.215 177.645 3.7199
69.9813 177.645 2.42687
5.38318 188.411 2.59024
16.1495 188.411 4.10563
26.9159 188.411 4.65834
37.6822 188.411 4.61525
48.4486 188.411 5.20814
59.215 188.411 4.66327
69.9813 188.411 3.15203
5.38318 199.178 2.49978
16.1495 199.178 3.97997
26.9159 199.178 4.5504
37.6822 199.178 4.44419
48.4486 199.178 4.98308
59.215 199.178 4.5075
69.9813 199.178 3.07681
5.38318 209.944 1.23707
16.1495 209.944 1.98279
26.9159 209.944 2.35997
37.6822 209.944 2.21996
48.4486 209.944 2.4711
59.215 209.944 2.2041
69.9813 209.944 1.57882
