37 177
0 157 72 40
0 141 72 72
0 134 72 82
0 72 72 144
0 0 72 216
5.38318 5.38318 1.05099
16.1495 5.38318 1.28986
26.9159 5.38318 1.14103
37.6822 5.38318 0.839271
48.4486 5.38318 0.58211
59.215 5.38318 0.505506
69.9813 5.38318 0.343598
5.38318 16.1495 1.76846
16.1495 16.1495 2.50233
26.9159 16.1495 2.55806
37.6822 16.1495 2.24437
48.4486 16.1495 1.86654
59.215 16.1495 1.46329
69.9813 16.1495 0.899639
5.38318 26.9159 1.89473
16.1495 26.9159 2.94563
26.9159 26.9159 3.06689
37.6822 26.9159 2.93111
48.4486 26.9159 2.56453
59.215 26.9159 2.09435
69.9813 26.9159 1.30857
5.38318 37.6822 1.48625
16.1495 37.6822 2.93222
26.9159 37.6822 3.73708
37.6822 37.6822 4.14379
48.4486 37.6822 3.76308
59.215 37.6822 2.86679
69.9813 37.6822 1.68064
5.38318 48.4486 1.15185
16.1495 48.4486 2.77103
26.9159 48.4486 3.8235
37.6822 48.4486 4.39228
48.4486 48.4486 3.85335
59.215 48.4486 2.79711
69.9813 48.4486 1.59156
5.38318 59.215 1.01326
16.1495 59.215 2.41476
26.9159 59.215 3.23989
37.6822 59.215 3.30845
48.4486 59.215 2.68296
59.215 59.215 1.95308
69.9813 59.215 1.17561
5.38318 69.9813 0.297828
16.1495 69.9813 0.863779
26.9159 69.9813 1.18197
37.6822 69.9813 1.0854
48.4486 69.9813 0.8526
59.215 69.9813 0.831721
69.9813 69.9813 0.684196
5.38318 80.7477 -0.137078
16.1495 80.7477 -0.153473
26.9159 80.7477 0.0513647
37.6822 80.7477 -0.0280948
48.4486 80.7477 0.000301458
59.215 80.7477 0.266905
69.9813 80.7477 0.379888
5.38318 91.514 -0.2725
16.1495 91.514 -0.393406
26.9159 91.514 -0.270469
37.6822 91.514 -0.309744
48.4486 91.514 -0.299891
59.215 91.514 -0.18822
69.9813 91.514 -0.0532326
5.38318 102.28 -0.245134
16.1495 102.28 -0.349905
26.9159 102.28 -0.28814
37.6822 102.28 -0.300299
48.4486 102.28 -0.329095
59.215 102.28 -0.255979
69.9813 102.28 -0.114887
5.38318 113.047 -0.298013
16.1495 113.047 -0.451301
26.9159 113.047 -0.45599
37.6822 113.047 -0.441517
48.4486 113.047 -0.426579
59.215 113.047 -0.335284
69.9813 113.047 -0.147849
5.38318 123.813 -0.299334
16.1495 123.813 -0.458081
26.9159 123.813 -0.46845
37.6822 123.813 -0.452354
48.4486 123.813 -0.421781
59.215 123.813 -0.318325
69.9813 123.813 -0.134237
5.38318 134.579 -0.280377
16.1495 134.579 -0.410046
26.9159 134.579 -0.351857
37.6822 134.579 -0.323808
48.4486 134.579 -0.292055
59.215 134.579 -0.233635
69.9813 134.579 -0.091586
5.38318 145.346 -0.152676
16.1495 145.346 -0.153596
26.9159 145.346 0.103979
37.6822 145.346 0.276472
48.4486 145.346 0.212514
59.215 145.346 0.0142183
69.9813 145.346 0.0752634
5.38318 156.112 0.227166
16.1495 156.112 0.787796
26.9159 156.112 1.90633
37.6822 156.112 2.1343
48.4486 156.112 1.8016
59.215 156.112 0.95123
69.9813 156.112 0.493398
5.38318 166.879 0.836888
16.1495 166.879 2.12252
26.9159 166.879 4.04746
37.6822 166.879 4.46218
48.4486 166.879 3.64159
59.215 166.879 2.00073
69.9813 166.879 0.959662
5.38318 177.645 1.19583
16.1495 177.645 2.90359
26.9159 177.645 5.50782
37.6822 177.645 6.05444
48.4486 177.645 4.97096
59.215 177.645 2.7654
69.9813 177.645 1.31962
5.38318 188.411 1.21589
16.1495 188.411 2.78566
26.9159 188.411 4.99574
37.6822 188.411 5.35558
48.4486 188.411 4.39925
59.215 188.411 2.61907
69.9813 188.411 1.35494
5.38318 199.178 0.67998
16.1495 199.178 1.55548
26.9159 199.178 2.61487
37.6822 199.178 2.77309
48.4486 199.178 2.39636
59.215 199.178 1.68439
69.9813 199.178 1.07157
5.38318 209.944 0.379051
16.1495 209.944 0.846204
26.9159 209.944 1.23801
37.6822 209.944 1.33711
48.4486 209.944 1.22669
59.215 209.944 1.06294
69.9813 209.944 0.78717
