37 48
0 28 72 40
0 12 72 72
0 7 72 82
0 0 72 144
0 0 72 216
5.38318 5.38318 0.3463
16.1495 5.38318 0.479289
26.9159 5.38318 0.656658
37.6822 5.38318 0.619415
48.4486 5.38318 0.729226
59.215 5.38318 0.651917
69.9813 5.38318 0.463914
5.38318 16.1495 0.621281
16.1495 16.1495 1.2282
26.9159 16.1495 1.87134
37.6822 16.1495 1.90205
48.4486 16.1495 2.00992
59.215 16.1495 1.60291
69.9813 16.1495 1.05829
5.38318 26.9159 0.41655
16.1495 26.9159 1.13066
26.9159 26.9159 2.189
37.6822 26.9159 2.32934
48.4486 26.9159 2.47883
59.215 26.9159 1.9179
69.9813 26.9159 1.31569
5.38318 37.6822 0.682159
16.1495 37.6822 1.92651
26.9159 37.6822 3.33478
37.6822 37.6822 3.65235
48.4486 37.6822 3.6144
59.215 37.6822 2.53566
69.9813 37.6822 1.55386
5.38318 48.4486 0.589161
16.1495 48.4486 1.8799
26.9159 48.4486 3.33547
37.6822 48.4486 3.8084
48.4486 48.4486 3.69158
59.215 48.4486 2.53439
69.9813 48.4486 1.53019
5.38318 59.215 0.651496
16.1495 59.215 1.64386
26.9159 59.215 2.59888
37.6822 59.215 2.80171
48.4486 59.215 2.70665
59.215 59.215 1.97838
69.9813 59.215 1.32611
5.38318 69.9813 -0.0294582
16.1495 69.9813 0.0510555
26.9159 69.9813 0.47923
37.6822 69.9813 0.413095
48.4486 69.9813 0.589678
59.215 69.9813 0.544407
69.9813 69.9813 0.669803
5.38318 80.7477 -0.170333
16.1495 80.7477 -0.206536
26.9159 80.7477 -0.0225818
37.6822 80.7477 -0.0889797
48.4486 80.7477 -0.01841
59.215 80.7477 0.0152581
69.9813 80.7477 0.396411
5.38318 91.514 -0.329101
16.1495 91.514 -0.476108
26.9159 91.514 -0.322209
37.6822 91.514 -0.282219
48.4486 91.514 -0.196629
59.215 91.514 -0.187956
69.9813 91.514 -0.00301334
5.38318 102.28 -0.288829
16.1495 102.28 -0.394764
26.9159 102.28 -0.290455
37.6822 102.28 -0.278838
48.4486 102.28 -0.285678
59.215 102.28 -0.260097
69.9813 102.28 -0.0983831
5.38318 113.047 -0.275614
16.1495 113.047 -0.40602
26.9159 113.047 -0.382773
37.6822 113.047 -0.37979
48.4486 113.047 -0.375152
59.215 113.047 -0.294515
69.9813 113.047 -0.121516
5.38318 123.813 -0.218812
16.1495 123.813 -0.324807
26.9159 123.813 -0.284191
37.6822 123.813 -0.27985
48.4486 123.813 -0.267585
59.215 123.813 -0.193807
69.9813 123.813 -0.0640045
5.38318 134.579 -0.0605314
16.1495 134.579 -0.0594752
26.9159 134.579 -0.00338126
37.6822 134.579 -0.0154719
48.4486 134.579 -0.0366547
59.215 134.579 0.0114532
69.9813 134.579 0.139882
5.38318 145.346 0.300397
16.1495 145.346 0.593696
26.9159 145.346 0.761099
37.6822 145.346 0.786733
48.4486 145.346 0.685798
59.215 145.346 0.662167
69.9813 145.346 0.469493
5.38318 156.112 0.571581
16.1495 156.112 1.25131
26.9159 156.112 1.47613
37.6822 156.112 1.62361
48.4486 156.112 1.37293
59.215 156.112 1.22871
69.9813 156.112 0.771799
5.38318 166.879 0.640565
16.1495 166.879 1.52101
26.9159 166.879 1.824
37.6822 166.879 2.18565
48.4486 166.879 1.80499
59.215 166.879 1.49568
69.9813 166.879 0.860045
5.38318 177.645 0.405638
16.1495 177.645 1.22986
26.9159 177.645 1.7722
37.6822 177.645 2.30079
48.4486 177.645 1.91937
59.215 177.645 1.47552
69.9813 177.645 0.770627
5.38318 188.411 0.372964
16.1495 188.411 1.17107
26.9159 188.411 1.86205
37.6822 188.411 2.22731
48.4486 188.411 1.81192
59.215 188.411 1.26304
69.9813 188.411 0.608966
5.38318 199.178 0.571482
16.1495 199.178 1.35661
26.9159 199.178 2.03339
37.6822 199.178 1.91965
48.4486 199.178 1.42768
59.215 199.178 0.863503
69.9813 199.178 0.458005
5.38318 209.944 0.4987
16.1495 209.944 1.16616
26.9159 209.944 1.67372
37.6822 209.944 1.45234
48.4486 209.944 1.09623
59.215 209.944 0.644976
69.9813 209.944 0.38253
