37 177
0 157 72 40
0 141 72 72
0 134 72 82
0 72 72 144
0 0 72 216
5.38318 5.38318 0.69807
16.1495 5.38318 1.46717
26.9159 5.38318 1.97771
37.6822 5.38318 1.75648
48.4486 5.38318 1.27859
59.215 5.38318 0.810118
69.9813 5.38318 0.437577
5.38318 16.1495 1.05571
16.1495 16.1495 2.41628
26.9159 16.1495 3.39999
37.6822 16.1495 3.2365
48.4486 16.1495 2.48126
59.215 16.1495 1.69555
69.9813 16.1495 0.988248
5.38318 26.9159 1.0244
16.1495 26.9159 2.31743
26.9159 26.9159 3.47879
37.6822 26.9159 3.47531
48.4486 26.9159 2.74424
59.215 26.9159 1.88145
69.9813 26.9159 1.05513
5.38318 37.6822 0.914229
16.1495 37.6822 1.87966
26.9159 37.6822 2.84095
37.6822 37.6822 3.02549
48.4486 37.6822 2.60643
59.215 37.6822 1.96374
69.9813 37.6822 1.13835
5.38318 48.4486 0.839266
16.1495 48.4486 1.69977
26.9159 48.4486 2.56651
37.6822 48.4486 2.68366
48.4486 48.4486 2.28833
59.215 48.4486 1.73622
69.9813 48.4486 1.02598
5.38318 59.215 0.754168
16.1495 59.215 1.4197
26.9159 59.215 1.85598
37.6822 59.215 1.61212
48.4486 59.215 1.11111
59.215 59.215 0.932348
69.9813 59.215 0.697194
5.38318 69.9813 0.114678
16.1495 69.9813 0.258298
26.9159 69.9813 0.339467
37.6822 69.9813 -0.0168843
48.4486 69.9813 -0.165306
59.215 69.9813 -0.0558706
69.9813 69.9813 0.243444
5.38318 80.7477 -0.234848
16.1495 80.7477 -0.413976
26.9159 80.7477 -0.45437
37.6822 80.7477 -0.602837
48.4486 80.7477 -0.606971
59.215 80.7477 -0.404872
69.9813 80.7477 -0.0964633
5.38318 91.514 -0.523968
16.1495 91.514 -0.866039
26.9159 91.514 -0.874376
37.6822 91.514 -0.877154
48.4486 91.514 -0.780375
59.215 91.514 -0.53379
69.9813 91.514 -0.190041
5.38318 102.28 -0.568083
16.1495 102.28 -0.909614
26.9159 102.28 -0.962807
37.6822 102.28 -0.947524
48.4486 102.28 -0.888825
59.215 102.28 -0.660604
69.9813 102.28 -0.280051
5.38318 113.047 -0.569274
16.1495 113.047 -0.912083
26.9159 113.047 -0.98962
37.6822 113.047 -0.987671
48.4486 113.047 -0.930502
59.215 113.047 -0.704055
69.9813 113.047 -0.292349
5.38318 123.813 -0.472976
16.1495 123.813 -0.722992
26.9159 123.813 -0.730323
37.6822 123.813 -0.690787
48.4486 123.813 -0.639265
59.215 123.813 -0.418983
69.9813 123.813 -0.137124
5.38318 134.579 -0.155567
16.1495 134.579 -0.179224
26.9159 134.579 -0.170829
37.6822 134.579 -0.111415
48.4486 134.579 -0.143528
59.215 134.579 0.0804029
69.9813 134.579 0.325313
5.38318 145.346 0.704325
16.1495 145.346 1.40436
26.9159 145.346 1.7485
37.6822 145.346 1.98559
48.4486 145.346 1.73916
59.215 145.346 1.66992
69.9813 145.346 1.09852
5.38318 156.112 1.55395
16.1495 156.112 2.85127
26.9159 156.112 3.44092
37.6822 156.112 3.49602
48.4486 156.112 3.02846
59.215 156.112 2.58686
69.9813 156.112 1.58174
5.38318 166.879 1.93627
16.1495 166.879 3.73401
26.9159 166.879 4.96625
37.6822 166.879 5.0262
48.4486 166.879 4.19667
59.215 166.879 3.07362
69.9813 166.879 1.71704
5.38318 177.645 1.59815
16.1495 177.645 3.38024
26.9159 177.645 4.93076
37.6822 177.645 5.07791
48.4486 177.645 4.11288
59.215 177.645 2.66637
69.9813 177.645 1.46716
5.38318 188.411 1.0049
16.1495 188.411 2.50381
26.9159 188.411 4.13768
37.6822 188.411 4.41285
48.4486 188.411 3.4934
59.215 188.411 2.00235
69.9813 188.411 0.970038
5.38318 199.178 0.517747
16.1495 199.178 1.36052
26.9159 199.178 2.26089
37.6822 199.178 2.38292
48.4486 199.178 2.08749
59.215 199.178 1.27689
69.9813 199.178 0.889283
5.38318 209.944 0.409856
16.1495 209.944 1.08266
26.9159 209.944 1.41266
37.6822 209.944 1.442
48.4486 209.944 1.27046
59.215 209.944 1.04169
69.9813 209.944 0.777033
