37 37
0 17 72 40
0 1 72 72
0 0 72 82
0 0 72 144
0 0 72 216
5.38318 5.38318 0.466177
16.1495 5.38318 0.933224
26.9159 5.38318 1.43404
37.6822 5.38318 1.60265
48.4486 5.38318 1.44251
59.215 5.38318 0.97678
69.9813 5.38318 0.55108
5.38318 16.1495 0.928744
16.1495 16.1495 2.04174
26.9159 16.1495 3.24747
37.6822 16.1495 3.71158
48.4486 16.1495 3.34814
59.215 16.1495 2.22814
69.9813 16.1495 1.20133
5.38318 26.9159 1.39967
16.1495 26.9159 3.07174
26.9159 26.9159 4.87779
37.6822 26.9159 5.54624
48.4486 26.9159 5.02784
59.215 26.9159 3.36277
69.9813 26.9159 1.7578
5.38318 37.6822 1.54216
16.1495 37.6822 3.22032
26.9159 37.6822 4.8564
37.6822 37.6822 5.56192
48.4486 37.6822 5.11499
59.215 37.6822 3.60069
69.9813 37.6822 1.91726
5.38318 48.4486 1.56879
16.1495 48.4486 2.70183
26.9159 48.4486 3.52291
37.6822 48.4486 3.71667
48.4486 48.4486 3.47097
59.215 48.4486 2.80684
69.9813 48.4486 1.67104
5.38318 59.215 1.12168
16.1495 59.215 1.66603
26.9159 59.215 1.66526
37.6822 59.215 1.63564
48.4486 59.215 1.61406
59.215 59.215 1.88822
69.9813 59.215 1.39148
5.38318 69.9813 0.809679
16.1495 69.9813 1.12001
26.9159 69.9813 0.968068
37.6822 69.9813 0.733017
48.4486 69.9813 0.755539
59.215 69.9813 1.36345
69.9813 69.9813 1.14813
5.38318 80.7477 0.0170615
16.1495 80.7477 0.0297291
26.9159 80.7477 0.0527266
37.6822 80.7477 0.00845767
48.4486 80.7477 0.116567
59.215 80.7477 0.564254
69.9813 80.7477 0.609779
5.38318 91.514 -0.267209
16.1495 91.514 -0.361948
26.9159 91.514 -0.304775
37.6822 91.514 -0.241531
48.4486 91.514 -0.219839
59.215 91.514 -0.114062
69.9813 91.514 0.054074
5.38318 102.28 -0.297159
16.1495 102.28 -0.414684
26.9159 102.28 -0.332207
37.6822 102.28 -0.279292
48.4486 102.28 -0.271308
59.215 102.28 -0.217206
69.9813 102.28 -0.0877925
5.38318 113.047 -0.299936
16.1495 113.047 -0.453545
26.9159 113.047 -0.454159
37.6822 113.047 -0.436678
48.4486 113.047 -0.41957
59.215 113.047 -0.328044
69.9813 113.047 -0.144469
5.38318 123.813 -0.288898
16.1495 123.813 -0.440643
26.9159 123.813 -0.437534
37.6822 123.813 -0.436633
48.4486 123.813 -0.412346
59.215 123.813 -0.319249
69.9813 123.813 -0.135445
5.38318 134.579 -0.259263
16.1495 134.579 -0.397084
26.9159 134.579 -0.364124
37.6822 134.579 -0.361576
48.4486 134.579 -0.317834
59.215 134.579 -0.240689
69.9813 134.579 -0.0824697
5.38318 145.346 -0.188234
16.1495 145.346 -0.283467
26.9159 145.346 -0.230317
37.6822 145.346 -0.224732
48.4486 145.346 -0.151686
59.215 145.346 -0.0927996
69.9813 145.346 0.0603992
5.38318 156.112 -0.0649852
16.1495 156.112 -0.0396388
26.9159 156.112 0.394813
37.6822 156.112 0.483703
48.4486 156.112 0.66344
59.215 156.112 0.49151
69.9813 156.112 0.423313
5.38318 166.879 0.244457
16.1495 166.879 0.63275
26.9159 166.879 1.38188
37.6822 166.879 1.54302
48.4486 166.879 1.60222
59.215 166.879 1.19539
69.9813 166.879 0.802095
5.38318 177.645 0.658651
16.1495 177.645 1.49085
26.9159 177.645 2.62273
37.6822 177.645 2.8286
48.4486 177.645 2.77243
59.215 177.645 1.88171
69.9813 177.645 1.12177
5.38318 188.411 0.849247
16.1495 188.411 1.79388
26.9159 188.411 3.16775
37.6822 188.411 3.42168
48.4486 188.411 3.19852
59.215 188.411 2.11144
69.9813 188.411 1.18496
5.38318 199.178 0.737601
16.1495 199.178 1.62271
26.9159 199.178 2.97056
37.6822 199.178 3.2168
48.4486 199.178 2.82073
59.215 199.178 1.76254
69.9813 199.178 0.9184
5.38318 209.944 0.381674
16.1495 209.944 0.84455
26.9159 209.944 1.54568
37.6822 209.944 1.56939
48.4486 209.944 1.25613
59.215 209.944 0.770968
69.9813 209.944 0.39216
