26 37
0 17 72 40
0 1 72 72
0 0 72 82
0 0 72 144
0 0 72 216
5.38318 5.38318 0.877799
16.1495 5.38318 1.21543
26.9159 5.38318 1.47409
37.6822 5.38318 1.35911
48.4486 5.38318 1.18496
59.215 5.38318 0.959142
69.9813 5.38318 0.594601
5.38318 16.1495 1.59864
16.1495 16.1495 2.59003
26.9159 16.1495 3.29547
37.6822 16.1495 2.97261
48.4486 16.1495 2.51106
59.215 16.1495 1.86246
69.9813 16.1495 1.12654
5.38318 26.9159 1.83794
16.1495 26.9159 3.27917
26.9159 26.9159 4.61498
37.6822 26.9159 4.35865
48.4486 26.9159 3.62498
59.215 26.9159 2.37132
69.9813 26.9159 1.30009
5.38318 37.6822 1.63371
16.1495 37.6822 3.21684
26.9159 37.6822 4.89724
37.6822 37.6822 4.887
48.4486 37.6822 4.03343
59.215 37.6822 2.4106
69.9813 37.6822 1.22887
5.38318 48.4486 1.08487
16.1495 48.4486 2.34487
26.9159 48.4486 3.85753
37.6822 48.4486 4.06946
48.4486 48.4486 3.36483
59.215 48.4486 1.99074
69.9813 48.4486 0.982886
5.38318 59.215 0.648034
16.1495 59.215 1.3982
26.9159 59.215 2.08705
37.6822 59.215 2.10248
48.4486 59.215 1.81804
59.215 59.215 1.21317
69.9813 59.215 0.775151
5.38318 69.9813 0.574846
16.1495 69.9813 1.17818
26.9159 69.9813 1.49052
37.6822 69.9813 1.39674
48.4486 69.9813 1.24743
59.215 69.9813 1.00425
69.9813 69.9813 0.762272
5.38318 80.7477 0.284274
16.1495 80.7477 0.63714
26.9159 80.7477 0.804161
37.6822 80.7477 0.639461
48.4486 80.7477 0.630918
59.215 80.7477 0.549037
69.9813 80.7477 0.543145
5.38318 91.514 -0.139161
16.1495 91.514 -0.177243
26.9159 91.514 -0.157752
37.6822 91.514 -0.197433
48.4486 91.514 -0.189866
59.215 91.514 -0.136542
69.9813 91.514 0.0343239
5.38318 102.28 -0.274771
16.1495 102.28 -0.41825
26.9159 102.28 -0.419675
37.6822 102.28 -0.422777
48.4486 102.28 -0.423064
59.215 102.28 -0.331595
69.9813 102.28 -0.148942
5.38318 113.047 -0.301953
16.1495 113.047 -0.457636
26.9159 113.047 -0.462001
37.6822 113.047 -0.445916
48.4486 113.047 -0.427442
59.215 113.047 -0.333426
69.9813 113.047 -0.147006
5.38318 123.813 -0.277682
16.1495 123.813 -0.390828
26.9159 123.813 -0.31494
37.6822 123.813 -0.280463
48.4486 123.813 -0.298542
59.215 123.813 -0.258221
69.9813 123.813 -0.125498
5.38318 134.579 -0.188521
16.1495 134.579 -0.181654
26.9159 134.579 0.0982989
37.6822 134.579 0.276651
48.4486 134.579 0.0184496
59.215 134.579 -0.082421
69.9813 134.579 -0.0661116
5.38318 145.346 -0.0901054
16.1495 145.346 0.235911
26.9159 145.346 1.21583
37.6822 145.346 1.55268
48.4486 145.346 1.0459
59.215 145.346 0.437585
69.9813 145.346 0.0532422
5.38318 156.112 0.130309
16.1495 156.112 0.941254
26.9159 156.112 2.26426
37.6822 156.112 2.62373
48.4486 156.112 1.93901
59.215 156.112 0.940887
69.9813 156.112 0.220247
5.38318 166.879 0.205988
16.1495 166.879 1.12958
26.9159 166.879 2.4319
37.6822 166.879 2.79585
48.4486 166.879 2.08778
59.215 166.879 0.965203
69.9813 166.879 0.215948
5.38318 177.645 0.458384
16.1495 177.645 1.32942
26.9159 177.645 2.26476
37.6822 177.645 2.49197
48.4486 177.645 1.92162
59.215 177.645 0.941142
69.9813 177.645 0.268145
5.38318 188.411 0.546152
16.1495 188.411 1.41487
26.9159 188.411 2.10652
37.6822 188.411 2.16055
48.4486 188.411 1.66356
59.215 188.411 0.825288
69.9813 188.411 0.328785
5.38318 199.178 0.612548
16.1495 199.178 1.51297
26.9159 199.178 2.28058
37.6822 199.178 2.42796
48.4486 199.178 2.05526
59.215 199.178 1.27866
69.9813 199.178 0.622671
5.38318 209.944 0.424639
16.1495 209.944 1.12145
26.9159 209.944 1.81929
37.6822 209.944 2.04682
48.4486 209.944 1.84371
59.215 209.944 1.21751
69.9813 209.944 0.637561
