37 188
0 168 72 40
0 144 72 72
0 134 72 82
0 72 72 144
0 0 72 216
5.38318 5.38318 0.816107
16.1495 5.38318 1.29814
26.9159 5.38318 1.38825
37.6822 5.38318 1.36596
48.4486 5.38318 1.28326
59.215 5.38318 1.12253
69.9813 5.38318 0.739413
5.38318 16.1495 1.65891
16.1495 16.1495 2.54317
26.9159 16.1495 2.64383
37.6822 16.1495 2.50609
48.4486 16.1495 2.48178
59.215 16.1495 2.22273
69.9813 16.1495 1.50737
5.38318 26.9159 2.27028
16.1495 26.9159 3.18672
26.9159 26.9159 2.97546
37.6822 26.9159 2.63984
48.4486 26.9159 2.89692
59.215 26.9159 2.91512
69.9813 26.9159 2.092
5.38318 37.6822 2.46105
16.1495 37.6822 3.19538
26.9159 37.6822 2.81486
37.6822 37.6822 2.34926
48.4486 37.6822 2.80402
59.215 37.6822 2.96062
69.9813 37.6822 2.20147
5.38318 48.4486 1.70506
16.1495 48.4486 2.19535
26.9159 48.4486 2.141
37.6822 48.4486 1.92113
48.4486 48.4486 2.5348
59.215 48.4486 2.57228
69.9813 48.4486 1.93003
5.38318 59.215 0.519525
16.1495 59.215 0.778693
26.9159 59.215 1.2497
37.6822 59.215 1.40986
48.4486 59.215 1.99099
59.215 59.215 1.76601
69.9813 59.215 1.35232
5.38318 69.9813 -0.0397147
16.1495 69.9813 -0.059699
26.9159 69.9813 0.514682
37.6822 69.9813 0.732589
48.4486 69.9813 1.30423
59.215 69.9813 1.09715
69.9813 69.9813 1.05103
5.38318 80.7477 -0.19505
16.1495 80.7477 -0.30579
26.9159 80.7477 -0.185255
37.6822 80.7477 -0.240907
48.4486 80.7477 -0.135902
59.215 80.7477 -0.0951458
69.9813 80.7477 0.315293
5.38318 91.514 -0.474661
16.1495 91.514 -0.797686
26.9159 91.514 -0.847501
37.6822 91.514 -0.956027
48.4486 91.514 -0.934093
59.215 91.514 -0.716867
69.9813 91.514 -0.272986
5.38318 102.28 -0.553116
16.1495 102.28 -0.899456
26.9159 102.28 -1.00056
37.6822 102.28 -1.038
48.4486 102.28 -1.0053
59.215 102.28 -0.805213
69.9813 102.28 -0.351718
5.38318 113.047 -0.570624
16.1495 113.047 -0.908188
26.9159 113.047 -0.975191
37.6822 113.047 -0.973187
48.4486 113.047 -0.920972
59.215 113.047 -0.705509
69.9813 113.047 -0.297723
5.38318 123.813 -0.517885
16.1495 123.813 -0.785145
26.9159 123.813 -0.718654
37.6822 123.813 -0.664367
48.4486 123.813 -0.624889
59.215 123.813 -0.463053
69.9813 123.813 -0.178547
5.38318 134.579 -0.308688
16.1495 134.579 -0.409996
26.9159 134.579 -0.246484
37.6822 134.579 -0.15216
48.4486 134.579 -0.143409
59.215 134.579 -0.0445659
69.9813 134.579 0.103782
5.38318 145.346 0.0628627
16.1495 145.346 0.522793
26.9159 145.346 1.16829
37.6822 145.346 1.60974
48.4486 145.346 1.50848
59.215 145.346 1.30282
69.9813 145.346 0.830911
5.38318 156.112 0.840509
16.1495 156.112 1.75934
26.9159 156.112 2.47586
37.6822 156.112 2.82036
48.4486 156.112 2.72442
59.215 156.112 2.30243
69.9813 156.112 1.43357
5.38318 166.879 1.3583
16.1495 166.879 2.65962
26.9159 166.879 3.66271
37.6822 166.879 4.01627
48.4486 166.879 3.74843
59.215 166.879 2.93043
69.9813 166.879 1.77917
5.38318 177.645 1.47323
16.1495 177.645 2.92181
26.9159 177.645 4.29487
37.6822 177.645 4.43624
48.4486 177.645 3.94546
59.215 177.645 2.79066
69.9813 177.645 1.65626
5.38318 188.411 1.15541
16.1495 188.411 2.64924
26.9159 188.411 4.2983
37.6822 188.411 4.52984
48.4486 188.411 3.76083
59.215 188.411 2.35283
69.9813 188.411 1.29157
5.38318 199.178 0.521373
16.1495 199.178 1.61287
26.9159 199.178 3.03259
37.6822 199.178 3.11507
48.4486 199.178 2.51666
59.215 199.178 1.26797
69.9813 199.178 0.660841
5.38318 209.944 -0.00788543
16.1495 209.944 0.425199
26.9159 209.944 1.21639
37.6822 209.944 1.28311
48.4486 209.944 0.933333
59.215 209.944 0.36002
69.9813 209.944 0.211041
