37 177
0 157 72 40
0 141 72 72
0 134 72 82
0 72 72 144
0 0 72 216
5.38318 5.38318 0.60351
16.1495 5.38318 1.14731
26.9159 5.38318 1.53821
37.6822 5.38318 1.7324
48.4486 5.38318 1.56057
59.215 5.38318 1.11046
69.9813 5.38318 0.606779
5.38318 16.1495 0.996961
16.1495 16.1495 2.04174
26.9159 16.1495 2.81875
37.6822 16.1495 3.25402
48.4486 16.1495 2.96859
59.215 16.1495 2.15501
69.9813 16.1495 1.17081
5.38318 26.9159 1.03436
16.1495 26.9159 2.294
26.9159 26.9159 3.31088
37.6822 26.9159 3.80512
48.4486 26.9159 3.39949
59.215 26.9159 2.43115
69.9813 26.9159 1.32767
5.38318 37.6822 0.888644
16.1495 37.6822 2.09144
26.9159 37.6822 3.32788
37.6822 37.6822 3.65225
48.4486 37.6822 3.22838
59.215 37.6822 2.1632
69.9813 37.6822 1.20108
5.38318 48.4486 0.530985
16.1495 48.4486 1.61544
26.9159 48.4486 3.0862
37.6822 48.4486 3.33995
48.4486 48.4486 2.84597
59.215 48.4486 1.55417
69.9813 48.4486 0.799098
5.38318 59.215 -0.0109677
16.1495 59.215 0.716425
26.9159 59.215 2.35414
37.6822 59.215 2.56848
48.4486 59.215 2.05058
59.215 59.215 0.738454
69.9813 59.215 0.295174
5.38318 69.9813 -0.359794
16.1495 69.9813 -0.409747
26.9159 69.9813 -0.0230146
37.6822 69.9813 0.088387
48.4486 69.9813 -0.220704
59.215 69.9813 -0.384511
69.9813 69.9813 -0.221651
5.38318 80.7477 -0.528468
16.1495 80.7477 -0.824178
26.9159 80.7477 -0.800453
37.6822 80.7477 -0.839261
48.4486 80.7477 -0.914567
59.215 80.7477 -0.776178
69.9813 80.7477 -0.375625
5.38318 91.514 -0.585106
16.1495 91.514 -0.949368
26.9159 91.514 -1.06299
37.6822 91.514 -1.09591
48.4486 91.514 -1.05236
59.215 91.514 -0.836898
69.9813 91.514 -0.377782
5.38318 102.28 -0.590052
16.1495 102.28 -0.948512
26.9159 102.28 -1.04619
37.6822 102.28 -1.05763
48.4486 102.28 -1.0032
59.215 102.28 -0.792102
69.9813 102.28 -0.345167
5.38318 113.047 -0.5688
16.1495 113.047 -0.908823
26.9159 113.047 -0.980034
37.6822 113.047 -0.979712
48.4486 113.047 -0.924946
59.215 113.047 -0.710309
69.9813 113.047 -0.299
5.38318 123.813 -0.525937
16.1495 123.813 -0.825894
26.9159 123.813 -0.777459
37.6822 123.813 -0.767925
48.4486 123.813 -0.687623
59.215 123.813 -0.524069
69.9813 123.813 -0.194979
5.38318 134.579 -0.311123
16.1495 134.579 -0.419146
26.9159 134.579 -0.237574
37.6822 134.579 -0.217774
48.4486 134.579 -0.171292
59.215 134.579 -0.152838
69.9813 134.579 0.0264331
5.38318 145.346 -0.0451435
16.1495 145.346 0.354509
26.9159 145.346 1.13772
37.6822 145.346 1.40141
48.4486 145.346 1.373
59.215 145.346 0.913154
69.9813 145.346 0.649339
5.38318 156.112 0.553359
16.1495 156.112 1.76692
26.9159 156.112 2.86028
37.6822 156.112 3.31601
48.4486 156.112 2.99064
59.215 156.112 2.13453
69.9813 156.112 1.21675
5.38318 166.879 0.920598
16.1495 166.879 2.47033
26.9159 166.879 3.90427
37.6822 166.879 4.53854
48.4486 166.879 3.90673
59.215 166.879 2.65247
69.9813 166.879 1.42917
5.38318 177.645 1.16945
16.1495 177.645 2.74127
26.9159 177.645 4.45781
37.6822 177.645 5.08996
48.4486 177.645 4.31759
59.215 177.645 2.87649
69.9813 177.645 1.51385
5.38318 188.411 1.58014
16.1495 188.411 3.18673
26.9159 188.411 4.72919
37.6822 188.411 5.06957
48.4486 188.411 4.28998
59.215 188.411 2.94138
69.9813 188.411 1.60418
5.38318 199.178 1.79553
16.1495 199.178 3.08508
26.9159 199.178 3.71945
37.6822 199.178 3.82877
48.4486 199.178 3.58924
59.215 199.178 3.18734
69.9813 199.178 2.0481
5.38318 209.944 1.6231
16.1495 209.944 2.42822
26.9159 209.944 2.32492
37.6822 209.944 2.2008
48.4486 209.944 2.39646
59.215 209.944 2.57894
69.9813 209.944 1.8299
