26 37
0 17 72 40
0 1 72 72
0 0 72 82
0 0 72 144
0 0 72 216
5.38318 5.38318 0.733516
16.1495 5.38318 1.07376
26.9159 5.38318 1.16841
37.6822 5.38318 1.05857
48.4486 5.38318 0.769836
59.215 5.38318 0.621439
69.9813 5.38318 0.38598
5.38318 16.1495 1.41205
16.1495 16.1495 2.41789
26.9159 16.1495 2.72143
37.6822 16.1495 2.45008
48.4486 16.1495 1.88359
59.215 16.1495 1.4419
69.9813 16.1495 0.852901
5.38318 26.9159 1.68901
16.1495 26.9159 3.02295
26.9159 26.9159 3.37053
37.6822 26.9159 2.96345
48.4486 26.9159 2.17204
59.215 26.9159 1.64683
69.9813 26.9159 1.01307
5.38318 37.6822 1.83277
16.1495 37.6822 3.36777
26.9159 37.6822 3.8695
37.6822 37.6822 3.2011
48.4486 37.6822 2.17427
59.215 37.6822 1.56614
69.9813 37.6822 0.953736
5.38318 48.4486 1.34245
16.1495 48.4486 2.55255
26.9159 48.4486 2.99573
37.6822 48.4486 2.35298
48.4486 48.4486 1.26759
59.215 48.4486 0.977781
69.9813 48.4486 0.666979
5.38318 59.215 0.558346
16.1495 59.215 1.07743
26.9159 59.215 1.47546
37.6822 59.215 1.01787
48.4486 59.215 0.42918
59.215 59.215 0.578287
69.9813 59.215 0.47569
5.38318 69.9813 -0.135966
16.1495 69.9813 -0.236152
26.9159 69.9813 -0.139045
37.6822 69.9813 -0.189493
48.4486 69.9813 -0.199294
59.215 69.9813 0.0821034
69.9813 69.9813 0.289385
5.38318 80.7477 -0.167576
16.1495 80.7477 -0.262131
26.9159 80.7477 -0.155931
37.6822 80.7477 -0.151887
48.4486 80.7477 -0.0738818
59.215 80.7477 0.216336
69.9813 80.7477 0.395906
5.38318 91.514 -0.199181
16.1495 91.514 -0.277932
26.9159 91.514 -0.19351
37.6822 91.514 -0.179935
48.4486 91.514 -0.119114
59.215 91.514 0.0302242
69.9813 91.514 0.269807
5.38318 102.28 -0.20742
16.1495 102.28 -0.278297
26.9159 102.28 -0.200212
37.6822 102.28 -0.18696
48.4486 102.28 -0.174661
59.215 102.28 -0.110177
69.9813 102.28 0.0363399
5.38318 113.047 -0.286834
16.1495 113.047 -0.43174
26.9159 113.047 -0.418425
37.6822 113.047 -0.410695
48.4486 113.047 -0.396662
59.215 113.047 -0.310205
69.9813 113.047 -0.132987
5.38318 123.813 -0.271774
16.1495 123.813 -0.412769
26.9159 123.813 -0.392995
37.6822 123.813 -0.378776
48.4486 123.813 -0.348526
59.215 123.813 -0.266313
69.9813 123.813 -0.101657
5.38318 134.579 -0.20761
16.1495 134.579 -0.310647
26.9159 134.579 -0.273799
37.6822 134.579 -0.253545
48.4486 134.579 -0.212003
59.215 134.579 -0.153271
69.9813 134.579 -0.0223241
5.38318 145.346 -0.151744
16.1495 145.346 -0.2089
26.9159 145.346 -0.147688
37.6822 145.346 -0.107329
48.4486 145.346 -0.0301399
59.215 145.346 -0.00257065
69.9813 145.346 0.192198
5.38318 156.112 -0.00250643
16.1495 156.112 0.19444
26.9159 156.112 0.469913
37.6822 156.112 0.509491
48.4486 156.112 0.522536
59.215 156.112 0.44235
69.9813 156.112 0.413811
5.38318 166.879 0.184544
16.1495 166.879 0.560783
26.9159 166.879 0.878973
37.6822 166.879 0.921997
48.4486 166.879 0.940015
59.215 166.879 0.803296
69.9813 166.879 0.650745
5.38318 177.645 0.380728
16.1495 177.645 0.791747
26.9159 177.645 1.18049
37.6822 177.645 1.19475
48.4486 177.645 1.31409
59.215 177.645 1.13796
69.9813 177.645 0.86587
5.38318 188.411 0.255536
16.1495 188.411 0.571158
26.9159 188.411 1.06492
37.6822 188.411 1.20398
48.4486 188.411 1.52315
59.215 188.411 1.3905
69.9813 188.411 1.03303
5.38318 199.178 0.0856527
16.1495 199.178 0.288853
26.9159 199.178 0.773227
37.6822 199.178 0.930928
48.4486 199.178 1.32032
59.215 199.178 1.20939
69.9813 199.178 0.909216
5.38318 209.944 -0.0287757
16.1495 209.944 0.0571002
26.9159 209.944 0.43061
37.6822 209.944 0.488735
48.4486 209.944 0.669093
59.215 209.944 0.612398
69.9813 209.944 0.497277
