16 37
0 17 72 40
0 1 72 72
0 0 72 82
0 0 72 144
0 0 72 216
5.38318 5.38318 0.583869
16.1495 5.38318 0.722371
26.9159 5.38318 0.619407
37.6822 5.38318 0.703817
48.4486 5.38318 0.817802
59.215 5.38318 0.758085
69.9813 5.38318 0.550552
5.38318 16.1495 1.24839
16.1495 16.1495 1.7265
26.9159 16.1495 1.46922
37.6822 16.1495 1.47981
48.4486 16.1495 1.63672
59.215 16.1495 1.58161
69.9813 16.1495 1.09656
5.38318 26.9159 1.82715
16.1495 26.9159 2.47511
26.9159 26.9159 1.69824
37.6822 26.9159 1.21572
48.4486 26.9159 1.14304
59.215 26.9159 1.50542
69.9813 26.9159 1.18179
5.38318 37.6822 1.97432
16.1495 37.6822 2.62358
26.9159 37.6822 1.92505
37.6822 37.6822 0.92555
48.4486 37.6822 0.589794
59.215 37.6822 1.13544
69.9813 37.6822 0.971997
5.38318 48.4486 1.26597
16.1495 48.4486 1.66389
26.9159 48.4486 1.10994
37.6822 48.4486 0.1556
48.4486 48.4486 -0.0242906
59.215 48.4486 0.700448
69.9813 48.4486 0.69404
5.38318 59.215 0.126928
16.1495 59.215 0.0613557
26.9159 59.215 0.219915
37.6822 59.215 -0.0706068
48.4486 59.215 0.235761
59.215 59.215 0.789081
69.9813 59.215 0.710418
5.38318 69.9813 -0.126449
16.1495 69.9813 -0.178743
26.9159 69.9813 0.0752748
37.6822 69.9813 -0.0315677
48.4486 69.9813 0.440488
59.215 69.9813 0.825287
69.9813 69.9813 0.709993
5.38318 80.7477 -0.271927
16.1495 80.7477 -0.381322
26.9159 80.7477 -0.246114
37.6822 80.7477 -0.274661
48.4486 80.7477 -0.0567443
59.215 80.7477 0.276504
69.9813 80.7477 0.454954
5.38318 91.514 -0.459969
16.1495 91.514 -0.715776
26.9159 91.514 -0.683012
37.6822 91.514 -0.713229
48.4486 91.514 -0.61194
59.215 91.514 -0.402817
69.9813 91.514 -0.118825
5.38318 102.28 -0.566835
16.1495 102.28 -0.912675
26.9159 102.28 -0.992081
37.6822 102.28 -1.00119
48.4486 102.28 -0.945906
59.215 102.28 -0.731259
69.9813 102.28 -0.312275
5.38318 113.047 -0.585884
16.1495 113.047 -0.937822
26.9159 113.047 -1.02281
37.6822 113.047 -1.02316
48.4486 113.047 -0.9705
59.215 113.047 -0.767691
69.9813 113.047 -0.33283
5.38318 123.813 -0.56975
16.1495 123.813 -0.899739
26.9159 123.813 -0.962182
37.6822 123.813 -0.950587
48.4486 123.813 -0.90626
59.215 123.813 -0.68773
69.9813 123.813 -0.294753
5.38318 134.579 -0.521343
16.1495 134.579 -0.808843
26.9159 134.579 -0.77896
37.6822 134.579 -0.750783
48.4486 134.579 -0.729964
59.215 134.579 -0.54993
69.9813 134.579 -0.228513
5.38318 145.346 -0.372944
16.1495 145.346 -0.526703
26.9159 145.346 -0.421693
37.6822 145.346 -0.380166
48.4486 145.346 -0.414845
59.215 145.346 -0.329726
69.9813 145.346 -0.117868
5.38318 156.112 -0.203184
16.1495 156.112 -0.235401
26.9159 156.112 -0.077583
37.6822 156.112 -0.0375194
48.4486 156.112 -0.137039
59.215 156.112 -0.115329
69.9813 156.112 0.0353386
5.38318 166.879 -0.120251
16.1495 166.879 -0.0945842
26.9159 166.879 -0.00132366
37.6822 166.879 -0.000203801
48.4486 166.879 -0.107718
59.215 166.879 -0.037856
69.9813 166.879 0.161358
5.38318 177.645 -0.196248
16.1495 177.645 -0.277947
26.9159 177.645 -0.276817
37.6822 177.645 -0.27658
48.4486 177.645 -0.294485
59.215 177.645 -0.120221
69.9813 177.645 0.136479
5.38318 188.411 -0.342237
16.1495 188.411 -0.525721
26.9159 188.411 -0.523477
37.6822 188.411 -0.447583
48.4486 188.411 -0.398382
59.215 188.411 -0.176801
69.9813 188.411 0.0858073
5.38318 199.178 -0.379518
16.1495 199.178 -0.562124
26.9159 199.178 -0.502415
37.6822 199.178 -0.382197
48.4486 199.178 -0.295446
59.215 199.178 -0.117164
69.9813 199.178 0.183552
5.38318 209.944 -0.251497
16.1495 209.944 -0.340262
26.9159 209.944 -0.27399
37.6822 209.944 -0.183911
48.4486 209.944 -0.149397
59.215 209.944 -0.0844222
69.9813 209.944 0.121773
