37 166
0 146 72 40
0 130 72 72
0 125 72 82
0 72 72 144
0 0 72 216
5.38318 5.38318 0.235408
16.1495 5.38318 0.520421
26.9159 5.38318 1.11184
37.6822 5.38318 1.41824
48.4486 5.38318 1.35818
59.215 5.38318 0.959439
69.9813 5.38318 0.495228
5.38318 16.1495 0.484246
16.1495 16.1495 1.18025
26.9159 16.1495 2.10613
37.6822 16.1495 2.62768
48.4486 16.1495 2.51766
59.215 16.1495 1.80962
69.9813 16.1495 0.947112
5.38318 26.9159 0.684652
16.1495 26.9159 1.64061
26.9159 26.9159 2.50183
37.6822 26.9159 2.86857
48.4486 26.9159 2.51968
59.215 26.9159 1.78153
69.9813 26.9159 0.921389
5.38318 37.6822 0.991868
16.1495 37.6822 2.07187
26.9159 37.6822 2.62331
37.6822 37.6822 2.57278
48.4486 37.6822 1.85003
59.215 37.6822 1.21443
69.9813 37.6822 0.633048
5.38318 48.4486 0.875551
16.1495 48.4486 1.94315
26.9159 48.4486 2.32225
37.6822 48.4486 2.16663
48.4486 48.4486 1.24779
59.215 48.4486 0.85343
69.9813 48.4486 0.478065
5.38318 59.215 0.195778
16.1495 59.215 0.91847
26.9159 59.215 1.37575
37.6822 59.215 1.69631
48.4486 59.215 1.17621
59.215 59.215 0.975166
69.9813 59.215 0.527683
5.38318 69.9813 -0.172417
16.1495 69.9813 -0.0796711
26.9159 69.9813 0.0963365
37.6822 69.9813 0.483877
48.4486 69.9813 0.21127
59.215 69.9813 0.34375
69.9813 69.9813 0.189129
5.38318 80.7477 -0.270549
16.1495 80.7477 -0.360814
26.9159 80.7477 -0.346767
37.6822 80.7477 -0.292086
48.4486 80.7477 -0.298317
59.215 80.7477 -0.168976
69.9813 80.7477 -0.0577008
5.38318 91.514 -0.283782
16.1495 91.514 -0.413828
26.9159 91.514 -0.451392
37.6822 91.514 -0.470882
48.4486 91.514 -0.494089
59.215 91.514 -0.389892
69.9813 91.514 -0.182603
5.38318 102.28 -0.291706
16.1495 102.28 -0.432482
26.9159 102.28 -0.434689
37.6822 102.28 -0.439052
48.4486 102.28 -0.424067
59.215 102.28 -0.340913
69.9813 102.28 -0.146473
5.38318 113.047 -0.299323
16.1495 113.047 -0.453197
26.9159 113.047 -0.458193
37.6822 113.047 -0.437423
48.4486 113.047 -0.414475
59.215 113.047 -0.323304
69.9813 113.047 -0.143082
5.38318 123.813 -0.288264
16.1495 123.813 -0.416612
26.9159 123.813 -0.332887
37.6822 123.813 -0.277211
48.4486 123.813 -0.270196
59.215 123.813 -0.221585
69.9813 123.813 -0.0976425
5.38318 134.579 -0.24617
16.1495 134.579 -0.278568
26.9159 134.579 -0.0316217
37.6822 134.579 0.251336
48.4486 134.579 0.156338
59.215 134.579 0.00407563
69.9813 134.579 0.000528008
5.38318 145.346 -0.172787
16.1495 145.346 -0.0265021
26.9159 145.346 1.03997
37.6822 145.346 1.58015
48.4486 145.346 1.40496
59.215 145.346 0.821798
69.9813 145.346 0.365569
5.38318 156.112 -0.0506524
16.1495 156.112 0.551957
26.9159 156.112 1.99869
37.6822 156.112 2.76253
48.4486 156.112 2.43828
59.215 156.112 1.50687
69.9813 156.112 0.642196
5.38318 166.879 0.135843
16.1495 166.879 1.02603
26.9159 166.879 2.53494
37.6822 166.879 3.45787
48.4486 166.879 3.06837
59.215 166.879 1.90436
69.9813 166.879 0.853142
5.38318 177.645 0.527416
16.1495 177.645 1.46022
26.9159 177.645 2.56001
37.6822 177.645 3.20982
48.4486 177.645 2.83216
59.215 177.645 1.86846
69.9813 177.645 0.886842
5.38318 188.411 0.883373
16.1495 188.411 1.81259
26.9159 188.411 2.41208
37.6822 188.411 2.7064
48.4486 188.411 2.38021
59.215 188.411 1.68226
69.9813 188.411 0.927009
5.38318 199.178 1.0531
16.1495 199.178 1.83123
26.9159 199.178 2.11249
37.6822 199.178 2.13552
48.4486 199.178 2.00537
59.215 199.178 1.59716
69.9813 199.178 1.04435
5.38318 209.944 0.75487
16.1495 209.944 1.27292
26.9159 209.944 1.40815
37.6822 209.944 1.4889
48.4486 209.944 1.55521
59.215 209.944 1.34011
69.9813 209.944 0.903653
