37 188
0 168 72 40
0 144 72 72
0 134 72 82
0 72 72 144
0 0 72 216
5.38318 5.38318 0.711206
16.1495 5.38318 1.41003
26.9159 5.38318 1.77166
37.6822 5.38318 1.54563
48.4486 5.38318 1.02061
59.215 5.38318 0.512015
69.9813 5.38318 0.249835
5.38318 16.1495 1.09367
16.1495 16.1495 2.36811
26.9159 16.1495 3.18843
37.6822 16.1495 3.01671
48.4486 16.1495 2.1654
59.215 16.1495 1.35955
69.9813 16.1495 0.684572
5.38318 26.9159 1.24449
16.1495 26.9159 2.68639
26.9159 26.9159 3.75009
37.6822 26.9159 3.78449
48.4486 26.9159 2.83869
59.215 26.9159 1.85194
69.9813 26.9159 0.917031
5.38318 37.6822 1.38804
16.1495 37.6822 2.47973
26.9159 37.6822 3.38142
37.6822 37.6822 3.6394
48.4486 37.6822 3.24067
59.215 37.6822 2.42921
69.9813 37.6822 1.32053
5.38318 48.4486 1.68767
16.1495 48.4486 2.73473
26.9159 48.4486 3.37822
37.6822 48.4486 3.5128
48.4486 48.4486 3.38305
59.215 48.4486 2.69228
69.9813 48.4486 1.61887
5.38318 59.215 1.67147
16.1495 59.215 2.58997
26.9159 59.215 2.90263
37.6822 59.215 2.89298
48.4486 59.215 2.98672
59.215 59.215 2.6268
69.9813 59.215 1.7637
5.38318 69.9813 1.01564
16.1495 69.9813 1.57518
26.9159 69.9813 1.70015
37.6822 69.9813 1.71946
48.4486 69.9813 1.89626
59.215 69.9813 1.85947
69.9813 69.9813 1.35653
5.38318 80.7477 0.144554
16.1495 80.7477 0.235364
26.9159 80.7477 0.173889
37.6822 80.7477 0.121104
48.4486 80.7477 0.117085
59.215 80.7477 0.356089
69.9813 80.7477 0.434895
5.38318 91.514 -0.240393
16.1495 91.514 -0.363071
26.9159 91.514 -0.360312
37.6822 91.514 -0.3367
48.4486 91.514 -0.339878
59.215 91.514 -0.21125
69.9813 91.514 -0.06802
5.38318 102.28 -0.302254
16.1495 102.28 -0.463019
26.9159 102.28 -0.454334
37.6822 102.28 -0.454527
48.4486 102.28 -0.449997
59.215 102.28 -0.359956
69.9813 102.28 -0.163883
5.38318 113.047 -0.297734
16.1495 113.047 -0.453254
26.9159 113.047 -0.461385
37.6822 113.047 -0.448817
48.4486 113.047 -0.431757
59.215 113.047 -0.340287
69.9813 113.047 -0.149085
5.38318 123.813 -0.296184
16.1495 123.813 -0.453389
26.9159 123.813 -0.454804
37.6822 123.813 -0.436744
48.4486 123.813 -0.402825
59.215 123.813 -0.292833
69.9813 123.813 -0.118308
5.38318 134.579 -0.268342
16.1495 134.579 -0.408776
26.9159 134.579 -0.388486
37.6822 134.579 -0.351944
48.4486 134.579 -0.300889
59.215 134.579 -0.196721
69.9813 134.579 -0.060524
5.38318 145.346 -0.209621
16.1495 145.346 -0.289357
26.9159 145.346 -0.218206
37.6822 145.346 -0.148449
48.4486 145.346 -0.0876536
59.215 145.346 -0.0148168
69.9813 145.346 0.118443
5.38318 156.112 -0.0251244
16.1495 156.112 0.205572
26.9159 156.112 0.750392
37.6822 156.112 0.94007
48.4486 156.112 0.908916
59.215 156.112 0.655141
69.9813 156.112 0.476233
5.38318 166.879 0.438682
16.1495 166.879 1.27023
26.9159 166.879 2.2292
37.6822 166.879 2.44731
48.4486 166.879 2.18102
59.215 166.879 1.45134
69.9813 166.879 0.847084
5.38318 177.645 0.974801
16.1495 177.645 2.45713
26.9159 177.645 4.00439
37.6822 177.645 4.32905
48.4486 177.645 3.79124
59.215 177.645 2.35037
69.9813 177.645 1.24875
5.38318 188.411 1.12018
16.1495 188.411 2.838
26.9159 188.411 4.60067
37.6822 188.411 5.03442
48.4486 188.411 4.42164
59.215 188.411 2.7467
69.9813 188.411 1.406
5.38318 199.178 0.839505
16.1495 199.178 2.25578
26.9159 199.178 3.71138
37.6822 199.178 4.11375
48.4486 199.178 3.6254
59.215 199.178 2.3095
69.9813 199.178 1.19065
5.38318 209.944 0.302437
16.1495 209.944 0.924806
26.9159 209.944 1.44202
37.6822 209.944 1.54446
48.4486 209.944 1.37283
59.215 209.944 1.00348
69.9813 209.944 0.585512
