37 177
0 157 72 40
0 141 72 72
0 134 72 82
0 72 72 144
0 0 72 216
5.38318 5.38318 0.784575
16.1495 5.38318 1.33393
26.9159 5.38318 1.59395
37.6822 5.38318 1.55855
48.4486 5.38318 1.42601
59.215 5.38318 1.14041
69.9813 5.38318 0.745114
5.38318 16.1495 1.26092
16.1495 16.1495 2.30818
26.9159 16.1495 2.80122
37.6822 16.1495 2.85074
48.4486 16.1495 2.79774
59.215 16.1495 2.30298
69.9813 16.1495 1.56666
5.38318 26.9159 1.41946
16.1495 26.9159 2.55334
26.9159 26.9159 3.07518
37.6822 26.9159 3.36073
48.4486 26.9159 3.58736
59.215 26.9159 3.15472
69.9813 26.9159 2.14135
5.38318 37.6822 1.42404
16.1495 37.6822 2.42702
26.9159 37.6822 2.86937
37.6822 37.6822 3.43769
48.4486 37.6822 3.90358
59.215 37.6822 3.51746
69.9813 37.6822 2.30537
5.38318 48.4486 1.19786
16.1495 48.4486 2.17293
26.9159 48.4486 2.67287
37.6822 48.4486 3.38754
48.4486 48.4486 3.7113
59.215 48.4486 3.40884
69.9813 48.4486 2.16736
5.38318 59.215 1.03838
16.1495 59.215 1.97326
26.9159 59.215 2.36408
37.6822 59.215 2.54342
48.4486 59.215 2.43685
59.215 59.215 2.23985
69.9813 59.215 1.50992
5.38318 69.9813 0.456395
16.1495 69.9813 0.890412
26.9159 69.9813 1.06705
37.6822 69.9813 0.905988
48.4486 69.9813 0.76703
59.215 69.9813 0.875023
69.9813 69.9813 0.829997
5.38318 80.7477 0.0487121
16.1495 80.7477 0.170729
26.9159 80.7477 0.299476
37.6822 80.7477 -0.0362896
48.4486 80.7477 -0.107341
59.215 80.7477 0.0684079
69.9813 80.7477 0.394413
5.38318 91.514 -0.170893
16.1495 91.514 -0.233036
26.9159 91.514 -0.15356
37.6822 91.514 -0.182509
48.4486 91.514 -0.168172
59.215 91.514 -0.0477263
69.9813 91.514 0.22871
5.38318 102.28 -0.209815
16.1495 102.28 -0.277648
26.9159 102.28 -0.185885
37.6822 102.28 -0.169937
48.4486 102.28 -0.172462
59.215 102.28 -0.12007
69.9813 102.28 0.000212781
5.38318 113.047 -0.295326
16.1495 113.047 -0.44319
26.9159 113.047 -0.431204
37.6822 113.047 -0.418231
48.4486 113.047 -0.401669
59.215 113.047 -0.315008
69.9813 113.047 -0.135293
5.38318 123.813 -0.296737
16.1495 123.813 -0.450301
26.9159 123.813 -0.437222
37.6822 123.813 -0.418174
48.4486 123.813 -0.386321
59.215 123.813 -0.294265
69.9813 123.813 -0.121539
5.38318 134.579 -0.212911
16.1495 134.579 -0.275617
26.9159 134.579 -0.170993
37.6822 134.579 -0.133607
48.4486 134.579 -0.131373
59.215 134.579 -0.131053
69.9813 134.579 -0.0399329
5.38318 145.346 -0.00501035
16.1495 145.346 0.29036
26.9159 145.346 0.828274
37.6822 145.346 1.02277
48.4486 145.346 0.881624
59.215 145.346 0.504523
69.9813 145.346 0.335413
5.38318 156.112 0.666482
16.1495 156.112 1.716
26.9159 156.112 2.75797
37.6822 156.112 3.02667
48.4486 156.112 2.52062
59.215 156.112 1.53135
69.9813 156.112 0.810395
5.38318 166.879 1.1994
16.1495 166.879 2.78379
26.9159 166.879 4.36985
37.6822 166.879 4.79268
48.4486 166.879 4.03546
59.215 166.879 2.48694
69.9813 166.879 1.29644
5.38318 177.645 1.38355
16.1495 177.645 3.12868
26.9159 177.645 4.84803
37.6822 177.645 5.25941
48.4486 177.645 4.46116
59.215 177.645 2.78143
69.9813 177.645 1.4584
5.38318 188.411 1.0825
16.1495 188.411 2.25759
26.9159 188.411 3.43812
37.6822 188.411 3.59404
48.4486 188.411 3.17079
59.215 188.411 2.14099
69.9813 188.411 1.28458
5.38318 199.178 0.563435
16.1495 199.178 1.06184
26.9159 199.178 1.5046
37.6822 199.178 1.33787
48.4486 199.178 1.11052
59.215 199.178 0.775791
69.9813 199.178 0.693261
5.38318 209.944 0.288194
16.1495 209.944 0.584548
26.9159 209.944 0.7708
37.6822 209.944 0.590127
48.4486 209.944 0.417056
59.215 209.944 0.283051
69.9813 209.944 0.428486
