37 177
0 157 72 40
0 141 72 72
0 134 72 82
0 72 72 144
0 0 72 216
5.38318 5.38318 0.711206
16.1495 5.38318 1.41003
26.9159 5.38318 1.77166
37.6822 5.38318 1.54563
48.4486 5.38318 1.02061
59.215 5.38318 0.512015
69.9813 5.38318 0.249835
5.38318 16.1495 1.09367
16.1495 16.1495 2.36811
26.9159 16.1495 3.18843
37.6822 16.1495 3.01671
48.4486 16.1495 2.1654
59.215 16.1495 1.35955
69.9813 16.1495 0.684572
5.38318 26.9159 1.24449
16.1495 26.9159 2.68639
26.9159 26.9159 3.75009
37.6822 26.9159 3.78449
48.4486 26.9159 2.83869
59.215 26.9159 1.85194
69.9813 26.9159 0.917031
5.38318 37.6822 1.38804
16.1495 37.6822 2.47973
26.9159 37.6822 3.38142
37.6822 37.6822 3.6394
48.4486 37.6822 3.24067
59.215 37.6822 2.42921
69.9813 37.6822 1.32053
5.38318 48.4486 1.68767
16.1495 48.4486 2.73473
26.9159 48.4486 3.37822
37.6822 48.4486 3.5128
48.4486 48.4486 3.38305
59.215 48.4486 2.69228
69.9813 48.4486 1.61887
5.38318 59.215 1.67147
16.1495 59.215 2.58997
26.9159 59.215 2.90263
37.6822 59.215 2.89298
48.4486 59.215 2.98672
59.215 59.215 2.6268
69.9813 59.215 1.7637
5.38318 69.9813 1.01564
16.1495 69.9813 1.57518
26.9159 69.9813 1.70015
37.6822 69.9813 1.71946
48.4486 69.9813 1.89626
59.215 69.9813 1.85947
69.9813 69.9813 1.35653
5.38318 80.7477 0.144554
16.1495 80.7477 0.235365
26.9159 80.7477 0.173889
37.6822 80.7477 0.121104
48.4486 80.7477 0.117086
59.215 80.7477 0.356089
69.9813 80.7477 0.434895
5.38318 91.514 -0.240393
16.1495 91.514 -0.363071
26.9159 91.514 -0.360312
37.6822 91.514 -0.3367
48.4486 91.514 -0.339878
59.215 91.514 -0.21125
69.9813 91.514 -0.0680199
5.38318 102.28 -0.30213
16.1495 102.28 -0.462808
26.9159 102.28 -0.454121
37.6822 102.28 -0.454368
48.4486 102.28 -0.449958
59.215 102.28 -0.360053
69.9813 102.28 -0.163953
5.38318 113.047 -0.30005
16.1495 113.047 -0.454237
26.9159 113.047 -0.458124
37.6822 113.047 -0.443437
48.4486 113.047 -0.428839
59.215 113.047 -0.343773
69.9813 113.047 -0.154347
5.38318 123.813 -0.297411
16.1495 123.813 -0.454247
26.9159 123.813 -0.46514
37.6822 123.813 -0.451584
48.4486 123.813 -0.430635
59.215 123.813 -0.329576
69.9813 123.813 -0.14228
5.38318 134.579 -0.245655
16.1495 134.579 -0.368887
26.9159 134.579 -0.331213
37.6822 134.579 -0.326402
48.4486 134.579 -0.287055
59.215 134.579 -0.218133
69.9813 134.579 -0.0754643
5.38318 145.346 -0.0830906
16.1495 145.346 -0.0728896
26.9159 145.346 0.116392
37.6822 145.346 0.206999
48.4486 145.346 0.263799
59.215 145.346 0.149494
69.9813 145.346 0.192598
5.38318 156.112 0.571951
16.1495 156.112 1.10275
26.9159 156.112 1.72654
37.6822 156.112 1.85388
48.4486 156.112 1.78557
59.215 156.112 1.22922
69.9813 156.112 0.739739
5.38318 166.879 1.44678
16.1495 166.879 2.61883
26.9159 166.879 3.64399
37.6822 166.879 3.92817
48.4486 166.879 3.58705
59.215 166.879 2.42346
69.9813 166.879 1.30574
5.38318 177.645 2.05433
16.1495 177.645 3.64439
26.9159 177.645 5.02422
37.6822 177.645 5.34652
48.4486 177.645 4.8658
59.215 177.645 3.33493
69.9813 177.645 1.76571
5.38318 188.411 2.07636
16.1495 188.411 3.57803
26.9159 188.411 4.79327
37.6822 188.411 4.94453
48.4486 188.411 4.36543
59.215 188.411 3.03021
69.9813 188.411 1.61045
5.38318 199.178 1.16917
16.1495 199.178 2.00585
26.9159 199.178 2.65947
37.6822 199.178 2.60623
48.4486 199.178 2.18348
59.215 199.178 1.65148
69.9813 199.178 0.968573
5.38318 209.944 0.441135
16.1495 209.944 0.754217
26.9159 209.944 0.990745
37.6822 209.944 0.888359
48.4486 209.944 0.59418
59.215 209.944 0.495874
69.9813 209.944 0.343062
