37 166
0 146 72 40
0 130 72 72
0 125 72 82
0 72 72 144
0 0 72 216
5.38318 5.38318 0.235602
16.1495 5.38318 0.914065
26.9159 5.38318 2.07627
37.6822 5.38318 2.34171
48.4486 5.38318 1.67213
59.215 5.38318 0.719157
69.9813 5.38318 0.1569
5.38318 16.1495 0.163535
16.1495 16.1495 1.30805
26.9159 16.1495 3.26915
37.6822 16.1495 3.76729
48.4486 16.1495 2.81176
59.215 16.1495 1.29508
69.9813 16.1495 0.365991
5.38318 26.9159 -0.177787
16.1495 26.9159 0.570044
26.9159 26.9159 2.56372
37.6822 26.9159 3.06748
48.4486 26.9159 2.1251
59.215 26.9159 0.574167
69.9813 26.9159 -0.0717459
5.38318 37.6822 -0.308522
16.1495 37.6822 -0.2383
26.9159 37.6822 0.746889
37.6822 37.6822 1.0212
48.4486 37.6822 0.369688
59.215 37.6822 -0.209304
69.9813 37.6822 -0.148561
5.38318 48.4486 -0.312764
16.1495 48.4486 -0.345344
26.9159 48.4486 0.0177332
37.6822 48.4486 0.0438857
48.4486 48.4486 -0.176626
59.215 48.4486 -0.34917
69.9813 48.4486 -0.143641
5.38318 59.215 -0.303165
16.1495 59.215 -0.26884
26.9159 59.215 0.476684
37.6822 59.215 0.59809
48.4486 59.215 0.160555
59.215 59.215 -0.2137
69.9813 59.215 -0.0867631
5.38318 69.9813 -0.315122
16.1495 69.9813 -0.276582
26.9159 69.9813 0.673087
37.6822 69.9813 0.844678
48.4486 69.9813 0.422842
59.215 69.9813 -0.169249
69.9813 69.9813 -0.0925465
5.38318 80.7477 -0.41146
16.1495 80.7477 -0.446691
26.9159 80.7477 0.0899061
37.6822 80.7477 0.274026
48.4486 80.7477 -0.0864252
59.215 80.7477 -0.330978
69.9813 80.7477 -0.190631
5.38318 91.514 -0.526588
16.1495 91.514 -0.798855
26.9159 91.514 -0.645326
37.6822 91.514 -0.624954
48.4486 91.514 -0.666773
59.215 91.514 -0.619802
69.9813 91.514 -0.302311
5.38318 102.28 -0.566377
16.1495 102.28 -0.894653
26.9159 102.28 -0.952586
37.6822 102.28 -0.961157
48.4486 102.28 -0.944047
59.215 102.28 -0.779016
69.9813 102.28 -0.360557
5.38318 113.047 -0.567425
16.1495 113.047 -0.905077
26.9159 113.047 -0.971984
37.6822 113.047 -0.973933
48.4486 113.047 -0.921959
59.215 113.047 -0.717423
69.9813 113.047 -0.305428
5.38318 123.813 -0.503596
16.1495 123.813 -0.752824
26.9159 123.813 -0.66273
37.6822 123.813 -0.656648
48.4486 123.813 -0.621653
59.215 123.813 -0.509819
69.9813 123.813 -0.206091
5.38318 134.579 -0.224388
16.1495 134.579 -0.228158
26.9159 134.579 0.100627
37.6822 134.579 0.111187
48.4486 134.579 0.0469972
59.215 134.579 -0.0712949
69.9813 134.579 0.0576941
5.38318 145.346 0.42958
16.1495 145.346 1.26232
26.9159 145.346 2.23391
37.6822 145.346 2.42955
48.4486 145.346 2.14607
59.215 145.346 1.35565
69.9813 145.346 0.78229
5.38318 156.112 1.26016
16.1495 156.112 2.65795
26.9159 156.112 3.77656
37.6822 156.112 4.17844
48.4486 156.112 3.71423
59.215 156.112 2.58822
69.9813 156.112 1.42949
5.38318 166.879 1.72354
16.1495 166.879 3.4066
26.9159 166.879 4.62064
37.6822 166.879 5.21441
48.4486 166.879 4.67235
59.215 166.879 3.40717
69.9813 166.879 1.84471
5.38318 177.645 1.60599
16.1495 177.645 3.08026
26.9159 177.645 4.25374
37.6822 177.645 4.82716
48.4486 177.645 4.4499
59.215 177.645 3.27336
69.9813 177.645 1.84355
5.38318 188.411 1.32767
16.1495 188.411 2.62397
26.9159 188.411 3.69799
37.6822 188.411 4.10243
48.4486 188.411 3.66048
59.215 188.411 2.71933
69.9813 188.411 1.57664
5.38318 199.178 0.661873
16.1495 199.178 1.58638
26.9159 199.178 2.23055
37.6822 199.178 2.43893
48.4486 199.178 2.24232
59.215 199.178 1.73252
69.9813 199.178 1.19053
5.38318 209.944 0.417533
16.1495 209.944 1.02998
26.9159 209.944 1.24655
37.6822 209.944 1.35879
48.4486 209.944 1.277
59.215 209.944 1.13294
69.9813 209.944 0.848584
