37 177
0 157 72 40
0 141 72 72
0 134 72 82
0 72 72 144
0 0 72 216
5.38318 5.38318 0.149674
16.1495 5.38318 0.108807
26.9159 5.38318 0.0956246
37.6822 5.38318 0.0193612
48.4486 5.38318 0.00217856
59.215 5.38318 0.0769879
69.9813 5.38318 0.115083
5.38318 16.1495 0.459423
16.1495 16.1495 0.717319
26.9159 16.1495 0.859227
37.6822 16.1495 0.66036
48.4486 16.1495 0.588483
59.215 16.1495 0.519782
69.9813 16.1495 0.46356
5.38318 26.9159 0.941482
16.1495 26.9159 1.43971
26.9159 26.9159 1.55603
37.6822 26.9159 1.04796
48.4486 26.9159 0.902295
59.215 26.9159 0.718197
69.9813 26.9159 0.664536
5.38318 37.6822 1.45964
16.1495 37.6822 2.30189
26.9159 37.6822 2.53608
37.6822 37.6822 1.94738
48.4486 37.6822 1.6091
59.215 37.6822 1.27118
69.9813 37.6822 1.02286
5.38318 48.4486 1.5172
16.1495 48.4486 2.34331
26.9159 48.4486 2.47686
37.6822 48.4486 1.90614
48.4486 48.4486 1.50712
59.215 48.4486 1.37021
69.9813 48.4486 1.12559
5.38318 59.215 0.940153
16.1495 59.215 1.45076
26.9159 59.215 1.48155
37.6822 59.215 1.18716
48.4486 59.215 1.08476
59.215 59.215 1.37684
69.9813 59.215 1.17597
5.38318 69.9813 0.495833
16.1495 69.9813 0.623577
26.9159 69.9813 0.320733
37.6822 69.9813 0.1377
48.4486 69.9813 0.330035
59.215 69.9813 1.11867
69.9813 69.9813 1.06869
5.38318 80.7477 0.243671
16.1495 80.7477 0.147567
26.9159 80.7477 -0.0585406
37.6822 80.7477 -0.175312
48.4486 80.7477 -0.0521009
59.215 80.7477 0.706619
69.9813 80.7477 0.815719
5.38318 91.514 -0.0288206
16.1495 91.514 -0.149265
26.9159 91.514 -0.228173
37.6822 91.514 -0.346029
48.4486 91.514 -0.304207
59.215 91.514 -0.0613044
69.9813 91.514 0.273412
5.38318 102.28 -0.277676
16.1495 102.28 -0.439051
26.9159 102.28 -0.442859
37.6822 102.28 -0.448615
48.4486 102.28 -0.432935
59.215 102.28 -0.320105
69.9813 102.28 -0.126519
5.38318 113.047 -0.297972
16.1495 113.047 -0.453519
26.9159 113.047 -0.459162
37.6822 113.047 -0.447205
48.4486 113.047 -0.432478
59.215 113.047 -0.348588
69.9813 113.047 -0.157044
5.38318 123.813 -0.266503
16.1495 123.813 -0.405735
26.9159 123.813 -0.387087
37.6822 123.813 -0.396727
48.4486 123.813 -0.387898
59.215 123.813 -0.307422
69.9813 123.813 -0.13047
5.38318 134.579 -0.174697
16.1495 134.579 -0.256407
26.9159 134.579 -0.215169
37.6822 134.579 -0.251257
48.4486 134.579 -0.257114
59.215 134.579 -0.221461
69.9813 134.579 -0.0753372
5.38318 145.346 0.050308
16.1495 145.346 0.339256
26.9159 145.346 0.648421
37.6822 145.346 0.603929
48.4486 145.346 0.399943
59.215 145.346 0.118576
69.9813 145.346 0.160242
5.38318 156.112 0.460994
16.1495 156.112 1.33941
26.9159 156.112 2.11576
37.6822 156.112 2.26474
48.4486 156.112 1.81864
59.215 156.112 1.02099
69.9813 156.112 0.567081
5.38318 166.879 0.861416
16.1495 166.879 2.51699
26.9159 166.879 3.98766
37.6822 166.879 4.59255
48.4486 166.879 3.67881
59.215 166.879 2.14232
69.9813 166.879 1.00769
5.38318 177.645 1.04747
16.1495 177.645 3.05597
26.9159 177.645 5.32339
37.6822 177.645 6.38992
48.4486 177.645 5.27517
59.215 177.645 3.01452
69.9813 177.645 1.28527
5.38318 188.411 1.05981
16.1495 188.411 2.99936
26.9159 188.411 5.27666
37.6822 188.411 6.32363
48.4486 188.411 5.25699
59.215 188.411 3.01201
69.9813 188.411 1.28497
5.38318 199.178 0.955045
16.1495 199.178 2.27424
26.9159 199.178 3.57979
37.6822 199.178 4.01744
48.4486 199.178 3.43698
59.215 199.178 2.03038
69.9813 199.178 1.06479
5.38318 209.944 0.733147
16.1495 209.944 1.46051
26.9159 209.944 1.67572
37.6822 209.944 1.64984
48.4486 209.944 1.46655
59.215 209.944 1.0585
69.9813 209.944 0.745147
