26 166
0 146 72 40
0 130 72 72
0 125 72 82
0 72 72 144
0 0 72 216
5.38318 5.38318 0.217511
16.1495 5.38318 0.16431
26.9159 5.38318 0.0838803
37.6822 5.38318 -0.0716211
48.4486 5.38318 -0.133604
59.215 5.38318 -0.073919
69.9813 5.38318 -0.000182975
5.38318 16.1495 0.637145
16.1495 16.1495 0.932306
26.9159 16.1495 0.861514
37.6822 16.1495 0.403212
48.4486 16.1495 0.0093547
59.215 16.1495 0.1281
69.9813 16.1495 0.288781
5.38318 26.9159 1.17665
16.1495 26.9159 1.78851
26.9159 26.9159 1.38456
37.6822 26.9159 0.466024
48.4486 26.9159 -0.130994
59.215 26.9159 -0.050983
69.9813 26.9159 0.260795
5.38318 37.6822 1.87989
16.1495 37.6822 2.97475
26.9159 37.6822 2.67569
37.6822 37.6822 1.56708
48.4486 37.6822 0.6539
59.215 37.6822 0.648429
69.9813 37.6822 0.722084
5.38318 48.4486 1.86487
16.1495 48.4486 2.94178
26.9159 48.4486 2.60865
37.6822 48.4486 1.50073
48.4486 48.4486 0.650097
59.215 48.4486 0.79288
69.9813 48.4486 0.885227
5.38318 59.215 0.865917
16.1495 59.215 1.41595
26.9159 59.215 1.14391
37.6822 59.215 0.463196
48.4486 59.215 0.0884219
59.215 59.215 0.560679
69.9813 59.215 0.769401
5.38318 69.9813 -0.112026
16.1495 69.9813 -0.255772
26.9159 69.9813 -0.415357
37.6822 69.9813 -0.541665
48.4486 69.9813 -0.490411
59.215 69.9813 -0.129583
69.9813 69.9813 0.340454
5.38318 80.7477 -0.36945
16.1495 80.7477 -0.647633
26.9159 80.7477 -0.745085
37.6822 80.7477 -0.834028
48.4486 80.7477 -0.739172
59.215 80.7477 -0.373002
69.9813 80.7477 -0.0284263
5.38318 91.514 -0.495259
16.1495 91.514 -0.83347
26.9159 91.514 -0.913212
37.6822 91.514 -0.979249
48.4486 91.514 -0.919448
59.215 91.514 -0.614318
69.9813 91.514 -0.207654
5.38318 102.28 -0.578428
16.1495 102.28 -0.93504
26.9159 102.28 -1.01087
37.6822 102.28 -1.01857
48.4486 102.28 -0.955917
59.215 102.28 -0.735214
69.9813 102.28 -0.30528
5.38318 113.047 -0.581014
16.1495 113.047 -0.929203
26.9159 113.047 -1.00628
37.6822 113.047 -1.0025
48.4486 113.047 -0.946871
59.215 113.047 -0.726153
69.9813 113.047 -0.308702
5.38318 123.813 -0.526083
16.1495 123.813 -0.820819
26.9159 123.813 -0.815332
37.6822 123.813 -0.791309
48.4486 123.813 -0.722349
59.215 123.813 -0.508261
69.9813 123.813 -0.185096
5.38318 134.579 -0.292593
16.1495 134.579 -0.353342
26.9159 134.579 -0.174382
37.6822 134.579 -0.165717
48.4486 134.579 -0.156753
59.215 134.579 -0.0951815
69.9813 134.579 0.0945897
5.38318 145.346 0.29775
16.1495 145.346 0.998554
26.9159 145.346 1.77602
37.6822 145.346 1.68853
48.4486 145.346 1.55179
59.215 145.346 1.2206
69.9813 145.346 0.886963
5.38318 156.112 1.16549
16.1495 156.112 2.52932
26.9159 156.112 3.42356
37.6822 156.112 3.16073
48.4486 156.112 2.78788
59.215 156.112 2.1547
69.9813 156.112 1.40503
5.38318 166.879 1.44187
16.1495 166.879 2.93779
26.9159 166.879 3.73836
37.6822 166.879 3.54173
48.4486 166.879 3.15139
59.215 166.879 2.47138
69.9813 166.879 1.6196
5.38318 177.645 1.47762
16.1495 177.645 2.75376
26.9159 177.645 3.25086
37.6822 177.645 3.05866
48.4486 177.645 2.67431
59.215 177.645 2.17156
69.9813 177.645 1.43975
5.38318 188.411 1.26842
16.1495 188.411 2.27155
26.9159 188.411 2.63594
37.6822 188.411 2.58416
48.4486 188.411 2.33271
59.215 188.411 2.05831
69.9813 188.411 1.34704
5.38318 199.178 1.09033
16.1495 199.178 1.946
26.9159 199.178 2.22927
37.6822 199.178 2.05033
48.4486 199.178 1.60545
59.215 199.178 1.48073
69.9813 199.178 1.00683
5.38318 209.944 0.488212
16.1495 209.944 0.983532
26.9159 209.944 1.17964
37.6822 209.944 1.10036
48.4486 209.944 0.794543
59.215 209.944 0.892469
69.9813 209.944 0.66466
