37 166
0 146 72 40
0 130 72 72
0 125 72 82
0 72 72 144
0 0 72 216
5.38318 5.38318 0.261955
16.1495 5.38318 0.434196
26.9159 5.38318 0.80466
37.6822 5.38318 0.794999
48.4486 5.38318 0.669212
59.215 5.38318 0.35155
69.9813 5.38318 0.200904
5.38318 16.1495 0.594002
16.1495 16.1495 1.16504
26.9159 16.1495 2.05402
37.6822 16.1495 2.08348
48.4486 16.1495 1.8467
59.215 16.1495 1.07601
69.9813 16.1495 0.602873
5.38318 26.9159 1.20076
16.1495 26.9159 2.16554
26.9159 26.9159 3.44375
37.6822 26.9159 3.52903
48.4486 26.9159 3.04748
59.215 26.9159 1.73887
69.9813 26.9159 0.858735
5.38318 37.6822 1.72717
16.1495 37.6822 2.89975
26.9159 37.6822 4.11
37.6822 37.6822 4.19672
48.4486 37.6822 3.68704
59.215 37.6822 2.22975
69.9813 37.6822 1.08792
5.38318 48.4486 1.95701
16.1495 48.4486 3.12319
26.9159 48.4486 3.81845
37.6822 48.4486 3.81128
48.4486 48.4486 3.34708
59.215 48.4486 2.29933
69.9813 48.4486 1.20143
5.38318 59.215 1.37202
16.1495 59.215 2.21084
26.9159 59.215 2.4333
37.6822 59.215 2.4224
48.4486 59.215 2.13485
59.215 59.215 1.71237
69.9813 59.215 1.0204
5.38318 69.9813 0.586321
16.1495 69.9813 1.21253
26.9159 69.9813 1.4222
37.6822 69.9813 1.63661
48.4486 69.9813 1.47363
59.215 69.9813 1.31782
69.9813 69.9813 0.836722
5.38318 80.7477 -0.0686894
16.1495 80.7477 0.00650114
26.9159 80.7477 0.249955
37.6822 80.7477 0.38662
48.4486 80.7477 0.226457
59.215 80.7477 0.307296
69.9813 80.7477 0.283634
5.38318 91.514 -0.261114
16.1495 91.514 -0.391821
26.9159 91.514 -0.3475
37.6822 91.514 -0.333529
48.4486 91.514 -0.322245
59.215 91.514 -0.221417
69.9813 91.514 -0.0787654
5.38318 102.28 -0.296036
16.1495 102.28 -0.445671
26.9159 102.28 -0.417391
37.6822 102.28 -0.393214
48.4486 102.28 -0.377812
59.215 102.28 -0.288333
69.9813 102.28 -0.126276
5.38318 113.047 -0.300342
16.1495 113.047 -0.451944
26.9159 113.047 -0.441762
37.6822 113.047 -0.416635
48.4486 113.047 -0.386721
59.215 113.047 -0.298933
69.9813 113.047 -0.128514
5.38318 123.813 -0.251639
16.1495 123.813 -0.337449
26.9159 123.813 -0.213557
37.6822 123.813 -0.172159
48.4486 123.813 -0.159349
59.215 123.813 -0.152338
69.9813 123.813 -0.0558191
5.38318 134.579 -0.120271
16.1495 134.579 -0.0501662
26.9159 134.579 0.505511
37.6822 134.579 0.675986
48.4486 134.579 0.539944
59.215 134.579 0.263731
69.9813 134.579 0.146556
5.38318 145.346 0.244249
16.1495 145.346 0.945733
26.9159 145.346 1.97591
37.6822 145.346 2.2252
48.4486 145.346 1.86903
59.215 145.346 1.12158
69.9813 145.346 0.52868
5.38318 156.112 0.753201
16.1495 156.112 1.92521
26.9159 156.112 3.22673
37.6822 156.112 3.52637
48.4486 156.112 2.82639
59.215 156.112 1.66481
69.9813 156.112 0.757359
5.38318 166.879 1.33149
16.1495 166.879 2.73219
26.9159 166.879 4.00001
37.6822 166.879 4.21248
48.4486 166.879 3.42715
59.215 166.879 2.042
69.9813 166.879 0.982432
5.38318 177.645 1.88589
16.1495 177.645 3.24973
26.9159 177.645 3.97714
37.6822 177.645 3.87153
48.4486 177.645 3.21864
59.215 177.645 2.11976
69.9813 177.645 1.13693
5.38318 188.411 2.19874
16.1495 188.411 3.51114
26.9159 188.411 3.84395
37.6822 188.411 3.54573
48.4486 188.411 3.16099
59.215 188.411 2.41785
69.9813 188.411 1.47735
5.38318 199.178 1.727
16.1495 199.178 2.82392
26.9159 199.178 3.27902
37.6822 199.178 3.05082
48.4486 199.178 3.11009
59.215 199.178 2.80507
69.9813 199.178 1.94575
5.38318 209.944 0.783295
16.1495 209.944 1.44795
26.9159 209.944 1.94021
37.6822 209.944 2.01691
48.4486 209.944 2.37396
59.215 209.944 2.43966
69.9813 209.944 1.83477
