37 48
0 28 72 40
0 12 72 72
0 7 72 82
0 0 72 144
0 0 72 216
5.38318 5.38318 0.697777
16.1495 5.38318 1.23917
26.9159 5.38318 1.61896
37.6822 5.38318 1.69207
48.4486 5.38318 1.65042
59.215 5.38318 1.2249
69.9813 5.38318 0.727294
5.38318 16.1495 1.08621
16.1495 16.1495 2.17082
26.9159 16.1495 3.00349
37.6822 16.1495 3.22171
48.4486 16.1495 3.04636
59.215 16.1495 2.17504
69.9813 16.1495 1.26414
5.38318 26.9159 1.02522
16.1495 26.9159 2.31778
26.9159 26.9159 3.46678
37.6822 26.9159 3.83112
48.4486 26.9159 3.51957
59.215 26.9159 2.44776
69.9813 26.9159 1.39685
5.38318 37.6822 1.08731
16.1495 37.6822 2.44058
26.9159 37.6822 4.02718
37.6822 37.6822 4.51229
48.4486 37.6822 4.00404
59.215 37.6822 2.5843
69.9813 37.6822 1.3538
5.38318 48.4486 1.22988
16.1495 48.4486 2.58851
26.9159 48.4486 4.49291
37.6822 48.4486 5.11337
48.4486 48.4486 4.66659
59.215 48.4486 3.15624
69.9813 48.4486 1.68651
5.38318 59.215 1.04323
16.1495 59.215 2.12858
26.9159 59.215 3.68169
37.6822 59.215 4.14752
48.4486 59.215 3.7919
59.215 59.215 2.83289
69.9813 59.215 1.64409
5.38318 69.9813 0.513751
16.1495 69.9813 0.791258
26.9159 69.9813 1.51716
37.6822 69.9813 1.67427
48.4486 69.9813 1.47146
59.215 69.9813 1.5264
69.9813 69.9813 1.08158
5.38318 80.7477 -0.0821818
16.1495 80.7477 -0.123296
26.9159 80.7477 0.199788
37.6822 80.7477 0.410877
48.4486 80.7477 0.0542581
59.215 80.7477 0.44636
69.9813 80.7477 0.401975
5.38318 91.514 -0.261376
16.1495 91.514 -0.382741
26.9159 91.514 -0.240614
37.6822 91.514 -0.191339
48.4486 91.514 -0.253872
59.215 91.514 -0.176458
69.9813 91.514 -0.065426
5.38318 102.28 -0.282403
16.1495 102.28 -0.417594
26.9159 102.28 -0.328201
37.6822 102.28 -0.311036
48.4486 102.28 -0.308943
59.215 102.28 -0.232597
69.9813 102.28 -0.0841945
5.38318 113.047 -0.301937
16.1495 113.047 -0.454198
26.9159 113.047 -0.443995
37.6822 113.047 -0.434358
48.4486 113.047 -0.411567
59.215 113.047 -0.325979
69.9813 113.047 -0.141011
5.38318 123.813 -0.277479
16.1495 123.813 -0.384541
26.9159 123.813 -0.288726
37.6822 123.813 -0.266762
48.4486 123.813 -0.283981
59.215 123.813 -0.262341
69.9813 123.813 -0.129094
5.38318 134.579 -0.195404
16.1495 134.579 -0.185817
26.9159 134.579 0.1579
37.6822 134.579 0.2075
48.4486 134.579 -0.016248
59.215 134.579 -0.129011
69.9813 134.579 -0.0879934
5.38318 145.346 -0.0800975
16.1495 145.346 0.283738
26.9159 145.346 1.24997
37.6822 145.346 1.36867
48.4486 145.346 0.909106
59.215 145.346 0.266462
69.9813 145.346 -0.0111698
5.38318 156.112 0.0419242
16.1495 156.112 0.812566
26.9159 156.112 2.03662
37.6822 156.112 2.1919
48.4486 156.112 1.63364
59.215 156.112 0.683774
69.9813 156.112 0.131017
5.38318 166.879 0.00963084
16.1495 166.879 0.853129
26.9159 166.879 2.1363
37.6822 166.879 2.45749
48.4486 166.879 1.97246
59.215 166.879 0.991683
69.9813 166.879 0.316039
5.38318 177.645 -0.0350676
16.1495 177.645 0.507724
26.9159 177.645 1.67908
37.6822 177.645 2.15148
48.4486 177.645 1.97467
59.215 177.645 1.19046
69.9813 177.645 0.505104
5.38318 188.411 -0.0985926
16.1495 188.411 0.0935923
26.9159 188.411 1.08169
37.6822 188.411 1.83114
48.4486 188.411 1.9871
59.215 188.411 1.41556
69.9813 188.411 0.745478
5.38318 199.178 -0.130234
16.1495 199.178 0.00661374
26.9159 199.178 0.962197
37.6822 199.178 1.76802
48.4486 199.178 2.04113
59.215 199.178 1.5277
69.9813 199.178 0.870467
5.38318 209.944 -0.0817157
16.1495 209.944 0.130225
26.9159 209.944 0.87331
37.6822 209.944 1.45674
48.4486 209.944 1.65984
59.215 209.944 1.25412
69.9813 209.944 0.695145
