48 26
0 6 72 40
0 0 72 72
0 0 72 82
0 0 72 144
0 0 72 216
5.38318 5.38318 1.29747
16.1495 5.38318 2.05838
26.9159 5.38318 2.17154
37.6822 5.38318 2.21604
48.4486 5.38318 2.27026
59.215 5.38318 1.8895
69.9813 5.38318 1.20174
5.38318 16.1495 2.28787
16.1495 16.1495 3.76612
26.9159 16.1495 4.02987
37.6822 16.1495 4.05359
48.4486 16.1495 4.16625
59.215 16.1495 3.58791
69.9813 16.1495 2.31953
5.38318 26.9159 2.66116
16.1495 26.9159 4.43045
26.9159 26.9159 4.83476
37.6822 26.9159 4.82584
48.4486 26.9159 4.86352
59.215 26.9159 4.27527
69.9813 26.9159 2.70513
5.38318 37.6822 2.10821
16.1495 37.6822 3.38805
26.9159 37.6822 3.7819
37.6822 37.6822 3.75691
48.4486 37.6822 3.77678
59.215 37.6822 3.36817
69.9813 37.6822 2.13038
5.38318 48.4486 1.50796
16.1495 48.4486 2.42148
26.9159 48.4486 2.93764
37.6822 48.4486 2.85439
48.4486 48.4486 2.90421
59.215 48.4486 2.60419
69.9813 48.4486 1.70222
5.38318 59.215 1.34051
16.1495 59.215 2.20294
26.9159 59.215 2.79322
37.6822 59.215 2.72437
48.4486 59.215 2.79592
59.215 59.215 2.46344
69.9813 59.215 1.69378
5.38318 69.9813 0.985105
16.1495 69.9813 1.67049
26.9159 69.9813 2.24659
37.6822 69.9813 2.14503
48.4486 69.9813 2.34395
59.215 69.9813 2.05603
69.9813 69.9813 1.52349
5.38318 80.7477 0.458648
16.1495 80.7477 0.768107
26.9159 80.7477 1.07348
37.6822 80.7477 0.790652
48.4486 80.7477 0.966064
59.215 80.7477 0.8918
69.9813 80.7477 0.860989
5.38318 91.514 -0.296248
16.1495 91.514 -0.481056
26.9159 91.514 -0.474423
37.6822 91.514 -0.586211
48.4486 91.514 -0.537808
59.215 91.514 -0.394601
69.9813 91.514 -0.0785952
5.38318 102.28 -0.51765
16.1495 102.28 -0.837164
26.9159 102.28 -0.91553
37.6822 102.28 -0.954743
48.4486 102.28 -0.910506
59.215 102.28 -0.687998
69.9813 102.28 -0.275619
5.38318 113.047 -0.569312
16.1495 113.047 -0.909531
26.9159 113.047 -0.993797
37.6822 113.047 -1.0035
48.4486 113.047 -0.956929
59.215 113.047 -0.754812
69.9813 113.047 -0.322721
5.38318 123.813 -0.474721
16.1495 123.813 -0.693237
26.9159 123.813 -0.641141
37.6822 123.813 -0.660306
48.4486 123.813 -0.67297
59.215 123.813 -0.578232
69.9813 123.813 -0.246079
5.38318 134.579 -0.243586
16.1495 134.579 -0.232559
26.9159 134.579 0.00957479
37.6822 134.579 -0.00719543
48.4486 134.579 -0.120819
59.215 134.579 -0.265754
69.9813 134.579 -0.0967953
5.38318 145.346 0.211259
16.1495 145.346 1.0893
26.9159 145.346 2.1355
37.6822 145.346 2.25408
48.4486 145.346 1.7515
59.215 145.346 0.767436
69.9813 145.346 0.465346
5.38318 156.112 0.424899
16.1495 156.112 1.5509
26.9159 156.112 2.77437
37.6822 156.112 3.16383
48.4486 156.112 2.7028
59.215 156.112 1.66932
69.9813 156.112 0.898661
5.38318 166.879 0.211069
16.1495 166.879 1.19556
26.9159 166.879 2.48015
37.6822 166.879 2.95279
48.4486 166.879 2.66215
59.215 166.879 1.8879
69.9813 166.879 1.08903
5.38318 177.645 -0.209335
16.1495 177.645 -0.0545525
26.9159 177.645 0.996262
37.6822 177.645 1.44898
48.4486 177.645 1.50215
59.215 177.645 1.19699
69.9813 177.645 0.828813
5.38318 188.411 -0.304359
16.1495 188.411 -0.269072
26.9159 188.411 0.321801
37.6822 188.411 0.529119
48.4486 188.411 0.476045
59.215 188.411 0.295492
69.9813 188.411 0.353753
5.38318 199.178 -0.317097
16.1495 199.178 -0.32035
26.9159 199.178 -0.0680776
37.6822 199.178 -0.091682
48.4486 199.178 -0.198237
59.215 199.178 -0.233656
69.9813 199.178 -0.0487811
5.38318 209.944 -0.217381
16.1495 209.944 -0.183199
26.9159 209.944 -0.0152714
37.6822 209.944 -0.075078
48.4486 209.944 -0.207401
59.215 209.944 -0.23047
69.9813 209.944 -0.0661402
