37 177
0 157 72 40
0 141 72 72
0 134 72 82
0 72 72 144
0 0 72 216
5.38318 5.38318 1.07939
16.1495 5.38318 1.66035
26.9159 5.38318 1.87171
37.6822 5.38318 1.95788
48.4486 5.38318 1.94108
59.215 5.38318 1.50737
69.9813 5.38318 0.908607
5.38318 16.1495 1.9852
16.1495 16.1495 3.27769
26.9159 16.1495 3.81473
37.6822 16.1495 3.97304
48.4486 16.1495 3.93829
59.215 16.1495 3.12058
69.9813 16.1495 1.87857
5.38318 26.9159 2.28618
16.1495 26.9159 3.9738
26.9159 26.9159 4.75239
37.6822 26.9159 4.98258
48.4486 26.9159 4.914
59.215 26.9159 3.92658
69.9813 26.9159 2.38946
5.38318 37.6822 1.84844
16.1495 37.6822 3.25068
26.9159 37.6822 4.02493
37.6822 37.6822 4.17732
48.4486 37.6822 3.94988
59.215 37.6822 3.16335
69.9813 37.6822 1.9108
5.38318 48.4486 1.06418
16.1495 48.4486 1.88459
26.9159 48.4486 2.42984
37.6822 48.4486 2.44241
48.4486 48.4486 2.23355
59.215 48.4486 1.90071
69.9813 48.4486 1.21645
5.38318 59.215 0.628119
16.1495 59.215 1.18905
26.9159 59.215 1.89218
37.6822 59.215 1.91794
48.4486 59.215 1.74652
59.215 59.215 1.52235
69.9813 59.215 1.01138
5.38318 69.9813 0.173578
16.1495 69.9813 0.374516
26.9159 69.9813 1.09348
37.6822 69.9813 1.17101
48.4486 69.9813 1.18181
59.215 69.9813 1.07973
69.9813 69.9813 0.787924
5.38318 80.7477 -0.151134
16.1495 80.7477 -0.239623
26.9159 80.7477 0.0413393
37.6822 80.7477 -0.00821151
48.4486 80.7477 -0.0166859
59.215 80.7477 0.0647644
69.9813 80.7477 0.192074
5.38318 91.514 -0.284307
16.1495 91.514 -0.457779
26.9159 91.514 -0.340417
37.6822 91.514 -0.369225
48.4486 91.514 -0.353368
59.215 91.514 -0.263443
69.9813 91.514 -0.105939
5.38318 102.28 -0.297801
16.1495 102.28 -0.462082
26.9159 102.28 -0.431927
37.6822 102.28 -0.463049
48.4486 102.28 -0.457411
59.215 102.28 -0.364376
69.9813 102.28 -0.16637
5.38318 113.047 -0.300129
16.1495 113.047 -0.455988
26.9159 113.047 -0.462146
37.6822 113.047 -0.447019
48.4486 113.047 -0.429936
59.215 113.047 -0.336275
69.9813 113.047 -0.147824
5.38318 123.813 -0.296727
16.1495 123.813 -0.450289
26.9159 123.813 -0.437194
37.6822 123.813 -0.418152
48.4486 123.813 -0.386316
59.215 123.813 -0.294272
69.9813 123.813 -0.121557
5.38318 134.579 -0.212914
16.1495 134.579 -0.275618
26.9159 134.579 -0.170994
37.6822 134.579 -0.133608
48.4486 134.579 -0.131374
59.215 134.579 -0.131055
69.9813 134.579 -0.0399332
5.38318 145.346 -0.00501094
16.1495 145.346 0.29036
26.9159 145.346 0.828276
37.6822 145.346 1.02277
48.4486 145.346 0.881625
59.215 145.346 0.504523
69.9813 145.346 0.335413
5.38318 156.112 0.666481
16.1495 156.112 1.716
26.9159 156.112 2.75797
37.6822 156.112 3.02667
48.4486 156.112 2.52062
59.215 156.112 1.53135
69.9813 156.112 0.810395
5.38318 166.879 1.1994
16.1495 166.879 2.78379
26.9159 166.879 4.36985
37.6822 166.879 4.79268
48.4486 166.879 4.03546
59.215 166.879 2.48694
69.9813 166.879 1.29644
5.38318 177.645 1.38355
16.1495 177.645 3.12868
26.9159 177.645 4.84803
37.6822 177.645 5.25941
48.4486 177.645 4.46116
59.215 177.645 2.78143
69.9813 177.645 1.4584
5.38318 188.411 1.0825
16.1495 188.411 2.25759
26.9159 188.411 3.43812
37.6822 188.411 3.59404
48.4486 188.411 3.17079
59.215 188.411 2.14099
69.9813 188.411 1.28458
5.38318 199.178 0.563435
16.1495 199.178 1.06184
26.9159 199.178 1.5046
37.6822 199.178 1.33787
48.4486 199.178 1.11052
59.215 199.178 0.77579
69.9813 199.178 0.69326
5.38318 209.944 0.288194
16.1495 209.944 0.584548
26.9159 209.944 0.7708
37.6822 209.944 0.590127
48.4486 209.944 0.417056
59.215 209.944 0.283051
69.9813 209.944 0.428486
