37 37
0 17 72 40
0 1 72 72
0 0 72 82
0 0 72 144
0 0 72 216
5.38318 5.38318 0.288578
16.1495 5.38318 0.511324
26.9159 5.38318 0.999775
37.6822 5.38318 1.03394
48.4486 5.38318 0.907965
59.215 5.38318 0.468793
69.9813 5.38318 0.280818
5.38318 16.1495 0.561194
16.1495 16.1495 1.40214
26.9159 16.1495 2.46367
37.6822 16.1495 2.65631
48.4486 16.1495 2.40105
59.215 16.1495 1.43711
69.9813 16.1495 0.824381
5.38318 26.9159 0.83903
16.1495 26.9159 2.31538
26.9159 26.9159 4.06658
37.6822 26.9159 4.5345
48.4486 26.9159 3.91256
59.215 26.9159 2.28616
69.9813 26.9159 1.15105
5.38318 37.6822 1.09245
16.1495 37.6822 2.79623
26.9159 37.6822 4.80638
37.6822 37.6822 5.45652
48.4486 37.6822 4.69545
59.215 37.6822 2.85183
69.9813 37.6822 1.45845
5.38318 48.4486 1.1142
16.1495 48.4486 2.6327
26.9159 48.4486 4.09464
37.6822 48.4486 4.33416
48.4486 48.4486 3.54966
59.215 48.4486 2.22
69.9813 48.4486 1.16525
5.38318 59.215 0.595814
16.1495 59.215 1.32389
26.9159 59.215 1.66423
37.6822 59.215 1.35528
48.4486 59.215 0.825059
59.215 59.215 0.523384
69.9813 59.215 0.553855
5.38318 69.9813 0.145295
16.1495 69.9813 0.352379
26.9159 69.9813 0.21585
37.6822 69.9813 -0.132261
48.4486 69.9813 -0.359757
59.215 69.9813 -0.230973
69.9813 69.9813 -0.0014428
5.38318 80.7477 -0.197524
16.1495 80.7477 -0.321417
26.9159 80.7477 -0.413616
37.6822 80.7477 -0.549409
48.4486 80.7477 -0.613739
59.215 80.7477 -0.405661
69.9813 80.7477 -0.113637
5.38318 91.514 -0.483098
16.1495 91.514 -0.778449
26.9159 91.514 -0.782036
37.6822 91.514 -0.794332
48.4486 91.514 -0.770655
59.215 91.514 -0.564467
69.9813 91.514 -0.237729
5.38318 102.28 -0.564897
16.1495 102.28 -0.889624
26.9159 102.28 -0.934224
37.6822 102.28 -0.905241
48.4486 102.28 -0.855447
59.215 102.28 -0.643066
69.9813 102.28 -0.277252
5.38318 113.047 -0.586097
16.1495 113.047 -0.93791
26.9159 113.047 -1.01234
37.6822 113.047 -0.999531
48.4486 113.047 -0.933445
59.215 113.047 -0.701617
69.9813 113.047 -0.293365
5.38318 123.813 -0.58592
16.1495 123.813 -0.925239
26.9159 123.813 -0.950234
37.6822 123.813 -0.85145
48.4486 123.813 -0.681089
59.215 123.813 -0.467408
69.9813 123.813 -0.161477
5.38318 134.579 -0.582698
16.1495 134.579 -0.88822
26.9159 134.579 -0.745107
37.6822 134.579 -0.409255
48.4486 134.579 -0.114083
59.215 134.579 0.0237973
69.9813 134.579 0.274581
5.38318 145.346 -0.576548
16.1495 145.346 -0.820934
26.9159 145.346 -0.362569
37.6822 145.346 0.822101
48.4486 145.346 1.7187
59.215 145.346 1.48177
69.9813 145.346 1.00698
5.38318 156.112 -0.561433
16.1495 156.112 -0.689095
26.9159 156.112 0.0461727
37.6822 156.112 2.19221
48.4486 156.112 3.10834
59.215 156.112 2.59534
69.9813 156.112 1.57525
5.38318 166.879 -0.531646
16.1495 166.879 -0.560747
26.9159 166.879 0.55302
37.6822 166.879 2.5927
48.4486 166.879 3.45716
59.215 166.879 2.77738
69.9813 166.879 1.66507
5.38318 177.645 -0.420265
16.1495 177.645 -0.333705
26.9159 177.645 0.782552
37.6822 177.645 2.43239
48.4486 177.645 3.04433
59.215 177.645 2.3821
69.9813 177.645 1.47578
5.38318 188.411 -0.220698
16.1495 188.411 -0.040314
26.9159 188.411 1.04456
37.6822 188.411 2.35608
48.4486 188.411 2.67937
59.215 188.411 2.09076
69.9813 188.411 1.29746
5.38318 199.178 -0.00704264
16.1495 199.178 0.566612
26.9159 199.178 1.12915
37.6822 199.178 1.83811
48.4486 199.178 1.88834
59.215 199.178 1.41077
69.9813 199.178 0.996694
5.38318 209.944 0.305676
16.1495 209.944 0.83133
26.9159 209.944 1.034
37.6822 209.944 1.03421
48.4486 209.944 0.742864
59.215 209.944 0.542039
69.9813 209.944 0.503187
