48 188
0 168 72 40
0 144 72 72
0 134 72 82
0 72 72 144
0 0 72 216
5.38318 5.38318 0.797897
16.1495 5.38318 1.48198
26.9159 5.38318 1.65934
37.6822 5.38318 1.42202
48.4486 5.38318 1.05637
59.215 5.38318 0.857117
69.9813 5.38318 0.530113
5.38318 16.1495 1.3879
16.1495 16.1495 2.6953
26.9159 16.1495 3.17282
37.6822 16.1495 2.80076
48.4486 16.1495 2.34018
59.215 16.1495 1.98227
69.9813 16.1495 1.29131
5.38318 26.9159 1.59292
16.1495 26.9159 3.06026
26.9159 26.9159 3.60701
37.6822 26.9159 3.25206
48.4486 26.9159 2.88877
59.215 26.9159 2.69203
69.9813 26.9159 1.83478
5.38318 37.6822 1.47045
16.1495 37.6822 2.68637
26.9159 37.6822 3.25476
37.6822 37.6822 3.11485
48.4486 37.6822 3.21313
59.215 37.6822 3.08035
69.9813 37.6822 2.16355
5.38318 48.4486 1.13537
16.1495 48.4486 2.12213
26.9159 48.4486 2.62452
37.6822 48.4486 2.63895
48.4486 48.4486 2.62872
59.215 48.4486 2.45631
69.9813 48.4486 1.71604
5.38318 59.215 0.771822
16.1495 59.215 1.638
26.9159 59.215 2.16481
37.6822 59.215 2.14562
48.4486 59.215 1.83613
59.215 59.215 1.45657
69.9813 59.215 1.02413
5.38318 69.9813 -0.0583485
16.1495 69.9813 -0.00702954
26.9159 69.9813 0.31738
37.6822 69.9813 0.291503
48.4486 69.9813 0.21337
59.215 69.9813 0.0993525
69.9813 69.9813 0.260646
5.38318 80.7477 -0.283405
16.1495 80.7477 -0.42364
26.9159 80.7477 -0.424987
37.6822 80.7477 -0.489294
48.4486 80.7477 -0.543447
59.215 80.7477 -0.459842
69.9813 80.7477 -0.18128
5.38318 91.514 -0.463344
16.1495 91.514 -0.7256
26.9159 91.514 -0.804728
37.6822 91.514 -0.878004
48.4486 91.514 -0.896686
59.215 91.514 -0.700798
69.9813 91.514 -0.296188
5.38318 102.28 -0.550424
16.1495 102.28 -0.881267
26.9159 102.28 -0.979642
37.6822 102.28 -1.0095
48.4486 102.28 -0.981149
59.215 102.28 -0.785416
69.9813 102.28 -0.342126
5.38318 113.047 -0.579922
16.1495 113.047 -0.924297
26.9159 113.047 -1.00028
37.6822 113.047 -0.99532
48.4486 113.047 -0.944699
59.215 113.047 -0.729968
69.9813 113.047 -0.313847
5.38318 123.813 -0.558142
16.1495 123.813 -0.880169
26.9159 123.813 -0.921503
37.6822 123.813 -0.871948
48.4486 123.813 -0.79036
59.215 123.813 -0.534521
69.9813 123.813 -0.207074
5.38318 134.579 -0.496534
16.1495 134.579 -0.721717
26.9159 134.579 -0.603894
37.6822 134.579 -0.497177
48.4486 134.579 -0.430661
59.215 134.579 -0.20481
69.9813 134.579 -0.0167313
5.38318 145.346 -0.305226
16.1495 145.346 -0.319449
26.9159 145.346 0.122945
37.6822 145.346 0.633712
48.4486 145.346 0.900051
59.215 145.346 1.02656
69.9813 145.346 0.818428
5.38318 156.112 -0.0192623
16.1495 156.112 0.547026
26.9159 156.112 1.71355
37.6822 156.112 2.26394
48.4486 156.112 2.5435
59.215 156.112 2.29327
69.9813 156.112 1.5418
5.38318 166.879 0.512767
16.1495 166.879 1.61695
26.9159 166.879 3.08566
37.6822 166.879 3.89998
48.4486 166.879 4.25419
59.215 166.879 3.51824
69.9813 166.879 2.20628
5.38318 177.645 0.901393
16.1495 177.645 2.10232
26.9159 177.645 3.77738
37.6822 177.645 4.85428
48.4486 177.645 5.15139
59.215 177.645 4.16084
69.9813 177.645 2.42566
5.38318 188.411 1.04704
16.1495 188.411 2.16337
26.9159 188.411 3.88228
37.6822 188.411 4.98618
48.4486 188.411 5.15646
59.215 188.411 3.97725
69.9813 188.411 2.19309
5.38318 199.178 0.784782
16.1495 199.178 1.44762
26.9159 199.178 2.66426
37.6822 199.178 3.34109
48.4486 199.178 3.45738
59.215 199.178 2.71095
69.9813 199.178 1.4833
5.38318 209.944 0.369556
16.1495 209.944 0.676219
26.9159 209.944 1.29367
37.6822 209.944 1.40567
48.4486 209.944 1.49371
59.215 209.944 1.25867
69.9813 209.944 0.810233
