48 37
0 17 72 40
0 1 72 72
0 0 72 82
0 0 72 144
0 0 72 216
5.38318 5.38318 0.404344
16.1495 5.38318 0.797874
26.9159 5.38318 1.24018
37.6822 5.38318 1.27846
48.4486 5.38318 1.33399
59.215 5.38318 1.1363
69.9813 5.38318 0.778481
5.38318 16.1495 0.709278
16.1495 16.1495 1.67349
26.9159 16.1495 2.52574
37.6822 16.1495 2.77214
48.4486 16.1495 2.8989
59.215 16.1495 2.46463
69.9813 16.1495 1.63962
5.38318 26.9159 0.86129
16.1495 26.9159 2.14449
26.9159 26.9159 3.45858
37.6822 26.9159 4.00382
48.4486 26.9159 4.18917
59.215 26.9159 3.59011
69.9813 26.9159 2.32812
5.38318 37.6822 1.05148
16.1495 37.6822 2.31279
26.9159 37.6822 3.6151
37.6822 37.6822 4.27908
48.4486 37.6822 4.42964
59.215 37.6822 3.78019
69.9813 37.6822 2.37881
5.38318 48.4486 1.09358
16.1495 48.4486 2.05464
26.9159 48.4486 3.10394
37.6822 48.4486 3.53722
48.4486 48.4486 3.53745
59.215 48.4486 2.95726
69.9813 48.4486 1.81636
5.38318 59.215 0.719489
16.1495 59.215 1.21545
26.9159 59.215 1.84626
37.6822 59.215 1.9156
48.4486 59.215 1.81045
59.215 59.215 1.59753
69.9813 59.215 1.04945
5.38318 69.9813 0.0336964
16.1495 69.9813 0.179314
26.9159 69.9813 0.531217
37.6822 69.9813 0.594288
48.4486 69.9813 0.510719
59.215 69.9813 0.648399
69.9813 69.9813 0.553399
5.38318 80.7477 -0.249633
16.1495 80.7477 -0.327989
26.9159 80.7477 -0.298494
37.6822 80.7477 -0.220263
48.4486 80.7477 -0.222759
59.215 80.7477 0.0479536
69.9813 80.7477 0.29234
5.38318 91.514 -0.515442
16.1495 91.514 -0.821651
26.9159 91.514 -0.87664
37.6822 91.514 -0.834689
48.4486 91.514 -0.782107
59.215 91.514 -0.513796
69.9813 91.514 -0.178014
5.38318 102.28 -0.576169
16.1495 102.28 -0.923161
26.9159 102.28 -1.00216
37.6822 102.28 -0.982687
48.4486 102.28 -0.912984
59.215 102.28 -0.655312
69.9813 102.28 -0.256411
5.38318 113.047 -0.587379
16.1495 113.047 -0.943332
26.9159 113.047 -1.02303
37.6822 113.047 -1.01384
48.4486 113.047 -0.947071
59.215 113.047 -0.71755
69.9813 113.047 -0.301179
5.38318 123.813 -0.585898
16.1495 123.813 -0.92522
26.9159 123.813 -0.950231
37.6822 123.813 -0.851521
48.4486 123.813 -0.681227
59.215 123.813 -0.467595
69.9813 123.813 -0.161579
5.38318 134.579 -0.582698
16.1495 134.579 -0.88822
26.9159 134.579 -0.745107
37.6822 134.579 -0.409256
48.4486 134.579 -0.114084
59.215 134.579 0.0237963
69.9813 134.579 0.27458
5.38318 145.346 -0.576548
16.1495 145.346 -0.820934
26.9159 145.346 -0.362569
37.6822 145.346 0.822101
48.4486 145.346 1.7187
59.215 145.346 1.48177
69.9813 145.346 1.00698
5.38318 156.112 -0.561433
16.1495 156.112 -0.689095
26.9159 156.112 0.0461713
37.6822 156.112 2.19221
48.4486 156.112 3.10834
59.215 156.112 2.59534
69.9813 156.112 1.57525
5.38318 166.879 -0.531646
16.1495 166.879 -0.560747
26.9159 166.879 0.553019
37.6822 166.879 2.5927
48.4486 166.879 3.45716
59.215 166.879 2.77738
69.9813 166.879 1.66507
5.38318 177.645 -0.420266
16.1495 177.645 -0.333705
26.9159 177.645 0.782552
37.6822 177.645 2.43239
48.4486 177.645 3.04433
59.215 177.645 2.3821
69.9813 177.645 1.47578
5.38318 188.411 -0.220698
16.1495 188.411 -0.0403137
26.9159 188.411 1.04456
37.6822 188.411 2.35608
48.4486 188.411 2.67937
59.215 188.411 2.09076
69.9813 188.411 1.29746
5.38318 199.178 -0.00704256
16.1495 199.178 0.566612
26.9159 199.178 1.12915
37.6822 199.178 1.83811
48.4486 199.178 1.88834
59.215 199.178 1.41077
69.9813 199.178 0.996695
5.38318 209.944 0.305676
16.1495 209.944 0.83133
26.9159 209.944 1.034
37.6822 209.944 1.03421
48.4486 209.944 0.742864
59.215 209.944 0.542039
69.9813 209.944 0.503187
