37 166
0 146 72 40
0 130 72 72
0 125 72 82
0 72 72 144
0 0 72 216
5.38318 5.38318 0.0736941
16.1495 5.38318 0.393295
26.9159 5.38318 1.22546
37.6822 5.38318 1.37564
48.4486 5.38318 0.903259
59.215 5.38318 0.336843
69.9813 5.38318 0.0989316
5.38318 16.1495 -0.0686659
16.1495 16.1495 0.595032
26.9159 16.1495 1.97392
37.6822 16.1495 2.2962
48.4486 16.1495 1.58853
59.215 16.1495 0.66845
69.9813 16.1495 0.273366
5.38318 26.9159 -0.290119
16.1495 26.9159 -0.0324761
26.9159 26.9159 1.40958
37.6822 26.9159 1.98765
48.4486 26.9159 1.11005
59.215 26.9159 0.134889
69.9813 26.9159 -0.0667049
5.38318 37.6822 -0.222834
16.1495 37.6822 -0.0144359
26.9159 37.6822 1.0428
37.6822 37.6822 1.51567
48.4486 37.6822 0.895755
59.215 37.6822 0.306626
69.9813 37.6822 0.0940275
5.38318 48.4486 0.063508
16.1495 48.4486 0.736269
26.9159 48.4486 1.60308
37.6822 48.4486 1.9419
48.4486 48.4486 1.5299
59.215 48.4486 1.0416
69.9813 48.4486 0.648872
5.38318 59.215 0.609575
16.1495 59.215 1.54381
26.9159 59.215 2.22717
37.6822 59.215 2.47527
48.4486 59.215 2.2837
59.215 59.215 1.99666
69.9813 59.215 1.28852
5.38318 69.9813 0.755905
16.1495 69.9813 1.70063
26.9159 69.9813 2.13343
37.6822 69.9813 2.32528
48.4486 69.9813 2.24059
59.215 69.9813 2.18531
69.9813 69.9813 1.46106
5.38318 80.7477 0.253633
16.1495 80.7477 0.716655
26.9159 80.7477 0.80779
37.6822 80.7477 0.912613
48.4486 80.7477 0.930488
59.215 80.7477 1.28677
69.9813 80.7477 1.04275
5.38318 91.514 -0.325187
16.1495 91.514 -0.443141
26.9159 91.514 -0.507804
37.6822 91.514 -0.525878
48.4486 91.514 -0.552103
59.215 91.514 -0.298055
69.9813 91.514 -0.0540536
5.38318 102.28 -0.53639
16.1495 102.28 -0.851413
26.9159 102.28 -0.935419
37.6822 102.28 -0.94966
48.4486 102.28 -0.930378
59.215 102.28 -0.70601
69.9813 102.28 -0.307472
5.38318 113.047 -0.577186
16.1495 113.047 -0.921128
26.9159 113.047 -1.00071
37.6822 113.047 -1.00231
48.4486 113.047 -0.952615
59.215 113.047 -0.745945
69.9813 113.047 -0.320291
5.38318 123.813 -0.543712
16.1495 123.813 -0.84828
26.9159 123.813 -0.837381
37.6822 123.813 -0.80869
48.4486 123.813 -0.75607
59.215 123.813 -0.580008
69.9813 123.813 -0.241786
5.38318 134.579 -0.411607
16.1495 134.579 -0.573034
26.9159 134.579 -0.403082
37.6822 134.579 -0.339095
48.4486 134.579 -0.329421
59.215 134.579 -0.292955
69.9813 134.579 -0.107258
5.38318 145.346 -0.187385
16.1495 145.346 -0.0748239
26.9159 145.346 0.762632
37.6822 145.346 1.22625
48.4486 145.346 1.09431
59.215 145.346 0.658928
69.9813 145.346 0.378212
5.38318 156.112 0.157243
16.1495 156.112 1.11002
26.9159 156.112 2.42439
37.6822 156.112 3.04202
48.4486 156.112 2.67121
59.215 156.112 1.74887
69.9813 156.112 0.829089
5.38318 166.879 0.406746
16.1495 166.879 1.80775
26.9159 166.879 3.20099
37.6822 166.879 4.20995
48.4486 166.879 3.67075
59.215 166.879 2.461
69.9813 166.879 1.16082
5.38318 177.645 0.460764
16.1495 177.645 1.78226
26.9159 177.645 2.95912
37.6822 177.645 3.88281
48.4486 177.645 3.33678
59.215 177.645 2.24309
69.9813 177.645 1.0671
5.38318 188.411 0.265614
16.1495 188.411 1.17078
26.9159 188.411 1.95878
37.6822 188.411 2.64696
48.4486 188.411 2.25748
59.215 188.411 1.61342
69.9813 188.411 0.815223
5.38318 199.178 0.13381
16.1495 199.178 0.738953
26.9159 199.178 1.09498
37.6822 199.178 1.57431
48.4486 199.178 1.33243
59.215 199.178 1.11378
69.9813 199.178 0.768664
5.38318 209.944 0.0876497
16.1495 209.944 0.459454
26.9159 209.944 0.584656
37.6822 209.944 0.849471
48.4486 209.944 0.75407
59.215 209.944 0.799722
69.9813 209.944 0.624257
