37 177
0 157 72 40
0 141 72 72
0 134 72 82
0 72 72 144
0 0 72 216
5.38318 5.38318 -0.0357008
16.1495 5.38318 -0.133989
26.9159 5.38318 -0.161905
37.6822 5.38318 -0.181817
48.4486 5.38318 -0.152978
59.215 5.38318 -0.0813216
69.9813 5.38318 0.0336374
5.38318 16.1495 -0.136756
16.1495 16.1495 -0.236276
26.9159 16.1495 -0.240167
37.6822 16.1495 -0.246347
48.4486 16.1495 -0.184069
59.215 16.1495 -0.0291258
69.9813 16.1495 0.261091
5.38318 26.9159 -0.430955
16.1495 26.9159 -0.708253
26.9159 26.9159 -0.744431
37.6822 26.9159 -0.716976
48.4486 26.9159 -0.609769
59.215 26.9159 -0.370415
69.9813 26.9159 -0.0610076
5.38318 37.6822 -0.460032
16.1495 37.6822 -0.722887
26.9159 37.6822 -0.692726
37.6822 37.6822 -0.62
48.4486 37.6822 -0.499962
59.215 37.6822 -0.264702
69.9813 37.6822 0.000960633
5.38318 48.4486 -0.487257
16.1495 48.4486 -0.735328
26.9159 48.4486 -0.655188
37.6822 48.4486 -0.5717
48.4486 48.4486 -0.477127
59.215 48.4486 -0.275712
69.9813 48.4486 -0.0288228
5.38318 59.215 -0.524674
16.1495 59.215 -0.78331
26.9159 59.215 -0.69698
37.6822 59.215 -0.635535
48.4486 59.215 -0.597958
59.215 59.215 -0.432549
69.9813 59.215 -0.153101
5.38318 69.9813 -0.55912
16.1495 69.9813 -0.873217
26.9159 69.9813 -0.857161
37.6822 69.9813 -0.815082
48.4486 69.9813 -0.802106
59.215 69.9813 -0.629938
69.9813 69.9813 -0.287121
5.38318 80.7477 -0.575999
16.1495 80.7477 -0.914408
26.9159 80.7477 -0.966596
37.6822 80.7477 -0.964594
48.4486 80.7477 -0.945375
59.215 80.7477 -0.740161
69.9813 80.7477 -0.350117
5.38318 91.514 -0.582328
16.1495 91.514 -0.936188
26.9159 91.514 -1.01447
37.6822 91.514 -1.02311
48.4486 91.514 -0.990998
59.215 91.514 -0.788426
69.9813 91.514 -0.363824
5.38318 102.28 -0.585548
16.1495 102.28 -0.945359
26.9159 102.28 -1.03882
37.6822 102.28 -1.05092
48.4486 102.28 -1.00734
59.215 102.28 -0.796461
69.9813 102.28 -0.362298
5.38318 113.047 -0.585219
16.1495 113.047 -0.939495
26.9159 113.047 -1.02655
37.6822 113.047 -1.0296
48.4486 113.047 -0.974276
59.215 113.047 -0.76979
69.9813 113.047 -0.333218
5.38318 123.813 -0.58576
16.1495 123.813 -0.937506
26.9159 123.813 -1.01564
37.6822 123.813 -1.00859
48.4486 123.813 -0.94458
59.215 123.813 -0.730457
69.9813 123.813 -0.307654
5.38318 134.579 -0.583678
16.1495 134.579 -0.926165
26.9159 134.579 -0.981195
37.6822 134.579 -0.947228
48.4486 134.579 -0.855837
59.215 134.579 -0.62097
69.9813 134.579 -0.243473
5.38318 145.346 -0.564532
16.1495 145.346 -0.873494
26.9159 145.346 -0.844671
37.6822 145.346 -0.723838
48.4486 145.346 -0.582517
59.215 145.346 -0.429665
69.9813 145.346 -0.130859
5.38318 156.112 -0.494385
16.1495 156.112 -0.68096
26.9159 156.112 -0.477663
37.6822 156.112 -0.268854
48.4486 156.112 -0.146251
59.215 156.112 -0.122443
69.9813 156.112 0.0885988
5.38318 166.879 -0.321903
16.1495 166.879 -0.336549
26.9159 166.879 -0.0184705
37.6822 166.879 0.500891
48.4486 166.879 0.480026
59.215 166.879 0.239086
69.9813 166.879 0.25757
5.38318 177.645 -0.132933
16.1495 177.645 0.076179
26.9159 177.645 0.826743
37.6822 177.645 1.08479
48.4486 177.645 0.724655
59.215 177.645 0.330329
69.9813 177.645 0.216817
5.38318 188.411 -0.0736056
16.1495 188.411 0.296808
26.9159 188.411 0.8716
37.6822 188.411 0.963068
48.4486 188.411 0.376515
59.215 188.411 0.0623624
69.9813 188.411 0.0341228
5.38318 199.178 -0.145993
16.1495 199.178 -0.0688039
26.9159 199.178 0.149932
37.6822 199.178 0.231913
48.4486 199.178 -0.00599886
59.215 199.178 -0.050716
69.9813 199.178 0.117414
5.38318 209.944 -0.168694
16.1495 209.944 -0.174043
26.9159 209.944 -0.132827
37.6822 209.944 -0.0629053
48.4486 209.944 -0.0578027
59.215 209.944 -0.030831
69.9813 209.944 0.179577
