37 26
0 6 72 40
0 0 72 72
0 0 72 82
0 0 72 144
0 0 72 216
5.38318 5.38318 0.290724
16.1495 5.38318 0.79265
26.9159 5.38318 1.62933
37.6822 5.38318 1.85452
48.4486 5.38318 1.39607
59.215 5.38318 0.849454
69.9813 5.38318 0.352536
5.38318 16.1495 0.527013
16.1495 16.1495 1.6125
26.9159 16.1495 3.08467
37.6822 16.1495 3.57585
48.4486 16.1495 2.82564
59.215 16.1495 1.87415
69.9813 16.1495 0.867052
5.38318 26.9159 0.635294
16.1495 26.9159 1.92086
26.9159 26.9159 3.68295
37.6822 26.9159 4.30458
48.4486 26.9159 3.5713
59.215 26.9159 2.41516
69.9813 26.9159 1.22868
5.38318 37.6822 0.897737
16.1495 37.6822 1.83039
26.9159 37.6822 2.96322
37.6822 37.6822 3.24742
48.4486 37.6822 2.89917
59.215 37.6822 2.21745
69.9813 37.6822 1.32361
5.38318 48.4486 0.823302
16.1495 48.4486 1.14931
26.9159 48.4486 1.64347
37.6822 48.4486 1.46734
48.4486 48.4486 1.53281
59.215 48.4486 1.40483
69.9813 48.4486 1.1371
5.38318 59.215 0.339928
16.1495 59.215 0.241339
26.9159 59.215 0.362625
37.6822 59.215 -0.00570274
48.4486 59.215 -0.0119097
59.215 59.215 0.230853
69.9813 59.215 0.444439
5.38318 69.9813 -0.248958
16.1495 69.9813 -0.485916
26.9159 69.9813 -0.474938
37.6822 69.9813 -0.527914
48.4486 69.9813 -0.472735
59.215 69.9813 -0.271907
69.9813 69.9813 -0.036425
5.38318 80.7477 -0.417937
16.1495 80.7477 -0.711735
26.9159 80.7477 -0.730073
37.6822 80.7477 -0.762545
48.4486 80.7477 -0.701473
59.215 80.7477 -0.456149
69.9813 80.7477 -0.144514
5.38318 91.514 -0.537391
16.1495 91.514 -0.870451
26.9159 91.514 -0.908636
37.6822 91.514 -0.929307
48.4486 91.514 -0.855428
59.215 91.514 -0.605082
69.9813 91.514 -0.235011
5.38318 102.28 -0.555143
16.1495 102.28 -0.887675
26.9159 102.28 -0.946659
37.6822 102.28 -0.948272
48.4486 102.28 -0.896008
59.215 102.28 -0.66716
69.9813 102.28 -0.274455
5.38318 113.047 -0.579936
16.1495 113.047 -0.928726
26.9159 113.047 -1.01042
37.6822 113.047 -1.01149
48.4486 113.047 -0.957415
59.215 113.047 -0.752857
69.9813 113.047 -0.323255
5.38318 123.813 -0.559672
16.1495 123.813 -0.88831
26.9159 123.813 -0.972044
37.6822 123.813 -0.970832
48.4486 123.813 -0.921164
59.215 123.813 -0.697476
69.9813 123.813 -0.29105
5.38318 134.579 -0.486091
16.1495 134.579 -0.723834
26.9159 134.579 -0.754384
37.6822 134.579 -0.738289
48.4486 134.579 -0.712021
59.215 134.579 -0.507832
69.9813 134.579 -0.18674
5.38318 145.346 -0.259104
16.1495 145.346 -0.29744
26.9159 145.346 -0.277902
37.6822 145.346 -0.23855
48.4486 145.346 -0.235515
59.215 145.346 -0.118027
69.9813 145.346 0.137818
5.38318 156.112 0.116172
16.1495 156.112 0.626502
26.9159 156.112 0.999529
37.6822 156.112 1.14096
48.4486 156.112 1.13272
59.215 156.112 0.991189
69.9813 156.112 0.847945
5.38318 166.879 0.744442
16.1495 166.879 1.65683
26.9159 166.879 2.32577
37.6822 166.879 2.51001
48.4486 166.879 2.55037
59.215 166.879 2.15445
69.9813 166.879 1.51442
5.38318 177.645 0.877276
16.1495 177.645 1.7455
26.9159 177.645 2.52166
37.6822 177.645 2.78558
48.4486 177.645 2.95297
59.215 177.645 2.58643
69.9813 177.645 1.775
5.38318 188.411 0.710306
16.1495 188.411 1.37602
26.9159 188.411 1.891
37.6822 188.411 2.01248
48.4486 188.411 2.09119
59.215 188.411 1.96214
69.9813 188.411 1.41819
5.38318 199.178 0.28831
16.1495 199.178 0.47901
26.9159 199.178 0.586655
37.6822 199.178 0.446514
48.4486 199.178 0.427343
59.215 199.178 0.69764
69.9813 199.178 0.728197
5.38318 209.944 0.0570637
16.1495 209.944 0.105224
26.9159 209.944 0.00897808
37.6822 209.944 -0.112318
48.4486 209.944 -0.185412
59.215 209.944 -0.0656074
69.9813 209.944 0.198018
