48 37
0 17 72 40
0 1 72 72
0 0 72 82
0 0 72 144
0 0 72 216
5.38318 5.38318 0.401767
16.1495 5.38318 0.811132
26.9159 5.38318 1.30469
37.6822 5.38318 1.51455
48.4486 5.38318 1.52154
59.215 5.38318 1.19633
69.9813 5.38318 0.736709
5.38318 16.1495 0.778007
16.1495 16.1495 1.78424
26.9159 16.1495 2.75124
37.6822 16.1495 3.28977
48.4486 16.1495 3.27883
59.215 16.1495 2.56801
69.9813 16.1495 1.53586
5.38318 26.9159 1.16885
16.1495 26.9159 2.42233
26.9159 26.9159 3.78587
37.6822 26.9159 4.8413
48.4486 26.9159 4.92473
59.215 26.9159 3.87871
69.9813 26.9159 2.20895
5.38318 37.6822 1.47318
16.1495 37.6822 2.70815
26.9159 37.6822 4.09495
37.6822 37.6822 5.29142
48.4486 37.6822 5.45677
59.215 37.6822 4.31691
69.9813 37.6822 2.3733
5.38318 48.4486 1.56978
16.1495 48.4486 2.65781
26.9159 48.4486 3.80294
37.6822 48.4486 4.45885
48.4486 48.4486 4.46286
59.215 48.4486 3.48499
69.9813 48.4486 1.92125
5.38318 59.215 0.970093
16.1495 59.215 1.61776
26.9159 59.215 2.32931
37.6822 59.215 2.16161
48.4486 59.215 2.06804
59.215 59.215 1.73815
69.9813 59.215 1.16396
5.38318 69.9813 0.120489
16.1495 69.9813 0.428294
26.9159 69.9813 1.06547
37.6822 69.9813 0.777405
48.4486 69.9813 0.752104
59.215 69.9813 0.703152
69.9813 69.9813 0.680051
5.38318 80.7477 -0.246267
16.1495 80.7477 -0.281939
26.9159 80.7477 -0.106761
37.6822 80.7477 -0.0746614
48.4486 80.7477 -0.0195333
59.215 80.7477 0.278854
69.9813 80.7477 0.466654
5.38318 91.514 -0.355162
16.1495 91.514 -0.471779
26.9159 91.514 -0.367957
37.6822 91.514 -0.297923
48.4486 91.514 -0.259455
59.215 91.514 -0.127401
69.9813 91.514 0.107352
5.38318 102.28 -0.300542
16.1495 102.28 -0.415392
26.9159 102.28 -0.337789
37.6822 102.28 -0.283137
48.4486 102.28 -0.257748
59.215 102.28 -0.18237
69.9813 102.28 -0.0446218
5.38318 113.047 -0.282976
16.1495 113.047 -0.429759
26.9159 113.047 -0.417065
37.6822 113.047 -0.414952
48.4486 113.047 -0.398271
59.215 113.047 -0.312059
69.9813 113.047 -0.133157
5.38318 123.813 -0.209673
16.1495 123.813 -0.314727
26.9159 123.813 -0.304931
37.6822 123.813 -0.308011
48.4486 123.813 -0.299257
59.215 123.813 -0.22447
69.9813 123.813 -0.0819516
5.38318 134.579 0.0250956
16.1495 134.579 0.120376
26.9159 134.579 0.267454
37.6822 134.579 0.218967
48.4486 134.579 0.154342
59.215 134.579 0.117557
69.9813 134.579 0.196608
5.38318 145.346 0.472934
16.1495 145.346 0.84927
26.9159 145.346 1.03134
37.6822 145.346 1.07849
48.4486 145.346 1.06845
59.215 145.346 0.899556
69.9813 145.346 0.66452
5.38318 156.112 1.09617
16.1495 156.112 2.02243
26.9159 156.112 2.48084
37.6822 156.112 2.51602
48.4486 156.112 2.3713
59.215 156.112 1.895
69.9813 156.112 1.22932
5.38318 166.879 1.37739
16.1495 166.879 2.47144
26.9159 166.879 3.08934
37.6822 166.879 3.178
48.4486 166.879 3.09866
59.215 166.879 2.49419
69.9813 166.879 1.61003
5.38318 177.645 1.48169
16.1495 177.645 2.85583
26.9159 177.645 4.01109
37.6822 177.645 4.12935
48.4486 177.645 3.88959
59.215 177.645 2.90474
69.9813 177.645 1.80475
5.38318 188.411 1.39206
16.1495 188.411 2.78732
26.9159 188.411 4.25813
37.6822 188.411 4.4194
48.4486 188.411 4.12906
59.215 188.411 2.90527
69.9813 188.411 1.74211
5.38318 199.178 1.08237
16.1495 199.178 2.38782
26.9159 199.178 4.09535
37.6822 199.178 4.42083
48.4486 199.178 4.01494
59.215 199.178 2.66737
69.9813 199.178 1.45791
5.38318 209.944 0.54649
16.1495 209.944 1.24144
26.9159 209.944 2.27538
37.6822 209.944 2.36201
48.4486 209.944 2.08242
59.215 209.944 1.35025
69.9813 209.944 0.741526
