37 37
0 17 72 40
0 1 72 72
0 0 72 82
0 0 72 144
0 0 72 216
5.38318 5.38318 0.573023
16.1495 5.38318 0.952332
26.9159 5.38318 1.37425
37.6822 5.38318 1.47425
48.4486 5.38318 1.29166
59.215 5.38318 0.897995
69.9813 5.38318 0.50462
5.38318 16.1495 1.0391
16.1495 16.1495 2.06741
26.9159 16.1495 3.19205
37.6822 16.1495 3.43735
48.4486 16.1495 2.88012
59.215 16.1495 1.88618
69.9813 16.1495 1.01473
5.38318 26.9159 1.32727
16.1495 26.9159 2.95518
26.9159 26.9159 5.01599
37.6822 26.9159 5.40271
48.4486 26.9159 4.30152
59.215 26.9159 2.56641
69.9813 26.9159 1.20579
5.38318 37.6822 1.39643
16.1495 37.6822 3.37071
26.9159 37.6822 5.84733
37.6822 37.6822 6.29758
48.4486 37.6822 4.85247
59.215 37.6822 2.72093
69.9813 37.6822 1.15403
5.38318 48.4486 1.21439
16.1495 48.4486 2.97656
26.9159 48.4486 4.97432
37.6822 48.4486 5.2778
48.4486 48.4486 3.97882
59.215 48.4486 2.28453
69.9813 48.4486 0.981544
5.38318 59.215 0.847289
16.1495 59.215 1.84231
26.9159 59.215 2.35875
37.6822 59.215 2.40714
48.4486 59.215 1.79721
59.215 59.215 1.32705
69.9813 59.215 0.852005
5.38318 69.9813 0.439593
16.1495 69.9813 0.899297
26.9159 69.9813 0.860558
37.6822 69.9813 0.793149
48.4486 69.9813 0.287998
59.215 69.9813 0.531345
69.9813 69.9813 0.50231
5.38318 80.7477 -0.0132266
16.1495 80.7477 -0.00506702
26.9159 80.7477 -0.0546761
37.6822 80.7477 -0.135808
48.4486 80.7477 -0.266339
59.215 80.7477 -0.0606635
69.9813 80.7477 0.113707
5.38318 91.514 -0.449583
16.1495 91.514 -0.733775
26.9159 91.514 -0.78353
37.6822 91.514 -0.800766
48.4486 91.514 -0.828684
59.215 91.514 -0.561648
69.9813 91.514 -0.256083
5.38318 102.28 -0.564004
16.1495 102.28 -0.904176
26.9159 102.28 -0.974826
37.6822 102.28 -0.969548
48.4486 102.28 -0.923318
59.215 102.28 -0.694354
69.9813 102.28 -0.301683
5.38318 113.047 -0.578805
16.1495 113.047 -0.92544
26.9159 113.047 -1.00328
37.6822 113.047 -1.00125
48.4486 113.047 -0.948659
59.215 113.047 -0.739935
69.9813 113.047 -0.318056
5.38318 123.813 -0.539753
16.1495 123.813 -0.852349
26.9159 123.813 -0.915369
37.6822 123.813 -0.916658
48.4486 123.813 -0.879845
59.215 123.813 -0.653179
69.9813 123.813 -0.273729
5.38318 134.579 -0.363619
16.1495 134.579 -0.540783
26.9159 134.579 -0.541564
37.6822 134.579 -0.527684
48.4486 134.579 -0.519194
59.215 134.579 -0.336211
69.9813 134.579 -0.0953289
5.38318 145.346 -0.0125813
16.1495 145.346 0.2235
26.9159 145.346 0.637624
37.6822 145.346 0.766474
48.4486 145.346 0.699477
59.215 145.346 0.643915
69.9813 145.346 0.540301
5.38318 156.112 0.896937
16.1495 156.112 1.90079
26.9159 156.112 2.68923
37.6822 156.112 2.9156
48.4486 156.112 2.79674
59.215 156.112 2.2334
69.9813 156.112 1.36988
5.38318 166.879 1.43461
16.1495 166.879 3.02435
26.9159 166.879 4.62627
37.6822 166.879 5.04899
48.4486 166.879 4.72172
59.215 166.879 3.38299
69.9813 166.879 1.91052
5.38318 177.645 1.43508
16.1495 177.645 3.17366
26.9159 177.645 5.14948
37.6822 177.645 5.7066
48.4486 177.645 5.24629
59.215 177.645 3.56627
69.9813 177.645 1.91024
5.38318 188.411 1.12137
16.1495 188.411 2.62292
26.9159 188.411 4.36293
37.6822 188.411 4.82326
48.4486 188.411 4.21012
59.215 188.411 2.63973
69.9813 188.411 1.34663
5.38318 199.178 0.690007
16.1495 199.178 1.4193
26.9159 199.178 2.15281
37.6822 199.178 2.19413
48.4486 199.178 1.8768
59.215 199.178 1.20086
69.9813 199.178 0.693003
5.38318 209.944 0.410081
16.1495 209.944 0.773806
26.9159 209.944 0.943306
37.6822 209.944 0.914966
48.4486 209.944 0.712951
59.215 209.944 0.582897
69.9813 209.944 0.440581
