37 37
0 17 72 40
0 1 72 72
0 0 72 82
0 0 72 144
0 0 72 216
5.38318 5.38318 0.435648
16.1495 5.38318 0.872491
26.9159 5.38318 1.32264
37.6822 5.38318 1.44282
48.4486 5.38318 1.2783
59.215 5.38318 0.886239
69.9813 5.38318 0.49825
5.38318 16.1495 0.831157
16.1495 16.1495 1.94756
26.9159 16.1495 2.98623
37.6822 16.1495 3.29561
48.4486 16.1495 2.88863
59.215 16.1495 1.92403
69.9813 16.1495 1.06931
5.38318 26.9159 1.01315
16.1495 26.9159 2.68183
26.9159 26.9159 4.69492
37.6822 26.9159 5.35028
48.4486 26.9159 4.62158
59.215 26.9159 2.91946
69.9813 26.9159 1.48805
5.38318 37.6822 1.14204
16.1495 37.6822 2.93197
26.9159 37.6822 5.43289
37.6822 37.6822 6.18038
48.4486 37.6822 5.31233
59.215 37.6822 3.26855
69.9813 37.6822 1.6209
5.38318 48.4486 0.967612
16.1495 48.4486 2.46631
26.9159 48.4486 4.69557
37.6822 48.4486 5.23231
48.4486 48.4486 4.60696
59.215 48.4486 2.85028
69.9813 48.4486 1.49252
5.38318 59.215 0.707624
16.1495 59.215 1.38772
26.9159 59.215 2.70036
37.6822 59.215 2.77838
48.4486 59.215 2.65612
59.215 59.215 1.79336
69.9813 59.215 1.1989
5.38318 69.9813 0.408607
16.1495 69.9813 0.821136
26.9159 69.9813 1.60928
37.6822 69.9813 1.64848
48.4486 69.9813 1.75487
59.215 69.9813 1.2466
69.9813 69.9813 1.03913
5.38318 80.7477 0.0805713
16.1495 80.7477 0.298989
26.9159 80.7477 1.05943
37.6822 80.7477 1.0429
48.4486 80.7477 1.1965
59.215 80.7477 0.85363
69.9813 80.7477 0.809314
5.38318 91.514 -0.139133
16.1495 91.514 -0.150584
26.9159 91.514 0.185624
37.6822 91.514 0.11732
48.4486 91.514 0.178211
59.215 91.514 0.123328
69.9813 91.514 0.356695
5.38318 102.28 -0.208161
16.1495 102.28 -0.299077
26.9159 102.28 -0.242063
37.6822 102.28 -0.279009
48.4486 102.28 -0.273728
59.215 102.28 -0.203111
69.9813 102.28 -0.0430148
5.38318 113.047 -0.296794
16.1495 113.047 -0.44591
26.9159 113.047 -0.435986
37.6822 113.047 -0.418315
48.4486 113.047 -0.387946
59.215 113.047 -0.296875
69.9813 113.047 -0.122113
5.38318 123.813 -0.298085
16.1495 123.813 -0.444959
26.9159 123.813 -0.412118
37.6822 123.813 -0.347669
48.4486 123.813 -0.267618
59.215 123.813 -0.164945
69.9813 123.813 -0.0306977
5.38318 134.579 -0.294366
16.1495 134.579 -0.42904
26.9159 134.579 -0.319758
37.6822 134.579 -0.163026
48.4486 134.579 0.093572
59.215 134.579 0.317873
69.9813 134.579 0.400755
5.38318 145.346 -0.254001
16.1495 145.346 -0.338414
26.9159 145.346 -0.155419
37.6822 145.346 0.183212
48.4486 145.346 0.786773
59.215 145.346 1.03732
69.9813 145.346 0.899855
5.38318 156.112 -0.104817
16.1495 156.112 -0.105415
26.9159 156.112 0.344039
37.6822 156.112 0.842177
48.4486 156.112 1.50446
59.215 156.112 1.66513
69.9813 156.112 1.28639
5.38318 166.879 0.366592
16.1495 166.879 0.708668
26.9159 166.879 1.28212
37.6822 166.879 1.53463
48.4486 166.879 1.78661
59.215 166.879 1.7951
69.9813 166.879 1.32658
5.38318 177.645 1.06805
16.1495 177.645 1.77845
26.9159 177.645 2.40497
37.6822 177.645 2.45648
48.4486 177.645 2.31371
59.215 177.645 1.95361
69.9813 177.645 1.28875
5.38318 188.411 1.4829
16.1495 188.411 2.49132
26.9159 188.411 3.10157
37.6822 188.411 3.17836
48.4486 188.411 3.02678
59.215 188.411 2.52505
69.9813 188.411 1.60995
5.38318 199.178 1.40325
16.1495 199.178 2.2686
26.9159 199.178 2.73916
37.6822 199.178 2.893
48.4486 199.178 3.02758
59.215 199.178 2.79346
69.9813 199.178 1.85747
5.38318 209.944 0.614036
16.1495 209.944 1.02771
26.9159 209.944 1.22342
37.6822 209.944 1.50032
48.4486 209.944 1.92254
59.215 209.944 2.14544
69.9813 209.944 1.56746
