26 166
0 146 72 40
0 130 72 72
0 125 72 82
0 72 72 144
0 0 72 216
5.38318 5.38318 0.380925
16.1495 5.38318 0.897107
26.9159 5.38318 1.37879
37.6822 5.38318 1.55663
48.4486 5.38318 1.38283
59.215 5.38318 0.941024
69.9813 5.38318 0.530212
5.38318 16.1495 0.502655
16.1495 16.1495 1.54101
26.9159 16.1495 2.39205
37.6822 16.1495 2.80827
48.4486 16.1495 2.52406
59.215 16.1495 1.7275
69.9813 16.1495 0.980463
5.38318 26.9159 0.27505
16.1495 26.9159 1.18714
26.9159 26.9159 2.19381
37.6822 26.9159 2.75769
48.4486 26.9159 2.70116
59.215 26.9159 1.96343
69.9813 26.9159 1.19309
5.38318 37.6822 0.188149
16.1495 37.6822 0.943927
26.9159 37.6822 1.8279
37.6822 37.6822 2.40331
48.4486 37.6822 2.37686
59.215 37.6822 1.70684
69.9813 37.6822 1.04283
5.38318 48.4486 0.324404
16.1495 48.4486 1.1232
26.9159 48.4486 1.94519
37.6822 48.4486 2.32686
48.4486 48.4486 2.11879
59.215 48.4486 1.29054
69.9813 48.4486 0.790463
5.38318 59.215 0.516271
16.1495 59.215 1.64686
26.9159 59.215 2.57879
37.6822 59.215 2.99674
48.4486 59.215 2.43811
59.215 59.215 1.30992
69.9813 59.215 0.585675
5.38318 69.9813 0.535471
16.1495 69.9813 1.72026
26.9159 69.9813 2.58186
37.6822 69.9813 2.92447
48.4486 69.9813 2.23798
59.215 69.9813 1.04254
69.9813 69.9813 0.415743
5.38318 80.7477 0.231584
16.1495 80.7477 1.04413
26.9159 80.7477 1.62871
37.6822 80.7477 1.8658
48.4486 80.7477 1.23082
59.215 80.7477 0.404433
69.9813 80.7477 0.0940297
5.38318 91.514 -0.152408
16.1495 91.514 -0.0882146
26.9159 91.514 -0.042448
37.6822 91.514 -0.0666122
48.4486 91.514 -0.23899
59.215 91.514 -0.308736
69.9813 91.514 -0.159819
5.38318 102.28 -0.272064
16.1495 102.28 -0.396231
26.9159 102.28 -0.369844
37.6822 102.28 -0.386906
48.4486 102.28 -0.42802
59.215 102.28 -0.381216
69.9813 102.28 -0.18546
5.38318 113.047 -0.289826
16.1495 113.047 -0.436344
26.9159 113.047 -0.412391
37.6822 113.047 -0.398811
48.4486 113.047 -0.380974
59.215 113.047 -0.300328
69.9813 113.047 -0.133254
5.38318 123.813 -0.1498
16.1495 123.813 -0.204226
26.9159 123.813 -0.139474
37.6822 123.813 -0.158314
48.4486 123.813 -0.162934
59.215 123.813 -0.131208
69.9813 123.813 -0.0186826
5.38318 134.579 0.215715
16.1495 134.579 0.45708
26.9159 134.579 0.749951
37.6822 134.579 0.613028
48.4486 134.579 0.463995
59.215 134.579 0.291486
69.9813 134.579 0.290632
5.38318 145.346 1.03557
16.1495 145.346 1.87632
26.9159 145.346 2.3209
37.6822 145.346 2.01906
48.4486 145.346 1.61095
59.215 145.346 1.12606
69.9813 145.346 0.77028
5.38318 156.112 1.50172
16.1495 156.112 2.85448
26.9159 156.112 3.58494
37.6822 156.112 3.21474
48.4486 156.112 2.4564
59.215 156.112 1.68121
69.9813 156.112 1.01445
5.38318 166.879 1.66674
16.1495 166.879 3.27608
26.9159 166.879 4.25931
37.6822 166.879 4.0864
48.4486 166.879 3.16172
59.215 166.879 2.11808
69.9813 166.879 1.17287
5.38318 177.645 1.31734
16.1495 177.645 2.62396
26.9159 177.645 3.59149
37.6822 177.645 3.80536
48.4486 177.645 3.22908
59.215 177.645 2.22482
69.9813 177.645 1.15318
5.38318 188.411 1.09516
16.1495 188.411 2.11546
26.9159 188.411 2.95947
37.6822 188.411 3.40328
48.4486 188.411 3.20891
59.215 188.411 2.34616
69.9813 188.411 1.27817
5.38318 199.178 1.03165
16.1495 199.178 1.89847
26.9159 199.178 2.49704
37.6822 199.178 2.73411
48.4486 199.178 2.70471
59.215 199.178 2.05267
69.9813 199.178 1.25319
5.38318 209.944 0.698413
16.1495 209.944 1.34304
26.9159 209.944 1.82248
37.6822 209.944 2.07396
48.4486 209.944 2.10126
59.215 209.944 1.59148
69.9813 209.944 0.987153
