26 37
0 17 72 40
0 1 72 72
0 0 72 82
0 0 72 144
0 0 72 216
5.38318 5.38318 0.878585
16.1495 5.38318 1.28578
26.9159 5.38318 1.42094
37.6822 5.38318 1.25263
48.4486 5.38318 1.19029
59.215 5.38318 0.93018
69.9813 5.38318 0.61079
5.38318 16.1495 1.96527
16.1495 16.1495 3.01008
26.9159 16.1495 3.14845
37.6822 16.1495 2.56478
48.4486 16.1495 2.25661
59.215 16.1495 1.77563
69.9813 16.1495 1.19278
5.38318 26.9159 3.14294
16.1495 26.9159 4.83211
26.9159 26.9159 4.84378
37.6822 26.9159 3.44767
48.4486 26.9159 2.50585
59.215 26.9159 1.77169
69.9813 26.9159 1.23172
5.38318 37.6822 3.40487
16.1495 37.6822 5.27513
26.9159 37.6822 5.29496
37.6822 37.6822 3.57805
48.4486 37.6822 2.26463
59.215 37.6822 1.40094
69.9813 37.6822 0.950723
5.38318 48.4486 2.59937
16.1495 48.4486 3.94635
26.9159 48.4486 4.16261
37.6822 48.4486 2.8034
48.4486 48.4486 1.68199
59.215 48.4486 0.71874
69.9813 48.4486 0.457958
5.38318 59.215 1.08595
16.1495 59.215 1.697
26.9159 59.215 2.27804
37.6822 59.215 1.66254
48.4486 59.215 1.16087
59.215 59.215 0.443862
69.9813 59.215 0.296044
5.38318 69.9813 0.374082
16.1495 69.9813 0.67458
26.9159 69.9813 1.28453
37.6822 69.9813 0.974872
48.4486 69.9813 0.633396
59.215 69.9813 -0.00886995
69.9813 69.9813 -0.0112823
5.38318 80.7477 -0.0228602
16.1495 80.7477 -0.0172292
26.9159 80.7477 0.49626
37.6822 80.7477 0.220481
48.4486 80.7477 -0.06485
59.215 80.7477 -0.230315
69.9813 80.7477 -0.131784
5.38318 91.514 -0.221678
16.1495 91.514 -0.303047
26.9159 91.514 -0.218582
37.6822 91.514 -0.259604
48.4486 91.514 -0.342471
59.215 91.514 -0.323941
69.9813 91.514 -0.17199
5.38318 102.28 -0.209199
16.1495 102.28 -0.304287
26.9159 102.28 -0.293144
37.6822 102.28 -0.363996
48.4486 102.28 -0.435596
59.215 102.28 -0.363234
69.9813 102.28 -0.178325
5.38318 113.047 -0.293949
16.1495 113.047 -0.442556
26.9159 113.047 -0.43849
37.6822 113.047 -0.432012
48.4486 113.047 -0.421644
59.215 113.047 -0.33367
69.9813 113.047 -0.149892
5.38318 123.813 -0.270176
16.1495 123.813 -0.400706
26.9159 123.813 -0.35673
37.6822 123.813 -0.354764
48.4486 123.813 -0.353529
59.215 123.813 -0.271074
69.9813 123.813 -0.113746
5.38318 134.579 -0.170185
16.1495 134.579 -0.206128
26.9159 134.579 -0.0957922
37.6822 134.579 -0.0728656
48.4486 134.579 -0.109715
59.215 134.579 -0.0678263
69.9813 134.579 -0.00722357
5.38318 145.346 0.000443839
16.1495 145.346 0.368773
26.9159 145.346 0.863219
37.6822 145.346 1.01405
48.4486 145.346 0.901606
59.215 145.346 0.706382
69.9813 145.346 0.473159
5.38318 156.112 0.385538
16.1495 156.112 1.25286
26.9159 156.112 2.20202
37.6822 156.112 2.60568
48.4486 156.112 2.43015
59.215 156.112 1.82807
69.9813 156.112 1.08604
5.38318 166.879 0.666593
16.1495 166.879 1.98218
26.9159 166.879 3.29338
37.6822 166.879 4.10405
48.4486 166.879 3.94279
59.215 166.879 2.85552
69.9813 166.879 1.6376
5.38318 177.645 0.728894
16.1495 177.645 2.07484
26.9159 177.645 3.54533
37.6822 177.645 4.75906
48.4486 177.645 4.78378
59.215 177.645 3.53503
69.9813 177.645 1.96466
5.38318 188.411 0.757096
16.1495 188.411 1.93693
26.9159 188.411 3.19758
37.6822 188.411 4.25774
48.4486 188.411 4.26807
59.215 188.411 3.23791
69.9813 188.411 1.83808
5.38318 199.178 0.624358
16.1495 199.178 1.41708
26.9159 199.178 2.13328
37.6822 199.178 2.59995
48.4486 199.178 2.70377
59.215 199.178 2.30571
69.9813 199.178 1.50499
5.38318 209.944 0.552359
16.1495 209.944 1.04998
26.9159 209.944 1.41808
37.6822 209.944 1.40559
48.4486 209.944 1.48526
59.215 209.944 1.41891
69.9813 209.944 1.083
