37 37
0 17 72 40
0 1 72 72
0 0 72 82
0 0 72 144
0 0 72 216
5.38318 5.38318 0.524561
16.1495 5.38318 0.928045
26.9159 5.38318 1.4713
37.6822 5.38318 1.54536
48.4486 5.38318 1.39552
59.215 5.38318 0.843749
69.9813 5.38318 0.442728
5.38318 16.1495 0.907645
16.1495 16.1495 1.85357
26.9159 16.1495 3.06262
37.6822 16.1495 3.27223
48.4486 16.1495 2.94469
59.215 16.1495 1.82517
69.9813 16.1495 0.980599
5.38318 26.9159 1.05814
16.1495 26.9159 2.39089
26.9159 26.9159 4.27304
37.6822 26.9159 4.60357
48.4486 26.9159 4.00092
59.215 26.9159 2.30981
69.9813 26.9159 1.09822
5.38318 37.6822 1.04026
16.1495 37.6822 2.48194
26.9159 37.6822 4.49072
37.6822 37.6822 4.92145
48.4486 37.6822 4.18124
59.215 37.6822 2.40798
69.9813 37.6822 1.10793
5.38318 48.4486 0.9191
16.1495 48.4486 2.20432
26.9159 48.4486 3.77367
37.6822 48.4486 4.12324
48.4486 48.4486 3.38914
59.215 48.4486 2.07922
69.9813 48.4486 0.96894
5.38318 59.215 0.619091
16.1495 59.215 1.36253
26.9159 59.215 1.88264
37.6822 59.215 1.95876
48.4486 59.215 1.60055
59.215 59.215 1.31974
69.9813 59.215 0.914112
5.38318 69.9813 0.167582
16.1495 69.9813 0.516367
26.9159 69.9813 0.529791
37.6822 69.9813 0.567922
48.4486 69.9813 0.513274
59.215 69.9813 0.879544
69.9813 69.9813 0.818945
5.38318 80.7477 -0.222939
16.1495 80.7477 -0.334989
26.9159 80.7477 -0.396488
37.6822 80.7477 -0.415796
48.4486 80.7477 -0.303351
59.215 80.7477 0.0174842
69.9813 80.7477 0.434232
5.38318 91.514 -0.547278
16.1495 91.514 -0.900884
26.9159 91.514 -1.01007
37.6822 91.514 -1.00521
48.4486 91.514 -0.922803
59.215 91.514 -0.611705
69.9813 91.514 -0.227977
5.38318 102.28 -0.590271
16.1495 102.28 -0.953332
26.9159 102.28 -1.04567
37.6822 102.28 -1.04185
48.4486 102.28 -0.985966
59.215 102.28 -0.771341
69.9813 102.28 -0.338239
5.38318 113.047 -0.572212
16.1495 113.047 -0.910127
26.9159 113.047 -0.978427
37.6822 113.047 -0.981841
48.4486 113.047 -0.937668
59.215 113.047 -0.737712
69.9813 113.047 -0.320082
5.38318 123.813 -0.46723
16.1495 123.813 -0.665545
26.9159 123.813 -0.531225
37.6822 123.813 -0.568198
48.4486 123.813 -0.621195
59.215 123.813 -0.560598
69.9813 123.813 -0.248166
5.38318 134.579 -0.23946
16.1495 134.579 -0.141849
26.9159 134.579 0.665348
37.6822 134.579 0.525259
48.4486 134.579 -0.00706579
59.215 134.579 -0.24532
69.9813 134.579 -0.112981
5.38318 145.346 0.265457
16.1495 145.346 1.52156
26.9159 145.346 3.11908
37.6822 145.346 3.03749
48.4486 145.346 2.07774
59.215 145.346 0.706534
69.9813 145.346 0.297156
5.38318 156.112 0.560638
16.1495 156.112 2.35309
26.9159 156.112 4.40942
37.6822 156.112 4.4413
48.4486 156.112 3.17214
59.215 156.112 1.56416
69.9813 156.112 0.715741
5.38318 166.879 0.638047
16.1495 166.879 2.35785
26.9159 166.879 4.42016
37.6822 166.879 4.53326
48.4486 166.879 3.33888
59.215 166.879 1.87039
69.9813 166.879 0.871367
5.38318 177.645 0.390754
16.1495 177.645 1.49824
26.9159 177.645 3.02809
37.6822 177.645 3.10628
48.4486 177.645 2.42805
59.215 177.645 1.5373
69.9813 177.645 0.835104
5.38318 188.411 0.380913
16.1495 188.411 1.06611
26.9159 188.411 2.18061
37.6822 188.411 2.25803
48.4486 188.411 1.83979
59.215 188.411 1.3446
69.9813 188.411 0.816736
5.38318 199.178 0.445753
16.1495 199.178 1.01558
26.9159 199.178 1.67385
37.6822 199.178 1.602
48.4486 199.178 1.1299
59.215 199.178 0.877725
69.9813 199.178 0.612904
5.38318 209.944 0.49854
16.1495 209.944 0.944066
26.9159 209.944 1.09501
37.6822 209.944 0.813627
48.4486 209.944 0.445967
59.215 209.944 0.441136
69.9813 209.944 0.448899
