37 177
0 157 72 40
0 141 72 72
0 134 72 82
0 72 72 144
0 0 72 216
5.38318 5.38318 0.556219
16.1495 5.38318 1.2445
26.9159 5.38318 1.74569
37.6822 5.38318 1.90302
48.4486 5.38318 1.59625
59.215 5.38318 1.00731
69.9813 5.38318 0.536281
5.38318 16.1495 0.992713
16.1495 16.1495 2.5001
26.9159 16.1495 3.77889
37.6822 16.1495 4.19164
48.4486 16.1495 3.52977
59.215 16.1495 2.15526
69.9813 16.1495 1.12791
5.38318 26.9159 1.1808
16.1495 26.9159 3.14674
26.9159 26.9159 5.18722
37.6822 26.9159 5.95742
48.4486 26.9159 5.16288
59.215 26.9159 3.11556
69.9813 26.9159 1.56427
5.38318 37.6822 1.18044
16.1495 37.6822 2.97557
26.9159 37.6822 5.0389
37.6822 37.6822 5.75634
48.4486 37.6822 5.08083
59.215 37.6822 3.14114
69.9813 37.6822 1.61843
5.38318 48.4486 0.992229
16.1495 48.4486 2.13586
26.9159 48.4486 3.37353
37.6822 48.4486 3.59958
48.4486 48.4486 3.32126
59.215 48.4486 2.26857
69.9813 48.4486 1.39195
5.38318 59.215 0.736196
16.1495 59.215 1.21026
26.9159 59.215 1.51742
37.6822 59.215 1.31912
48.4486 59.215 1.25379
59.215 59.215 1.12015
69.9813 59.215 1.01094
5.38318 69.9813 0.412064
16.1495 69.9813 0.553314
26.9159 69.9813 0.516013
37.6822 69.9813 0.21616
48.4486 69.9813 0.298595
59.215 69.9813 0.539498
69.9813 69.9813 0.770807
5.38318 80.7477 0.119666
16.1495 80.7477 0.135265
26.9159 80.7477 0.133364
37.6822 80.7477 -0.084915
48.4486 80.7477 -0.093213
59.215 80.7477 0.15012
69.9813 80.7477 0.517556
5.38318 91.514 -0.12143
16.1495 91.514 -0.193519
26.9159 91.514 -0.177622
37.6822 91.514 -0.252113
48.4486 91.514 -0.219678
59.215 91.514 -0.0784098
69.9813 91.514 0.27934
5.38318 102.28 -0.170031
16.1495 102.28 -0.223843
26.9159 102.28 -0.138601
37.6822 102.28 -0.157168
48.4486 102.28 -0.167179
59.215 102.28 -0.125081
69.9813 102.28 0.0150181
5.38318 113.047 -0.275709
16.1495 113.047 -0.420727
26.9159 113.047 -0.401152
37.6822 113.047 -0.395158
48.4486 113.047 -0.378236
59.215 113.047 -0.292791
69.9813 113.047 -0.120845
5.38318 123.813 -0.173191
16.1495 123.813 -0.238649
26.9159 123.813 -0.166087
37.6822 123.813 -0.165404
48.4486 123.813 -0.177217
59.215 123.813 -0.140653
69.9813 123.813 -0.0392408
5.38318 134.579 0.0415417
16.1495 134.579 0.146432
26.9159 134.579 0.455926
37.6822 134.579 0.424161
48.4486 134.579 0.338676
59.215 134.579 0.259947
69.9813 134.579 0.240154
5.38318 145.346 0.514254
16.1495 145.346 1.1137
26.9159 145.346 1.835
37.6822 145.346 1.94503
48.4486 145.346 1.69485
59.215 145.346 1.17157
69.9813 145.346 0.689137
5.38318 156.112 0.979511
16.1495 156.112 2.17078
26.9159 156.112 3.21067
37.6822 156.112 3.26412
48.4486 156.112 2.75871
59.215 156.112 1.80935
69.9813 156.112 1.00246
5.38318 166.879 1.27563
16.1495 166.879 2.98744
26.9159 166.879 4.80507
37.6822 166.879 5.09598
48.4486 166.879 4.23746
59.215 166.879 2.51408
69.9813 166.879 1.29559
5.38318 177.645 1.38218
16.1495 177.645 3.452
26.9159 177.645 5.93776
37.6822 177.645 6.41757
48.4486 177.645 5.3099
59.215 177.645 2.91291
69.9813 177.645 1.38013
5.38318 188.411 1.26593
16.1495 188.411 3.22309
26.9159 188.411 5.74549
37.6822 188.411 6.35914
48.4486 188.411 5.24226
59.215 188.411 2.8111
69.9813 188.411 1.26235
5.38318 199.178 0.853254
16.1495 199.178 2.01759
26.9159 199.178 3.38909
37.6822 199.178 3.59807
48.4486 199.178 2.88184
59.215 199.178 1.45307
69.9813 199.178 0.638538
5.38318 209.944 0.565304
16.1495 209.944 1.02837
26.9159 209.944 1.20632
37.6822 209.944 1.04984
48.4486 209.944 0.645174
59.215 209.944 0.267876
69.9813 209.944 0.224889
