48 37
0 17 72 40
0 1 72 72
0 0 72 82
0 0 72 144
0 0 72 216
5.38318 5.38318 0.37934
16.1495 5.38318 0.780425
26.9159 5.38318 1.21974
37.6822 5.38318 1.27441
48.4486 5.38318 1.29973
59.215 5.38318 1.11682
69.9813 5.38318 0.756578
5.38318 16.1495 0.687692
16.1495 16.1495 1.63903
26.9159 16.1495 2.4894
37.6822 16.1495 2.74238
48.4486 16.1495 2.78702
59.215 16.1495 2.36905
69.9813 16.1495 1.54012
5.38318 26.9159 0.817764
16.1495 26.9159 2.08591
26.9159 26.9159 3.4683
37.6822 26.9159 4.07043
48.4486 26.9159 4.12764
59.215 26.9159 3.46583
69.9813 26.9159 2.15991
5.38318 37.6822 1.04617
16.1495 37.6822 2.2731
26.9159 37.6822 3.74018
37.6822 37.6822 4.53103
48.4486 37.6822 4.5497
59.215 37.6822 3.74059
69.9813 37.6822 2.22137
5.38318 48.4486 1.12508
16.1495 48.4486 2.10924
26.9159 48.4486 3.40507
37.6822 48.4486 4.08358
48.4486 48.4486 4.07091
59.215 48.4486 3.21193
69.9813 48.4486 1.85408
5.38318 59.215 0.778561
16.1495 59.215 1.39065
26.9159 59.215 2.26859
37.6822 59.215 2.59729
48.4486 59.215 2.56401
59.215 59.215 2.14426
69.9813 59.215 1.31907
5.38318 69.9813 0.0484128
16.1495 69.9813 0.295614
26.9159 69.9813 0.863276
37.6822 69.9813 1.11768
48.4486 69.9813 1.21182
59.215 69.9813 1.15437
69.9813 69.9813 0.885351
5.38318 80.7477 -0.239184
16.1495 80.7477 -0.291921
26.9159 80.7477 -0.217942
37.6822 80.7477 -0.0806487
48.4486 80.7477 -0.0252877
59.215 80.7477 0.32722
69.9813 80.7477 0.482416
5.38318 91.514 -0.51569
16.1495 91.514 -0.820278
26.9159 91.514 -0.862299
37.6822 91.514 -0.806116
48.4486 91.514 -0.732096
59.215 91.514 -0.487327
69.9813 91.514 -0.157596
5.38318 102.28 -0.575287
16.1495 102.28 -0.922014
26.9159 102.28 -1.00032
37.6822 102.28 -0.98218
48.4486 102.28 -0.912151
59.215 102.28 -0.657507
69.9813 102.28 -0.257408
5.38318 113.047 -0.582286
16.1495 113.047 -0.932596
26.9159 113.047 -1.01647
37.6822 113.047 -1.02125
48.4486 113.047 -0.969726
59.215 113.047 -0.767869
69.9813 113.047 -0.332225
5.38318 123.813 -0.556375
16.1495 123.813 -0.882394
26.9159 123.813 -0.941463
37.6822 123.813 -0.959734
48.4486 123.813 -0.928825
59.215 123.813 -0.743385
69.9813 123.813 -0.329006
5.38318 134.579 -0.513045
16.1495 134.579 -0.803414
26.9159 134.579 -0.775696
37.6822 134.579 -0.846371
48.4486 134.579 -0.857428
59.215 134.579 -0.697431
69.9813 134.579 -0.318064
5.38318 145.346 -0.378791
16.1495 145.346 -0.545583
26.9159 145.346 -0.431611
37.6822 145.346 -0.550378
48.4486 145.346 -0.639534
59.215 145.346 -0.58545
69.9813 145.346 -0.277981
5.38318 156.112 -0.24444
16.1495 156.112 -0.316082
26.9159 156.112 -0.223176
37.6822 156.112 -0.352334
48.4486 156.112 -0.488405
59.215 156.112 -0.471786
69.9813 156.112 -0.214556
5.38318 166.879 -0.103682
16.1495 166.879 -0.15313
26.9159 166.879 -0.173805
37.6822 166.879 -0.305902
48.4486 166.879 -0.435281
59.215 166.879 -0.370208
69.9813 166.879 -0.139127
5.38318 177.645 -0.0624126
16.1495 177.645 -0.189196
26.9159 177.645 -0.378263
37.6822 177.645 -0.488152
48.4486 177.645 -0.52894
59.215 177.645 -0.328585
69.9813 177.645 -0.0730113
5.38318 188.411 -0.12406
16.1495 188.411 -0.301886
26.9159 188.411 -0.502873
37.6822 188.411 -0.577474
48.4486 188.411 -0.548743
59.215 188.411 -0.297531
69.9813 188.411 -0.0347659
5.38318 199.178 -0.287992
16.1495 199.178 -0.497659
26.9159 199.178 -0.600696
37.6822 199.178 -0.60081
48.4486 199.178 -0.517832
59.215 199.178 -0.28812
69.9813 199.178 -0.0211201
5.38318 209.944 -0.243117
16.1495 209.944 -0.380172
26.9159 209.944 -0.404399
37.6822 209.944 -0.394336
48.4486 209.944 -0.331064
59.215 209.944 -0.186103
69.9813 209.944 0.023281
