37 48
0 28 72 40
0 12 72 72
0 7 72 82
0 0 72 144
0 0 72 216
5.38318 5.38318 0.64485
16.1495 5.38318 0.881325
26.9159 5.38318 0.96262
37.6822 5.38318 0.895674
48.4486 5.38318 1.05223
59.215 5.38318 0.979495
69.9813 5.38318 0.696326
5.38318 16.1495 1.10915
16.1495 16.1495 1.81055
26.9159 16.1495 2.19839
37.6822 16.1495 2.11123
48.4486 16.1495 2.23306
59.215 16.1495 1.93929
69.9813 16.1495 1.37435
5.38318 26.9159 0.933772
16.1495 26.9159 1.83025
26.9159 26.9159 2.65017
37.6822 26.9159 2.74447
48.4486 26.9159 2.87665
59.215 26.9159 2.38572
69.9813 26.9159 1.63432
5.38318 37.6822 1.04486
16.1495 37.6822 2.4022
26.9159 37.6822 3.77905
37.6822 37.6822 3.98703
48.4486 37.6822 3.62339
59.215 37.6822 2.53182
69.9813 37.6822 1.53211
5.38318 48.4486 0.896416
16.1495 48.4486 2.44429
26.9159 48.4486 4.11757
37.6822 48.4486 4.4668
48.4486 48.4486 3.65021
59.215 48.4486 2.29415
69.9813 48.4486 1.19842
5.38318 59.215 0.435144
16.1495 59.215 1.69991
26.9159 59.215 3.07837
37.6822 59.215 3.209
48.4486 59.215 2.31932
59.215 59.215 1.18829
69.9813 59.215 0.533205
5.38318 69.9813 -0.23996
16.1495 69.9813 -0.202808
26.9159 69.9813 0.370738
37.6822 69.9813 0.356122
48.4486 69.9813 -0.21534
59.215 69.9813 -0.24688
69.9813 69.9813 -0.155132
5.38318 80.7477 -0.47475
16.1495 80.7477 -0.719477
26.9159 80.7477 -0.688781
37.6822 80.7477 -0.749385
48.4486 80.7477 -0.875877
59.215 80.7477 -0.695052
69.9813 80.7477 -0.343467
5.38318 91.514 -0.571714
16.1495 91.514 -0.927049
26.9159 91.514 -1.04055
37.6822 91.514 -1.07233
48.4486 91.514 -1.04055
59.215 91.514 -0.823525
69.9813 91.514 -0.368635
5.38318 102.28 -0.5912
16.1495 102.28 -0.953117
26.9159 102.28 -1.0542
37.6822 102.28 -1.0636
48.4486 102.28 -1.00761
59.215 102.28 -0.793853
69.9813 102.28 -0.348314
5.38318 113.047 -0.586335
16.1495 113.047 -0.940847
26.9159 113.047 -1.02727
37.6822 113.047 -1.02938
48.4486 113.047 -0.973513
59.215 113.047 -0.7691
69.9813 113.047 -0.332778
5.38318 123.813 -0.575697
16.1495 123.813 -0.919991
26.9159 123.813 -0.995746
37.6822 123.813 -0.996673
48.4486 123.813 -0.946485
59.215 123.813 -0.745101
69.9813 123.813 -0.321153
5.38318 134.579 -0.559756
16.1495 134.579 -0.887547
26.9159 134.579 -0.948081
37.6822 134.579 -0.944381
48.4486 134.579 -0.898669
59.215 134.579 -0.685621
69.9813 134.579 -0.288177
5.38318 145.346 -0.529594
16.1495 145.346 -0.828375
26.9159 145.346 -0.831147
37.6822 145.346 -0.808932
48.4486 145.346 -0.775505
59.215 145.346 -0.598329
69.9813 145.346 -0.239407
5.38318 156.112 -0.5192
16.1495 156.112 -0.801139
26.9159 156.112 -0.774995
37.6822 156.112 -0.707395
48.4486 156.112 -0.657856
59.215 156.112 -0.499639
69.9813 156.112 -0.177695
5.38318 166.879 -0.512752
16.1495 166.879 -0.780365
26.9159 166.879 -0.780771
37.6822 166.879 -0.706177
48.4486 166.879 -0.669989
59.215 166.879 -0.494703
69.9813 166.879 -0.17218
5.38318 177.645 -0.532489
16.1495 177.645 -0.837173
26.9159 177.645 -0.839982
37.6822 177.645 -0.771794
48.4486 177.645 -0.715364
59.215 177.645 -0.516667
69.9813 177.645 -0.17283
5.38318 188.411 -0.527687
16.1495 188.411 -0.815445
26.9159 188.411 -0.809373
37.6822 188.411 -0.758854
48.4486 188.411 -0.708565
59.215 188.411 -0.510716
69.9813 188.411 -0.173234
5.38318 199.178 -0.472742
16.1495 199.178 -0.687662
26.9159 199.178 -0.62858
37.6822 199.178 -0.567293
48.4486 199.178 -0.510731
59.215 199.178 -0.367354
69.9813 199.178 -0.0991303
5.38318 209.944 -0.282275
16.1495 209.944 -0.37881
26.9159 209.944 -0.334161
37.6822 209.944 -0.31494
48.4486 209.944 -0.299191
59.215 209.944 -0.200433
69.9813 209.944 -0.00773901
