26 48
0 28 72 40
0 12 72 72
0 7 72 82
0 0 72 144
0 0 72 216
5.38318 5.38318 0.105789
16.1495 5.38318 0.468991
26.9159 5.38318 1.47452
37.6822 5.38318 1.90004
48.4486 5.38318 1.57109
59.215 5.38318 0.870922
69.9813 5.38318 0.325705
5.38318 16.1495 0.239917
16.1495 16.1495 1.12129
26.9159 16.1495 2.80516
37.6822 16.1495 3.4148
48.4486 16.1495 2.81237
59.215 16.1495 1.61496
69.9813 16.1495 0.665479
5.38318 26.9159 0.376309
16.1495 26.9159 1.72117
26.9159 26.9159 3.50731
37.6822 26.9159 3.93501
48.4486 26.9159 2.9844
59.215 26.9159 1.45239
69.9813 26.9159 0.5541
5.38318 37.6822 0.996657
16.1495 37.6822 2.55817
26.9159 37.6822 3.99099
37.6822 37.6822 3.75628
48.4486 37.6822 2.63602
59.215 37.6822 1.28084
69.9813 37.6822 0.670743
5.38318 48.4486 1.32591
16.1495 48.4486 2.9377
26.9159 48.4486 4.01685
37.6822 48.4486 3.68058
48.4486 48.4486 2.83891
59.215 48.4486 1.87371
69.9813 48.4486 1.21503
5.38318 59.215 1.30117
16.1495 59.215 2.36177
26.9159 59.215 3.22691
37.6822 59.215 3.2183
48.4486 59.215 3.19734
59.215 59.215 2.68949
69.9813 59.215 1.81488
5.38318 69.9813 0.876096
16.1495 69.9813 1.21662
26.9159 69.9813 2.09475
37.6822 69.9813 2.37519
48.4486 69.9813 2.83144
59.215 69.9813 2.71123
69.9813 69.9813 1.82131
5.38318 80.7477 0.197004
16.1495 80.7477 0.0485155
26.9159 80.7477 0.917135
37.6822 80.7477 1.11755
48.4486 80.7477 1.49981
59.215 80.7477 1.62151
69.9813 80.7477 1.09537
5.38318 91.514 -0.376893
16.1495 91.514 -0.645926
26.9159 91.514 -0.476333
37.6822 91.514 -0.529468
48.4486 91.514 -0.561669
59.215 91.514 -0.362087
69.9813 91.514 -0.179014
5.38318 102.28 -0.566145
16.1495 102.28 -0.918148
26.9159 102.28 -0.962575
37.6822 102.28 -0.963302
48.4486 102.28 -0.923726
59.215 102.28 -0.699452
69.9813 102.28 -0.320276
5.38318 113.047 -0.545247
16.1495 113.047 -0.871652
26.9159 113.047 -0.941701
37.6822 113.047 -0.947849
48.4486 113.047 -0.900902
59.215 113.047 -0.673119
69.9813 113.047 -0.278017
5.38318 123.813 -0.395666
16.1495 123.813 -0.5791
26.9159 123.813 -0.503686
37.6822 123.813 -0.51476
48.4486 123.813 -0.499325
59.215 123.813 -0.365176
69.9813 123.813 -0.114292
5.38318 134.579 -0.0867715
16.1495 134.579 -0.0380719
26.9159 134.579 0.43138
37.6822 134.579 0.30546
48.4486 134.579 0.261778
59.215 134.579 0.231639
69.9813 134.579 0.38175
5.38318 145.346 0.770599
16.1495 145.346 1.61008
26.9159 145.346 2.36242
37.6822 145.346 2.26688
48.4486 145.346 2.1884
59.215 145.346 1.79964
69.9813 145.346 1.26747
5.38318 156.112 1.65587
16.1495 156.112 2.81003
26.9159 156.112 3.4197
37.6822 156.112 3.24825
48.4486 156.112 3.27901
59.215 156.112 2.81365
69.9813 156.112 1.96451
5.38318 166.879 2.58712
16.1495 166.879 3.88727
26.9159 166.879 3.96538
37.6822 166.879 3.64484
48.4486 166.879 3.99387
59.215 166.879 3.8862
69.9813 166.879 2.77479
5.38318 177.645 2.78967
16.1495 177.645 3.95064
26.9159 177.645 3.49099
37.6822 177.645 2.99111
48.4486 177.645 3.57372
59.215 177.645 4.00046
69.9813 177.645 3.03958
5.38318 188.411 2.21593
16.1495 188.411 3.08364
26.9159 188.411 2.64442
37.6822 188.411 2.38792
48.4486 188.411 3.09863
59.215 188.411 3.65182
69.9813 188.411 2.86366
5.38318 199.178 0.677558
16.1495 199.178 1.18584
26.9159 199.178 1.31443
37.6822 199.178 1.41565
48.4486 199.178 1.91175
59.215 199.178 1.96309
69.9813 199.178 1.62943
5.38318 209.944 0.0474399
16.1495 209.944 0.2786
26.9159 209.944 0.683907
37.6822 209.944 0.927775
48.4486 209.944 1.31901
59.215 209.944 1.1704
69.9813 209.944 0.985137
