37 188
0 168 72 40
0 144 72 72
0 134 72 82
0 72 72 144
0 0 72 216
5.38318 5.38318 0.641652
16.1495 5.38318 0.932434
26.9159 5.38318 0.988008
37.6822 5.38318 1.05076
48.4486 5.38318 1.26707
59.215 5.38318 1.31143
69.9813 5.38318 0.964368
5.38318 16.1495 1.07638
16.1495 16.1495 1.68234
26.9159 16.1495 1.80047
37.6822 16.1495 1.73578
48.4486 16.1495 1.93255
59.215 16.1495 2.04885
69.9813 16.1495 1.57491
5.38318 26.9159 1.13794
16.1495 26.9159 1.68645
26.9159 26.9159 1.56439
37.6822 26.9159 1.03191
48.4486 26.9159 0.919126
59.215 26.9159 1.21149
69.9813 26.9159 1.17761
5.38318 37.6822 1.1291
16.1495 37.6822 1.47397
26.9159 37.6822 1.15588
37.6822 37.6822 0.119931
48.4486 37.6822 -0.291541
59.215 37.6822 -0.216998
69.9813 37.6822 0.0525773
5.38318 48.4486 1.30428
16.1495 48.4486 1.5949
26.9159 48.4486 1.04356
37.6822 48.4486 -0.203299
48.4486 48.4486 -0.571085
59.215 48.4486 -0.531959
69.9813 48.4486 -0.209035
5.38318 59.215 1.68571
16.1495 59.215 2.23154
26.9159 59.215 1.70689
37.6822 59.215 0.0434987
48.4486 59.215 -0.483343
59.215 59.215 -0.556469
69.9813 59.215 -0.241027
5.38318 69.9813 1.6317
16.1495 69.9813 2.23702
26.9159 69.9813 1.79763
37.6822 69.9813 0.193963
48.4486 69.9813 -0.390263
59.215 69.9813 -0.490616
69.9813 69.9813 -0.190661
5.38318 80.7477 0.648731
16.1495 80.7477 0.890295
26.9159 80.7477 0.560211
37.6822 80.7477 -0.294394
48.4486 80.7477 -0.593428
59.215 80.7477 -0.60182
69.9813 80.7477 -0.251279
5.38318 91.514 -0.352557
16.1495 91.514 -0.592412
26.9159 91.514 -0.712217
37.6822 91.514 -0.889778
48.4486 91.514 -0.942326
59.215 91.514 -0.77567
69.9813 91.514 -0.337471
5.38318 102.28 -0.574202
16.1495 102.28 -0.93314
26.9159 102.28 -1.04281
37.6822 102.28 -1.06017
48.4486 102.28 -1.01461
59.215 102.28 -0.803012
69.9813 102.28 -0.357787
5.38318 113.047 -0.585122
16.1495 113.047 -0.934945
26.9159 113.047 -1.01342
37.6822 113.047 -1.01332
48.4486 113.047 -0.960889
59.215 113.047 -0.761002
69.9813 113.047 -0.329579
5.38318 123.813 -0.54695
16.1495 123.813 -0.852035
26.9159 123.813 -0.868229
37.6822 123.813 -0.850243
48.4486 123.813 -0.813749
59.215 123.813 -0.626936
69.9813 123.813 -0.266568
5.38318 134.579 -0.43811
16.1495 134.579 -0.608343
26.9159 134.579 -0.469435
37.6822 134.579 -0.43767
48.4486 134.579 -0.453888
59.215 134.579 -0.38152
69.9813 134.579 -0.147652
5.38318 145.346 -0.166071
16.1495 145.346 -0.038262
26.9159 145.346 0.757323
37.6822 145.346 0.929918
48.4486 145.346 0.649201
59.215 145.346 0.260241
69.9813 145.346 0.189957
5.38318 156.112 0.32766
16.1495 156.112 1.16055
26.9159 156.112 2.33134
37.6822 156.112 2.54063
48.4486 156.112 2.13433
59.215 156.112 1.26194
69.9813 156.112 0.677252
5.38318 166.879 0.837575
16.1495 166.879 2.17499
26.9159 166.879 3.5863
37.6822 166.879 3.82134
48.4486 166.879 3.19215
59.215 166.879 1.93832
69.9813 166.879 0.964981
5.38318 177.645 1.02271
16.1495 177.645 2.46484
26.9159 177.645 4.14
37.6822 177.645 4.37962
48.4486 177.645 3.74874
59.215 177.645 2.27205
69.9813 177.645 1.23244
5.38318 188.411 1.05047
16.1495 188.411 2.55306
26.9159 188.411 4.2809
37.6822 188.411 4.53241
48.4486 188.411 3.7482
59.215 188.411 2.24012
69.9813 188.411 1.18783
5.38318 199.178 0.810397
16.1495 199.178 1.93483
26.9159 199.178 3.04957
37.6822 199.178 3.1147
48.4486 199.178 2.65068
59.215 199.178 1.84001
69.9813 199.178 1.17519
5.38318 209.944 0.611344
16.1495 209.944 1.37758
26.9159 209.944 1.87501
37.6822 209.944 1.86727
48.4486 209.944 1.58815
59.215 209.944 1.33558
69.9813 209.944 0.918968
