37 37
0 17 72 40
0 1 72 72
0 0 72 82
0 0 72 144
0 0 72 216
5.38318 5.38318 0.728715
16.1495 5.38318 1.22687
26.9159 5.38318 1.65767
37.6822 5.38318 1.7326
48.4486 5.38318 1.61849
59.215 5.38318 1.16421
69.9813 5.38318 0.697428
5.38318 16.1495 1.44672
16.1495 16.1495 2.59303
26.9159 16.1495 3.5078
37.6822 16.1495 3.7475
48.4486 16.1495 3.53978
59.215 16.1495 2.50438
69.9813 16.1495 1.46329
5.38318 26.9159 2.04858
16.1495 26.9159 3.71402
26.9159 26.9159 5.13725
37.6822 26.9159 5.44073
48.4486 26.9159 5.13479
59.215 26.9159 3.62776
69.9813 26.9159 2.04204
5.38318 37.6822 2.11413
16.1495 37.6822 3.82186
26.9159 37.6822 5.30391
37.6822 37.6822 5.66818
48.4486 37.6822 5.37423
59.215 37.6822 3.80346
69.9813 37.6822 2.11013
5.38318 48.4486 1.65188
16.1495 48.4486 3.06592
26.9159 48.4486 4.26559
37.6822 48.4486 4.53052
48.4486 48.4486 4.15643
59.215 48.4486 2.96903
69.9813 48.4486 1.64806
5.38318 59.215 0.759759
16.1495 59.215 1.5509
26.9159 59.215 2.04884
37.6822 59.215 2.32291
48.4486 59.215 2.04523
59.215 59.215 1.74631
69.9813 59.215 1.13349
5.38318 69.9813 0.479968
16.1495 69.9813 1.06353
26.9159 69.9813 1.12752
37.6822 69.9813 1.40507
48.4486 69.9813 1.07857
59.215 69.9813 1.20858
69.9813 69.9813 0.894325
5.38318 80.7477 -0.0475882
16.1495 80.7477 0.162313
26.9159 80.7477 0.165103
37.6822 80.7477 0.37905
48.4486 80.7477 0.0446248
59.215 80.7477 0.429777
69.9813 80.7477 0.454942
5.38318 91.514 -0.296988
16.1495 91.514 -0.375107
26.9159 91.514 -0.358262
37.6822 91.514 -0.297963
48.4486 91.514 -0.377978
59.215 91.514 -0.236264
69.9813 91.514 -0.0786888
5.38318 102.28 -0.322766
16.1495 102.28 -0.468879
26.9159 102.28 -0.413162
37.6822 102.28 -0.377546
48.4486 102.28 -0.384882
59.215 102.28 -0.292755
69.9813 102.28 -0.120465
5.38318 113.047 -0.265277
16.1495 113.047 -0.413294
26.9159 113.047 -0.391058
37.6822 113.047 -0.377373
48.4486 113.047 -0.360582
59.215 113.047 -0.271971
69.9813 113.047 -0.113018
5.38318 123.813 -0.0184805
16.1495 123.813 -0.0728601
26.9159 123.813 -0.035719
37.6822 123.813 -0.0280816
48.4486 123.813 -0.0192049
59.215 123.813 -0.00132559
69.9813 123.813 0.119201
5.38318 134.579 0.939796
16.1495 134.579 1.17318
26.9159 134.579 1.06607
37.6822 134.579 1.12287
48.4486 134.579 1.15524
59.215 134.579 1.03266
69.9813 134.579 0.681889
5.38318 145.346 2.23357
16.1495 145.346 2.91735
26.9159 145.346 2.74394
37.6822 145.346 2.85588
48.4486 145.346 2.99487
59.215 145.346 2.51415
69.9813 145.346 1.48632
5.38318 156.112 2.90695
16.1495 156.112 3.84114
26.9159 156.112 3.63206
37.6822 156.112 3.77541
48.4486 156.112 4.04539
59.215 156.112 3.43248
69.9813 156.112 1.98674
5.38318 166.879 2.50145
16.1495 166.879 3.52894
26.9159 166.879 3.69366
37.6822 166.879 3.97868
48.4486 166.879 4.28875
59.215 166.879 3.51184
69.9813 166.879 2.04659
5.38318 177.645 0.9917
16.1495 177.645 1.85062
26.9159 177.645 2.52384
37.6822 177.645 2.94208
48.4486 177.645 3.09565
59.215 177.645 2.43311
69.9813 177.645 1.48082
5.38318 188.411 0.320639
16.1495 188.411 1.05803
26.9159 188.411 2.12611
37.6822 188.411 2.77242
48.4486 188.411 2.95283
59.215 188.411 2.32227
69.9813 188.411 1.42716
5.38318 199.178 -0.00541734
16.1495 199.178 0.652364
26.9159 199.178 1.88161
37.6822 199.178 2.8238
48.4486 199.178 3.05585
59.215 199.178 2.47057
69.9813 199.178 1.49643
5.38318 209.944 -0.0320055
16.1495 209.944 0.376012
26.9159 209.944 1.3094
37.6822 209.944 2.05641
48.4486 209.944 2.2701
59.215 209.944 1.83388
69.9813 209.944 1.1093
