26 26
0 6 72 40
0 0 72 72
0 0 72 82
0 0 72 144
0 0 72 216
5.38318 5.38318 0.633964
16.1495 5.38318 1.32233
26.9159 5.38318 1.97426
37.6822 5.38318 1.90548
48.4486 5.38318 1.35568
59.215 5.38318 0.683676
69.9813 5.38318 0.305187
5.38318 16.1495 1.09215
16.1495 16.1495 2.3655
26.9159 16.1495 3.46916
37.6822 16.1495 3.3961
48.4486 16.1495 2.45781
59.215 16.1495 1.38186
69.9813 16.1495 0.654563
5.38318 26.9159 1.67026
16.1495 26.9159 3.1418
26.9159 26.9159 4.12793
37.6822 26.9159 3.9019
48.4486 26.9159 2.93552
59.215 26.9159 1.78425
69.9813 26.9159 0.908991
5.38318 37.6822 2.22215
16.1495 37.6822 3.56346
26.9159 37.6822 3.87801
37.6822 37.6822 3.33713
48.4486 37.6822 2.60786
59.215 37.6822 1.87361
69.9813 37.6822 1.11042
5.38318 48.4486 2.48263
16.1495 48.4486 3.82845
26.9159 48.4486 3.91902
37.6822 48.4486 3.19439
48.4486 48.4486 2.74522
59.215 48.4486 2.1938
69.9813 48.4486 1.46786
5.38318 59.215 1.79325
16.1495 59.215 2.95823
26.9159 59.215 3.2983
37.6822 59.215 2.90587
48.4486 59.215 2.76464
59.215 59.215 2.48189
69.9813 59.215 1.75265
5.38318 69.9813 0.667031
16.1495 69.9813 1.57733
26.9159 69.9813 2.13461
37.6822 69.9813 2.2371
48.4486 69.9813 2.33229
59.215 69.9813 2.26365
69.9813 69.9813 1.6662
5.38318 80.7477 0.0992719
16.1495 80.7477 0.685483
26.9159 80.7477 1.16291
37.6822 80.7477 1.22872
48.4486 80.7477 1.16698
59.215 80.7477 1.20557
69.9813 80.7477 0.954142
5.38318 91.514 -0.178917
16.1495 91.514 -0.169961
26.9159 91.514 -0.0900242
37.6822 91.514 -0.0972162
48.4486 91.514 -0.223912
59.215 91.514 -0.188661
69.9813 91.514 -0.0785713
5.38318 102.28 -0.272405
16.1495 102.28 -0.406606
26.9159 102.28 -0.387276
37.6822 102.28 -0.390826
48.4486 102.28 -0.433139
59.215 102.28 -0.340436
69.9813 102.28 -0.164505
5.38318 113.047 -0.286614
16.1495 113.047 -0.424039
26.9159 113.047 -0.396951
37.6822 113.047 -0.377539
48.4486 113.047 -0.374309
59.215 113.047 -0.300225
69.9813 113.047 -0.134232
5.38318 123.813 -0.185889
16.1495 123.813 -0.237094
26.9159 123.813 -0.16768
37.6822 123.813 -0.165445
48.4486 123.813 -0.206577
59.215 123.813 -0.19887
69.9813 123.813 -0.0811727
5.38318 134.579 -0.00188766
16.1495 134.579 0.27443
26.9159 134.579 0.61618
37.6822 134.579 0.579462
48.4486 134.579 0.313058
59.215 134.579 0.0336831
69.9813 134.579 0.0834518
5.38318 145.346 0.388653
16.1495 145.346 1.0561
26.9159 145.346 1.7135
37.6822 145.346 1.60926
48.4486 145.346 1.17487
59.215 145.346 0.5954
69.9813 145.346 0.366203
5.38318 156.112 0.746656
16.1495 156.112 1.85928
26.9159 156.112 2.66242
37.6822 156.112 2.61517
48.4486 156.112 2.08598
59.215 156.112 1.35638
69.9813 156.112 0.821685
5.38318 166.879 1.02853
16.1495 166.879 2.14219
26.9159 166.879 2.95119
37.6822 166.879 2.97771
48.4486 166.879 2.61073
59.215 166.879 1.86462
69.9813 166.879 1.17299
5.38318 177.645 1.266
16.1495 177.645 2.23603
26.9159 177.645 2.80327
37.6822 177.645 3.06103
48.4486 177.645 3.16165
59.215 177.645 2.77837
69.9813 177.645 1.79051
5.38318 188.411 1.44145
16.1495 188.411 2.38201
26.9159 188.411 2.84312
37.6822 188.411 3.10369
48.4486 188.411 3.44626
59.215 188.411 3.21931
69.9813 188.411 2.11682
5.38318 199.178 1.22071
16.1495 199.178 2.0115
26.9159 199.178 2.45904
37.6822 199.178 2.78525
48.4486 199.178 3.0923
59.215 199.178 2.92632
69.9813 199.178 1.90518
5.38318 209.944 0.561619
16.1495 209.944 0.963968
26.9159 209.944 1.25378
37.6822 209.944 1.40674
48.4486 209.944 1.49732
59.215 209.944 1.37928
69.9813 209.944 0.932315
