37 177
0 157 72 40
0 141 72 72
0 134 72 82
0 72 72 144
0 0 72 216
5.38318 5.38318 0.302852
16.1495 5.38318 0.629306
26.9159 5.38318 1.48169
37.6822 5.38318 1.89384
48.4486 5.38318 1.85297
59.215 5.38318 1.34594
69.9813 5.38318 0.744981
5.38318 16.1495 0.355336
16.1495 16.1495 1.18457
26.9159 16.1495 2.90772
37.6822 16.1495 3.93211
48.4486 16.1495 3.85653
59.215 16.1495 2.7443
69.9813 16.1495 1.44463
5.38318 26.9159 0.0753906
16.1495 26.9159 1.06159
26.9159 26.9159 3.39159
37.6822 26.9159 4.89705
48.4486 26.9159 4.89613
59.215 26.9159 3.54473
69.9813 26.9159 1.81083
5.38318 37.6822 0.0145253
16.1495 37.6822 0.926583
26.9159 37.6822 3.05279
37.6822 37.6822 4.32669
48.4486 37.6822 4.12732
59.215 37.6822 2.91334
69.9813 37.6822 1.4313
5.38318 48.4486 0.100019
16.1495 48.4486 0.477641
26.9159 48.4486 1.74499
37.6822 48.4486 2.28357
48.4486 48.4486 2.15956
59.215 48.4486 1.71635
69.9813 48.4486 0.973761
5.38318 59.215 0.316086
16.1495 59.215 0.570939
26.9159 59.215 1.3386
37.6822 59.215 1.20001
48.4486 59.215 1.21182
59.215 59.215 1.07722
69.9813 59.215 0.836255
5.38318 69.9813 0.103059
16.1495 69.9813 0.0867934
26.9159 69.9813 0.578573
37.6822 69.9813 0.181951
48.4486 69.9813 0.459792
59.215 69.9813 0.712071
69.9813 69.9813 0.789275
5.38318 80.7477 -0.262801
16.1495 80.7477 -0.435144
26.9159 80.7477 -0.329986
37.6822 80.7477 -0.412292
48.4486 80.7477 -0.274478
59.215 80.7477 -0.0954957
69.9813 80.7477 0.332388
5.38318 91.514 -0.541416
16.1495 91.514 -0.8947
26.9159 91.514 -0.959484
37.6822 91.514 -0.956312
48.4486 91.514 -0.813048
59.215 91.514 -0.563903
69.9813 91.514 -0.184746
5.38318 102.28 -0.581019
16.1495 102.28 -0.930642
26.9159 102.28 -0.998034
37.6822 102.28 -0.980783
48.4486 102.28 -0.921424
59.215 102.28 -0.69402
69.9813 102.28 -0.29397
5.38318 113.047 -0.581068
16.1495 113.047 -0.926883
26.9159 113.047 -1.0032
37.6822 113.047 -0.998631
48.4486 113.047 -0.947477
59.215 113.047 -0.741988
69.9813 113.047 -0.320667
5.38318 123.813 -0.548932
16.1495 123.813 -0.865048
26.9159 123.813 -0.921066
37.6822 123.813 -0.914215
48.4486 123.813 -0.862391
59.215 123.813 -0.641211
69.9813 123.813 -0.262886
5.38318 134.579 -0.448102
16.1495 134.579 -0.658524
26.9159 134.579 -0.619565
37.6822 134.579 -0.597524
48.4486 134.579 -0.571178
59.215 134.579 -0.420228
69.9813 134.579 -0.146011
5.38318 145.346 -0.141214
16.1495 145.346 -0.0354702
26.9159 145.346 0.46549
37.6822 145.346 0.62905
48.4486 145.346 0.45686
59.215 145.346 0.263154
69.9813 145.346 0.263551
5.38318 156.112 0.508942
16.1495 156.112 1.48859
26.9159 156.112 2.46149
37.6822 156.112 2.66791
48.4486 156.112 2.30483
59.215 156.112 1.51282
69.9813 156.112 0.831136
5.38318 166.879 1.25526
16.1495 166.879 2.79588
26.9159 166.879 4.39564
37.6822 166.879 4.74141
48.4486 166.879 4.05773
59.215 166.879 2.58209
69.9813 166.879 1.32448
5.38318 177.645 1.33844
16.1495 177.645 2.97472
26.9159 177.645 4.84103
37.6822 177.645 5.25226
48.4486 177.645 4.57524
59.215 177.645 2.89982
69.9813 177.645 1.4894
5.38318 188.411 1.33537
16.1495 188.411 2.69617
26.9159 188.411 4.06889
37.6822 188.411 4.20607
48.4486 188.411 3.73799
59.215 188.411 2.53515
69.9813 188.411 1.45802
5.38318 199.178 0.813896
16.1495 199.178 1.40588
26.9159 199.178 1.74024
37.6822 199.178 1.71476
48.4486 199.178 1.793
59.215 199.178 1.66515
69.9813 199.178 1.21878
5.38318 209.944 0.520589
16.1495 209.944 0.87058
26.9159 209.944 0.896834
37.6822 209.944 0.825985
48.4486 209.944 0.965497
59.215 209.944 1.13749
69.9813 209.944 0.928186
