37 37
0 17 72 40
0 1 72 72
0 0 72 82
0 0 72 144
0 0 72 216
5.38318 5.38318 0.564096
16.1495 5.38318 1.07832
26.9159 5.38318 1.70895
37.6822 5.38318 1.85149
48.4486 5.38318 1.45625
59.215 5.38318 0.91066
69.9813 5.38318 0.401461
5.38318 16.1495 1.01888
16.1495 16.1495 2.24872
26.9159 16.1495 3.67533
37.6822 16.1495 4.10799
48.4486 16.1495 3.30001
59.215 16.1495 2.09442
69.9813 16.1495 0.945779
5.38318 26.9159 1.34456
16.1495 26.9159 3.19653
26.9159 26.9159 5.45588
37.6822 26.9159 6.16
48.4486 26.9159 4.72473
59.215 26.9159 2.78803
69.9813 26.9159 1.11091
5.38318 37.6822 1.37357
16.1495 37.6822 3.46117
26.9159 37.6822 6.0794
37.6822 37.6822 6.88701
48.4486 37.6822 5.36838
59.215 37.6822 3.10555
69.9813 37.6822 1.31341
5.38318 48.4486 1.21634
16.1495 48.4486 2.95482
26.9159 48.4486 5.00837
37.6822 48.4486 5.4997
48.4486 48.4486 4.24008
59.215 48.4486 2.47522
69.9813 48.4486 1.07849
5.38318 59.215 0.739971
16.1495 59.215 1.66702
26.9159 59.215 2.51802
37.6822 59.215 2.71437
48.4486 59.215 2.30923
59.215 59.215 1.59343
69.9813 59.215 1.00359
5.38318 69.9813 0.36575
16.1495 69.9813 0.708613
26.9159 69.9813 0.876478
37.6822 69.9813 0.87975
48.4486 69.9813 0.66214
59.215 69.9813 0.682618
69.9813 69.9813 0.621153
5.38318 80.7477 -0.113998
16.1495 80.7477 -0.191566
26.9159 80.7477 -0.224034
37.6822 80.7477 -0.27242
48.4486 80.7477 -0.276513
59.215 80.7477 -0.147955
69.9813 80.7477 0.118432
5.38318 91.514 -0.461613
16.1495 91.514 -0.753169
26.9159 91.514 -0.809861
37.6822 91.514 -0.82558
48.4486 91.514 -0.798938
59.215 91.514 -0.567047
69.9813 91.514 -0.229661
5.38318 102.28 -0.563694
16.1495 102.28 -0.903386
26.9159 102.28 -0.983766
37.6822 102.28 -0.984751
48.4486 102.28 -0.94034
59.215 102.28 -0.71637
69.9813 102.28 -0.311774
5.38318 113.047 -0.57063
16.1495 113.047 -0.900809
26.9159 113.047 -0.967342
37.6822 113.047 -0.958237
48.4486 113.047 -0.91271
59.215 113.047 -0.699368
69.9813 113.047 -0.299747
5.38318 123.813 -0.469484
16.1495 123.813 -0.63265
26.9159 123.813 -0.505128
37.6822 123.813 -0.438644
48.4486 123.813 -0.461786
59.215 123.813 -0.415657
69.9813 123.813 -0.172264
5.38318 134.579 -0.235496
16.1495 134.579 -0.123973
26.9159 134.579 0.601131
37.6822 134.579 1.00684
48.4486 134.579 0.804079
59.215 134.579 0.337033
69.9813 134.579 0.256131
5.38318 145.346 0.296425
16.1495 145.346 1.40904
26.9159 145.346 2.71313
37.6822 145.346 3.3358
48.4486 145.346 2.91195
59.215 145.346 1.87923
69.9813 145.346 0.980387
5.38318 156.112 0.564916
16.1495 156.112 1.87463
26.9159 156.112 3.39358
37.6822 156.112 4.32047
48.4486 156.112 3.96405
59.215 156.112 2.73899
69.9813 156.112 1.48062
5.38318 166.879 0.561063
16.1495 166.879 1.781
26.9159 166.879 3.17466
37.6822 166.879 3.96007
48.4486 166.879 3.60271
59.215 166.879 2.58814
69.9813 166.879 1.46798
5.38318 177.645 0.08765
16.1495 177.645 0.876025
26.9159 177.645 2.10851
37.6822 177.645 2.5382
48.4486 177.645 2.28951
59.215 177.645 1.66314
69.9813 177.645 1.03713
5.38318 188.411 -0.0476686
16.1495 188.411 0.673003
26.9159 188.411 1.86831
37.6822 188.411 2.08371
48.4486 188.411 1.45345
59.215 188.411 0.682668
69.9813 188.411 0.431489
5.38318 199.178 -0.166272
16.1495 199.178 0.254734
26.9159 199.178 1.20627
37.6822 199.178 1.3716
48.4486 199.178 0.751539
59.215 199.178 -0.00526294
69.9813 199.178 0.0354081
5.38318 209.944 -0.15254
16.1495 209.944 0.0708514
26.9159 209.944 0.689213
37.6822 209.944 0.776088
48.4486 209.944 0.300624
59.215 209.944 -0.110492
69.9813 209.944 -0.016599
