37 37
0 17 72 40
0 1 72 72
0 0 72 82
0 0 72 144
0 0 72 216
5.38318 5.38318 0.500485
16.1495 5.38318 0.908355
26.9159 5.38318 1.44836
37.6822 5.38318 1.52756
48.4486 5.38318 1.28022
59.215 5.38318 0.760177
69.9813 5.38318 0.361703
5.38318 16.1495 1.05841
16.1495 16.1495 2.06053
26.9159 16.1495 3.21938
37.6822 16.1495 3.50649
48.4486 16.1495 3.02912
59.215 16.1495 1.93847
69.9813 16.1495 0.986261
5.38318 26.9159 1.75917
16.1495 26.9159 3.32973
26.9159 26.9159 5.05989
37.6822 26.9159 5.45747
48.4486 26.9159 4.67222
59.215 26.9159 2.89564
69.9813 26.9159 1.39951
5.38318 37.6822 2.34555
16.1495 37.6822 4.09442
26.9159 37.6822 5.56861
37.6822 37.6822 5.86235
48.4486 37.6822 5.09244
59.215 37.6822 3.31151
69.9813 37.6822 1.67654
5.38318 48.4486 2.50918
16.1495 48.4486 3.92793
26.9159 48.4486 4.65159
37.6822 48.4486 4.54921
48.4486 48.4486 3.97606
59.215 48.4486 2.78756
69.9813 48.4486 1.56486
5.38318 59.215 1.70854
16.1495 59.215 2.56655
26.9159 59.215 2.63003
37.6822 59.215 2.42987
48.4486 59.215 2.26508
59.215 59.215 1.92588
69.9813 59.215 1.34343
5.38318 69.9813 0.706367
16.1495 69.9813 1.12377
26.9159 69.9813 1.04908
37.6822 69.9813 1.08318
48.4486 69.9813 1.06564
59.215 69.9813 1.17411
69.9813 69.9813 0.937672
5.38318 80.7477 -0.151505
16.1495 80.7477 -0.218078
26.9159 80.7477 -0.212716
37.6822 80.7477 -0.183751
48.4486 80.7477 -0.166724
59.215 80.7477 0.127152
69.9813 80.7477 0.340935
5.38318 91.514 -0.455396
16.1495 91.514 -0.756409
26.9159 91.514 -0.806144
37.6822 91.514 -0.824287
48.4486 91.514 -0.799583
59.215 91.514 -0.536195
69.9813 91.514 -0.215785
5.38318 102.28 -0.566849
16.1495 102.28 -0.910608
26.9159 102.28 -0.987182
37.6822 102.28 -0.983612
48.4486 102.28 -0.936825
59.215 102.28 -0.706328
69.9813 102.28 -0.306942
5.38318 113.047 -0.586053
16.1495 113.047 -0.940704
26.9159 113.047 -1.0275
37.6822 113.047 -1.029
48.4486 113.047 -0.972643
59.215 113.047 -0.766489
69.9813 113.047 -0.329094
5.38318 123.813 -0.579047
16.1495 123.813 -0.927989
26.9159 123.813 -1.00997
37.6822 123.813 -1.01228
48.4486 123.813 -0.959711
59.215 123.813 -0.75845
69.9813 123.813 -0.327673
5.38318 134.579 -0.548524
16.1495 134.579 -0.879355
26.9159 134.579 -0.966537
37.6822 134.579 -0.969891
48.4486 134.579 -0.919853
59.215 134.579 -0.691234
69.9813 134.579 -0.285846
5.38318 145.346 -0.479277
16.1495 145.346 -0.777679
26.9159 145.346 -0.853067
37.6822 145.346 -0.884374
48.4486 145.346 -0.849991
59.215 145.346 -0.609612
69.9813 145.346 -0.236586
5.38318 156.112 -0.250294
16.1495 156.112 -0.431968
26.9159 156.112 -0.547937
37.6822 156.112 -0.674264
48.4486 156.112 -0.718631
59.215 156.112 -0.522393
69.9813 156.112 -0.175634
5.38318 166.879 0.0418934
16.1495 166.879 -0.0140683
26.9159 166.879 -0.217564
37.6822 166.879 -0.52953
48.4486 166.879 -0.689035
59.215 166.879 -0.539383
69.9813 166.879 -0.17687
5.38318 177.645 0.663815
16.1495 177.645 1.00387
26.9159 177.645 0.573755
37.6822 177.645 -0.305723
48.4486 177.645 -0.622445
59.215 177.645 -0.546109
69.9813 177.645 -0.17991
5.38318 188.411 0.692388
16.1495 188.411 0.994355
26.9159 188.411 0.494066
37.6822 188.411 -0.333256
48.4486 188.411 -0.614584
59.215 188.411 -0.510296
69.9813 188.411 -0.147003
5.38318 199.178 0.523122
16.1495 199.178 0.678759
26.9159 199.178 0.173722
37.6822 199.178 -0.344232
48.4486 199.178 -0.506726
59.215 199.178 -0.348225
69.9813 199.178 -0.0310761
5.38318 209.944 0.254619
16.1495 209.944 0.236361
26.9159 209.944 -0.0674755
37.6822 209.944 -0.273723
48.4486 209.944 -0.276955
59.215 209.944 -0.11645
69.9813 209.944 0.243837
