37 188
0 168 72 40
0 144 72 72
0 134 72 82
0 72 72 144
0 0 72 216
5.38318 5.38318 0.445807
16.1495 5.38318 0.664689
26.9159 5.38318 0.891141
37.6822 5.38318 0.941183
48.4486 5.38318 0.936106
59.215 5.38318 0.736013
69.9813 5.38318 0.543892
5.38318 16.1495 0.629272
16.1495 16.1495 1.33085
26.9159 16.1495 2.00913
37.6822 16.1495 2.17217
48.4486 16.1495 2.1702
59.215 16.1495 1.67327
69.9813 16.1495 1.19831
5.38318 26.9159 0.536008
16.1495 26.9159 1.39328
26.9159 26.9159 2.45341
37.6822 26.9159 2.77225
48.4486 26.9159 2.97618
59.215 26.9159 2.41278
69.9813 26.9159 1.74472
5.38318 37.6822 0.369039
16.1495 37.6822 1.1456
26.9159 37.6822 2.2588
37.6822 37.6822 2.6789
48.4486 37.6822 2.97075
59.215 37.6822 2.50827
69.9813 37.6822 1.77641
5.38318 48.4486 0.147026
16.1495 48.4486 0.58887
26.9159 48.4486 1.39208
37.6822 48.4486 1.60134
48.4486 48.4486 2.05455
59.215 48.4486 1.9522
69.9813 48.4486 1.47513
5.38318 59.215 -0.0317816
16.1495 59.215 -0.0261879
26.9159 59.215 0.434108
37.6822 59.215 0.386205
48.4486 59.215 0.638955
59.215 59.215 0.761823
69.9813 59.215 0.693401
5.38318 69.9813 -0.211241
16.1495 69.9813 -0.34561
26.9159 69.9813 -0.206603
37.6822 69.9813 -0.271241
48.4486 69.9813 -0.169956
59.215 69.9813 -0.0828903
69.9813 69.9813 0.153625
5.38318 80.7477 -0.28804
16.1495 80.7477 -0.446266
26.9159 80.7477 -0.347472
37.6822 80.7477 -0.390803
48.4486 80.7477 -0.348737
59.215 80.7477 -0.293082
69.9813 80.7477 -0.123134
5.38318 91.514 -0.31481
16.1495 91.514 -0.475621
26.9159 91.514 -0.404414
37.6822 91.514 -0.430198
48.4486 91.514 -0.426037
59.215 91.514 -0.356549
69.9813 91.514 -0.168915
5.38318 102.28 -0.300711
16.1495 102.28 -0.454097
26.9159 102.28 -0.448476
37.6822 102.28 -0.435815
48.4486 102.28 -0.423453
59.215 102.28 -0.33406
69.9813 102.28 -0.153127
5.38318 113.047 -0.285347
16.1495 113.047 -0.432035
26.9159 113.047 -0.427464
37.6822 113.047 -0.432193
48.4486 113.047 -0.422628
59.215 113.047 -0.334668
69.9813 113.047 -0.147753
5.38318 123.813 -0.237073
16.1495 123.813 -0.36199
26.9159 123.813 -0.3407
37.6822 123.813 -0.358884
48.4486 123.813 -0.351276
59.215 123.813 -0.274512
69.9813 123.813 -0.109025
5.38318 134.579 -0.140482
16.1495 134.579 -0.198103
26.9159 134.579 -0.142295
37.6822 134.579 -0.172542
48.4486 134.579 -0.173624
59.215 134.579 -0.145164
69.9813 134.579 -0.0285935
5.38318 145.346 -0.0274182
16.1495 145.346 0.0393399
26.9159 145.346 0.438462
37.6822 145.346 0.491942
48.4486 145.346 0.531157
59.215 145.346 0.378389
69.9813 145.346 0.332156
5.38318 156.112 0.262602
16.1495 156.112 0.793873
26.9159 156.112 1.62809
37.6822 156.112 1.80813
48.4486 156.112 1.75793
59.215 156.112 1.20924
69.9813 156.112 0.780144
5.38318 166.879 0.576104
16.1495 166.879 1.47483
26.9159 166.879 2.75875
37.6822 166.879 2.95392
48.4486 166.879 2.84155
59.215 166.879 1.9894
69.9813 166.879 1.20262
5.38318 177.645 0.884704
16.1495 177.645 2.21611
26.9159 177.645 3.86604
37.6822 177.645 4.08245
48.4486 177.645 3.79185
59.215 177.645 2.51954
69.9813 177.645 1.47107
5.38318 188.411 1.01309
16.1495 188.411 2.34018
26.9159 188.411 4.02141
37.6822 188.411 4.18041
48.4486 188.411 3.81919
59.215 188.411 2.45662
69.9813 188.411 1.4264
5.38318 199.178 0.758805
16.1495 199.178 1.76101
26.9159 199.178 3.15885
37.6822 199.178 3.292
48.4486 199.178 2.94586
59.215 199.178 1.87304
69.9813 199.178 1.08183
5.38318 209.944 0.370016
16.1495 209.944 0.782122
26.9159 209.944 1.41983
37.6822 209.944 1.40589
48.4486 209.944 1.21387
59.215 209.944 0.766098
69.9813 209.944 0.473518
