48 37
0 17 72 40
0 1 72 72
0 0 72 82
0 0 72 144
0 0 72 216
5.38318 5.38318 0.191059
16.1495 5.38318 0.491438
26.9159 5.38318 1.26103
37.6822 5.38318 1.67491
48.4486 5.38318 1.78825
59.215 5.38318 1.37339
69.9813 5.38318 0.815869
5.38318 16.1495 0.247344
16.1495 16.1495 1.0532
26.9159 16.1495 2.72392
37.6822 16.1495 3.77019
48.4486 16.1495 3.98478
59.215 16.1495 2.96854
69.9813 16.1495 1.66926
5.38318 26.9159 -0.05581
16.1495 26.9159 0.914598
26.9159 26.9159 3.45163
37.6822 26.9159 5.39504
48.4486 26.9159 5.84822
59.215 26.9159 4.36378
69.9813 26.9159 2.3266
5.38318 37.6822 -0.0286551
16.1495 37.6822 0.980485
26.9159 37.6822 3.52828
37.6822 37.6822 5.68688
48.4486 37.6822 6.10616
59.215 37.6822 4.5456
69.9813 37.6822 2.3303
5.38318 48.4486 0.0629609
16.1495 48.4486 0.785985
26.9159 48.4486 2.62529
37.6822 48.4486 4.02521
48.4486 48.4486 4.40779
59.215 48.4486 3.52011
69.9813 48.4486 1.96837
5.38318 59.215 0.477145
16.1495 59.215 0.907057
26.9159 59.215 1.70527
37.6822 59.215 2.04431
48.4486 59.215 2.38788
59.215 59.215 2.272
69.9813 59.215 1.64184
5.38318 69.9813 0.512182
16.1495 69.9813 0.738548
26.9159 69.9813 1.21579
37.6822 69.9813 1.20703
48.4486 69.9813 1.8964
59.215 69.9813 2.04509
69.9813 69.9813 1.61957
5.38318 80.7477 0.062108
16.1495 80.7477 0.102101
26.9159 80.7477 0.588626
37.6822 80.7477 0.494635
48.4486 80.7477 0.899642
59.215 80.7477 1.06841
69.9813 80.7477 0.986335
5.38318 91.514 -0.247623
16.1495 91.514 -0.382164
26.9159 91.514 -0.291203
37.6822 91.514 -0.267719
48.4486 91.514 -0.150941
59.215 91.514 -0.0134386
69.9813 91.514 0.283977
5.38318 102.28 -0.294121
16.1495 102.28 -0.419678
26.9159 102.28 -0.334016
37.6822 102.28 -0.295451
48.4486 102.28 -0.275902
59.215 102.28 -0.208165
69.9813 102.28 -0.0675566
5.38318 113.047 -0.297329
16.1495 113.047 -0.446236
26.9159 113.047 -0.437653
37.6822 113.047 -0.42042
48.4486 113.047 -0.402457
59.215 113.047 -0.313561
69.9813 113.047 -0.136471
5.38318 123.813 -0.284245
16.1495 123.813 -0.41802
26.9159 123.813 -0.385991
37.6822 123.813 -0.356015
48.4486 123.813 -0.340503
59.215 123.813 -0.257067
69.9813 123.813 -0.105801
5.38318 134.579 -0.219836
16.1495 134.579 -0.298905
26.9159 134.579 -0.234329
37.6822 134.579 -0.191433
48.4486 134.579 -0.183941
59.215 134.579 -0.126615
69.9813 134.579 -0.0258803
5.38318 145.346 -0.131384
16.1495 145.346 -0.134659
26.9159 145.346 0.0396504
37.6822 145.346 0.216147
48.4486 145.346 0.298556
59.215 145.346 0.306774
69.9813 145.346 0.29583
5.38318 156.112 0.310379
16.1495 156.112 0.749988
26.9159 156.112 1.2997
37.6822 156.112 1.43621
48.4486 156.112 1.3708
59.215 156.112 1.05606
69.9813 156.112 0.724505
5.38318 166.879 0.836004
16.1495 166.879 1.76691
26.9159 166.879 2.58674
37.6822 166.879 2.77829
48.4486 166.879 2.59951
59.215 166.879 1.89219
69.9813 166.879 1.16316
5.38318 177.645 1.4113
16.1495 177.645 2.85816
26.9159 177.645 4.19455
37.6822 177.645 4.36483
48.4486 177.645 3.89069
59.215 177.645 2.64771
69.9813 177.645 1.53587
5.38318 188.411 1.48663
16.1495 188.411 3.16036
26.9159 188.411 4.78444
37.6822 188.411 5.01666
48.4486 188.411 4.4059
59.215 188.411 2.89331
69.9813 188.411 1.62032
5.38318 199.178 0.962886
16.1495 199.178 2.27094
26.9159 199.178 3.73069
37.6822 199.178 3.93807
48.4486 199.178 3.4469
59.215 199.178 2.2125
69.9813 199.178 1.24693
5.38318 209.944 0.413501
16.1495 209.944 1.02791
26.9159 209.944 1.72704
37.6822 209.944 1.77039
48.4486 209.944 1.53626
59.215 209.944 1.02703
69.9813 209.944 0.622425
