48 26
0 6 72 40
0 0 72 72
0 0 72 82
0 0 72 144
0 0 72 216
5.38318 5.38318 1.4057
16.1495 5.38318 2.03437
26.9159 5.38318 2.1677
37.6822 5.38318 2.14093
48.4486 5.38318 2.20095
59.215 5.38318 1.76514
69.9813 5.38318 1.06314
5.38318 16.1495 2.40114
16.1495 16.1495 3.70607
26.9159 16.1495 4.04894
37.6822 16.1495 4.01728
48.4486 16.1495 4.12797
59.215 16.1495 3.41394
69.9813 16.1495 2.06873
5.38318 26.9159 2.70605
16.1495 26.9159 4.38276
26.9159 26.9159 4.93538
37.6822 26.9159 5.00475
48.4486 26.9159 5.04289
59.215 26.9159 4.22046
69.9813 26.9159 2.54326
5.38318 37.6822 1.99636
16.1495 37.6822 3.40131
26.9159 37.6822 4.06752
37.6822 37.6822 4.16986
48.4486 37.6822 3.94475
59.215 37.6822 3.28263
69.9813 37.6822 1.9245
5.38318 48.4486 1.3707
16.1495 48.4486 2.36022
26.9159 48.4486 2.9765
37.6822 48.4486 2.9897
48.4486 48.4486 2.56414
59.215 48.4486 2.21797
69.9813 48.4486 1.30445
5.38318 59.215 1.14887
16.1495 59.215 1.97364
26.9159 59.215 2.63733
37.6822 59.215 2.65794
48.4486 59.215 2.27986
59.215 59.215 2.01072
69.9813 59.215 1.23224
5.38318 69.9813 0.62597
16.1495 69.9813 1.00629
26.9159 69.9813 1.49216
37.6822 69.9813 1.50286
48.4486 69.9813 1.33637
59.215 69.9813 1.37798
69.9813 69.9813 0.937071
5.38318 80.7477 -0.038541
16.1495 80.7477 -0.0220749
26.9159 80.7477 0.281347
37.6822 80.7477 0.24312
48.4486 80.7477 0.0648937
59.215 80.7477 0.172122
69.9813 80.7477 0.255473
5.38318 91.514 -0.240424
16.1495 91.514 -0.359331
26.9159 91.514 -0.303765
37.6822 91.514 -0.326812
48.4486 91.514 -0.333438
59.215 91.514 -0.243972
69.9813 91.514 -0.0800076
5.38318 102.28 -0.285368
16.1495 102.28 -0.438574
26.9159 102.28 -0.414179
37.6822 102.28 -0.433949
48.4486 102.28 -0.443393
59.215 102.28 -0.348534
69.9813 102.28 -0.159359
5.38318 113.047 -0.286629
16.1495 113.047 -0.434605
26.9159 113.047 -0.429429
37.6822 113.047 -0.435524
48.4486 113.047 -0.425665
59.215 113.047 -0.334536
69.9813 113.047 -0.146913
5.38318 123.813 -0.2371
16.1495 123.813 -0.36203
26.9159 123.813 -0.340743
37.6822 123.813 -0.35892
48.4486 123.813 -0.351324
59.215 123.813 -0.27455
69.9813 123.813 -0.109054
5.38318 134.579 -0.140483
16.1495 134.579 -0.198103
26.9159 134.579 -0.142295
37.6822 134.579 -0.172542
48.4486 134.579 -0.173624
59.215 134.579 -0.145165
69.9813 134.579 -0.0285933
5.38318 145.346 -0.0274183
16.1495 145.346 0.03934
26.9159 145.346 0.438461
37.6822 145.346 0.491943
48.4486 145.346 0.531158
59.215 145.346 0.37839
69.9813 145.346 0.332156
5.38318 156.112 0.262602
16.1495 156.112 0.793873
26.9159 156.112 1.62809
37.6822 156.112 1.80813
48.4486 156.112 1.75793
59.215 156.112 1.20924
69.9813 156.112 0.780145
5.38318 166.879 0.576105
16.1495 166.879 1.47483
26.9159 166.879 2.75875
37.6822 166.879 2.95393
48.4486 166.879 2.84155
59.215 166.879 1.9894
69.9813 166.879 1.20262
5.38318 177.645 0.884704
16.1495 177.645 2.21611
26.9159 177.645 3.86604
37.6822 177.645 4.08245
48.4486 177.645 3.79185
59.215 177.645 2.51954
69.9813 177.645 1.47107
5.38318 188.411 1.01309
16.1495 188.411 2.34018
26.9159 188.411 4.02141
37.6822 188.411 4.18041
48.4486 188.411 3.81919
59.215 188.411 2.45662
69.9813 188.411 1.4264
5.38318 199.178 0.758805
16.1495 199.178 1.76101
26.9159 199.178 3.15885
37.6822 199.178 3.292
48.4486 199.178 2.94586
59.215 199.178 1.87304
69.9813 199.178 1.08183
5.38318 209.944 0.370016
16.1495 209.944 0.782122
26.9159 209.944 1.41983
37.6822 209.944 1.40589
48.4486 209.944 1.21387
59.215 209.944 0.766098
69.9813 209.944 0.473518
