37 177
0 157 72 40
0 141 72 72
0 134 72 82
0 72 72 144
0 0 72 216
5.38318 5.38318 1.01673
16.1495 5.38318 1.66253
26.9159 5.38318 1.95088
37.6822 5.38318 1.58809
48.4486 5.38318 1.18714
59.215 5.38318 0.827955
69.9813 5.38318 0.524405
5.38318 16.1495 1.57447
16.1495 16.1495 2.85326
26.9159 16.1495 3.51174
37.6822 16.1495 3.01914
48.4486 16.1495 2.32209
59.215 16.1495 1.68778
69.9813 16.1495 1.07362
5.38318 26.9159 1.72994
16.1495 26.9159 3.17979
26.9159 26.9159 3.96995
37.6822 26.9159 3.56076
48.4486 26.9159 2.82554
59.215 26.9159 2.03259
69.9813 26.9159 1.25286
5.38318 37.6822 1.43826
16.1495 37.6822 2.56334
26.9159 37.6822 3.2271
37.6822 37.6822 3.21691
48.4486 37.6822 2.93521
59.215 37.6822 2.22599
69.9813 37.6822 1.34096
5.38318 48.4486 1.19465
16.1495 48.4486 2.15553
26.9159 48.4486 2.80255
37.6822 48.4486 3.09088
48.4486 48.4486 3.16289
59.215 48.4486 2.49449
69.9813 48.4486 1.55271
5.38318 59.215 1.1944
16.1495 59.215 2.13916
26.9159 59.215 2.69567
37.6822 59.215 2.88446
48.4486 59.215 2.97512
59.215 59.215 2.38763
69.9813 59.215 1.53313
5.38318 69.9813 0.65791
16.1495 69.9813 1.29485
26.9159 69.9813 1.82972
37.6822 69.9813 2.0144
48.4486 69.9813 2.10866
59.215 69.9813 1.65971
69.9813 69.9813 1.12454
5.38318 80.7477 -0.0328705
16.1495 80.7477 0.055227
26.9159 80.7477 0.348074
37.6822 80.7477 0.427522
48.4486 80.7477 0.516854
59.215 80.7477 0.423346
69.9813 80.7477 0.455299
5.38318 91.514 -0.265969
16.1495 91.514 -0.383646
26.9159 91.514 -0.301784
37.6822 91.514 -0.28225
48.4486 91.514 -0.261196
59.215 91.514 -0.229201
69.9813 91.514 -0.0700052
5.38318 102.28 -0.272198
16.1495 102.28 -0.385543
26.9159 102.28 -0.307292
37.6822 102.28 -0.292082
48.4486 102.28 -0.286044
59.215 102.28 -0.22672
69.9813 102.28 -0.0741975
5.38318 113.047 -0.27994
16.1495 113.047 -0.431601
26.9159 113.047 -0.419252
37.6822 113.047 -0.414605
48.4486 113.047 -0.395463
59.215 113.047 -0.303538
69.9813 113.047 -0.12732
5.38318 123.813 -0.17318
16.1495 123.813 -0.238631
26.9159 123.813 -0.16607
37.6822 123.813 -0.165396
48.4486 123.813 -0.177241
59.215 123.813 -0.140695
69.9813 123.813 -0.0392788
5.38318 134.579 0.0415442
16.1495 134.579 0.146433
26.9159 134.579 0.455928
37.6822 134.579 0.424163
48.4486 134.579 0.338677
59.215 134.579 0.259948
69.9813 134.579 0.240154
5.38318 145.346 0.514254
16.1495 145.346 1.11371
26.9159 145.346 1.835
37.6822 145.346 1.94503
48.4486 145.346 1.69485
59.215 145.346 1.17157
69.9813 145.346 0.689137
5.38318 156.112 0.979512
16.1495 156.112 2.17078
26.9159 156.112 3.21067
37.6822 156.112 3.26412
48.4486 156.112 2.75871
59.215 156.112 1.80935
69.9813 156.112 1.00246
5.38318 166.879 1.27563
16.1495 166.879 2.98744
26.9159 166.879 4.80507
37.6822 166.879 5.09598
48.4486 166.879 4.23746
59.215 166.879 2.51408
69.9813 166.879 1.29559
5.38318 177.645 1.38218
16.1495 177.645 3.452
26.9159 177.645 5.93776
37.6822 177.645 6.41757
48.4486 177.645 5.3099
59.215 177.645 2.91291
69.9813 177.645 1.38013
5.38318 188.411 1.26593
16.1495 188.411 3.22309
26.9159 188.411 5.74549
37.6822 188.411 6.35914
48.4486 188.411 5.24226
59.215 188.411 2.8111
69.9813 188.411 1.26235
5.38318 199.178 0.853254
16.1495 199.178 2.01759
26.9159 199.178 3.38909
37.6822 199.178 3.59807
48.4486 199.178 2.88184
59.215 199.178 1.45307
69.9813 199.178 0.638538
5.38318 209.944 0.565304
16.1495 209.944 1.02837
26.9159 209.944 1.20632
37.6822 209.944 1.04984
48.4486 209.944 0.645174
59.215 209.944 0.267876
69.9813 209.944 0.224889
