48 177
0 157 72 40
0 141 72 72
0 134 72 82
0 72 72 144
0 0 72 216
5.38318 5.38318 0.568656
16.1495 5.38318 0.780785
26.9159 5.38318 0.852176
37.6822 5.38318 0.804613
48.4486 5.38318 0.610834
59.215 5.38318 0.50587
69.9813 5.38318 0.334873
5.38318 16.1495 1.24852
16.1495 16.1495 2.06046
26.9159 16.1495 2.26141
37.6822 16.1495 2.0804
48.4486 16.1495 1.65193
59.215 16.1495 1.31784
69.9813 16.1495 0.793599
5.38318 26.9159 1.64025
16.1495 26.9159 2.79008
26.9159 26.9159 2.95286
37.6822 26.9159 2.60414
48.4486 26.9159 1.9685
59.215 26.9159 1.55342
69.9813 26.9159 0.958008
5.38318 37.6822 2.01153
16.1495 37.6822 3.45038
26.9159 37.6822 3.63945
37.6822 37.6822 2.96882
48.4486 37.6822 2.06409
59.215 37.6822 1.56866
69.9813 37.6822 0.96727
5.38318 48.4486 1.57368
16.1495 48.4486 2.6983
26.9159 48.4486 2.8365
37.6822 48.4486 2.13067
48.4486 48.4486 1.2553
59.215 48.4486 0.96234
69.9813 48.4486 0.70292
5.38318 59.215 0.624183
16.1495 59.215 1.03994
26.9159 59.215 1.20252
37.6822 59.215 0.792538
48.4486 59.215 0.435148
59.215 59.215 0.561277
69.9813 59.215 0.508948
5.38318 69.9813 -0.16162
16.1495 69.9813 -0.286332
26.9159 69.9813 -0.212977
37.6822 69.9813 -0.244027
48.4486 69.9813 -0.187547
59.215 69.9813 0.038216
69.9813 69.9813 0.304614
5.38318 80.7477 -0.183053
16.1495 80.7477 -0.294003
26.9159 80.7477 -0.204994
37.6822 80.7477 -0.202431
48.4486 80.7477 -0.113085
59.215 80.7477 0.149706
69.9813 80.7477 0.372401
5.38318 91.514 -0.200177
16.1495 91.514 -0.280852
26.9159 91.514 -0.198991
37.6822 91.514 -0.186883
48.4486 91.514 -0.125021
59.215 91.514 0.0195488
69.9813 91.514 0.266899
5.38318 102.28 -0.208178
16.1495 102.28 -0.280187
26.9159 102.28 -0.204257
37.6822 102.28 -0.191462
48.4486 102.28 -0.179253
59.215 102.28 -0.113631
69.9813 102.28 0.0312987
5.38318 113.047 -0.28725
16.1495 113.047 -0.426636
26.9159 113.047 -0.395316
37.6822 113.047 -0.386105
48.4486 113.047 -0.381973
59.215 113.047 -0.30626
69.9813 113.047 -0.13439
5.38318 123.813 -0.246701
16.1495 123.813 -0.349643
26.9159 123.813 -0.288493
37.6822 123.813 -0.280582
48.4486 123.813 -0.299626
59.215 123.813 -0.235563
69.9813 123.813 -0.0997842
5.38318 134.579 -0.171949
16.1495 134.579 -0.17448
26.9159 134.579 0.0200119
37.6822 134.579 0.167812
48.4486 134.579 0.0904701
59.215 134.579 0.0904712
69.9813 134.579 0.140882
5.38318 145.346 -0.0575424
16.1495 145.346 0.163876
26.9159 145.346 0.953083
37.6822 145.346 1.34421
48.4486 145.346 1.47405
59.215 145.346 1.22053
69.9813 145.346 0.829132
5.38318 156.112 0.033502
16.1495 156.112 0.691415
26.9159 156.112 2.16026
37.6822 156.112 3.00328
48.4486 156.112 3.29276
59.215 156.112 2.62837
69.9813 156.112 1.62453
5.38318 166.879 0.249357
16.1495 166.879 1.14467
26.9159 166.879 3.05562
37.6822 166.879 4.45428
48.4486 166.879 5.11786
59.215 166.879 4.07955
69.9813 166.879 2.48868
5.38318 177.645 0.403659
16.1495 177.645 1.37817
26.9159 177.645 3.24151
37.6822 177.645 4.80529
48.4486 177.645 5.52732
59.215 177.645 4.50288
69.9813 177.645 2.70805
5.38318 188.411 0.649219
16.1495 188.411 1.66452
26.9159 188.411 3.0353
37.6822 188.411 4.07411
48.4486 188.411 4.52104
59.215 188.411 3.65525
69.9813 188.411 2.26905
5.38318 199.178 0.660906
16.1495 199.178 1.43069
26.9159 199.178 2.03406
37.6822 199.178 2.15654
48.4486 199.178 2.20104
59.215 199.178 1.88628
69.9813 199.178 1.38433
5.38318 209.944 0.583836
16.1495 209.944 1.14038
26.9159 209.944 1.43278
37.6822 209.944 1.31231
48.4486 209.944 1.32844
59.215 209.944 1.26434
69.9813 209.944 1.07636
