48 177
0 157 72 40
0 141 72 72
0 134 72 82
0 72 72 144
0 0 72 216
5.38318 5.38318 0.336789
16.1495 5.38318 0.960057
26.9159 5.38318 1.69079
37.6822 5.38318 1.84578
48.4486 5.38318 1.43661
59.215 5.38318 0.785486
69.9813 5.38318 0.3123
5.38318 16.1495 0.594523
16.1495 16.1495 1.89134
26.9159 16.1495 3.26504
37.6822 16.1495 3.67729
48.4486 16.1495 2.88359
59.215 16.1495 1.62588
69.9813 16.1495 0.733655
5.38318 26.9159 0.629383
16.1495 26.9159 2.05152
26.9159 26.9159 3.67409
37.6822 26.9159 4.21486
48.4486 26.9159 3.37244
59.215 26.9159 1.93253
69.9813 26.9159 0.920262
5.38318 37.6822 0.892551
16.1495 37.6822 2.14289
26.9159 37.6822 3.40888
37.6822 37.6822 3.7784
48.4486 37.6822 3.16889
59.215 37.6822 2.00397
69.9813 37.6822 1.13143
5.38318 48.4486 1.06188
16.1495 48.4486 1.99769
26.9159 48.4486 2.67955
37.6822 48.4486 2.77055
48.4486 48.4486 2.65852
59.215 48.4486 1.97071
69.9813 48.4486 1.33098
5.38318 59.215 0.871764
16.1495 59.215 1.67211
26.9159 59.215 2.35094
37.6822 59.215 2.41399
48.4486 59.215 2.52895
59.215 59.215 1.92697
69.9813 59.215 1.33131
5.38318 69.9813 0.391741
16.1495 69.9813 0.855846
26.9159 69.9813 1.3341
37.6822 69.9813 1.34342
48.4486 69.9813 1.57144
59.215 69.9813 1.21196
69.9813 69.9813 0.93944
5.38318 80.7477 -0.0627816
16.1495 80.7477 -0.000802326
26.9159 80.7477 0.291796
37.6822 80.7477 0.20797
48.4486 80.7477 0.385277
59.215 80.7477 0.250761
69.9813 80.7477 0.371162
5.38318 91.514 -0.237862
16.1495 91.514 -0.340683
26.9159 91.514 -0.332464
37.6822 91.514 -0.336221
48.4486 91.514 -0.284818
59.215 91.514 -0.223735
69.9813 91.514 -0.0628434
5.38318 102.28 -0.29629
16.1495 102.28 -0.453085
26.9159 102.28 -0.440161
37.6822 102.28 -0.402708
48.4486 102.28 -0.360307
59.215 102.28 -0.282225
69.9813 102.28 -0.116277
5.38318 113.047 -0.295264
16.1495 113.047 -0.448245
26.9159 113.047 -0.422762
37.6822 113.047 -0.402521
48.4486 113.047 -0.37365
59.215 113.047 -0.285129
69.9813 113.047 -0.118946
5.38318 123.813 -0.253712
16.1495 123.813 -0.41477
26.9159 123.813 -0.352668
37.6822 123.813 -0.31136
48.4486 123.813 -0.270641
59.215 123.813 -0.160274
69.9813 123.813 -0.0486253
5.38318 134.579 -0.175834
16.1495 134.579 -0.280233
26.9159 134.579 -0.126007
37.6822 134.579 -0.0230329
48.4486 134.579 0.0283462
59.215 134.579 0.239322
69.9813 134.579 0.238392
5.38318 145.346 -0.0417449
16.1495 145.346 -0.0248774
26.9159 145.346 0.564154
37.6822 145.346 0.911252
48.4486 145.346 1.05545
59.215 145.346 1.07057
69.9813 145.346 0.725401
5.38318 156.112 0.284981
16.1495 156.112 0.864278
26.9159 156.112 1.91463
37.6822 156.112 2.56321
48.4486 156.112 2.65868
59.215 156.112 2.19683
69.9813 156.112 1.30605
5.38318 166.879 0.748841
16.1495 166.879 1.82767
26.9159 166.879 3.27918
37.6822 166.879 4.50967
48.4486 166.879 4.73472
59.215 166.879 3.63932
69.9813 166.879 1.96723
5.38318 177.645 1.00448
16.1495 177.645 2.22319
26.9159 177.645 3.97964
37.6822 177.645 5.75282
48.4486 177.645 5.95789
59.215 177.645 4.63071
69.9813 177.645 2.3772
5.38318 188.411 1.10597
16.1495 188.411 2.17677
26.9159 188.411 3.64427
37.6822 188.411 5.12936
48.4486 188.411 5.34171
59.215 188.411 4.19541
69.9813 188.411 2.13374
5.38318 199.178 0.924023
16.1495 199.178 1.59938
26.9159 199.178 2.11617
37.6822 199.178 2.58098
48.4486 199.178 2.49147
59.215 199.178 2.2107
69.9813 199.178 1.21153
5.38318 209.944 0.573464
16.1495 209.944 0.892511
26.9159 209.944 1.05158
37.6822 209.944 0.965334
48.4486 209.944 0.823245
59.215 209.944 0.921685
69.9813 209.944 0.609772
