37 188
0 168 72 40
0 144 72 72
0 134 72 82
0 72 72 144
0 0 72 216
5.38318 5.38318 0.581262
16.1495 5.38318 0.855528
26.9159 5.38318 0.981241
37.6822 5.38318 0.936444
48.4486 5.38318 0.911496
59.215 5.38318 0.756095
69.9813 5.38318 0.510486
5.38318 16.1495 1.03149
16.1495 16.1495 1.6802
26.9159 16.1495 1.95759
37.6822 16.1495 1.94274
48.4486 16.1495 1.8585
59.215 16.1495 1.64075
69.9813 16.1495 1.08035
5.38318 26.9159 1.30946
16.1495 26.9159 2.23389
26.9159 26.9159 2.56432
37.6822 26.9159 2.54813
48.4486 26.9159 2.24451
59.215 26.9159 2.0898
69.9813 26.9159 1.32244
5.38318 37.6822 1.35178
16.1495 37.6822 2.40994
26.9159 37.6822 2.83937
37.6822 37.6822 2.9775
48.4486 37.6822 2.55855
59.215 37.6822 2.40318
69.9813 37.6822 1.45562
5.38318 48.4486 1.11786
16.1495 48.4486 2.12154
26.9159 48.4486 2.47414
37.6822 48.4486 2.70279
48.4486 48.4486 2.09944
59.215 48.4486 2.02813
69.9813 48.4486 1.14407
5.38318 59.215 0.598306
16.1495 59.215 1.30988
26.9159 59.215 1.49615
37.6822 59.215 1.8255
48.4486 59.215 1.28861
59.215 59.215 1.54971
69.9813 59.215 0.926423
5.38318 69.9813 0.290442
16.1495 69.9813 0.562087
26.9159 69.9813 0.32654
37.6822 69.9813 0.312326
48.4486 69.9813 -0.131643
59.215 69.9813 0.421373
69.9813 69.9813 0.346646
5.38318 80.7477 -0.189653
16.1495 80.7477 -0.29244
26.9159 80.7477 -0.344851
37.6822 80.7477 -0.339478
48.4486 80.7477 -0.415611
59.215 80.7477 -0.122429
69.9813 80.7477 0.0529882
5.38318 91.514 -0.465551
16.1495 91.514 -0.773314
26.9159 91.514 -0.840855
37.6822 91.514 -0.878499
48.4486 91.514 -0.867533
59.215 91.514 -0.588555
69.9813 91.514 -0.245028
5.38318 102.28 -0.565618
16.1495 102.28 -0.913626
26.9159 102.28 -0.989757
37.6822 102.28 -0.996295
48.4486 102.28 -0.942021
59.215 102.28 -0.72036
69.9813 102.28 -0.307301
5.38318 113.047 -0.564843
16.1495 113.047 -0.910984
26.9159 113.047 -0.997236
37.6822 113.047 -0.995682
48.4486 113.047 -0.931453
59.215 113.047 -0.681337
69.9813 113.047 -0.27448
5.38318 123.813 -0.389686
16.1495 123.813 -0.667253
26.9159 123.813 -0.751543
37.6822 123.813 -0.770216
48.4486 123.813 -0.659616
59.215 123.813 -0.354094
69.9813 123.813 -0.0520967
5.38318 134.579 0.0450832
16.1495 134.579 -0.0642209
26.9159 134.579 -0.214262
37.6822 134.579 -0.226592
48.4486 134.579 0.0173871
59.215 134.579 0.736654
69.9813 134.579 0.838844
5.38318 145.346 1.26683
16.1495 145.346 1.75772
26.9159 145.346 1.31938
37.6822 145.346 1.17243
48.4486 145.346 1.78155
59.215 145.346 2.29027
69.9813 145.346 1.76126
5.38318 156.112 1.81863
16.1495 156.112 2.67716
26.9159 156.112 2.50775
37.6822 156.112 2.32084
48.4486 156.112 2.8046
59.215 156.112 3.07165
69.9813 156.112 2.26067
5.38318 166.879 1.64289
16.1495 166.879 2.64078
26.9159 166.879 2.97964
37.6822 166.879 2.91191
48.4486 166.879 3.13608
59.215 166.879 2.93339
69.9813 166.879 2.00121
5.38318 177.645 1.10616
16.1495 177.645 2.35259
26.9159 177.645 3.65765
37.6822 177.645 3.80271
48.4486 177.645 3.47261
59.215 177.645 2.29934
69.9813 177.645 1.37208
5.38318 188.411 0.890125
16.1495 188.411 2.19241
26.9159 188.411 4.01127
37.6822 188.411 4.4142
48.4486 188.411 4.02566
59.215 188.411 2.48966
69.9813 188.411 1.41083
5.38318 199.178 0.715593
16.1495 199.178 1.84479
26.9159 199.178 3.43888
37.6822 199.178 3.82362
48.4486 199.178 3.37063
59.215 199.178 2.10902
69.9813 199.178 1.1963
5.38318 209.944 0.351633
16.1495 209.944 0.834969
26.9159 209.944 1.45675
37.6822 209.944 1.54384
48.4486 209.944 1.41212
59.215 209.944 1.10601
69.9813 209.944 0.789227
