37 166
0 146 72 40
0 130 72 72
0 125 72 82
0 72 72 144
0 0 72 216
5.38318 5.38318 0.929892
16.1495 5.38318 1.63672
26.9159 5.38318 1.8713
37.6822 5.38318 1.63183
48.4486 5.38318 1.20899
59.215 5.38318 0.860721
69.9813 5.38318 0.515414
5.38318 16.1495 1.41431
16.1495 16.1495 2.72148
26.9159 16.1495 3.32596
37.6822 16.1495 3.12513
48.4486 16.1495 2.39178
59.215 16.1495 1.70068
69.9813 16.1495 1.02002
5.38318 26.9159 1.42953
16.1495 26.9159 2.82364
26.9159 26.9159 3.73543
37.6822 26.9159 3.80219
48.4486 26.9159 3.12839
59.215 26.9159 2.22716
69.9813 26.9159 1.27911
5.38318 37.6822 1.14359
16.1495 37.6822 2.15604
26.9159 37.6822 3.01386
37.6822 37.6822 3.45737
48.4486 37.6822 3.19387
59.215 37.6822 2.35098
69.9813 37.6822 1.27712
5.38318 48.4486 1.06491
16.1495 48.4486 1.97223
26.9159 48.4486 2.73167
37.6822 48.4486 3.17569
48.4486 48.4486 3.10661
59.215 48.4486 2.31027
69.9813 48.4486 1.33025
5.38318 59.215 1.0544
16.1495 59.215 1.93256
26.9159 59.215 2.5854
37.6822 59.215 2.86924
48.4486 59.215 2.8341
59.215 59.215 2.14402
69.9813 59.215 1.30162
5.38318 69.9813 0.413431
16.1495 69.9813 0.924601
26.9159 69.9813 1.57199
37.6822 69.9813 1.81433
48.4486 69.9813 1.83672
59.215 69.9813 1.27289
69.9813 69.9813 0.872423
5.38318 80.7477 -0.174271
16.1495 80.7477 -0.245239
26.9159 80.7477 -0.0981332
37.6822 80.7477 -0.112035
48.4486 80.7477 -0.0771318
59.215 80.7477 -0.048287
69.9813 80.7477 0.213073
5.38318 91.514 -0.467821
16.1495 91.514 -0.740577
26.9159 91.514 -0.688516
37.6822 91.514 -0.71282
48.4486 91.514 -0.672956
59.215 91.514 -0.528232
69.9813 91.514 -0.204322
5.38318 102.28 -0.534242
16.1495 102.28 -0.848758
26.9159 102.28 -0.878624
37.6822 102.28 -0.926876
48.4486 102.28 -0.893257
59.215 102.28 -0.658326
69.9813 102.28 -0.258948
5.38318 113.047 -0.580851
16.1495 113.047 -0.927998
26.9159 113.047 -1.01014
37.6822 113.047 -1.01266
48.4486 113.047 -0.962438
59.215 113.047 -0.757127
69.9813 113.047 -0.325161
5.38318 123.813 -0.579952
16.1495 123.813 -0.916996
26.9159 123.813 -0.981556
37.6822 123.813 -0.973804
48.4486 123.813 -0.928473
59.215 123.813 -0.72786
69.9813 123.813 -0.31842
5.38318 134.579 -0.556068
16.1495 134.579 -0.820455
26.9159 134.579 -0.70378
37.6822 134.579 -0.58306
48.4486 134.579 -0.624796
59.215 134.579 -0.527898
69.9813 134.579 -0.257526
5.38318 145.346 -0.450275
16.1495 145.346 -0.440168
26.9159 145.346 0.0864257
37.6822 145.346 0.719873
48.4486 145.346 0.193888
59.215 145.346 -0.0958343
69.9813 145.346 -0.100723
5.38318 156.112 -0.175085
16.1495 156.112 0.511599
26.9159 156.112 2.30022
37.6822 156.112 3.06371
48.4486 156.112 2.30697
59.215 156.112 1.22464
69.9813 156.112 0.414688
5.38318 166.879 0.350052
16.1495 166.879 1.54278
26.9159 166.879 3.4264
37.6822 166.879 4.23728
48.4486 166.879 3.43345
59.215 166.879 2.16122
69.9813 166.879 0.920257
5.38318 177.645 0.923256
16.1495 177.645 2.03637
26.9159 177.645 3.34881
37.6822 177.645 3.83639
48.4486 177.645 3.3005
59.215 177.645 2.30556
69.9813 177.645 1.2395
5.38318 188.411 1.06037
16.1495 188.411 1.59308
26.9159 188.411 2.11051
37.6822 188.411 2.03751
48.4486 188.411 1.92615
59.215 188.411 1.6085
69.9813 188.411 1.13596
5.38318 199.178 0.685029
16.1495 199.178 0.905585
26.9159 199.178 1.09664
37.6822 199.178 0.813356
48.4486 199.178 0.840744
59.215 199.178 0.810561
69.9813 199.178 0.748323
5.38318 209.944 0.12466
16.1495 209.944 0.152428
26.9159 209.944 0.352081
37.6822 209.944 0.229604
48.4486 209.944 0.235557
59.215 209.944 0.290705
69.9813 209.944 0.339116
