48 188
0 168 72 40
0 144 72 72
0 134 72 82
0 72 72 144
0 0 72 216
5.38318 5.38318 0.575662
16.1495 5.38318 1.02014
26.9159 5.38318 1.60185
37.6822 5.38318 1.67791
48.4486 5.38318 1.59163
59.215 5.38318 1.27163
69.9813 5.38318 0.789351
5.38318 16.1495 0.829697
16.1495 16.1495 1.84091
26.9159 16.1495 3.06791
37.6822 16.1495 3.30451
48.4486 16.1495 2.97753
59.215 16.1495 2.21258
69.9813 16.1495 1.31766
5.38318 26.9159 0.495455
16.1495 26.9159 1.58128
26.9159 26.9159 3.42146
37.6822 26.9159 3.77419
48.4486 26.9159 3.1937
59.215 26.9159 2.0679
69.9813 26.9159 1.11176
5.38318 37.6822 0.0753644
16.1495 37.6822 0.955792
26.9159 37.6822 2.69935
37.6822 37.6822 2.98485
48.4486 37.6822 2.2864
59.215 37.6822 1.06243
69.9813 37.6822 0.441121
5.38318 48.4486 -0.074268
16.1495 48.4486 0.435014
26.9159 48.4486 1.90426
37.6822 48.4486 2.09857
48.4486 48.4486 1.31852
59.215 48.4486 0.277857
69.9813 48.4486 -0.00328303
5.38318 59.215 -0.137195
16.1495 59.215 0.296898
26.9159 59.215 1.83471
37.6822 59.215 2.0271
48.4486 59.215 1.12914
59.215 59.215 -0.0216018
69.9813 59.215 -0.106017
5.38318 69.9813 -0.227933
16.1495 69.9813 -0.00840715
26.9159 69.9813 1.55101
37.6822 69.9813 1.77954
48.4486 69.9813 0.966366
59.215 69.9813 -0.110729
69.9813 69.9813 -0.149053
5.38318 80.7477 -0.360607
16.1495 80.7477 -0.337539
26.9159 80.7477 0.429149
37.6822 80.7477 0.429499
48.4486 80.7477 -0.160664
59.215 80.7477 -0.440184
69.9813 80.7477 -0.267554
5.38318 91.514 -0.511955
16.1495 91.514 -0.764616
26.9159 91.514 -0.602031
37.6822 91.514 -0.630279
48.4486 91.514 -0.718885
59.215 91.514 -0.680082
69.9813 91.514 -0.337056
5.38318 102.28 -0.564585
16.1495 102.28 -0.892653
26.9159 102.28 -0.947658
37.6822 102.28 -0.960417
48.4486 102.28 -0.94845
59.215 102.28 -0.782247
69.9813 102.28 -0.36437
5.38318 113.047 -0.573334
16.1495 113.047 -0.917513
26.9159 113.047 -0.996712
37.6822 113.047 -0.997161
48.4486 113.047 -0.945894
59.215 113.047 -0.737287
69.9813 113.047 -0.316084
5.38318 123.813 -0.494137
16.1495 123.813 -0.750011
26.9159 123.813 -0.718382
37.6822 123.813 -0.718294
48.4486 123.813 -0.691479
59.215 123.813 -0.525375
69.9813 123.813 -0.204239
5.38318 134.579 -0.23228
16.1495 134.579 -0.303096
26.9159 134.579 -0.161812
37.6822 134.579 -0.180846
48.4486 134.579 -0.178605
59.215 134.579 -0.116316
69.9813 134.579 0.116731
5.38318 145.346 0.395734
16.1495 145.346 0.919966
26.9159 145.346 1.55559
37.6822 145.346 1.48289
48.4486 145.346 1.3709
59.215 145.346 1.07827
69.9813 145.346 0.837086
5.38318 156.112 1.0929
16.1495 156.112 2.02087
26.9159 156.112 2.67173
37.6822 156.112 2.61265
48.4486 156.112 2.54764
59.215 156.112 2.15995
69.9813 156.112 1.49858
5.38318 166.879 1.6385
16.1495 166.879 2.75272
26.9159 166.879 3.38419
37.6822 166.879 3.29934
48.4486 166.879 3.40034
59.215 166.879 2.90101
69.9813 166.879 2.00956
5.38318 177.645 2.18037
16.1495 177.645 3.38239
26.9159 177.645 3.79215
37.6822 177.645 3.70587
48.4486 177.645 4.24756
59.215 177.645 3.87555
69.9813 177.645 2.67052
5.38318 188.411 2.53325
16.1495 188.411 3.9308
26.9159 188.411 4.41738
37.6822 188.411 4.28363
48.4486 188.411 5.00824
59.215 188.411 4.53641
69.9813 188.411 3.0916
5.38318 199.178 2.20532
16.1495 199.178 3.48391
26.9159 199.178 4.02485
37.6822 199.178 3.92503
48.4486 199.178 4.62662
59.215 199.178 4.14288
69.9813 199.178 2.81015
5.38318 209.944 1.03373
16.1495 209.944 1.65833
26.9159 209.944 1.9967
37.6822 209.944 1.87916
48.4486 209.944 2.23207
59.215 209.944 1.93146
69.9813 209.944 1.39735
