37 177
0 157 72 40
0 141 72 72
0 134 72 82
0 72 72 144
0 0 72 216
5.38318 5.38318 0.500729
16.1495 5.38318 0.879241
26.9159 5.38318 1.19104
37.6822 5.38318 1.14379
48.4486 5.38318 0.885539
59.215 5.38318 0.623516
69.9813 5.38318 0.371855
5.38318 16.1495 0.925796
16.1495 16.1495 1.78932
26.9159 16.1495 2.41586
37.6822 16.1495 2.44078
48.4486 16.1495 2.01893
59.215 16.1495 1.49712
69.9813 16.1495 0.912005
5.38318 26.9159 1.25458
16.1495 26.9159 2.3735
26.9159 26.9159 3.22177
37.6822 26.9159 3.25036
48.4486 26.9159 2.56459
59.215 26.9159 1.71317
69.9813 26.9159 0.9153
5.38318 37.6822 1.40512
16.1495 37.6822 2.59513
26.9159 37.6822 3.47948
37.6822 37.6822 3.56801
48.4486 37.6822 2.84598
59.215 37.6822 1.96704
69.9813 37.6822 1.07377
5.38318 48.4486 1.23708
16.1495 48.4486 2.18479
26.9159 48.4486 2.80847
37.6822 48.4486 2.75061
48.4486 48.4486 2.16817
59.215 48.4486 1.57724
69.9813 48.4486 0.90528
5.38318 59.215 0.791274
16.1495 59.215 1.39292
26.9159 59.215 1.61017
37.6822 59.215 1.28131
48.4486 59.215 0.78953
59.215 59.215 0.760463
69.9813 59.215 0.611966
5.38318 69.9813 0.110171
16.1495 69.9813 0.195732
26.9159 69.9813 0.228421
37.6822 69.9813 -0.107048
48.4486 69.9813 -0.229175
59.215 69.9813 -0.0913198
69.9813 69.9813 0.199648
5.38318 80.7477 -0.229767
16.1495 80.7477 -0.41395
26.9159 80.7477 -0.460009
37.6822 80.7477 -0.610917
48.4486 80.7477 -0.604922
59.215 80.7477 -0.385443
69.9813 80.7477 -0.0759204
5.38318 91.514 -0.522668
16.1495 91.514 -0.862307
26.9159 91.514 -0.862835
37.6822 91.514 -0.858622
48.4486 91.514 -0.764529
59.215 91.514 -0.519874
69.9813 91.514 -0.184017
5.38318 102.28 -0.568999
16.1495 102.28 -0.911133
26.9159 102.28 -0.965372
37.6822 102.28 -0.949886
48.4486 102.28 -0.891159
59.215 102.28 -0.662993
69.9813 102.28 -0.281219
5.38318 113.047 -0.575873
16.1495 113.047 -0.918194
26.9159 113.047 -0.993826
37.6822 113.047 -0.992743
48.4486 113.047 -0.943197
59.215 113.047 -0.737053
69.9813 113.047 -0.315955
5.38318 123.813 -0.545685
16.1495 123.813 -0.857106
26.9159 123.813 -0.881501
37.6822 123.813 -0.865988
48.4486 123.813 -0.799665
59.215 123.813 -0.603835
69.9813 123.813 -0.24281
5.38318 134.579 -0.406475
16.1495 134.579 -0.568119
26.9159 134.579 -0.444556
37.6822 134.579 -0.419831
48.4486 134.579 -0.388777
59.215 134.579 -0.336587
69.9813 134.579 -0.103646
5.38318 145.346 -0.124524
16.1495 145.346 -0.01432
26.9159 145.346 0.756681
37.6822 145.346 1.02432
48.4486 145.346 0.974774
59.215 145.346 0.492741
69.9813 145.346 0.422279
5.38318 156.112 0.597542
16.1495 156.112 1.7051
26.9159 156.112 3.00626
37.6822 156.112 3.39639
48.4486 156.112 3.00653
59.215 156.112 1.84567
69.9813 156.112 1.00709
5.38318 166.879 1.30683
16.1495 166.879 3.03946
26.9159 166.879 5.15616
37.6822 166.879 5.77775
48.4486 166.879 4.96318
59.215 166.879 2.96658
69.9813 166.879 1.49103
5.38318 177.645 1.57481
16.1495 177.645 3.55253
26.9159 177.645 5.94101
37.6822 177.645 6.50823
48.4486 177.645 5.45763
59.215 177.645 3.21862
69.9813 177.645 1.54397
5.38318 188.411 1.45787
16.1495 188.411 3.08475
26.9159 188.411 4.89635
37.6822 188.411 5.21945
48.4486 188.411 4.27128
59.215 188.411 2.69742
69.9813 188.411 1.35795
5.38318 199.178 0.970282
16.1495 199.178 1.73801
26.9159 199.178 2.13421
37.6822 199.178 2.11475
48.4486 199.178 1.59714
59.215 199.178 1.36885
69.9813 199.178 0.900951
5.38318 209.944 0.585847
16.1495 209.944 1.00116
26.9159 209.944 0.922369
37.6822 209.944 0.871357
48.4486 209.944 0.658197
59.215 209.944 0.919863
69.9813 209.944 0.735172
