37 188
0 168 72 40
0 144 72 72
0 134 72 82
0 72 72 144
0 0 72 216
5.38318 5.38318 0.692883
16.1495 5.38318 1.40071
26.9159 5.38318 1.75067
37.6822 5.38318 1.63761
48.4486 5.38318 1.37659
59.215 5.38318 1.11327
69.9813 5.38318 0.755976
5.38318 16.1495 1.02208
16.1495 16.1495 2.3019
26.9159 16.1495 2.98666
37.6822 16.1495 2.92148
48.4486 16.1495 2.63973
59.215 16.1495 2.12259
69.9813 16.1495 1.49277
5.38318 26.9159 1.12199
16.1495 26.9159 2.40766
26.9159 26.9159 3.08517
37.6822 26.9159 3.27582
48.4486 26.9159 3.21178
59.215 26.9159 2.71426
69.9813 26.9159 1.86344
5.38318 37.6822 1.10926
16.1495 37.6822 2.12244
26.9159 37.6822 2.67573
37.6822 37.6822 3.111
48.4486 37.6822 3.30892
59.215 37.6822 2.80155
69.9813 37.6822 1.83972
5.38318 48.4486 1.1515
16.1495 48.4486 2.12857
26.9159 48.4486 2.60491
37.6822 48.4486 3.03937
48.4486 48.4486 3.00417
59.215 48.4486 2.52625
69.9813 48.4486 1.54772
5.38318 59.215 0.720269
16.1495 59.215 1.52035
26.9159 59.215 1.84062
37.6822 59.215 1.87939
48.4486 59.215 1.44372
59.215 59.215 1.14131
69.9813 59.215 0.760068
5.38318 69.9813 -0.0442938
16.1495 69.9813 0.0679763
26.9159 69.9813 0.0445596
37.6822 69.9813 -0.121873
48.4486 69.9813 -0.304527
59.215 69.9813 -0.248941
69.9813 69.9813 -0.054611
5.38318 80.7477 -0.349791
16.1495 80.7477 -0.539182
26.9159 80.7477 -0.640656
37.6822 80.7477 -0.809992
48.4486 80.7477 -0.887294
59.215 80.7477 -0.703555
69.9813 80.7477 -0.295815
5.38318 91.514 -0.544539
16.1495 91.514 -0.881064
26.9159 91.514 -0.984714
37.6822 91.514 -1.00404
48.4486 91.514 -0.972299
59.215 91.514 -0.739456
69.9813 91.514 -0.316624
5.38318 102.28 -0.585802
16.1495 102.28 -0.938271
26.9159 102.28 -1.01724
37.6822 102.28 -1.00677
48.4486 102.28 -0.949788
59.215 102.28 -0.726337
69.9813 102.28 -0.311405
5.38318 113.047 -0.56347
16.1495 113.047 -0.906334
26.9159 113.047 -0.991335
37.6822 113.047 -0.98853
48.4486 113.047 -0.924936
59.215 113.047 -0.676247
69.9813 113.047 -0.272004
5.38318 123.813 -0.376735
16.1495 123.813 -0.637248
26.9159 123.813 -0.714205
37.6822 123.813 -0.735476
48.4486 123.813 -0.650856
59.215 123.813 -0.361626
69.9813 123.813 -0.0700984
5.38318 134.579 0.0440488
16.1495 134.579 -0.0525821
26.9159 134.579 -0.176047
37.6822 134.579 -0.216851
48.4486 134.579 -0.04502
59.215 134.579 0.586627
69.9813 134.579 0.705076
5.38318 145.346 1.27534
16.1495 145.346 1.80021
26.9159 145.346 1.50089
37.6822 145.346 1.2843
48.4486 145.346 1.65906
59.215 145.346 2.09504
69.9813 145.346 1.58233
5.38318 156.112 1.73859
16.1495 156.112 2.56184
26.9159 156.112 2.55588
37.6822 156.112 2.40149
48.4486 156.112 2.70127
59.215 156.112 2.8035
69.9813 156.112 2.03128
5.38318 166.879 1.70395
16.1495 166.879 2.76922
26.9159 166.879 3.37999
37.6822 166.879 3.46474
48.4486 166.879 3.47082
59.215 166.879 2.98312
69.9813 166.879 1.94204
5.38318 177.645 1.26183
16.1495 177.645 2.48368
26.9159 177.645 4.00909
37.6822 177.645 4.32906
48.4486 177.645 3.88972
59.215 177.645 2.52237
69.9813 177.645 1.42906
5.38318 188.411 1.18297
16.1495 188.411 2.51147
26.9159 188.411 4.52607
37.6822 188.411 4.92917
48.4486 188.411 4.33719
59.215 188.411 2.62332
69.9813 188.411 1.41196
5.38318 199.178 0.993595
16.1495 199.178 2.09745
26.9159 199.178 3.7846
37.6822 199.178 3.96519
48.4486 199.178 3.34383
59.215 199.178 1.9664
69.9813 199.178 1.08311
5.38318 209.944 0.551152
16.1495 209.944 1.04734
26.9159 209.944 1.72052
37.6822 209.944 1.66868
48.4486 209.944 1.42142
59.215 209.944 0.989421
69.9813 209.944 0.704426
