26 166
0 146 72 40
0 130 72 72
0 125 72 82
0 72 72 144
0 0 72 216
5.38318 5.38318 0.260199
16.1495 5.38318 0.362293
26.9159 5.38318 0.507694
37.6822 5.38318 0.452143
48.4486 5.38318 0.445382
59.215 5.38318 0.382635
69.9813 5.38318 0.285431
5.38318 16.1495 0.527359
16.1495 16.1495 0.999802
26.9159 16.1495 1.58152
37.6822 16.1495 1.60026
48.4486 16.1495 1.6233
59.215 16.1495 1.26319
69.9813 16.1495 0.873647
5.38318 26.9159 0.427173
16.1495 26.9159 1.1041
26.9159 26.9159 2.1878
37.6822 26.9159 2.3398
48.4486 26.9159 2.31145
59.215 26.9159 1.59365
69.9813 26.9159 1.10088
5.38318 37.6822 0.804228
16.1495 37.6822 2.029
26.9159 37.6822 3.66457
37.6822 37.6822 4.08496
48.4486 37.6822 3.95379
59.215 37.6822 2.65394
69.9813 37.6822 1.56884
5.38318 48.4486 0.796247
16.1495 48.4486 2.23541
26.9159 48.4486 4.15255
37.6822 48.4486 4.81746
48.4486 48.4486 4.49479
59.215 48.4486 2.9238
69.9813 48.4486 1.64069
5.38318 59.215 0.573652
16.1495 59.215 1.73388
26.9159 59.215 3.26022
37.6822 59.215 3.72464
48.4486 59.215 3.35271
59.215 59.215 2.19661
69.9813 59.215 1.246
5.38318 69.9813 -0.0900105
16.1495 69.9813 0.0368783
26.9159 69.9813 0.703966
37.6822 69.9813 0.86587
48.4486 69.9813 0.532704
59.215 69.9813 0.275747
69.9813 69.9813 0.256879
5.38318 80.7477 -0.38424
16.1495 80.7477 -0.592278
26.9159 80.7477 -0.546337
37.6822 80.7477 -0.530121
48.4486 80.7477 -0.53717
59.215 80.7477 -0.376285
69.9813 80.7477 -0.127244
5.38318 91.514 -0.579943
16.1495 91.514 -0.948126
26.9159 91.514 -1.03012
37.6822 91.514 -1.02727
48.4486 91.514 -0.936956
59.215 91.514 -0.682543
69.9813 91.514 -0.284854
5.38318 102.28 -0.598981
16.1495 102.28 -0.9602
26.9159 102.28 -1.03327
37.6822 102.28 -1.02951
48.4486 102.28 -0.972656
59.215 102.28 -0.749772
69.9813 102.28 -0.32347
5.38318 113.047 -0.560662
16.1495 113.047 -0.893293
26.9159 113.047 -0.97293
37.6822 113.047 -0.976171
48.4486 113.047 -0.927832
59.215 113.047 -0.698158
69.9813 113.047 -0.293453
5.38318 123.813 -0.407393
16.1495 123.813 -0.618644
26.9159 123.813 -0.601736
37.6822 123.813 -0.608242
48.4486 123.813 -0.569228
59.215 123.813 -0.395356
69.9813 123.813 -0.113997
5.38318 134.579 0.074534
16.1495 134.579 0.237472
26.9159 134.579 0.505886
37.6822 134.579 0.414509
48.4486 134.579 0.483195
59.215 134.579 0.491064
69.9813 134.579 0.593897
5.38318 145.346 1.46587
16.1495 145.346 2.56636
26.9159 145.346 3.00177
37.6822 145.346 2.88635
48.4486 145.346 2.8975
59.215 145.346 2.45712
69.9813 145.346 1.70788
5.38318 156.112 2.69439
16.1495 156.112 4.58255
26.9159 156.112 5.10176
37.6822 156.112 4.87829
48.4486 156.112 4.83598
59.215 156.112 4.07755
69.9813 156.112 2.65535
5.38318 166.879 3.05964
16.1495 166.879 5.24981
26.9159 166.879 5.75246
37.6822 166.879 5.59035
48.4486 166.879 5.50232
59.215 166.879 4.70064
69.9813 166.879 2.95293
5.38318 177.645 2.37257
16.1495 177.645 3.98561
26.9159 177.645 4.37667
37.6822 177.645 4.37813
48.4486 177.645 4.22626
59.215 177.645 3.59017
69.9813 177.645 2.20743
5.38318 188.411 1.192
16.1495 188.411 2.0889
26.9159 188.411 2.50494
37.6822 188.411 2.62498
48.4486 188.411 2.6294
59.215 188.411 2.29327
69.9813 188.411 1.47664
5.38318 199.178 0.755496
16.1495 199.178 1.41446
26.9159 199.178 1.84936
37.6822 199.178 1.93362
48.4486 199.178 1.90216
59.215 199.178 1.65757
69.9813 199.178 1.1133
5.38318 209.944 0.457574
16.1495 209.944 0.938282
26.9159 209.944 1.27948
37.6822 209.944 1.25896
48.4486 209.944 1.29504
59.215 209.944 1.194
69.9813 209.944 0.860698
