48 26
0 6 72 40
0 0 72 72
0 0 72 82
0 0 72 144
0 0 72 216
5.38318 5.38318 0.200768
16.1495 5.38318 0.401245
26.9159 5.38318 1.15779
37.6822 5.38318 1.50147
48.4486 5.38318 1.70765
59.215 5.38318 1.33408
69.9813 5.38318 0.829595
5.38318 16.1495 0.325531
16.1495 16.1495 1.0108
26.9159 16.1495 2.43931
37.6822 16.1495 3.30347
48.4486 16.1495 3.71097
59.215 16.1495 2.91922
69.9813 16.1495 1.74074
5.38318 26.9159 0.279871
16.1495 26.9159 1.14382
26.9159 26.9159 3.10155
37.6822 26.9159 4.57437
48.4486 26.9159 5.27841
59.215 26.9159 4.24276
69.9813 26.9159 2.45658
5.38318 37.6822 0.70245
16.1495 37.6822 1.80896
26.9159 37.6822 3.38867
37.6822 37.6822 4.77891
48.4486 37.6822 5.26087
59.215 37.6822 4.21903
69.9813 37.6822 2.41952
5.38318 48.4486 1.1742
16.1495 48.4486 2.22631
26.9159 48.4486 3.17977
37.6822 48.4486 3.70191
48.4486 48.4486 3.85454
59.215 48.4486 3.1466
69.9813 48.4486 1.95282
5.38318 59.215 1.45246
16.1495 59.215 2.46958
26.9159 59.215 2.77691
37.6822 59.215 2.37647
48.4486 59.215 2.1759
59.215 59.215 1.88464
69.9813 59.215 1.47738
5.38318 69.9813 1.28925
16.1495 69.9813 2.06356
26.9159 69.9813 2.07783
37.6822 69.9813 1.34503
48.4486 69.9813 1.2339
59.215 69.9813 1.52951
69.9813 69.9813 1.44314
5.38318 80.7477 0.482838
16.1495 80.7477 0.695278
26.9159 80.7477 0.369624
37.6822 80.7477 -0.222799
48.4486 80.7477 -0.288063
59.215 80.7477 0.182695
69.9813 80.7477 0.674508
5.38318 91.514 -0.322094
16.1495 91.514 -0.578399
26.9159 91.514 -0.738224
37.6822 91.514 -0.922257
48.4486 91.514 -0.909184
59.215 91.514 -0.556495
69.9813 91.514 -0.144638
5.38318 102.28 -0.550774
16.1495 102.28 -0.905317
26.9159 102.28 -1.02961
37.6822 102.28 -1.05633
48.4486 102.28 -1.00203
59.215 102.28 -0.75621
69.9813 102.28 -0.30426
5.38318 113.047 -0.577499
16.1495 113.047 -0.930141
26.9159 113.047 -1.02178
37.6822 113.047 -1.02611
48.4486 113.047 -0.970741
59.215 113.047 -0.75819
69.9813 113.047 -0.323705
5.38318 123.813 -0.474012
16.1495 123.813 -0.781729
26.9159 123.813 -0.83963
37.6822 123.813 -0.822099
48.4486 123.813 -0.721255
59.215 123.813 -0.483505
69.9813 123.813 -0.162741
5.38318 134.579 -0.119867
16.1495 134.579 -0.256397
26.9159 134.579 -0.338198
37.6822 134.579 -0.253113
48.4486 134.579 -0.127473
59.215 134.579 0.0401151
69.9813 134.579 0.314664
5.38318 145.346 1.05671
16.1495 145.346 1.42509
26.9159 145.346 1.27088
37.6822 145.346 1.56458
48.4486 145.346 1.86345
59.215 145.346 1.69802
69.9813 145.346 1.16929
5.38318 156.112 1.76274
16.1495 156.112 2.50616
26.9159 156.112 2.50098
37.6822 156.112 2.82271
48.4486 156.112 3.03923
59.215 156.112 2.61071
69.9813 156.112 1.62037
5.38318 166.879 1.61986
16.1495 166.879 2.42587
26.9159 166.879 2.73904
37.6822 166.879 3.03379
48.4486 166.879 3.06941
59.215 166.879 2.48061
69.9813 166.879 1.49976
5.38318 177.645 0.557114
16.1495 177.645 1.18302
26.9159 177.645 1.96214
37.6822 177.645 2.3462
48.4486 177.645 2.17247
59.215 177.645 1.57154
69.9813 177.645 0.915398
5.38318 188.411 -0.105535
16.1495 188.411 0.25725
26.9159 188.411 1.36169
37.6822 188.411 1.83044
48.4486 188.411 1.53441
59.215 188.411 0.93588
69.9813 188.411 0.569494
5.38318 199.178 -0.254692
16.1495 199.178 -0.138782
26.9159 199.178 0.929767
37.6822 199.178 1.60079
48.4486 199.178 1.58323
59.215 199.178 1.07585
69.9813 199.178 0.726569
5.38318 209.944 -0.216605
16.1495 209.944 -0.130306
26.9159 209.944 0.733754
37.6822 209.944 1.29426
48.4486 209.944 1.3883
59.215 209.944 0.994127
69.9813 209.944 0.680238
