37 177
0 157 72 40
0 141 72 72
0 134 72 82
0 72 72 144
0 0 72 216
5.38318 5.38318 0.648249
16.1495 5.38318 1.20279
26.9159 5.38318 1.68414
37.6822 5.38318 1.7708
48.4486 5.38318 1.59318
59.215 5.38318 1.12779
69.9813 5.38318 0.643159
5.38318 16.1495 1.23642
16.1495 16.1495 2.45777
26.9159 16.1495 3.54038
37.6822 16.1495 3.69235
48.4486 16.1495 3.27101
59.215 16.1495 2.25621
69.9813 16.1495 1.28515
5.38318 26.9159 1.58818
16.1495 26.9159 3.1944
26.9159 26.9159 4.92872
37.6822 26.9159 5.25973
48.4486 26.9159 4.79802
59.215 26.9159 3.26652
69.9813 26.9159 1.83779
5.38318 37.6822 1.72433
16.1495 37.6822 3.25415
26.9159 37.6822 5.04522
37.6822 37.6822 5.31865
48.4486 37.6822 4.90436
59.215 37.6822 3.37963
69.9813 37.6822 1.92597
5.38318 48.4486 1.55372
16.1495 48.4486 2.54924
26.9159 48.4486 3.66222
37.6822 48.4486 3.63454
48.4486 48.4486 3.56688
59.215 48.4486 2.72063
69.9813 48.4486 1.75855
5.38318 59.215 0.796997
16.1495 59.215 1.11139
26.9159 59.215 1.29522
37.6822 59.215 1.22721
48.4486 59.215 1.49956
59.215 59.215 1.76001
69.9813 59.215 1.37718
5.38318 69.9813 0.0782613
16.1495 69.9813 0.170795
26.9159 69.9813 0.166875
37.6822 69.9813 0.331956
48.4486 69.9813 0.69835
59.215 69.9813 1.19406
69.9813 69.9813 1.08569
5.38318 80.7477 -0.23487
16.1495 80.7477 -0.276012
26.9159 80.7477 -0.212856
37.6822 80.7477 -0.0659564
48.4486 80.7477 0.0659213
59.215 80.7477 0.493864
69.9813 80.7477 0.560499
5.38318 91.514 -0.339506
16.1495 91.514 -0.462932
26.9159 91.514 -0.359136
37.6822 91.514 -0.288528
48.4486 91.514 -0.276075
59.215 91.514 -0.188718
69.9813 91.514 -0.0459251
5.38318 102.28 -0.306431
16.1495 102.28 -0.428531
26.9159 102.28 -0.340016
37.6822 102.28 -0.298575
48.4486 102.28 -0.314077
59.215 102.28 -0.263401
69.9813 102.28 -0.11939
5.38318 113.047 -0.298712
16.1495 113.047 -0.451689
26.9159 113.047 -0.456371
37.6822 113.047 -0.441342
48.4486 113.047 -0.427217
59.215 113.047 -0.337882
69.9813 113.047 -0.149813
5.38318 123.813 -0.292101
16.1495 123.813 -0.446054
26.9159 123.813 -0.45213
37.6822 123.813 -0.446388
48.4486 123.813 -0.421169
59.215 123.813 -0.316516
69.9813 123.813 -0.133393
5.38318 134.579 -0.224964
16.1495 134.579 -0.33321
26.9159 134.579 -0.297463
37.6822 134.579 -0.283713
48.4486 134.579 -0.261102
59.215 134.579 -0.187416
69.9813 134.579 -0.0604868
5.38318 145.346 -0.0180695
16.1495 145.346 0.0525123
26.9159 145.346 0.348697
37.6822 145.346 0.471951
48.4486 145.346 0.429855
59.215 145.346 0.346452
69.9813 145.346 0.271225
5.38318 156.112 0.624498
16.1495 156.112 1.22849
26.9159 156.112 1.95155
37.6822 156.112 2.10805
48.4486 156.112 1.89871
59.215 156.112 1.36074
69.9813 156.112 0.792569
5.38318 166.879 1.34849
16.1495 166.879 2.57962
26.9159 166.879 3.80853
37.6822 166.879 4.05858
48.4486 166.879 3.46597
59.215 166.879 2.32785
69.9813 166.879 1.22969
5.38318 177.645 1.67836
16.1495 177.645 3.28558
26.9159 177.645 5.07279
37.6822 177.645 5.34592
48.4486 177.645 4.50514
59.215 177.645 2.82476
69.9813 177.645 1.44238
5.38318 188.411 1.54271
16.1495 188.411 3.09033
26.9159 188.411 4.90373
37.6822 188.411 5.07583
48.4486 188.411 4.05168
59.215 188.411 2.38953
69.9813 188.411 1.17202
5.38318 199.178 0.669166
16.1495 199.178 1.49537
26.9159 199.178 2.60292
37.6822 199.178 2.67687
48.4486 199.178 2.12259
59.215 199.178 1.18142
69.9813 199.178 0.705045
5.38318 209.944 0.227304
16.1495 209.944 0.592884
26.9159 209.944 0.996586
37.6822 209.944 1.0414
48.4486 209.944 0.746266
59.215 209.944 0.525007
69.9813 209.944 0.434208
