37 37
0 17 72 40
0 1 72 72
0 0 72 82
0 0 72 144
0 0 72 216
5.38318 5.38318 0.440348
16.1495 5.38318 0.943232
26.9159 5.38318 1.47659
37.6822 5.38318 1.73178
48.4486 5.38318 1.55511
59.215 5.38318 1.00607
69.9813 5.38318 0.530503
5.38318 16.1495 0.676337
16.1495 16.1495 1.78623
26.9159 16.1495 3.02297
37.6822 16.1495 3.81805
48.4486 16.1495 3.52143
59.215 16.1495 2.31023
69.9813 16.1495 1.19942
5.38318 26.9159 0.596905
16.1495 26.9159 1.98496
26.9159 26.9159 3.91397
37.6822 26.9159 5.27812
48.4486 26.9159 4.99994
59.215 26.9159 3.20461
69.9813 26.9159 1.56501
5.38318 37.6822 0.597793
16.1495 37.6822 1.96982
26.9159 37.6822 3.88204
37.6822 37.6822 5.32877
48.4486 37.6822 5.02182
59.215 37.6822 3.28047
69.9813 37.6822 1.58796
5.38318 48.4486 0.405666
16.1495 48.4486 1.46318
26.9159 48.4486 2.85977
37.6822 48.4486 3.87384
48.4486 48.4486 3.53723
59.215 48.4486 2.47284
69.9813 48.4486 1.25223
5.38318 59.215 0.151972
16.1495 59.215 0.869947
26.9159 59.215 1.59497
37.6822 59.215 2.2429
48.4486 59.215 1.84778
59.215 59.215 1.52318
69.9813 59.215 0.88075
5.38318 69.9813 -0.211719
16.1495 69.9813 -0.208343
26.9159 69.9813 -0.096598
37.6822 69.9813 0.432229
48.4486 69.9813 0.358653
59.215 69.9813 0.827588
69.9813 69.9813 0.589737
5.38318 80.7477 -0.462956
16.1495 80.7477 -0.733537
26.9159 80.7477 -0.725831
37.6822 80.7477 -0.577926
48.4486 80.7477 -0.395115
59.215 80.7477 -0.0522133
69.9813 80.7477 0.26169
5.38318 91.514 -0.579872
16.1495 91.514 -0.949908
26.9159 91.514 -1.04747
37.6822 91.514 -1.02799
48.4486 91.514 -0.938609
59.215 91.514 -0.618563
69.9813 91.514 -0.235275
5.38318 102.28 -0.593635
16.1495 102.28 -0.956669
26.9159 102.28 -1.04654
37.6822 102.28 -1.04465
48.4486 102.28 -0.987176
59.215 102.28 -0.775982
69.9813 102.28 -0.339372
5.38318 113.047 -0.58904
16.1495 113.047 -0.940346
26.9159 113.047 -1.01684
37.6822 113.047 -1.00614
48.4486 113.047 -0.949062
59.215 113.047 -0.73664
69.9813 113.047 -0.316526
5.38318 123.813 -0.578581
16.1495 123.813 -0.89769
26.9159 123.813 -0.932822
37.6822 123.813 -0.852119
48.4486 123.813 -0.773992
59.215 123.813 -0.568086
69.9813 123.813 -0.235741
5.38318 134.579 -0.559359
16.1495 134.579 -0.816684
26.9159 134.579 -0.631492
37.6822 134.579 -0.326274
48.4486 134.579 -0.206362
59.215 134.579 -0.0857653
69.9813 134.579 0.041979
5.38318 145.346 -0.51849
16.1495 145.346 -0.557799
26.9159 145.346 -0.0088135
37.6822 145.346 1.39607
48.4486 145.346 1.87965
59.215 145.346 1.56472
69.9813 145.346 0.980873
5.38318 156.112 -0.389822
16.1495 156.112 -0.202195
26.9159 156.112 1.31607
37.6822 156.112 3.09177
48.4486 156.112 3.73543
59.215 156.112 3.12614
69.9813 156.112 1.86824
5.38318 166.879 -0.137408
16.1495 166.879 0.471231
26.9159 166.879 2.29998
37.6822 166.879 4.00237
48.4486 166.879 4.82121
59.215 166.879 4.05448
69.9813 166.879 2.46102
5.38318 177.645 0.495035
16.1495 177.645 1.4685
26.9159 177.645 2.83849
37.6822 177.645 4.04654
48.4486 177.645 4.61439
59.215 177.645 3.9672
69.9813 177.645 2.44424
5.38318 188.411 1.16779
16.1495 188.411 2.39652
26.9159 188.411 3.60482
37.6822 188.411 4.11739
48.4486 188.411 4.1377
59.215 188.411 3.43185
69.9813 188.411 2.08682
5.38318 199.178 1.46627
16.1495 199.178 2.81523
26.9159 199.178 3.80923
37.6822 199.178 3.88875
48.4486 199.178 3.56942
59.215 199.178 2.93668
69.9813 199.178 1.79888
5.38318 209.944 1.02184
16.1495 209.944 1.93277
26.9159 209.944 2.7022
37.6822 209.944 2.84452
48.4486 209.944 2.66542
59.215 209.944 2.18763
69.9813 209.944 1.321
