37 188
0 168 72 40
0 144 72 72
0 134 72 82
0 72 72 144
0 0 72 216
5.38318 5.38318 0.316001
16.1495 5.38318 0.534341
26.9159 5.38318 0.733573
37.6822 5.38318 1.00408
48.4486 5.38318 1.19086
59.215 5.38318 1.11739
69.9813 5.38318 0.748802
5.38318 16.1495 0.46227
16.1495 16.1495 0.853389
26.9159 16.1495 1.24485
37.6822 16.1495 1.67396
48.4486 16.1495 2.06471
59.215 16.1495 2.00677
69.9813 16.1495 1.40689
5.38318 26.9159 0.256798
16.1495 26.9159 0.676307
26.9159 26.9159 1.2379
37.6822 26.9159 1.76462
48.4486 26.9159 2.26669
59.215 26.9159 2.26322
69.9813 26.9159 1.61612
5.38318 37.6822 0.19558
16.1495 37.6822 0.546066
26.9159 37.6822 1.03198
37.6822 37.6822 1.47646
48.4486 37.6822 1.91443
59.215 37.6822 1.87984
69.9813 37.6822 1.36817
5.38318 48.4486 0.235844
16.1495 48.4486 0.588711
26.9159 48.4486 0.928565
37.6822 48.4486 1.40892
48.4486 48.4486 1.81984
59.215 48.4486 1.79145
69.9813 48.4486 1.2954
5.38318 59.215 0.377681
16.1495 59.215 0.716129
26.9159 59.215 0.787832
37.6822 59.215 1.1217
48.4486 59.215 1.37199
59.215 59.215 1.48026
69.9813 59.215 1.12171
5.38318 69.9813 -0.00424217
16.1495 69.9813 -0.0166471
26.9159 69.9813 -0.0246467
37.6822 69.9813 0.363821
48.4486 69.9813 0.636435
59.215 69.9813 0.993281
69.9813 69.9813 0.818018
5.38318 80.7477 -0.258092
16.1495 80.7477 -0.43291
26.9159 80.7477 -0.460394
37.6822 80.7477 -0.342528
48.4486 80.7477 -0.254624
59.215 80.7477 0.111804
69.9813 80.7477 0.315124
5.38318 91.514 -0.522665
16.1495 91.514 -0.850301
26.9159 91.514 -0.9087
37.6822 91.514 -0.84546
48.4486 91.514 -0.740474
59.215 91.514 -0.435599
69.9813 91.514 -0.149683
5.38318 102.28 -0.569757
16.1495 102.28 -0.918068
26.9159 102.28 -0.995136
37.6822 102.28 -0.988599
48.4486 102.28 -0.933262
59.215 102.28 -0.691072
69.9813 102.28 -0.294033
5.38318 113.047 -0.580153
16.1495 113.047 -0.925291
26.9159 113.047 -0.999705
37.6822 113.047 -0.999863
48.4486 113.047 -0.949856
59.215 113.047 -0.74846
69.9813 113.047 -0.323224
5.38318 123.813 -0.547944
16.1495 123.813 -0.853902
26.9159 123.813 -0.87139
37.6822 123.813 -0.853471
48.4486 123.813 -0.81637
59.215 123.813 -0.62886
69.9813 123.813 -0.267738
5.38318 134.579 -0.439173
16.1495 134.579 -0.611297
26.9159 134.579 -0.467214
37.6822 134.579 -0.42867
48.4486 134.579 -0.438261
59.215 134.579 -0.363645
69.9813 134.579 -0.13913
5.38318 145.346 -0.122097
16.1495 145.346 0.00857802
26.9159 145.346 0.789583
37.6822 145.346 0.949491
48.4486 145.346 0.7108
59.215 145.346 0.389885
69.9813 145.346 0.275455
5.38318 156.112 0.58689
16.1495 156.112 1.54191
26.9159 156.112 2.53626
37.6822 156.112 2.77153
48.4486 156.112 2.39009
59.215 156.112 1.64062
69.9813 156.112 0.860572
5.38318 166.879 1.43461
16.1495 166.879 3.03734
26.9159 166.879 4.31256
37.6822 166.879 4.59455
48.4486 166.879 3.81725
59.215 166.879 2.6583
69.9813 166.879 1.37237
5.38318 177.645 1.74976
16.1495 177.645 3.81795
26.9159 177.645 5.54304
37.6822 177.645 5.95255
48.4486 177.645 4.9318
59.215 177.645 3.26083
69.9813 177.645 1.67204
5.38318 188.411 1.71267
16.1495 188.411 3.91325
26.9159 188.411 5.84966
37.6822 188.411 6.30518
48.4486 188.411 5.00358
59.215 188.411 3.14021
69.9813 188.411 1.56321
5.38318 199.178 0.939648
16.1495 199.178 2.36137
26.9159 199.178 3.73076
37.6822 199.178 4.00429
48.4486 199.178 3.15166
59.215 199.178 2.03241
69.9813 199.178 1.12665
5.38318 209.944 0.466507
16.1495 209.944 1.12988
26.9159 209.944 1.57506
37.6822 209.944 1.61165
48.4486 209.944 1.27311
59.215 209.944 1.02969
69.9813 209.944 0.696288
