37 37
0 17 72 40
0 1 72 72
0 0 72 82
0 0 72 144
0 0 72 216
5.38318 5.38318 0.549771
16.1495 5.38318 1.12171
26.9159 5.38318 1.63538
37.6822 5.38318 1.86911
48.4486 5.38318 1.56358
59.215 5.38318 1.05802
69.9813 5.38318 0.52094
5.38318 16.1495 0.994513
16.1495 16.1495 2.24369
26.9159 16.1495 3.51001
37.6822 16.1495 4.05345
48.4486 16.1495 3.43997
59.215 16.1495 2.24908
69.9813 16.1495 1.12426
5.38318 26.9159 1.33452
16.1495 26.9159 3.16892
26.9159 26.9159 5.206
37.6822 26.9159 5.92548
48.4486 26.9159 4.84972
59.215 26.9159 2.99218
69.9813 26.9159 1.3955
5.38318 37.6822 1.37444
16.1495 37.6822 3.31693
26.9159 37.6822 5.56512
37.6822 37.6822 6.21972
48.4486 37.6822 5.04945
59.215 37.6822 3.04431
69.9813 37.6822 1.41773
5.38318 48.4486 1.25001
16.1495 48.4486 2.86844
26.9159 48.4486 4.58355
37.6822 48.4486 4.82681
48.4486 48.4486 3.77361
59.215 48.4486 2.31301
69.9813 48.4486 1.12484
5.38318 59.215 0.707252
16.1495 59.215 1.48275
26.9159 59.215 2.12112
37.6822 59.215 2.1756
48.4486 59.215 1.74485
59.215 59.215 1.347
69.9813 59.215 0.946943
5.38318 69.9813 0.306122
16.1495 69.9813 0.560358
26.9159 69.9813 0.587872
37.6822 69.9813 0.470897
48.4486 69.9813 0.362074
59.215 69.9813 0.521498
69.9813 69.9813 0.62401
5.38318 80.7477 -0.215482
16.1495 80.7477 -0.38961
26.9159 80.7477 -0.487041
37.6822 80.7477 -0.573541
48.4486 80.7477 -0.4913
59.215 80.7477 -0.295211
69.9813 80.7477 0.0186381
5.38318 91.514 -0.519837
16.1495 91.514 -0.872396
26.9159 91.514 -1.00445
37.6822 91.514 -1.03789
48.4486 91.514 -0.974246
59.215 91.514 -0.701408
69.9813 91.514 -0.272471
5.38318 102.28 -0.585623
16.1495 102.28 -0.951366
26.9159 102.28 -1.05488
37.6822 102.28 -1.0556
48.4486 102.28 -0.990086
59.215 102.28 -0.768617
69.9813 102.28 -0.329165
5.38318 113.047 -0.587353
16.1495 113.047 -0.933507
26.9159 113.047 -1.01087
37.6822 113.047 -1.00323
48.4486 113.047 -0.951424
59.215 113.047 -0.743019
69.9813 113.047 -0.320193
5.38318 123.813 -0.570852
16.1495 123.813 -0.858722
26.9159 123.813 -0.81581
37.6822 123.813 -0.697837
48.4486 123.813 -0.688129
59.215 123.813 -0.551577
69.9813 123.813 -0.249877
5.38318 134.579 -0.547957
16.1495 134.579 -0.706221
26.9159 134.579 -0.360607
37.6822 134.579 -0.0182212
48.4486 134.579 -0.111298
59.215 134.579 -0.194471
69.9813 134.579 -0.112129
5.38318 145.346 -0.493038
16.1495 145.346 -0.342656
26.9159 145.346 1.07257
37.6822 145.346 2.37748
48.4486 145.346 1.94054
59.215 145.346 0.952279
69.9813 145.346 0.31405
5.38318 156.112 -0.285747
16.1495 156.112 0.211678
26.9159 156.112 2.52867
37.6822 156.112 3.78997
48.4486 156.112 3.19327
59.215 156.112 1.77918
69.9813 156.112 0.592725
5.38318 166.879 0.0532335
16.1495 166.879 1.33388
26.9159 166.879 3.42448
37.6822 166.879 4.29026
48.4486 166.879 3.4276
59.215 166.879 1.87965
69.9813 166.879 0.648757
5.38318 177.645 0.937656
16.1495 177.645 2.44159
26.9159 177.645 4.00068
37.6822 177.645 3.90341
48.4486 177.645 2.76272
59.215 177.645 1.39865
69.9813 177.645 0.622411
5.38318 188.411 1.31151
16.1495 188.411 2.89271
26.9159 188.411 4.08277
37.6822 188.411 3.60076
48.4486 188.411 2.59074
59.215 188.411 1.49902
69.9813 188.411 0.897453
5.38318 199.178 1.30136
16.1495 199.178 2.39479
26.9159 199.178 3.09007
37.6822 199.178 2.87464
48.4486 199.178 2.51344
59.215 199.178 2.06366
69.9813 199.178 1.36686
5.38318 209.944 0.788697
16.1495 209.944 1.19282
26.9159 209.944 1.52098
37.6822 209.944 1.65599
48.4486 209.944 1.96464
59.215 209.944 1.88197
69.9813 209.944 1.29746
