26 166
0 146 72 40
0 130 72 72
0 125 72 82
0 72 72 144
0 0 72 216
5.38318 5.38318 0.504322
16.1495 5.38318 0.728088
26.9159 5.38318 1.2138
37.6822 5.38318 1.44451
48.4486 5.38318 1.60985
59.215 5.38318 1.38177
69.9813 5.38318 0.875114
5.38318 16.1495 0.912216
16.1495 16.1495 1.41853
26.9159 16.1495 2.21145
37.6822 16.1495 2.43351
48.4486 16.1495 2.67724
59.215 16.1495 2.24736
69.9813 16.1495 1.48867
5.38318 26.9159 1.01178
16.1495 26.9159 1.56851
26.9159 26.9159 2.50028
37.6822 26.9159 2.54458
48.4486 26.9159 2.687
59.215 26.9159 2.27864
69.9813 26.9159 1.54387
5.38318 37.6822 0.946677
16.1495 37.6822 1.5893
26.9159 37.6822 2.50384
37.6822 37.6822 2.42296
48.4486 37.6822 2.27542
59.215 37.6822 1.70022
69.9813 37.6822 1.11268
5.38318 48.4486 0.564105
16.1495 48.4486 1.37113
26.9159 48.4486 2.5118
37.6822 48.4486 2.79772
48.4486 48.4486 2.57447
59.215 48.4486 1.81234
69.9813 48.4486 1.04525
5.38318 59.215 0.0907049
16.1495 59.215 0.791501
26.9159 59.215 1.98643
37.6822 59.215 2.56034
48.4486 59.215 2.49175
59.215 59.215 1.83834
69.9813 59.215 1.05928
5.38318 69.9813 -0.15426
16.1495 69.9813 0.0973066
26.9159 69.9813 1.20083
37.6822 69.9813 2.00145
48.4486 69.9813 2.0272
59.215 69.9813 1.61051
69.9813 69.9813 0.931898
5.38318 80.7477 -0.247846
16.1495 80.7477 -0.267809
26.9159 80.7477 -0.0302783
37.6822 80.7477 0.55185
48.4486 80.7477 0.618348
59.215 80.7477 0.628871
69.9813 80.7477 0.416499
5.38318 91.514 -0.290214
16.1495 91.514 -0.40895
26.9159 91.514 -0.342927
37.6822 91.514 -0.241686
48.4486 91.514 -0.271777
59.215 91.514 -0.17143
69.9813 91.514 -0.0851243
5.38318 102.28 -0.299099
16.1495 102.28 -0.446965
26.9159 102.28 -0.457664
37.6822 102.28 -0.439272
48.4486 102.28 -0.453448
59.215 102.28 -0.3705
69.9813 102.28 -0.185427
5.38318 113.047 -0.289916
16.1495 113.047 -0.435516
26.9159 113.047 -0.421705
37.6822 113.047 -0.415016
48.4486 113.047 -0.404035
59.215 113.047 -0.317707
69.9813 113.047 -0.143816
5.38318 123.813 -0.198958
16.1495 123.813 -0.252751
26.9159 123.813 -0.195326
37.6822 123.813 -0.172096
48.4486 123.813 -0.1884
59.215 123.813 -0.147229
69.9813 123.813 -0.0476262
5.38318 134.579 0.0218529
16.1495 134.579 0.299508
26.9159 134.579 0.554253
37.6822 134.579 0.592295
48.4486 134.579 0.441011
59.215 134.579 0.338412
69.9813 134.579 0.309908
5.38318 145.346 0.662423
16.1495 145.346 1.50788
26.9159 145.346 1.92108
37.6822 145.346 1.91897
48.4486 145.346 1.68803
59.215 145.346 1.36356
69.9813 145.346 0.957913
5.38318 156.112 1.23996
16.1495 156.112 2.54426
26.9159 156.112 3.12787
37.6822 156.112 2.94221
48.4486 156.112 2.61504
59.215 156.112 2.13375
69.9813 156.112 1.49637
5.38318 166.879 1.49079
16.1495 166.879 2.93034
26.9159 166.879 3.49145
37.6822 166.879 3.34079
48.4486 166.879 3.19091
59.215 166.879 2.67675
69.9813 166.879 1.91093
5.38318 177.645 1.54266
16.1495 177.645 2.72717
26.9159 177.645 3.0748
37.6822 177.645 2.91826
48.4486 177.645 2.84219
59.215 177.645 2.46183
69.9813 177.645 1.76139
5.38318 188.411 1.32808
16.1495 188.411 2.23728
26.9159 188.411 2.45189
37.6822 188.411 2.36917
48.4486 188.411 2.29051
59.215 188.411 2.06396
69.9813 188.411 1.43546
5.38318 199.178 1.14654
16.1495 199.178 1.89606
26.9159 199.178 2.09471
37.6822 199.178 1.85346
48.4486 199.178 1.44867
59.215 199.178 1.38804
69.9813 199.178 0.993699
5.38318 209.944 0.600866
16.1495 209.944 1.07195
26.9159 209.944 1.24588
37.6822 209.944 1.06261
48.4486 209.944 0.762207
59.215 209.944 0.854728
69.9813 209.944 0.669029
