37 37
0 17 72 40
0 1 72 72
0 0 72 82
0 0 72 144
0 0 72 216
5.38318 5.38318 0.811107
16.1495 5.38318 1.3843
26.9159 5.38318 1.97831
37.6822 5.38318 2.1232
48.4486 5.38318 1.94182
59.215 5.38318 1.35481
69.9813 5.38318 0.74969
5.38318 16.1495 1.46048
16.1495 16.1495 2.72602
26.9159 16.1495 3.89754
37.6822 16.1495 4.22201
48.4486 16.1495 3.84276
59.215 16.1495 2.7416
69.9813 16.1495 1.48492
5.38318 26.9159 1.90535
16.1495 26.9159 3.67461
26.9159 26.9159 5.17902
37.6822 26.9159 5.40778
48.4486 26.9159 4.77531
59.215 26.9159 3.44042
69.9813 26.9159 1.95784
5.38318 37.6822 1.98538
16.1495 37.6822 3.80016
26.9159 37.6822 5.35087
37.6822 37.6822 5.51496
48.4486 37.6822 4.78323
59.215 37.6822 3.46137
69.9813 37.6822 2.03315
5.38318 48.4486 1.7326
16.1495 48.4486 3.31578
26.9159 48.4486 4.64094
37.6822 48.4486 4.65042
48.4486 48.4486 4.02038
59.215 48.4486 2.94412
69.9813 48.4486 1.86003
5.38318 59.215 1.18179
16.1495 59.215 1.86707
26.9159 59.215 2.36695
37.6822 59.215 2.17681
48.4486 59.215 2.25053
59.215 59.215 2.01071
69.9813 59.215 1.55158
5.38318 69.9813 0.76228
16.1495 69.9813 0.983589
26.9159 69.9813 1.0165
37.6822 69.9813 0.586839
48.4486 69.9813 0.772439
59.215 69.9813 0.954414
69.9813 69.9813 1.00669
5.38318 80.7477 0.216957
16.1495 80.7477 0.191082
26.9159 80.7477 0.233263
37.6822 80.7477 -0.104076
48.4486 80.7477 -0.0861609
59.215 80.7477 -0.00479257
69.9813 80.7477 0.347824
5.38318 91.514 -0.265017
16.1495 91.514 -0.402345
26.9159 91.514 -0.361413
37.6822 91.514 -0.369238
48.4486 91.514 -0.352112
59.215 91.514 -0.266802
69.9813 91.514 -0.0895539
5.38318 102.28 -0.304836
16.1495 102.28 -0.440847
26.9159 102.28 -0.371517
37.6822 102.28 -0.331529
48.4486 102.28 -0.334475
59.215 102.28 -0.278526
69.9813 102.28 -0.128367
5.38318 113.047 -0.301067
16.1495 113.047 -0.4563
26.9159 113.047 -0.465116
37.6822 113.047 -0.447012
48.4486 113.047 -0.426612
59.215 113.047 -0.323542
69.9813 113.047 -0.138757
5.38318 123.813 -0.293753
16.1495 123.813 -0.445699
26.9159 123.813 -0.428573
37.6822 123.813 -0.412987
48.4486 123.813 -0.379749
59.215 123.813 -0.286438
69.9813 123.813 -0.115711
5.38318 134.579 -0.274649
16.1495 134.579 -0.408577
26.9159 134.579 -0.373605
37.6822 134.579 -0.344225
48.4486 134.579 -0.297206
59.215 134.579 -0.22333
69.9813 134.579 -0.076818
5.38318 145.346 -0.25758
16.1495 145.346 -0.359083
26.9159 145.346 -0.25639
37.6822 145.346 -0.202351
48.4486 145.346 -0.153099
59.215 145.346 -0.145989
69.9813 145.346 -0.0326706
5.38318 156.112 -0.130883
16.1495 156.112 -0.0669736
26.9159 156.112 0.495312
37.6822 156.112 0.698387
48.4486 156.112 0.525451
59.215 156.112 0.111625
69.9813 156.112 0.0755557
5.38318 166.879 0.055398
16.1495 166.879 0.645006
26.9159 166.879 1.77848
37.6822 166.879 2.02091
48.4486 166.879 1.53418
59.215 166.879 0.610205
69.9813 166.879 0.244664
5.38318 177.645 0.582284
16.1495 177.645 1.85358
26.9159 177.645 3.66936
37.6822 177.645 4.07691
48.4486 177.645 3.0094
59.215 177.645 1.38723
69.9813 177.645 0.46251
5.38318 188.411 0.732307
16.1495 188.411 2.37296
26.9159 188.411 4.71255
37.6822 188.411 5.31175
48.4486 188.411 4.06569
59.215 188.411 1.93481
69.9813 188.411 0.716547
5.38318 199.178 0.491441
16.1495 199.178 2.03773
26.9159 199.178 4.12216
37.6822 199.178 4.73794
48.4486 199.178 3.72565
59.215 199.178 1.83851
69.9813 199.178 0.753037
5.38318 209.944 0.195868
16.1495 209.944 0.981508
26.9159 209.944 1.88359
37.6822 209.944 2.24355
48.4486 209.944 1.91618
59.215 209.944 1.09422
69.9813 209.944 0.5982
