37 37
0 17 72 40
0 1 72 72
0 0 72 82
0 0 72 144
0 0 72 216
5.38318 5.38318 0.594327
16.1495 5.38318 1.01035
26.9159 5.38318 1.27615
37.6822 5.38318 1.26607
48.4486 5.38318 1.20011
59.215 5.38318 0.85398
69.9813 5.38318 0.554644
5.38318 16.1495 1.0337
16.1495 16.1495 1.98438
26.9159 16.1495 2.68421
37.6822 16.1495 2.82264
48.4486 16.1495 2.72341
59.215 16.1495 1.97635
69.9813 16.1495 1.23296
5.38318 26.9159 1.25571
16.1495 26.9159 2.65619
26.9159 26.9159 3.99476
37.6822 26.9159 4.25205
48.4486 26.9159 3.92142
59.215 26.9159 2.63272
69.9813 26.9159 1.5484
5.38318 37.6822 1.31941
16.1495 37.6822 2.92926
26.9159 37.6822 4.70121
37.6822 37.6822 5.15944
48.4486 37.6822 4.68594
59.215 37.6822 3.04835
69.9813 37.6822 1.70472
5.38318 48.4486 1.04407
16.1495 48.4486 2.5246
26.9159 48.4486 4.22645
37.6822 48.4486 4.68115
48.4486 48.4486 4.01361
59.215 48.4486 2.55512
69.9813 48.4486 1.34669
5.38318 59.215 0.394843
16.1495 59.215 1.17619
26.9159 59.215 2.28799
37.6822 59.215 2.54018
48.4486 59.215 2.05723
59.215 59.215 1.3203
69.9813 59.215 0.675543
5.38318 69.9813 -0.174655
16.1495 69.9813 -0.15409
26.9159 69.9813 0.191111
37.6822 69.9813 0.377524
48.4486 69.9813 -0.0732135
59.215 69.9813 -0.0259649
69.9813 69.9813 -0.0459371
5.38318 80.7477 -0.368405
16.1495 80.7477 -0.522046
26.9159 80.7477 -0.452789
37.6822 80.7477 -0.467041
48.4486 80.7477 -0.59727
59.215 80.7477 -0.481122
69.9813 80.7477 -0.244503
5.38318 91.514 -0.513803
16.1495 91.514 -0.817488
26.9159 91.514 -0.874953
37.6822 91.514 -0.935433
48.4486 91.514 -0.937653
59.215 91.514 -0.774326
69.9813 91.514 -0.350455
5.38318 102.28 -0.569678
16.1495 102.28 -0.913809
26.9159 102.28 -0.996369
37.6822 102.28 -1.0152
48.4486 102.28 -0.968253
59.215 102.28 -0.781771
69.9813 102.28 -0.33817
5.38318 113.047 -0.58592
16.1495 113.047 -0.941
26.9159 113.047 -1.02608
37.6822 113.047 -1.02659
48.4486 113.047 -0.969762
59.215 113.047 -0.766758
69.9813 113.047 -0.331134
5.38318 123.813 -0.573199
16.1495 123.813 -0.915939
26.9159 123.813 -0.993658
37.6822 123.813 -0.992481
48.4486 123.813 -0.940196
59.215 123.813 -0.723163
69.9813 123.813 -0.307219
5.38318 134.579 -0.550994
16.1495 134.579 -0.876799
26.9159 134.579 -0.946347
37.6822 134.579 -0.94085
48.4486 134.579 -0.885574
59.215 134.579 -0.629701
69.9813 134.579 -0.251078
5.38318 145.346 -0.482959
16.1495 145.346 -0.747139
26.9159 145.346 -0.737205
37.6822 145.346 -0.713613
48.4486 145.346 -0.6486
59.215 145.346 -0.422754
69.9813 145.346 -0.127976
5.38318 156.112 -0.343583
16.1495 156.112 -0.534604
26.9159 156.112 -0.503569
37.6822 156.112 -0.483059
48.4486 156.112 -0.419704
59.215 156.112 -0.209769
69.9813 156.112 0.0382503
5.38318 166.879 -0.153102
16.1495 166.879 -0.203873
26.9159 166.879 -0.0623239
37.6822 166.879 -0.0230318
48.4486 166.879 0.0373766
59.215 166.879 0.298379
69.9813 166.879 0.435227
5.38318 177.645 0.0122154
16.1495 177.645 0.154787
26.9159 177.645 0.488766
37.6822 177.645 0.458389
48.4486 177.645 0.361062
59.215 177.645 0.442498
69.9813 177.645 0.450369
5.38318 188.411 0.087101
16.1495 188.411 0.243166
26.9159 188.411 0.585845
37.6822 188.411 0.523609
48.4486 188.411 0.31405
59.215 188.411 0.295325
69.9813 188.411 0.302315
5.38318 199.178 -0.125733
16.1495 199.178 -0.176001
26.9159 199.178 -0.12299
37.6822 199.178 -0.167106
48.4486 199.178 -0.248485
59.215 199.178 -0.179289
69.9813 199.178 -0.0270908
5.38318 209.944 -0.131979
16.1495 209.944 -0.180868
26.9159 209.944 -0.137223
37.6822 209.944 -0.153466
48.4486 209.944 -0.201583
59.215 209.944 -0.152192
69.9813 209.944 -0.0103538
