37 59
0 39 72 40
0 23 72 72
0 18 72 82
0 0 72 144
0 0 72 216
5.38318 5.38318 0.093657
16.1495 5.38318 0.237345
26.9159 5.38318 0.659316
37.6822 5.38318 1.14621
48.4486 5.38318 1.47628
59.215 5.38318 1.37715
69.9813 5.38318 0.874152
5.38318 16.1495 0.250702
16.1495 16.1495 0.778056
26.9159 16.1495 1.55506
37.6822 16.1495 2.11316
48.4486 16.1495 2.49734
59.215 16.1495 2.25252
69.9813 16.1495 1.44995
5.38318 26.9159 0.553941
16.1495 26.9159 1.40109
26.9159 26.9159 2.25839
37.6822 26.9159 2.57933
48.4486 26.9159 2.66113
59.215 26.9159 2.23462
69.9813 26.9159 1.3995
5.38318 37.6822 1.09502
16.1495 37.6822 2.35085
26.9159 37.6822 3.3632
37.6822 37.6822 3.32627
48.4486 37.6822 2.7786
59.215 37.6822 1.89224
69.9813 37.6822 1.05306
5.38318 48.4486 1.42934
16.1495 48.4486 3.00652
26.9159 48.4486 4.25456
37.6822 48.4486 4.15977
48.4486 48.4486 3.50947
59.215 48.4486 2.34456
69.9813 48.4486 1.29987
5.38318 59.215 1.21313
16.1495 59.215 2.67248
26.9159 59.215 4.2327
37.6822 59.215 4.72937
48.4486 59.215 4.56511
59.215 59.215 3.36249
69.9813 59.215 1.92798
5.38318 69.9813 0.643016
16.1495 69.9813 1.71696
26.9159 69.9813 3.17985
37.6822 69.9813 3.96683
48.4486 69.9813 4.24696
59.215 69.9813 3.36853
69.9813 69.9813 2.02164
5.38318 80.7477 -0.0145353
16.1495 80.7477 0.430065
26.9159 80.7477 1.52511
37.6822 80.7477 2.11064
48.4486 80.7477 2.42424
59.215 80.7477 2.05356
69.9813 80.7477 1.31351
5.38318 91.514 -0.22086
16.1495 91.514 -0.286916
26.9159 91.514 -0.151661
37.6822 91.514 -0.127531
48.4486 91.514 -0.138229
59.215 91.514 -0.130674
69.9813 91.514 -0.0170692
5.38318 102.28 -0.290518
16.1495 102.28 -0.441071
26.9159 102.28 -0.428546
37.6822 102.28 -0.430844
48.4486 102.28 -0.429875
59.215 102.28 -0.341756
69.9813 102.28 -0.152962
5.38318 113.047 -0.288214
16.1495 113.047 -0.434358
26.9159 113.047 -0.422133
37.6822 113.047 -0.423031
48.4486 113.047 -0.419889
59.215 113.047 -0.336412
69.9813 113.047 -0.153698
5.38318 123.813 -0.153216
16.1495 123.813 -0.196936
26.9159 123.813 -0.156115
37.6822 123.813 -0.206542
48.4486 123.813 -0.285164
59.215 123.813 -0.274859
69.9813 123.813 -0.132226
5.38318 134.579 0.219398
16.1495 134.579 0.57476
26.9159 134.579 0.762503
37.6822 134.579 0.528221
48.4486 134.579 -0.0030404
59.215 134.579 -0.114787
69.9813 134.579 -0.062394
5.38318 145.346 0.990782
16.1495 145.346 2.01399
26.9159 145.346 2.40925
37.6822 145.346 1.98906
48.4486 145.346 1.07376
59.215 145.346 0.405448
69.9813 145.346 0.17798
5.38318 156.112 1.50483
16.1495 156.112 3.08974
26.9159 156.112 3.78506
37.6822 156.112 3.30439
48.4486 156.112 2.09448
59.215 156.112 1.13709
69.9813 156.112 0.540183
5.38318 166.879 1.63786
16.1495 166.879 3.39712
26.9159 166.879 4.41665
37.6822 166.879 4.24462
48.4486 166.879 3.00914
59.215 166.879 1.87248
69.9813 166.879 0.950096
5.38318 177.645 1.54063
16.1495 177.645 3.03266
26.9159 177.645 4.15291
37.6822 177.645 4.38207
48.4486 177.645 3.5302
59.215 177.645 2.41992
69.9813 177.645 1.23347
5.38318 188.411 1.43885
16.1495 188.411 2.67125
26.9159 188.411 3.71007
37.6822 188.411 4.20398
48.4486 188.411 3.75367
59.215 188.411 2.78539
69.9813 188.411 1.47239
5.38318 199.178 1.51134
16.1495 199.178 2.68455
26.9159 199.178 3.37026
37.6822 199.178 3.66258
48.4486 199.178 3.30593
59.215 199.178 2.62665
69.9813 199.178 1.49697
5.38318 209.944 0.99556
16.1495 209.944 1.79093
26.9159 209.944 2.1378
37.6822 209.944 2.28621
48.4486 209.944 2.17272
59.215 209.944 1.83719
69.9813 209.944 1.1424
