37 166
0 146 72 40
0 130 72 72
0 125 72 82
0 72 72 144
0 0 72 216
5.38318 5.38318 0.429514
16.1495 5.38318 0.803806
26.9159 5.38318 1.13917
37.6822 5.38318 0.948476
48.4486 5.38318 0.394393
59.215 5.38318 0.0900716
69.9813 5.38318 -0.0120936
5.38318 16.1495 0.612012
16.1495 16.1495 1.47457
26.9159 16.1495 2.09741
37.6822 16.1495 1.94283
48.4486 16.1495 0.920278
59.215 16.1495 0.329212
69.9813 16.1495 0.0797468
5.38318 26.9159 0.497408
16.1495 26.9159 1.53039
26.9159 26.9159 2.46091
37.6822 26.9159 2.33113
48.4486 26.9159 0.931379
59.215 26.9159 0.0675581
69.9813 26.9159 -0.0946561
5.38318 37.6822 0.41351
16.1495 37.6822 1.3642
26.9159 37.6822 2.31015
37.6822 37.6822 2.27231
48.4486 37.6822 1.13944
59.215 37.6822 0.616325
69.9813 37.6822 0.208061
5.38318 48.4486 0.448426
16.1495 48.4486 1.27558
26.9159 48.4486 2.17069
37.6822 48.4486 2.10501
48.4486 48.4486 1.48404
59.215 48.4486 1.26997
69.9813 48.4486 0.77287
5.38318 59.215 0.449792
16.1495 59.215 1.12253
26.9159 59.215 1.72707
37.6822 59.215 1.54064
48.4486 59.215 1.45443
59.215 59.215 1.66285
69.9813 59.215 1.2263
5.38318 69.9813 0.330374
16.1495 69.9813 0.833504
26.9159 69.9813 1.17106
37.6822 69.9813 0.849471
48.4486 69.9813 0.953818
59.215 69.9813 1.28041
69.9813 69.9813 1.11052
5.38318 80.7477 -0.0966826
16.1495 80.7477 -0.0566071
26.9159 80.7477 -0.0868353
37.6822 80.7477 -0.294672
48.4486 80.7477 -0.299569
59.215 80.7477 -0.0510815
69.9813 80.7477 0.358223
5.38318 91.514 -0.416857
16.1495 91.514 -0.639806
26.9159 91.514 -0.72585
37.6822 91.514 -0.873309
48.4486 91.514 -0.89307
59.215 91.514 -0.668482
69.9813 91.514 -0.259975
5.38318 102.28 -0.561808
16.1495 102.28 -0.904657
26.9159 102.28 -1.00155
37.6822 102.28 -1.03139
48.4486 102.28 -0.988767
59.215 102.28 -0.785986
69.9813 102.28 -0.339943
5.38318 113.047 -0.579481
16.1495 113.047 -0.923256
26.9159 113.047 -0.997675
37.6822 113.047 -1.00083
48.4486 113.047 -0.954807
59.215 113.047 -0.758066
69.9813 113.047 -0.330116
5.38318 123.813 -0.516403
16.1495 123.813 -0.767903
26.9159 123.813 -0.680586
37.6822 123.813 -0.705169
48.4486 123.813 -0.75499
59.215 123.813 -0.64505
69.9813 123.813 -0.301469
5.38318 134.579 -0.330851
16.1495 134.579 -0.297215
26.9159 134.579 0.176247
37.6822 134.579 0.0385026
48.4486 134.579 -0.274592
59.215 134.579 -0.439354
69.9813 134.579 -0.254944
5.38318 145.346 -0.0384171
16.1495 145.346 0.994475
26.9159 145.346 2.57253
37.6822 145.346 2.55846
48.4486 145.346 1.26347
59.215 145.346 -0.0521071
69.9813 145.346 -0.177987
5.38318 156.112 0.445711
16.1495 156.112 2.13665
26.9159 156.112 4.05788
37.6822 156.112 4.08475
48.4486 156.112 2.46575
59.215 156.112 0.59026
69.9813 156.112 -0.107296
5.38318 166.879 0.857558
16.1495 166.879 2.47164
26.9159 166.879 4.18427
37.6822 166.879 4.31871
48.4486 166.879 2.71151
59.215 166.879 0.969169
69.9813 166.879 -0.00260293
5.38318 177.645 1.49275
16.1495 177.645 2.69914
26.9159 177.645 3.51434
37.6822 177.645 3.32795
48.4486 177.645 2.15267
59.215 177.645 0.988903
69.9813 177.645 0.346774
5.38318 188.411 1.91815
16.1495 188.411 3.04459
26.9159 188.411 3.22662
37.6822 188.411 2.81925
48.4486 188.411 1.8034
59.215 188.411 1.23636
69.9813 188.411 0.685496
5.38318 199.178 1.66331
16.1495 199.178 2.61495
26.9159 199.178 2.68932
37.6822 199.178 2.25672
48.4486 199.178 1.56352
59.215 199.178 1.5471
69.9813 199.178 1.0768
5.38318 209.944 0.687418
16.1495 209.944 1.29434
26.9159 209.944 1.5031
37.6822 209.944 1.44783
48.4486 209.944 1.17563
59.215 209.944 1.34756
69.9813 209.944 0.98231
