37 37
0 17 72 40
0 1 72 72
0 0 72 82
0 0 72 144
0 0 72 216
5.38318 5.38318 0.777188
16.1495 5.38318 1.39723
26.9159 5.38318 1.74834
37.6822 5.38318 1.75568
48.4486 5.38318 1.56216
59.215 5.38318 1.12264
69.9813 5.38318 0.661238
5.38318 16.1495 1.35548
16.1495 16.1495 2.63506
26.9159 16.1495 3.54427
37.6822 16.1495 3.7334
48.4486 16.1495 3.30665
59.215 16.1495 2.30698
69.9813 16.1495 1.30067
5.38318 26.9159 1.59637
16.1495 26.9159 3.31221
26.9159 26.9159 4.94253
37.6822 26.9159 5.33175
48.4486 26.9159 4.53034
59.215 26.9159 2.99164
69.9813 26.9159 1.57027
5.38318 37.6822 1.48047
16.1495 37.6822 3.22736
26.9159 37.6822 5.41614
37.6822 37.6822 5.9776
48.4486 37.6822 5.00461
59.215 37.6822 3.0838
69.9813 37.6822 1.53187
5.38318 48.4486 1.21763
16.1495 48.4486 2.77973
26.9159 48.4486 4.85722
37.6822 48.4486 5.3289
48.4486 48.4486 4.23219
59.215 48.4486 2.5294
69.9813 48.4486 1.16043
5.38318 59.215 0.457041
16.1495 59.215 1.25842
26.9159 59.215 2.4128
37.6822 59.215 2.69218
48.4486 59.215 2.11485
59.215 59.215 1.37067
69.9813 59.215 0.705593
5.38318 69.9813 0.0632623
16.1495 69.9813 0.335588
26.9159 69.9813 0.591123
37.6822 69.9813 0.776364
48.4486 69.9813 0.200255
59.215 69.9813 0.495829
69.9813 69.9813 0.300861
5.38318 80.7477 -0.25268
16.1495 80.7477 -0.352658
26.9159 80.7477 -0.398778
37.6822 80.7477 -0.371219
48.4486 80.7477 -0.467317
59.215 80.7477 -0.252081
69.9813 80.7477 -0.0842437
5.38318 91.514 -0.499689
16.1495 91.514 -0.793588
26.9159 91.514 -0.880129
37.6822 91.514 -0.893905
48.4486 91.514 -0.873247
59.215 91.514 -0.632834
69.9813 91.514 -0.258518
5.38318 102.28 -0.580607
16.1495 102.28 -0.936801
26.9159 102.28 -1.0287
37.6822 102.28 -1.03353
48.4486 102.28 -0.981247
59.215 102.28 -0.778728
69.9813 102.28 -0.340474
5.38318 113.047 -0.587936
16.1495 113.047 -0.939452
26.9159 113.047 -1.0227
37.6822 113.047 -1.02203
48.4486 113.047 -0.967496
59.215 113.047 -0.762403
69.9813 113.047 -0.328173
5.38318 123.813 -0.576153
16.1495 123.813 -0.916919
26.9159 123.813 -0.984402
37.6822 123.813 -0.971807
48.4486 123.813 -0.914689
59.215 123.813 -0.691584
69.9813 123.813 -0.290114
5.38318 134.579 -0.553209
16.1495 134.579 -0.86157
26.9159 134.579 -0.85844
37.6822 134.579 -0.786485
48.4486 134.579 -0.706944
59.215 134.579 -0.508867
69.9813 134.579 -0.190856
5.38318 145.346 -0.48796
16.1495 145.346 -0.66449
26.9159 145.346 -0.405471
37.6822 145.346 -0.193616
48.4486 145.346 -0.0748004
59.215 145.346 -0.0288011
69.9813 145.346 0.161547
5.38318 156.112 -0.303148
16.1495 156.112 -0.25455
26.9159 156.112 0.766324
37.6822 156.112 1.66272
48.4486 156.112 1.98911
59.215 156.112 1.51375
69.9813 156.112 0.980368
5.38318 166.879 -0.0021253
16.1495 166.879 0.765505
26.9159 166.879 2.59381
37.6822 166.879 3.82695
48.4486 166.879 4.17212
59.215 166.879 3.07369
69.9813 166.879 1.71815
5.38318 177.645 0.716529
16.1495 177.645 1.8393
26.9159 177.645 3.68784
37.6822 177.645 5.20997
48.4486 177.645 5.57851
59.215 177.645 4.14059
69.9813 177.645 2.20927
5.38318 188.411 1.45432
16.1495 188.411 2.67354
26.9159 188.411 4.09431
37.6822 188.411 5.24664
48.4486 188.411 5.32774
59.215 188.411 3.96307
69.9813 188.411 2.06262
5.38318 199.178 1.79369
16.1495 199.178 2.79943
26.9159 199.178 3.3805
37.6822 199.178 3.62943
48.4486 199.178 3.44554
59.215 199.178 2.84568
69.9813 199.178 1.63208
5.38318 209.944 1.45808
16.1495 209.944 2.12996
26.9159 209.944 2.15144
37.6822 209.944 1.83397
48.4486 209.944 1.726
59.215 209.944 1.63048
69.9813 209.944 1.11808
