37 37
0 17 72 40
0 1 72 72
0 0 72 82
0 0 72 144
0 0 72 216
5.38318 5.38318 0.526449
16.1495 5.38318 1.00058
26.9159 5.38318 1.43734
37.6822 5.38318 1.58514
48.4486 5.38318 1.41038
59.215 5.38318 0.989895
69.9813 5.38318 0.570407
5.38318 16.1495 1.05046
16.1495 16.1495 2.19262
26.9159 16.1495 3.18438
37.6822 16.1495 3.53694
48.4486 16.1495 3.12361
59.215 16.1495 2.08378
69.9813 16.1495 1.13207
5.38318 26.9159 1.36877
16.1495 26.9159 2.97088
26.9159 26.9159 4.59021
37.6822 26.9159 5.19807
48.4486 26.9159 4.63722
59.215 26.9159 3.04706
69.9813 26.9159 1.56542
5.38318 37.6822 1.66134
16.1495 37.6822 3.46583
26.9159 37.6822 5.20193
37.6822 37.6822 5.79392
48.4486 37.6822 5.15447
59.215 37.6822 3.38936
69.9813 37.6822 1.68625
5.38318 48.4486 1.78926
16.1495 48.4486 3.37238
26.9159 48.4486 4.72395
37.6822 48.4486 5.18374
48.4486 48.4486 4.76359
59.215 48.4486 3.31839
69.9813 48.4486 1.76864
5.38318 59.215 1.81643
16.1495 59.215 3.0772
26.9159 59.215 3.49247
37.6822 59.215 3.6319
48.4486 59.215 3.44596
59.215 59.215 2.857
69.9813 59.215 1.75727
5.38318 69.9813 1.65907
16.1495 69.9813 2.67607
26.9159 69.9813 2.77687
37.6822 69.9813 2.72757
48.4486 69.9813 2.40431
59.215 69.9813 2.13504
69.9813 69.9813 1.37924
5.38318 80.7477 0.607869
16.1495 80.7477 1.24253
26.9159 80.7477 1.50272
37.6822 80.7477 1.56745
48.4486 80.7477 1.0505
59.215 80.7477 0.972049
69.9813 80.7477 0.639852
5.38318 91.514 -0.240736
16.1495 91.514 -0.251502
26.9159 91.514 -0.102313
37.6822 91.514 -0.0261371
48.4486 91.514 -0.191417
59.215 91.514 -0.153506
69.9813 91.514 -0.0721713
5.38318 102.28 -0.328259
16.1495 102.28 -0.472263
26.9159 102.28 -0.377006
37.6822 102.28 -0.330511
48.4486 102.28 -0.325148
59.215 102.28 -0.245326
69.9813 102.28 -0.0983755
5.38318 113.047 -0.301874
16.1495 113.047 -0.456983
26.9159 113.047 -0.455741
37.6822 113.047 -0.440921
48.4486 113.047 -0.414197
59.215 113.047 -0.319821
69.9813 113.047 -0.135912
5.38318 123.813 -0.289541
16.1495 123.813 -0.404841
26.9159 123.813 -0.313294
37.6822 123.813 -0.241227
48.4486 123.813 -0.236397
59.215 123.813 -0.198066
69.9813 123.813 -0.0895527
5.38318 134.579 -0.240201
16.1495 134.579 -0.239449
26.9159 134.579 0.0522797
37.6822 134.579 0.422583
48.4486 134.579 0.361042
59.215 134.579 0.133524
69.9813 134.579 0.0760928
5.38318 145.346 -0.152381
16.1495 145.346 0.15116
26.9159 145.346 1.31063
37.6822 145.346 1.93294
48.4486 145.346 1.72701
59.215 145.346 1.0191
69.9813 145.346 0.450128
5.38318 156.112 0.0306453
16.1495 156.112 0.874305
26.9159 156.112 2.40298
37.6822 156.112 3.26335
48.4486 156.112 2.86447
59.215 156.112 1.67273
69.9813 156.112 0.735484
5.38318 166.879 0.338587
16.1495 166.879 1.49435
26.9159 166.879 3.08534
37.6822 166.879 3.98856
48.4486 166.879 3.41722
59.215 166.879 1.98129
69.9813 166.879 0.853636
5.38318 177.645 0.805442
16.1495 177.645 1.98015
26.9159 177.645 3.17126
37.6822 177.645 3.60023
48.4486 177.645 2.98621
59.215 177.645 1.78184
69.9813 177.645 0.813513
5.38318 188.411 1.05033
16.1495 188.411 2.21863
26.9159 188.411 2.92221
37.6822 188.411 2.98956
48.4486 188.411 2.4236
59.215 188.411 1.55816
69.9813 188.411 0.838442
5.38318 199.178 1.08792
16.1495 199.178 1.99163
26.9159 199.178 2.39239
37.6822 199.178 2.32781
48.4486 199.178 2.07404
59.215 199.178 1.55912
69.9813 199.178 1.00438
5.38318 209.944 0.694937
16.1495 209.944 1.21325
26.9159 209.944 1.40316
37.6822 209.944 1.48079
48.4486 209.944 1.53033
59.215 209.944 1.29104
69.9813 209.944 0.864409
