37 188
0 168 72 40
0 144 72 72
0 134 72 82
0 72 72 144
0 0 72 216
5.38318 5.38318 0.314294
16.1495 5.38318 0.610899
26.9159 5.38318 1.08161
37.6822 5.38318 1.15901
48.4486 5.38318 1.11835
59.215 5.38318 0.792037
69.9813 5.38318 0.505899
5.38318 16.1495 0.298836
16.1495 16.1495 0.902074
26.9159 16.1495 1.84919
37.6822 16.1495 2.07801
48.4486 16.1495 2.06481
59.215 16.1495 1.56891
69.9813 16.1495 1.01266
5.38318 26.9159 -0.0570245
16.1495 26.9159 0.406655
26.9159 26.9159 1.66166
37.6822 26.9159 2.0864
48.4486 26.9159 2.20395
59.215 26.9159 1.7288
69.9813 26.9159 1.1177
5.38318 37.6822 -0.142645
16.1495 37.6822 0.204974
26.9159 37.6822 1.52764
37.6822 37.6822 1.83855
48.4486 37.6822 1.8174
59.215 37.6822 1.37245
69.9813 37.6822 0.895335
5.38318 48.4486 -0.0912387
16.1495 48.4486 0.499723
26.9159 48.4486 1.81879
37.6822 48.4486 1.75893
48.4486 48.4486 1.24812
59.215 48.4486 0.507202
69.9813 48.4486 0.326441
5.38318 59.215 -0.0758077
16.1495 59.215 0.659845
26.9159 59.215 1.89866
37.6822 59.215 1.63678
48.4486 59.215 0.724368
59.215 59.215 -0.185166
69.9813 59.215 -0.123899
5.38318 69.9813 -0.182027
16.1495 69.9813 0.06474
26.9159 69.9813 1.06656
37.6822 69.9813 0.756214
48.4486 69.9813 -0.0578581
59.215 69.9813 -0.437483
69.9813 69.9813 -0.233605
5.38318 80.7477 -0.366797
16.1495 80.7477 -0.440793
26.9159 80.7477 -0.250161
37.6822 80.7477 -0.3686
48.4486 80.7477 -0.565714
59.215 80.7477 -0.65534
69.9813 80.7477 -0.318921
5.38318 91.514 -0.517996
16.1495 91.514 -0.813532
26.9159 91.514 -0.846869
37.6822 91.514 -0.945714
48.4486 91.514 -0.966864
59.215 91.514 -0.828554
69.9813 91.514 -0.386655
5.38318 102.28 -0.575303
16.1495 102.28 -0.92197
26.9159 102.28 -1.01309
37.6822 102.28 -1.03753
48.4486 102.28 -1.00951
59.215 102.28 -0.813449
69.9813 102.28 -0.374277
5.38318 113.047 -0.584628
16.1495 113.047 -0.938433
26.9159 113.047 -1.02409
37.6822 113.047 -1.0258
48.4486 113.047 -0.970492
59.215 113.047 -0.767345
69.9813 113.047 -0.331802
5.38318 123.813 -0.573629
16.1495 123.813 -0.91778
26.9159 123.813 -0.997834
37.6822 123.813 -0.998987
48.4486 123.813 -0.945717
59.215 123.813 -0.733812
69.9813 123.813 -0.31349
5.38318 134.579 -0.549897
16.1495 134.579 -0.873467
26.9159 134.579 -0.948203
37.6822 134.579 -0.949052
48.4486 134.579 -0.903476
59.215 134.579 -0.669499
69.9813 134.579 -0.28055
5.38318 145.346 -0.48646
16.1495 145.346 -0.733474
26.9159 145.346 -0.714801
37.6822 145.346 -0.697258
48.4486 145.346 -0.680768
59.215 145.346 -0.515078
69.9813 145.346 -0.208642
5.38318 156.112 -0.264597
16.1495 156.112 -0.295201
26.9159 156.112 -0.0613784
37.6822 156.112 -0.0509057
48.4486 156.112 -0.116373
59.215 156.112 -0.186199
69.9813 156.112 -0.0316654
5.38318 166.879 0.0279523
16.1495 166.879 0.591281
26.9159 166.879 1.64007
37.6822 166.879 1.65167
48.4486 166.879 1.42283
59.215 166.879 0.584505
69.9813 166.879 0.434077
5.38318 177.645 0.626907
16.1495 177.645 1.76393
26.9159 177.645 3.31111
37.6822 177.645 3.35672
48.4486 177.645 3.03657
59.215 177.645 1.54953
69.9813 177.645 0.885164
5.38318 188.411 0.713978
16.1495 188.411 1.96577
26.9159 188.411 3.73881
37.6822 188.411 3.88989
48.4486 188.411 3.49115
59.215 188.411 1.80975
69.9813 188.411 0.968874
5.38318 199.178 0.416977
16.1495 199.178 1.42913
26.9159 199.178 3.02569
37.6822 199.178 3.15475
48.4486 199.178 2.74336
59.215 199.178 1.28613
69.9813 199.178 0.684334
5.38318 209.944 0.017053
16.1495 209.944 0.497519
26.9159 209.944 1.32837
37.6822 209.944 1.33373
48.4486 209.944 1.01875
59.215 209.944 0.307791
69.9813 209.944 0.209839
