37 177
0 157 72 40
0 141 72 72
0 134 72 82
0 72 72 144
0 0 72 216
5.38318 5.38318 0.0624503
16.1495 5.38318 0.243555
26.9159 5.38318 0.707968
37.6822 5.38318 1.32977
48.4486 5.38318 1.5567
59.215 5.38318 1.41357
69.9813 5.38318 0.84035
5.38318 16.1495 0.198133
16.1495 16.1495 0.722539
26.9159 16.1495 1.58602
37.6822 16.1495 2.3734
48.4486 16.1495 2.68648
59.215 16.1495 2.37284
69.9813 16.1495 1.43517
5.38318 26.9159 0.49973
16.1495 26.9159 1.36266
26.9159 26.9159 2.37106
37.6822 26.9159 2.98993
48.4486 26.9159 3.08312
59.215 26.9159 2.56365
69.9813 26.9159 1.49148
5.38318 37.6822 1.08136
16.1495 37.6822 2.31985
26.9159 37.6822 3.40195
37.6822 37.6822 3.45324
48.4486 37.6822 2.97102
59.215 37.6822 2.02837
69.9813 37.6822 1.10353
5.38318 48.4486 1.44272
16.1495 48.4486 3.03973
26.9159 48.4486 4.30035
37.6822 48.4486 4.17441
48.4486 48.4486 3.50491
59.215 48.4486 2.31844
69.9813 48.4486 1.27611
5.38318 59.215 1.24971
16.1495 59.215 2.76586
26.9159 59.215 4.35312
37.6822 59.215 4.81429
48.4486 59.215 4.58835
59.215 59.215 3.3348
69.9813 59.215 1.89759
5.38318 69.9813 0.678968
16.1495 69.9813 1.79216
26.9159 69.9813 3.28765
37.6822 69.9813 4.04362
48.4486 69.9813 4.27628
59.215 69.9813 3.34192
69.9813 69.9813 1.9944
5.38318 80.7477 0.0109756
16.1495 80.7477 0.520914
26.9159 80.7477 1.6129
37.6822 80.7477 2.16437
48.4486 80.7477 2.44401
59.215 80.7477 2.03678
69.9813 80.7477 1.29828
5.38318 91.514 -0.217302
16.1495 91.514 -0.279108
26.9159 91.514 -0.139875
37.6822 91.514 -0.119959
48.4486 91.514 -0.134322
59.215 91.514 -0.131524
69.9813 91.514 -0.0179916
5.38318 102.28 -0.289524
16.1495 102.28 -0.439408
26.9159 102.28 -0.423286
37.6822 102.28 -0.424796
48.4486 102.28 -0.424285
59.215 102.28 -0.336788
69.9813 102.28 -0.14956
5.38318 113.047 -0.284317
16.1495 113.047 -0.427323
26.9159 113.047 -0.407798
37.6822 113.047 -0.40614
48.4486 113.047 -0.401664
59.215 113.047 -0.321004
69.9813 113.047 -0.14187
5.38318 123.813 -0.199862
16.1495 123.813 -0.277938
26.9159 123.813 -0.212568
37.6822 123.813 -0.211239
48.4486 123.813 -0.226717
59.215 123.813 -0.190743
69.9813 123.813 -0.0734338
5.38318 134.579 -0.0584244
16.1495 134.579 -0.0186749
26.9159 134.579 0.262467
37.6822 134.579 0.279181
48.4486 134.579 0.172399
59.215 134.579 0.0895255
69.9813 134.579 0.133542
5.38318 145.346 0.345504
16.1495 145.346 0.923746
26.9159 145.346 1.5669
37.6822 145.346 1.77113
48.4486 145.346 1.5546
59.215 145.346 1.03233
69.9813 145.346 0.606933
5.38318 156.112 0.795374
16.1495 156.112 1.93098
26.9159 156.112 2.98626
37.6822 156.112 3.28544
48.4486 156.112 2.92675
59.215 156.112 2.00565
69.9813 156.112 1.13236
5.38318 166.879 1.31191
16.1495 166.879 2.89402
26.9159 166.879 4.61312
37.6822 166.879 5.10731
48.4486 166.879 4.62276
59.215 166.879 3.04275
69.9813 166.879 1.6643
5.38318 177.645 1.36889
16.1495 177.645 2.94105
26.9159 177.645 4.88702
37.6822 177.645 5.4315
48.4486 177.645 5.05751
59.215 177.645 3.46692
69.9813 177.645 1.94189
5.38318 188.411 1.36184
16.1495 188.411 2.62791
26.9159 188.411 4.08738
37.6822 188.411 4.26744
48.4486 188.411 4.03267
59.215 188.411 2.88947
69.9813 188.411 1.75945
5.38318 199.178 0.68208
16.1495 199.178 1.14783
26.9159 199.178 1.56072
37.6822 199.178 1.53179
48.4486 199.178 1.6767
59.215 199.178 1.68486
69.9813 199.178 1.2729
5.38318 209.944 0.353416
16.1495 209.944 0.666524
26.9159 209.944 0.697629
37.6822 209.944 0.619711
48.4486 209.944 0.691904
59.215 209.944 0.888606
69.9813 209.944 0.754974
