37 166
0 146 72 40
0 130 72 72
0 125 72 82
0 72 72 144
0 0 72 216
5.38318 5.38318 0.631887
16.1495 5.38318 1.17962
26.9159 5.38318 1.48165
37.6822 5.38318 1.29499
48.4486 5.38318 0.729295
59.215 5.38318 0.305098
69.9813 5.38318 0.123066
5.38318 16.1495 1.05331
16.1495 16.1495 2.13781
26.9159 16.1495 2.69251
37.6822 16.1495 2.34518
48.4486 16.1495 1.4423
59.215 16.1495 0.687969
69.9813 16.1495 0.355947
5.38318 26.9159 1.21791
16.1495 26.9159 2.46695
26.9159 26.9159 3.15937
37.6822 26.9159 2.8301
48.4486 26.9159 1.83697
59.215 26.9159 0.859861
69.9813 26.9159 0.404079
5.38318 37.6822 1.30139
16.1495 37.6822 2.50685
26.9159 37.6822 3.13417
37.6822 37.6822 2.8099
48.4486 37.6822 2.06123
59.215 37.6822 1.14043
69.9813 37.6822 0.651794
5.38318 48.4486 1.23805
16.1495 48.4486 2.43356
26.9159 48.4486 3.08497
37.6822 48.4486 2.97838
48.4486 48.4486 2.51861
59.215 48.4486 1.73414
69.9813 48.4486 1.0994
5.38318 59.215 1.05831
16.1495 59.215 2.12772
26.9159 59.215 2.69654
37.6822 59.215 2.70044
48.4486 59.215 2.52781
59.215 59.215 1.93111
69.9813 59.215 1.32149
5.38318 69.9813 0.789764
16.1495 69.9813 1.71925
26.9159 69.9813 2.17612
37.6822 69.9813 2.1707
48.4486 69.9813 2.0878
59.215 69.9813 1.64056
69.9813 69.9813 1.19119
5.38318 80.7477 0.374204
16.1495 80.7477 0.854283
26.9159 80.7477 1.05038
37.6822 80.7477 0.865041
48.4486 80.7477 0.744062
59.215 80.7477 0.535948
69.9813 80.7477 0.559335
5.38318 91.514 -0.177379
16.1495 91.514 -0.198814
26.9159 91.514 -0.166286
37.6822 91.514 -0.245154
48.4486 91.514 -0.317263
59.215 91.514 -0.324035
69.9813 91.514 -0.135765
5.38318 102.28 -0.283125
16.1495 102.28 -0.437073
26.9159 102.28 -0.415663
37.6822 102.28 -0.441502
48.4486 102.28 -0.444641
59.215 102.28 -0.356729
69.9813 102.28 -0.161527
5.38318 113.047 -0.30195
16.1495 113.047 -0.454785
26.9159 113.047 -0.447233
37.6822 113.047 -0.420714
48.4486 113.047 -0.391555
59.215 113.047 -0.294887
69.9813 113.047 -0.127567
5.38318 123.813 -0.271557
16.1495 123.813 -0.364244
26.9159 123.813 -0.237581
37.6822 123.813 -0.132525
48.4486 123.813 -0.0778325
59.215 123.813 -0.0312357
69.9813 123.813 0.0738953
5.38318 134.579 -0.166639
16.1495 134.579 -0.137663
26.9159 134.579 0.311977
37.6822 134.579 0.721325
48.4486 134.579 0.914323
59.215 134.579 0.765087
69.9813 134.579 0.566745
5.38318 145.346 0.160974
16.1495 145.346 0.70095
26.9159 145.346 1.70103
37.6822 145.346 2.30322
48.4486 145.346 2.47106
59.215 145.346 2.0399
69.9813 145.346 1.28426
5.38318 156.112 0.643287
16.1495 156.112 1.62708
26.9159 156.112 2.79555
37.6822 156.112 3.36861
48.4486 156.112 3.38477
59.215 156.112 2.68672
69.9813 156.112 1.66617
5.38318 166.879 1.12336
16.1495 166.879 2.29263
26.9159 166.879 3.54952
37.6822 166.879 3.83677
48.4486 166.879 3.53524
59.215 166.879 2.71784
69.9813 166.879 1.62843
5.38318 177.645 1.01552
16.1495 177.645 2.11822
26.9159 177.645 3.22828
37.6822 177.645 3.25331
48.4486 177.645 2.79826
59.215 177.645 2.00843
69.9813 177.645 1.18578
5.38318 188.411 0.676402
16.1495 188.411 1.60122
26.9159 188.411 2.85258
37.6822 188.411 3.07065
48.4486 188.411 2.69399
59.215 188.411 1.82581
69.9813 188.411 0.997285
5.38318 199.178 0.127598
16.1495 199.178 0.918826
26.9159 199.178 2.33834
37.6822 199.178 3.06399
48.4486 199.178 2.98503
59.215 199.178 2.16165
69.9813 199.178 1.18497
5.38318 209.944 -0.0411479
16.1495 209.944 0.452087
26.9159 209.944 1.5042
37.6822 209.944 2.27505
48.4486 209.944 2.42269
59.215 209.944 1.84452
69.9813 209.944 1.03064
