48 37
0 17 72 40
0 1 72 72
0 0 72 82
0 0 72 144
0 0 72 216
5.38318 5.38318 0.133934
16.1495 5.38318 0.322162
26.9159 5.38318 0.917381
37.6822 5.38318 1.21508
48.4486 5.38318 1.24362
59.215 5.38318 0.933501
69.9813 5.38318 0.578399
5.38318 16.1495 0.312398
16.1495 16.1495 0.975038
26.9159 16.1495 2.19888
37.6822 16.1495 2.88202
48.4486 16.1495 3.03332
59.215 16.1495 2.25159
69.9813 16.1495 1.33557
5.38318 26.9159 0.449212
16.1495 26.9159 1.51643
26.9159 26.9159 3.29812
37.6822 26.9159 4.57512
48.4486 26.9159 4.88087
59.215 26.9159 3.59481
69.9813 26.9159 2.00783
5.38318 37.6822 1.2209
16.1495 37.6822 2.46209
26.9159 37.6822 4.21805
37.6822 37.6822 5.57559
48.4486 37.6822 5.84531
59.215 37.6822 4.37829
69.9813 37.6822 2.37241
5.38318 48.4486 1.85115
16.1495 48.4486 3.1751
26.9159 48.4486 4.28231
37.6822 48.4486 4.99502
48.4486 48.4486 4.92972
59.215 48.4486 3.74675
69.9813 48.4486 2.04923
5.38318 59.215 2.07175
16.1495 59.215 3.11828
26.9159 59.215 3.40459
37.6822 59.215 3.19169
48.4486 59.215 2.98393
59.215 59.215 2.67454
69.9813 59.215 1.72049
5.38318 69.9813 1.2955
16.1495 69.9813 1.97633
26.9159 69.9813 2.08459
37.6822 69.9813 1.68217
48.4486 69.9813 1.7172
59.215 69.9813 1.95499
69.9813 69.9813 1.50015
5.38318 80.7477 -0.0471235
16.1495 80.7477 -0.0301773
26.9159 80.7477 0.120177
37.6822 80.7477 0.164585
48.4486 80.7477 0.521227
59.215 80.7477 1.11286
69.9813 80.7477 1.09867
5.38318 91.514 -0.453006
16.1495 91.514 -0.712362
26.9159 91.514 -0.763732
37.6822 91.514 -0.77613
48.4486 91.514 -0.692673
59.215 91.514 -0.431362
69.9813 91.514 -0.0941793
5.38318 102.28 -0.567522
16.1495 102.28 -0.907721
26.9159 102.28 -0.991252
37.6822 102.28 -0.988821
48.4486 102.28 -0.929066
59.215 102.28 -0.678458
69.9813 102.28 -0.26814
5.38318 113.047 -0.575571
16.1495 113.047 -0.919802
26.9159 113.047 -0.992551
37.6822 113.047 -0.987842
48.4486 113.047 -0.930768
59.215 113.047 -0.712793
69.9813 113.047 -0.300407
5.38318 123.813 -0.523902
16.1495 123.813 -0.820081
26.9159 123.813 -0.812905
37.6822 123.813 -0.797645
48.4486 123.813 -0.752937
59.215 123.813 -0.563961
69.9813 123.813 -0.225699
5.38318 134.579 -0.356385
16.1495 134.579 -0.5047
26.9159 134.579 -0.401199
37.6822 134.579 -0.361849
48.4486 134.579 -0.350415
59.215 134.579 -0.267003
69.9813 134.579 -0.0759438
5.38318 145.346 -0.113716
16.1495 145.346 0.00233567
26.9159 145.346 0.588586
37.6822 145.346 0.861782
48.4486 145.346 0.742559
59.215 145.346 0.446313
69.9813 145.346 0.358413
5.38318 156.112 0.333122
16.1495 156.112 1.17487
26.9159 156.112 2.09209
37.6822 156.112 2.40157
48.4486 156.112 2.11171
59.215 156.112 1.3359
69.9813 156.112 0.73761
5.38318 166.879 0.682907
16.1495 166.879 1.80261
26.9159 166.879 2.92921
37.6822 166.879 3.25484
48.4486 166.879 2.74825
59.215 166.879 1.68025
69.9813 166.879 0.83969
5.38318 177.645 0.838006
16.1495 177.645 1.91108
26.9159 177.645 3.11225
37.6822 177.645 3.3368
48.4486 177.645 2.74044
59.215 177.645 1.62945
69.9813 177.645 0.802928
5.38318 188.411 1.05239
16.1495 188.411 2.04791
26.9159 188.411 2.99349
37.6822 188.411 2.99811
48.4486 188.411 2.35425
59.215 188.411 1.41776
69.9813 188.411 0.731529
5.38318 199.178 0.959694
16.1495 199.178 1.64577
26.9159 199.178 2.02049
37.6822 199.178 2.00696
48.4486 199.178 1.73242
59.215 199.178 1.3781
69.9813 199.178 0.921449
5.38318 209.944 0.743549
16.1495 209.944 1.23304
26.9159 209.944 1.28051
37.6822 209.944 1.21237
48.4486 209.944 1.10386
59.215 209.944 1.05743
69.9813 209.944 0.767402
