37 26
0 6 72 40
0 0 72 72
0 0 72 82
0 0 72 144
0 0 72 216
5.38318 5.38318 0.275678
16.1495 5.38318 0.923889
26.9159 5.38318 1.79358
37.6822 5.38318 1.96906
48.4486 5.38318 1.49771
59.215 5.38318 0.660238
69.9813 5.38318 0.21254
5.38318 16.1495 0.435329
16.1495 16.1495 1.61192
26.9159 16.1495 3.16264
37.6822 16.1495 3.55771
48.4486 16.1495 2.75268
59.215 16.1495 1.3486
69.9813 16.1495 0.483946
5.38318 26.9159 0.318298
16.1495 26.9159 1.57905
26.9159 26.9159 3.33775
37.6822 26.9159 3.77921
48.4486 26.9159 2.9537
59.215 26.9159 1.3035
69.9813 26.9159 0.409617
5.38318 37.6822 0.338187
16.1495 37.6822 1.24057
26.9159 37.6822 2.46555
37.6822 37.6822 2.71058
48.4486 37.6822 2.12159
59.215 37.6822 0.929554
69.9813 37.6822 0.348973
5.38318 48.4486 0.261897
16.1495 48.4486 0.942997
26.9159 48.4486 1.85366
37.6822 48.4486 1.99131
48.4486 48.4486 1.6321
59.215 48.4486 0.700445
69.9813 48.4486 0.355144
5.38318 59.215 0.182218
16.1495 59.215 0.980123
26.9159 59.215 1.89737
37.6822 59.215 2.20289
48.4486 59.215 1.82627
59.215 59.215 0.920042
69.9813 59.215 0.445386
5.38318 69.9813 0.0898728
16.1495 69.9813 0.813128
26.9159 69.9813 1.63337
37.6822 69.9813 1.87575
48.4486 69.9813 1.54159
59.215 69.9813 0.615394
69.9813 69.9813 0.336519
5.38318 80.7477 -0.102015
16.1495 80.7477 0.213993
26.9159 80.7477 0.885895
37.6822 80.7477 1.14119
48.4486 80.7477 0.937778
59.215 80.7477 0.251492
69.9813 80.7477 0.141937
5.38318 91.514 -0.193207
16.1495 91.514 -0.191978
26.9159 91.514 -0.0629669
37.6822 91.514 -0.0619583
48.4486 91.514 -0.127415
59.215 91.514 -0.250925
69.9813 91.514 -0.10702
5.38318 102.28 -0.287684
16.1495 102.28 -0.432562
26.9159 102.28 -0.402351
37.6822 102.28 -0.404788
48.4486 102.28 -0.394401
59.215 102.28 -0.362233
69.9813 102.28 -0.162195
5.38318 113.047 -0.297383
16.1495 113.047 -0.448827
26.9159 113.047 -0.447073
37.6822 113.047 -0.435265
48.4486 113.047 -0.41665
59.215 113.047 -0.328485
69.9813 113.047 -0.146877
5.38318 123.813 -0.252099
16.1495 123.813 -0.353156
26.9159 123.813 -0.258002
37.6822 123.813 -0.234928
48.4486 123.813 -0.223853
59.215 123.813 -0.194512
69.9813 123.813 -0.0753536
5.38318 134.579 -0.153827
16.1495 134.579 -0.141953
26.9159 134.579 0.187297
37.6822 134.579 0.33662
48.4486 134.579 0.390802
59.215 134.579 0.20709
69.9813 134.579 0.236876
5.38318 145.346 0.111762
16.1495 145.346 0.607972
26.9159 145.346 1.50363
37.6822 145.346 1.78342
48.4486 145.346 1.78759
59.215 145.346 1.20379
69.9813 145.346 0.77548
5.38318 156.112 0.488116
16.1495 156.112 1.36409
26.9159 156.112 2.43656
37.6822 156.112 2.88244
48.4486 156.112 2.88879
59.215 156.112 2.09974
69.9813 156.112 1.25822
5.38318 166.879 0.828565
16.1495 166.879 1.89866
26.9159 166.879 2.95514
37.6822 166.879 3.35374
48.4486 166.879 3.24885
59.215 166.879 2.35249
69.9813 166.879 1.37182
5.38318 177.645 0.92063
16.1495 177.645 1.91798
26.9159 177.645 2.50723
37.6822 177.645 2.5162
48.4486 177.645 2.19445
59.215 177.645 1.65958
69.9813 177.645 1.04379
5.38318 188.411 0.791744
16.1495 188.411 1.68644
26.9159 188.411 1.89746
37.6822 188.411 1.54574
48.4486 188.411 0.923362
59.215 188.411 0.683915
69.9813 188.411 0.503355
5.38318 199.178 0.375341
16.1495 199.178 1.00996
26.9159 199.178 1.11448
37.6822 199.178 1.02366
48.4486 199.178 0.530771
59.215 199.178 0.572955
69.9813 199.178 0.436777
5.38318 209.944 -0.00161634
16.1495 209.944 0.351695
26.9159 209.944 0.474726
37.6822 209.944 0.627405
48.4486 209.944 0.430882
59.215 209.944 0.519615
69.9813 209.944 0.383243
