37 26
0 6 72 40
0 0 72 72
0 0 72 82
0 0 72 144
0 0 72 216
5.38318 5.38318 0.25415
16.1495 5.38318 0.526838
26.9159 5.38318 1.15596
37.6822 5.38318 1.26908
48.4486 5.38318 0.992391
59.215 5.38318 0.651397
69.9813 5.38318 0.326818
5.38318 16.1495 0.485323
16.1495 16.1495 1.21837
26.9159 16.1495 2.33832
37.6822 16.1495 2.55332
48.4486 16.1495 2.15307
59.215 16.1495 1.52506
69.9813 16.1495 0.830095
5.38318 26.9159 0.570038
16.1495 26.9159 1.52068
26.9159 26.9159 2.93946
37.6822 26.9159 3.24555
48.4486 26.9159 2.82528
59.215 26.9159 2.02155
69.9813 26.9159 1.15682
5.38318 37.6822 0.866184
16.1495 37.6822 1.648
26.9159 37.6822 2.65609
37.6822 37.6822 2.74358
48.4486 37.6822 2.53879
59.215 37.6822 1.99621
69.9813 37.6822 1.2947
5.38318 48.4486 0.82614
16.1495 48.4486 1.16674
26.9159 48.4486 1.66236
37.6822 48.4486 1.47031
48.4486 48.4486 1.49219
59.215 48.4486 1.36205
69.9813 48.4486 1.10103
5.38318 59.215 0.327247
16.1495 59.215 0.226772
26.9159 59.215 0.328183
37.6822 59.215 -0.0319946
48.4486 59.215 -0.0586167
59.215 59.215 0.157949
69.9813 59.215 0.398784
5.38318 69.9813 -0.25017
16.1495 69.9813 -0.488618
26.9159 69.9813 -0.478546
37.6822 69.9813 -0.532526
48.4486 69.9813 -0.479427
59.215 69.9813 -0.279925
69.9813 69.9813 -0.043014
5.38318 80.7477 -0.417766
16.1495 80.7477 -0.712067
26.9159 80.7477 -0.731033
37.6822 80.7477 -0.763621
48.4486 80.7477 -0.702369
59.215 80.7477 -0.456814
69.9813 80.7477 -0.144896
5.38318 91.514 -0.53792
16.1495 91.514 -0.871812
26.9159 91.514 -0.911225
37.6822 91.514 -0.931324
48.4486 91.514 -0.856239
59.215 91.514 -0.604707
69.9813 91.514 -0.234639
5.38318 102.28 -0.554842
16.1495 102.28 -0.886804
26.9159 102.28 -0.945305
37.6822 102.28 -0.946664
48.4486 102.28 -0.894609
59.215 102.28 -0.665383
69.9813 102.28 -0.273651
5.38318 113.047 -0.586066
16.1495 113.047 -0.937055
26.9159 113.047 -1.01749
37.6822 113.047 -1.01407
48.4486 113.047 -0.958474
59.215 113.047 -0.750064
69.9813 113.047 -0.322121
5.38318 123.813 -0.57769
16.1495 123.813 -0.910563
26.9159 123.813 -0.95731
37.6822 123.813 -0.926956
48.4486 123.813 -0.846215
59.215 123.813 -0.61128
69.9813 123.813 -0.247316
5.38318 134.579 -0.557129
16.1495 134.579 -0.851602
26.9159 134.579 -0.793339
37.6822 134.579 -0.661822
48.4486 134.579 -0.554367
59.215 134.579 -0.365743
69.9813 134.579 -0.116771
5.38318 145.346 -0.515582
16.1495 145.346 -0.721198
26.9159 145.346 -0.452133
37.6822 145.346 -0.195725
48.4486 145.346 -0.0300189
59.215 145.346 0.124485
69.9813 145.346 0.242677
5.38318 156.112 -0.402138
16.1495 156.112 -0.486524
26.9159 156.112 -0.129793
37.6822 156.112 0.451978
48.4486 156.112 0.703823
59.215 156.112 0.70459
69.9813 156.112 0.509269
5.38318 166.879 -0.286409
16.1495 166.879 -0.348744
26.9159 166.879 -0.0517944
37.6822 166.879 0.28226
48.4486 166.879 0.370816
59.215 166.879 0.347389
69.9813 166.879 0.34697
5.38318 177.645 -0.164968
16.1495 177.645 -0.257593
26.9159 177.645 -0.244411
37.6822 177.645 -0.360927
48.4486 177.645 -0.444156
59.215 177.645 -0.343514
69.9813 177.645 -0.110015
5.38318 188.411 -0.165839
16.1495 188.411 -0.304855
26.9159 188.411 -0.451151
37.6822 188.411 -0.695549
48.4486 188.411 -0.822751
59.215 188.411 -0.650977
69.9813 188.411 -0.258558
5.38318 199.178 -0.232393
16.1495 199.178 -0.388607
26.9159 199.178 -0.558427
37.6822 199.178 -0.737509
48.4486 199.178 -0.810375
59.215 199.178 -0.588357
69.9813 199.178 -0.203291
5.38318 209.944 -0.237903
16.1495 209.944 -0.351281
26.9159 209.944 -0.425717
37.6822 209.944 -0.482539
48.4486 209.944 -0.476508
59.215 209.944 -0.311054
69.9813 209.944 -0.0652814
