37 177
0 157 72 40
0 141 72 72
0 134 72 82
0 72 72 144
0 0 72 216
5.38318 5.38318 1.12946
16.1495 5.38318 1.62143
26.9159 5.38318 1.65758
37.6822 5.38318 1.30767
48.4486 5.38318 1.03669
59.215 5.38318 0.666642
69.9813 5.38318 0.391383
5.38318 16.1495 1.85928
16.1495 16.1495 2.87232
26.9159 16.1495 3.23634
37.6822 16.1495 3.05469
48.4486 16.1495 2.71215
59.215 16.1495 1.9436
69.9813 16.1495 1.07735
5.38318 26.9159 1.99953
16.1495 26.9159 3.32511
26.9159 26.9159 4.36561
37.6822 26.9159 4.99387
48.4486 26.9159 4.76848
59.215 26.9159 3.36151
69.9813 26.9159 1.63185
5.38318 37.6822 1.62005
16.1495 37.6822 2.83787
26.9159 37.6822 4.33233
37.6822 37.6822 5.99646
48.4486 37.6822 6.09763
59.215 37.6822 4.50592
69.9813 37.6822 2.08923
5.38318 48.4486 1.22692
16.1495 48.4486 2.31721
26.9159 48.4486 3.69937
37.6822 48.4486 5.32405
48.4486 48.4486 5.42625
59.215 48.4486 4.07176
69.9813 48.4486 1.92015
5.38318 59.215 0.86092
16.1495 59.215 1.7524
26.9159 59.215 2.3837
37.6822 59.215 3.04103
48.4486 59.215 2.88528
59.215 59.215 2.43375
69.9813 59.215 1.36491
5.38318 69.9813 0.620483
16.1495 69.9813 1.38971
26.9159 69.9813 1.69053
37.6822 69.9813 1.67654
48.4486 69.9813 1.30521
59.215 69.9813 1.18789
69.9813 69.9813 0.898014
5.38318 80.7477 0.269784
16.1495 80.7477 0.863382
26.9159 80.7477 1.17956
37.6822 80.7477 0.976547
48.4486 80.7477 0.377796
59.215 80.7477 0.437355
69.9813 80.7477 0.447452
5.38318 91.514 -0.143707
16.1495 91.514 -0.0836569
26.9159 91.514 0.189188
37.6822 91.514 -0.00289916
48.4486 91.514 -0.201787
59.215 91.514 -0.155253
69.9813 91.514 -0.0168152
5.38318 102.28 -0.214659
16.1495 102.28 -0.28964
26.9159 102.28 -0.228757
37.6822 102.28 -0.259369
48.4486 102.28 -0.323727
59.215 102.28 -0.262648
69.9813 102.28 -0.104426
5.38318 113.047 -0.297772
16.1495 113.047 -0.449813
26.9159 113.047 -0.445506
37.6822 113.047 -0.434789
48.4486 113.047 -0.417846
59.215 113.047 -0.330254
69.9813 113.047 -0.144397
5.38318 123.813 -0.289402
16.1495 123.813 -0.410347
26.9159 123.813 -0.344542
37.6822 123.813 -0.299084
48.4486 123.813 -0.291866
59.215 123.813 -0.244713
69.9813 123.813 -0.107508
5.38318 134.579 -0.236109
16.1495 134.579 -0.292967
26.9159 134.579 -0.136759
37.6822 134.579 -0.0292879
48.4486 134.579 -0.0296329
59.215 134.579 -0.0478082
69.9813 134.579 -0.00884257
5.38318 145.346 -0.0333746
16.1495 145.346 0.161655
26.9159 145.346 0.926753
37.6822 145.346 1.36761
48.4486 145.346 1.14597
59.215 145.346 0.737387
69.9813 145.346 0.326532
5.38318 156.112 0.487616
16.1495 156.112 1.08485
26.9159 156.112 2.48057
37.6822 156.112 3.04472
48.4486 156.112 2.63274
59.215 156.112 1.72387
69.9813 156.112 0.76946
5.38318 166.879 1.23144
16.1495 166.879 2.45302
26.9159 166.879 4.45058
37.6822 166.879 5.08388
48.4486 166.879 4.16894
59.215 166.879 2.53824
69.9813 166.879 1.09779
5.38318 177.645 1.53872
16.1495 177.645 3.19919
26.9159 177.645 5.76415
37.6822 177.645 6.39815
48.4486 177.645 5.20451
59.215 177.645 2.94317
69.9813 177.645 1.2645
5.38318 188.411 1.42553
16.1495 188.411 3.10111
26.9159 188.411 5.41907
37.6822 188.411 5.84209
48.4486 188.411 4.58354
59.215 188.411 2.46869
69.9813 188.411 1.05915
5.38318 199.178 0.773129
16.1495 199.178 1.82053
26.9159 199.178 3.21054
37.6822 199.178 3.37959
48.4486 199.178 2.71139
59.215 199.178 1.4909
69.9813 199.178 0.738074
5.38318 209.944 0.306864
16.1495 209.944 0.760633
26.9159 209.944 1.16405
37.6822 209.944 1.21317
48.4486 209.944 1.00049
59.215 209.944 0.717701
69.9813 209.944 0.490971
