37 177
0 157 72 40
0 141 72 72
0 134 72 82
0 72 72 144
0 0 72 216
5.38318 5.38318 0.366826
16.1495 5.38318 0.743475
26.9159 5.38318 1.22204
37.6822 5.38318 1.30881
48.4486 5.38318 1.17085
59.215 5.38318 0.809518
69.9813 5.38318 0.463939
5.38318 16.1495 0.376701
16.1495 16.1495 1.10017
26.9159 16.1495 2.04669
37.6822 16.1495 2.32188
48.4486 16.1495 2.12793
59.215 16.1495 1.59049
69.9813 16.1495 0.93767
5.38318 26.9159 -0.0690324
16.1495 26.9159 0.453597
26.9159 26.9159 1.6888
37.6822 26.9159 2.16907
48.4486 26.9159 2.11939
59.215 26.9159 1.66517
69.9813 26.9159 1.02939
5.38318 37.6822 -0.248745
16.1495 37.6822 -0.139791
26.9159 37.6822 0.920742
37.6822 37.6822 1.38083
48.4486 37.6822 1.45038
59.215 37.6822 1.20606
69.9813 37.6822 0.81293
5.38318 48.4486 -0.280925
16.1495 48.4486 -0.23203
26.9159 48.4486 0.399258
37.6822 48.4486 0.532764
48.4486 48.4486 0.359574
59.215 48.4486 0.113471
69.9813 48.4486 0.190269
5.38318 59.215 -0.286071
16.1495 59.215 -0.237225
26.9159 59.215 0.177178
37.6822 59.215 0.0568928
48.4486 59.215 -0.205769
59.215 59.215 -0.354963
69.9813 59.215 -0.168993
5.38318 69.9813 -0.327869
16.1495 69.9813 -0.339599
26.9159 69.9813 -0.151094
37.6822 69.9813 -0.253755
48.4486 69.9813 -0.464002
59.215 69.9813 -0.567311
69.9813 69.9813 -0.266784
5.38318 80.7477 -0.42575
16.1495 80.7477 -0.543571
26.9159 80.7477 -0.441254
37.6822 80.7477 -0.508439
48.4486 80.7477 -0.65783
59.215 80.7477 -0.665789
69.9813 80.7477 -0.311141
5.38318 91.514 -0.524949
16.1495 91.514 -0.814614
26.9159 91.514 -0.847504
37.6822 91.514 -0.916518
48.4486 91.514 -0.943312
59.215 91.514 -0.801998
69.9813 91.514 -0.367681
5.38318 102.28 -0.571781
16.1495 102.28 -0.915319
26.9159 102.28 -1.00396
37.6822 102.28 -1.02515
48.4486 102.28 -0.996905
59.215 102.28 -0.802711
69.9813 102.28 -0.368025
5.38318 113.047 -0.570272
16.1495 113.047 -0.915553
26.9159 113.047 -0.995486
37.6822 113.047 -0.996142
48.4486 113.047 -0.940568
59.215 113.047 -0.721266
69.9813 113.047 -0.304922
5.38318 123.813 -0.477822
16.1495 123.813 -0.776629
26.9159 123.813 -0.809476
37.6822 123.813 -0.850548
48.4486 123.813 -0.806757
59.215 123.813 -0.574582
69.9813 123.813 -0.215868
5.38318 134.579 -0.121387
16.1495 134.579 -0.240547
26.9159 134.579 -0.268255
37.6822 134.579 -0.419675
48.4486 134.579 -0.438056
59.215 134.579 -0.289067
69.9813 134.579 -0.0384039
5.38318 145.346 1.02202
16.1495 145.346 1.6151
26.9159 145.346 1.63408
37.6822 145.346 1.05951
48.4486 145.346 0.775696
59.215 145.346 0.670191
69.9813 145.346 0.633943
5.38318 156.112 2.18119
16.1495 156.112 3.53169
26.9159 156.112 3.78193
37.6822 156.112 3.21652
48.4486 156.112 2.74853
59.215 156.112 2.11763
69.9813 156.112 1.38286
5.38318 166.879 2.63653
16.1495 166.879 4.55487
26.9159 166.879 5.35236
37.6822 166.879 5.22522
48.4486 166.879 4.55413
59.215 166.879 3.34525
69.9813 166.879 1.91015
5.38318 177.645 2.06297
16.1495 177.645 3.81399
26.9159 177.645 5.11092
37.6822 177.645 5.86129
48.4486 177.645 5.52109
59.215 177.645 4.15634
69.9813 177.645 2.24266
5.38318 188.411 0.955982
16.1495 188.411 2.14332
26.9159 188.411 3.58333
37.6822 188.411 4.82238
48.4486 188.411 4.81173
59.215 188.411 3.71047
69.9813 188.411 1.93734
5.38318 199.178 0.227663
16.1495 199.178 0.758929
26.9159 199.178 1.68622
37.6822 199.178 2.42442
48.4486 199.178 2.43509
59.215 199.178 2.08795
69.9813 199.178 1.20959
5.38318 209.944 0.0908742
16.1495 209.944 0.326382
26.9159 209.944 0.672404
37.6822 209.944 0.738385
48.4486 209.944 0.608137
59.215 209.944 0.589352
69.9813 209.944 0.439451
