48 177
0 157 72 40
0 141 72 72
0 134 72 82
0 72 72 144
0 0 72 216
5.38318 5.38318 0.60351
16.1495 5.38318 1.14731
26.9159 5.38318 1.53821
37.6822 5.38318 1.7324
48.4486 5.38318 1.56057
59.215 5.38318 1.11046
69.9813 5.38318 0.606779
5.38318 16.1495 0.996961
16.1495 16.1495 2.04174
26.9159 16.1495 2.81875
37.6822 16.1495 3.25402
48.4486 16.1495 2.96859
59.215 16.1495 2.15501
69.9813 16.1495 1.17081
5.38318 26.9159 1.03436
16.1495 26.9159 2.294
26.9159 26.9159 3.31088
37.6822 26.9159 3.80512
48.4486 26.9159 3.39949
59.215 26.9159 2.43115
69.9813 26.9159 1.32767
5.38318 37.6822 0.888644
16.1495 37.6822 2.09144
26.9159 37.6822 3.32788
37.6822 37.6822 3.65225
48.4486 37.6822 3.22838
59.215 37.6822 2.1632
69.9813 37.6822 1.20108
5.38318 48.4486 0.530985
16.1495 48.4486 1.61544
26.9159 48.4486 3.0862
37.6822 48.4486 3.33995
48.4486 48.4486 2.84597
59.215 48.4486 1.55417
69.9813 48.4486 0.799098
5.38318 59.215 -0.0109676
16.1495 59.215 0.716425
26.9159 59.215 2.35414
37.6822 59.215 2.56848
48.4486 59.215 2.05058
59.215 59.215 0.738453
69.9813 59.215 0.295174
5.38318 69.9813 -0.359794
16.1495 69.9813 -0.409748
26.9159 69.9813 -0.0230143
37.6822 69.9813 0.0883868
48.4486 69.9813 -0.220704
59.215 69.9813 -0.384511
69.9813 69.9813 -0.221651
5.38318 80.7477 -0.528468
16.1495 80.7477 -0.824178
26.9159 80.7477 -0.800453
37.6822 80.7477 -0.839261
48.4486 80.7477 -0.914567
59.215 80.7477 -0.776179
69.9813 80.7477 -0.375625
5.38318 91.514 -0.585106
16.1495 91.514 -0.949368
26.9159 91.514 -1.06299
37.6822 91.514 -1.09591
48.4486 91.514 -1.05236
59.215 91.514 -0.836898
69.9813 91.514 -0.377782
5.38318 102.28 -0.591406
16.1495 102.28 -0.952011
26.9159 102.28 -1.05195
37.6822 102.28 -1.06445
48.4486 102.28 -1.00993
59.215 102.28 -0.796397
69.9813 102.28 -0.348993
5.38318 113.047 -0.582779
16.1495 113.047 -0.932473
26.9159 113.047 -1.01368
37.6822 113.047 -1.01409
48.4486 113.047 -0.960342
59.215 113.047 -0.753169
69.9813 113.047 -0.323738
5.38318 123.813 -0.569246
16.1495 123.813 -0.904189
26.9159 123.813 -0.967399
37.6822 123.813 -0.957741
48.4486 123.813 -0.902251
59.215 123.813 -0.652184
69.9813 123.813 -0.26602
5.38318 134.579 -0.528393
16.1495 134.579 -0.820491
26.9159 134.579 -0.779922
37.6822 134.579 -0.738137
48.4486 134.579 -0.664919
59.215 134.579 -0.441399
69.9813 134.579 -0.153473
5.38318 145.346 -0.411284
16.1495 145.346 -0.553702
26.9159 145.346 -0.311752
37.6822 145.346 -0.170106
48.4486 145.346 -0.0421974
59.215 145.346 0.207612
69.9813 145.346 0.345684
5.38318 156.112 -0.14695
16.1495 156.112 -0.0128261
26.9159 156.112 1.07415
37.6822 156.112 1.60895
48.4486 156.112 1.78774
59.215 156.112 1.5605
69.9813 156.112 1.02567
5.38318 166.879 0.291742
16.1495 166.879 1.06254
26.9159 166.879 2.57875
37.6822 166.879 3.44617
48.4486 166.879 3.62196
59.215 166.879 2.88043
69.9813 166.879 1.66592
5.38318 177.645 0.95804
16.1495 177.645 2.01636
26.9159 177.645 3.57439
37.6822 177.645 4.72165
48.4486 177.645 4.84598
59.215 177.645 3.65383
69.9813 177.645 1.96483
5.38318 188.411 1.16505
16.1495 188.411 2.1816
26.9159 188.411 3.53425
37.6822 188.411 4.5609
48.4486 188.411 4.54233
59.215 188.411 3.32519
69.9813 188.411 1.74623
5.38318 199.178 1.00273
16.1495 199.178 1.73405
26.9159 199.178 2.45934
37.6822 199.178 2.9075
48.4486 199.178 2.70345
59.215 199.178 1.99378
69.9813 199.178 1.12983
5.38318 209.944 0.330287
16.1495 209.944 0.668683
26.9159 209.944 0.908533
37.6822 209.944 1.01715
48.4486 209.944 0.918744
59.215 209.944 0.72363
69.9813 209.944 0.60863
