37 166
0 146 72 40
0 130 72 72
0 125 72 82
0 72 72 144
0 0 72 216
5.38318 5.38318 -0.0326172
16.1495 5.38318 -0.040254
26.9159 5.38318 0.28647
37.6822 5.38318 0.508998
48.4486 5.38318 0.41324
59.215 5.38318 0.306271
69.9813 5.38318 0.171702
5.38318 16.1495 -0.126643
16.1495 16.1495 -0.055846
26.9159 16.1495 0.605597
37.6822 16.1495 0.971655
48.4486 16.1495 0.809511
59.215 16.1495 0.582837
69.9813 16.1495 0.364789
5.38318 26.9159 -0.368809
16.1495 26.9159 -0.425247
26.9159 26.9159 -0.157776
37.6822 26.9159 0.21562
48.4486 26.9159 -0.0461044
59.215 26.9159 -0.124331
69.9813 26.9159 -0.0765665
5.38318 37.6822 -0.343207
16.1495 37.6822 -0.393721
26.9159 37.6822 -0.213615
37.6822 37.6822 -0.097516
48.4486 37.6822 -0.291269
59.215 37.6822 -0.320938
69.9813 37.6822 -0.172664
5.38318 48.4486 -0.319064
16.1495 48.4486 -0.378842
26.9159 48.4486 -0.26949
37.6822 48.4486 -0.265308
48.4486 48.4486 -0.495762
59.215 48.4486 -0.485271
69.9813 48.4486 -0.252119
5.38318 59.215 -0.370601
16.1495 59.215 -0.507777
26.9159 59.215 -0.468705
37.6822 59.215 -0.512901
48.4486 59.215 -0.701356
59.215 59.215 -0.608241
69.9813 59.215 -0.295561
5.38318 69.9813 -0.461434
16.1495 69.9813 -0.719142
26.9159 69.9813 -0.780957
37.6822 69.9813 -0.85729
48.4486 69.9813 -0.940097
59.215 69.9813 -0.731938
69.9813 69.9813 -0.327688
5.38318 80.7477 -0.537784
16.1495 80.7477 -0.87605
26.9159 80.7477 -1.01188
37.6822 80.7477 -1.06607
48.4486 80.7477 -1.04684
59.215 80.7477 -0.820182
69.9813 80.7477 -0.35485
5.38318 91.514 -0.568091
16.1495 91.514 -0.918476
26.9159 91.514 -1.04743
37.6822 91.514 -1.08724
48.4486 91.514 -1.05673
59.215 91.514 -0.830325
69.9813 91.514 -0.368807
5.38318 102.28 -0.58488
16.1495 102.28 -0.937314
26.9159 102.28 -1.03574
37.6822 102.28 -1.04452
48.4486 102.28 -0.998482
59.215 102.28 -0.787684
69.9813 102.28 -0.343968
5.38318 113.047 -0.583393
16.1495 113.047 -0.929305
26.9159 113.047 -1.00623
37.6822 113.047 -0.999158
48.4486 113.047 -0.943975
59.215 113.047 -0.718819
69.9813 113.047 -0.303738
5.38318 123.813 -0.563303
16.1495 123.813 -0.853806
26.9159 123.813 -0.822095
37.6822 123.813 -0.66806
48.4486 123.813 -0.604844
59.215 123.813 -0.370598
69.9813 123.813 -0.123966
5.38318 134.579 -0.511197
16.1495 134.579 -0.614282
26.9159 134.579 -0.294806
37.6822 134.579 0.13803
48.4486 134.579 0.211634
59.215 134.579 0.462405
69.9813 134.579 0.403003
5.38318 145.346 -0.348445
16.1495 145.346 -0.102601
26.9159 145.346 1.42567
37.6822 145.346 2.6072
48.4486 145.346 2.55341
59.215 145.346 2.17359
69.9813 145.346 1.30508
5.38318 156.112 -0.141081
16.1495 156.112 0.769905
26.9159 156.112 2.80725
37.6822 156.112 3.99176
48.4486 156.112 3.80336
59.215 156.112 2.93657
69.9813 156.112 1.68554
5.38318 166.879 0.0667608
16.1495 166.879 1.23164
26.9159 166.879 3.20003
37.6822 166.879 4.20479
48.4486 166.879 3.86592
59.215 166.879 2.87769
69.9813 166.879 1.63613
5.38318 177.645 0.176894
16.1495 177.645 0.96424
26.9159 177.645 2.40787
37.6822 177.645 2.78066
48.4486 177.645 2.33025
59.215 177.645 1.66379
69.9813 177.645 0.9642
5.38318 188.411 0.0546751
16.1495 188.411 0.375574
26.9159 188.411 1.35159
37.6822 188.411 1.32411
48.4486 188.411 1.08136
59.215 188.411 0.895186
69.9813 188.411 0.693778
5.38318 199.178 -0.096751
16.1495 199.178 -0.0992752
26.9159 199.178 0.434628
37.6822 199.178 0.212402
48.4486 199.178 0.14729
59.215 199.178 0.180214
69.9813 199.178 0.396085
5.38318 209.944 -0.113085
16.1495 209.944 -0.148746
26.9159 209.944 -0.00350929
37.6822 209.944 -0.126247
48.4486 209.944 -0.112181
59.215 209.944 -0.0828509
69.9813 209.944 0.191158
