26 37
0 17 72 40
0 1 72 72
0 0 72 82
0 0 72 144
0 0 72 216
5.38318 5.38318 1.03248
16.1495 5.38318 1.49586
26.9159 5.38318 1.68319
37.6822 5.38318 1.69767
48.4486 5.38318 1.55914
59.215 5.38318 1.22839
69.9813 5.38318 0.69922
5.38318 16.1495 2.42105
16.1495 16.1495 3.49373
26.9159 16.1495 3.72391
37.6822 16.1495 3.62134
48.4486 16.1495 3.2993
59.215 16.1495 2.5421
69.9813 16.1495 1.42488
5.38318 26.9159 3.67335
16.1495 26.9159 5.30236
26.9159 26.9159 5.39686
37.6822 26.9159 5.09319
48.4486 26.9159 4.52366
59.215 26.9159 3.53063
69.9813 26.9159 1.9369
5.38318 37.6822 3.89447
16.1495 37.6822 5.63309
26.9159 37.6822 5.66963
37.6822 37.6822 5.16989
48.4486 37.6822 4.49263
59.215 37.6822 3.47214
69.9813 37.6822 1.90201
5.38318 48.4486 2.50392
16.1495 48.4486 3.87913
26.9159 48.4486 4.1882
37.6822 48.4486 3.78853
48.4486 48.4486 3.26044
59.215 48.4486 2.60968
69.9813 48.4486 1.55088
5.38318 59.215 1.31117
16.1495 59.215 2.08673
26.9159 59.215 2.43977
37.6822 59.215 1.80257
48.4486 59.215 1.5621
59.215 59.215 1.41661
69.9813 59.215 1.14007
5.38318 69.9813 0.552713
16.1495 69.9813 0.824314
26.9159 69.9813 1.23152
37.6822 69.9813 0.713661
48.4486 69.9813 0.856791
59.215 69.9813 0.969022
69.9813 69.9813 0.958995
5.38318 80.7477 0.0062542
16.1495 80.7477 0.0530809
26.9159 80.7477 0.447153
37.6822 80.7477 0.0980386
48.4486 80.7477 0.132699
59.215 80.7477 0.337639
69.9813 80.7477 0.55457
5.38318 91.514 -0.200367
16.1495 91.514 -0.284092
26.9159 91.514 -0.201546
37.6822 91.514 -0.256326
48.4486 91.514 -0.225528
59.215 91.514 -0.130853
69.9813 91.514 0.145946
5.38318 102.28 -0.246486
16.1495 102.28 -0.347754
26.9159 102.28 -0.260522
37.6822 102.28 -0.243382
48.4486 102.28 -0.21978
59.215 102.28 -0.156881
69.9813 102.28 -0.0166808
5.38318 113.047 -0.288113
16.1495 113.047 -0.428273
26.9159 113.047 -0.397853
37.6822 113.047 -0.387995
48.4486 113.047 -0.383718
59.215 113.047 -0.307588
69.9813 113.047 -0.135032
5.38318 123.813 -0.246725
16.1495 123.813 -0.349686
26.9159 123.813 -0.288571
37.6822 123.813 -0.280667
48.4486 123.813 -0.299703
59.215 123.813 -0.235614
69.9813 123.813 -0.09981
5.38318 134.579 -0.17195
16.1495 134.579 -0.17448
26.9159 134.579 0.020011
37.6822 134.579 0.167813
48.4486 134.579 0.0904703
59.215 134.579 0.0904756
69.9813 134.579 0.140882
5.38318 145.346 -0.0575434
16.1495 145.346 0.163878
26.9159 145.346 0.953083
37.6822 145.346 1.34421
48.4486 145.346 1.47405
59.215 145.346 1.22053
69.9813 145.346 0.829132
5.38318 156.112 0.0334999
16.1495 156.112 0.691415
26.9159 156.112 2.16026
37.6822 156.112 3.00328
48.4486 156.112 3.29275
59.215 156.112 2.62837
69.9813 156.112 1.62453
5.38318 166.879 0.249356
16.1495 166.879 1.14467
26.9159 166.879 3.05562
37.6822 166.879 4.45427
48.4486 166.879 5.11786
59.215 166.879 4.07955
69.9813 166.879 2.48868
5.38318 177.645 0.403657
16.1495 177.645 1.37817
26.9159 177.645 3.24151
37.6822 177.645 4.80529
48.4486 177.645 5.52732
59.215 177.645 4.50288
69.9813 177.645 2.70805
5.38318 188.411 0.649218
16.1495 188.411 1.66452
26.9159 188.411 3.0353
37.6822 188.411 4.07411
48.4486 188.411 4.52104
59.215 188.411 3.65525
69.9813 188.411 2.26905
5.38318 199.178 0.660907
16.1495 199.178 1.43069
26.9159 199.178 2.03406
37.6822 199.178 2.15654
48.4486 199.178 2.20104
59.215 199.178 1.88628
69.9813 199.178 1.38433
5.38318 209.944 0.583836
16.1495 209.944 1.14038
26.9159 209.944 1.43278
37.6822 209.944 1.31231
48.4486 209.944 1.32844
59.215 209.944 1.26434
69.9813 209.944 1.07636
