37 26
0 6 72 40
0 0 72 72
0 0 72 82
0 0 72 144
0 0 72 216
5.38318 5.38318 0.504672
16.1495 5.38318 0.959451
26.9159 5.38318 1.46484
37.6822 5.38318 1.65463
48.4486 5.38318 1.52399
59.215 5.38318 1.05182
69.9813 5.38318 0.607393
5.38318 16.1495 1.03341
16.1495 16.1495 2.12295
26.9159 16.1495 3.33578
37.6822 16.1495 3.79443
48.4486 16.1495 3.46502
59.215 16.1495 2.36489
69.9813 16.1495 1.32101
5.38318 26.9159 1.50594
16.1495 26.9159 3.06733
26.9159 26.9159 4.89307
37.6822 26.9159 5.43752
48.4486 26.9159 5.01755
59.215 26.9159 3.41983
69.9813 26.9159 1.89634
5.38318 37.6822 1.67336
16.1495 37.6822 3.22728
26.9159 37.6822 4.89456
37.6822 37.6822 5.29082
48.4486 37.6822 4.91093
59.215 37.6822 3.48977
69.9813 37.6822 1.98714
5.38318 48.4486 1.43182
16.1495 48.4486 2.33439
26.9159 48.4486 3.13601
37.6822 48.4486 3.03628
48.4486 48.4486 2.94903
59.215 48.4486 2.34369
69.9813 48.4486 1.55001
5.38318 59.215 0.804315
16.1495 59.215 1.22149
26.9159 59.215 1.31901
37.6822 59.215 1.27396
48.4486 59.215 1.35168
59.215 59.215 1.52351
69.9813 59.215 1.16104
5.38318 69.9813 0.299607
16.1495 69.9813 0.549289
26.9159 69.9813 0.574924
37.6822 69.9813 0.648809
48.4486 69.9813 0.762967
59.215 69.9813 1.09704
69.9813 69.9813 0.934955
5.38318 80.7477 -0.10507
16.1495 80.7477 -0.0651348
26.9159 80.7477 0.0529129
37.6822 80.7477 0.297685
48.4486 80.7477 0.335506
59.215 80.7477 0.582654
69.9813 80.7477 0.529062
5.38318 91.514 -0.262642
16.1495 91.514 -0.349232
26.9159 91.514 -0.240047
37.6822 91.514 -0.180072
48.4486 91.514 -0.171323
59.215 91.514 -0.115709
69.9813 91.514 -0.00529383
5.38318 102.28 -0.294198
16.1495 102.28 -0.407479
26.9159 102.28 -0.314753
37.6822 102.28 -0.265283
48.4486 102.28 -0.266398
59.215 102.28 -0.216352
69.9813 102.28 -0.0880183
5.38318 113.047 -0.265371
16.1495 113.047 -0.407342
26.9159 113.047 -0.386369
37.6822 113.047 -0.388299
48.4486 113.047 -0.38938
59.215 113.047 -0.313664
69.9813 113.047 -0.141493
5.38318 123.813 -0.169123
16.1495 123.813 -0.239174
26.9159 123.813 -0.169665
37.6822 123.813 -0.153166
48.4486 123.813 -0.193562
59.215 123.813 -0.170177
69.9813 123.813 -0.0738316
5.38318 134.579 0.00126926
16.1495 134.579 0.0850252
26.9159 134.579 0.453302
37.6822 134.579 0.548102
48.4486 134.579 0.392812
59.215 134.579 0.275269
69.9813 134.579 0.205171
5.38318 145.346 0.68554
16.1495 145.346 1.21322
26.9159 145.346 1.82265
37.6822 145.346 1.88002
48.4486 145.346 1.63933
59.215 145.346 1.23927
69.9813 145.346 0.733314
5.38318 156.112 1.59092
16.1495 156.112 2.54264
26.9159 156.112 3.14388
37.6822 156.112 2.96372
48.4486 156.112 2.58208
59.215 156.112 1.94663
69.9813 156.112 1.16239
5.38318 166.879 2.82039
16.1495 166.879 4.33234
26.9159 166.879 4.72693
37.6822 166.879 3.79864
48.4486 166.879 3.04621
59.215 166.879 2.19845
69.9813 166.879 1.351
5.38318 177.645 3.41067
16.1495 177.645 5.21456
26.9159 177.645 5.3658
37.6822 177.645 3.82917
48.4486 177.645 2.74132
59.215 177.645 1.86736
69.9813 177.645 1.2067
5.38318 188.411 2.99096
16.1495 188.411 4.63818
26.9159 188.411 4.68773
37.6822 188.411 3.27081
48.4486 188.411 2.26433
59.215 188.411 1.53881
69.9813 188.411 1.0464
5.38318 199.178 1.50155
16.1495 199.178 2.34756
26.9159 199.178 2.64219
37.6822 199.178 2.19101
48.4486 199.178 1.82931
59.215 199.178 1.43658
69.9813 199.178 1.01146
5.38318 209.944 0.553567
16.1495 209.944 1.08647
26.9159 209.944 1.43368
37.6822 209.944 1.53778
48.4486 209.944 1.375
59.215 209.944 1.10493
69.9813 209.944 0.759743
