26 166
0 146 72 40
0 130 72 72
0 125 72 82
0 72 72 144
0 0 72 216
5.38318 5.38318 0.960516
16.1495 5.38318 1.35331
26.9159 5.38318 1.44462
37.6822 5.38318 1.37141
48.4486 5.38318 1.19163
59.215 5.38318 0.942994
69.9813 5.38318 0.502009
5.38318 16.1495 1.67246
16.1495 16.1495 2.49307
26.9159 16.1495 2.86696
37.6822 16.1495 2.99533
48.4486 16.1495 2.73227
59.215 16.1495 2.16139
69.9813 16.1495 1.19383
5.38318 26.9159 2.05397
16.1495 26.9159 3.21643
26.9159 26.9159 4.02679
37.6822 26.9159 4.71725
48.4486 26.9159 4.58314
59.215 26.9159 3.57159
69.9813 26.9159 1.88866
5.38318 37.6822 1.70834
16.1495 37.6822 2.79056
26.9159 37.6822 3.9802
37.6822 37.6822 5.19058
48.4486 37.6822 5.3673
59.215 37.6822 4.26306
69.9813 37.6822 2.24279
5.38318 48.4486 1.21616
16.1495 48.4486 2.16573
26.9159 48.4486 3.48251
37.6822 48.4486 4.67276
48.4486 48.4486 5.05197
59.215 48.4486 4.14067
69.9813 48.4486 2.29184
5.38318 59.215 0.489206
16.1495 59.215 1.11865
26.9159 59.215 2.34558
37.6822 59.215 2.94489
48.4486 59.215 3.21254
59.215 59.215 2.87865
69.9813 59.215 1.78997
5.38318 69.9813 0.126021
16.1495 69.9813 0.656979
26.9159 69.9813 1.70333
37.6822 69.9813 2.06185
48.4486 69.9813 2.34675
59.215 69.9813 2.09342
69.9813 69.9813 1.44812
5.38318 80.7477 -0.162508
16.1495 80.7477 -0.119574
26.9159 80.7477 0.421723
37.6822 80.7477 0.45517
48.4486 80.7477 0.353662
59.215 80.7477 0.318112
69.9813 80.7477 0.445826
5.38318 91.514 -0.447799
16.1495 91.514 -0.685655
26.9159 91.514 -0.642552
37.6822 91.514 -0.70247
48.4486 91.514 -0.73521
59.215 91.514 -0.605759
69.9813 91.514 -0.244953
5.38318 102.28 -0.563613
16.1495 102.28 -0.910858
26.9159 102.28 -0.993734
37.6822 102.28 -1.01006
48.4486 102.28 -0.974666
59.215 102.28 -0.777024
69.9813 102.28 -0.342638
5.38318 113.047 -0.559548
16.1495 113.047 -0.893896
26.9159 113.047 -0.971589
37.6822 113.047 -0.973713
48.4486 113.047 -0.923944
59.215 113.047 -0.696599
69.9813 113.047 -0.295249
5.38318 123.813 -0.40741
16.1495 123.813 -0.618667
26.9159 123.813 -0.601735
37.6822 123.813 -0.608273
48.4486 123.813 -0.56922
59.215 123.813 -0.395337
69.9813 123.813 -0.113974
5.38318 134.579 0.0745329
16.1495 134.579 0.237472
26.9159 134.579 0.505888
37.6822 134.579 0.414511
48.4486 134.579 0.483195
59.215 134.579 0.491064
69.9813 134.579 0.593897
5.38318 145.346 1.46587
16.1495 145.346 2.56636
26.9159 145.346 3.00177
37.6822 145.346 2.88635
48.4486 145.346 2.8975
59.215 145.346 2.45712
69.9813 145.346 1.70788
5.38318 156.112 2.69439
16.1495 156.112 4.58255
26.9159 156.112 5.10176
37.6822 156.112 4.87829
48.4486 156.112 4.83598
59.215 156.112 4.07754
69.9813 156.112 2.65535
5.38318 166.879 3.05964
16.1495 166.879 5.24981
26.9159 166.879 5.75246
37.6822 166.879 5.59035
48.4486 166.879 5.50232
59.215 166.879 4.70064
69.9813 166.879 2.95293
5.38318 177.645 2.37257
16.1495 177.645 3.98561
26.9159 177.645 4.37667
37.6822 177.645 4.37813
48.4486 177.645 4.22627
59.215 177.645 3.59017
69.9813 177.645 2.20743
5.38318 188.411 1.192
16.1495 188.411 2.0889
26.9159 188.411 2.50495
37.6822 188.411 2.62498
48.4486 188.411 2.6294
59.215 188.411 2.29327
69.9813 188.411 1.47664
5.38318 199.178 0.755496
16.1495 199.178 1.41446
26.9159 199.178 1.84936
37.6822 199.178 1.93362
48.4486 199.178 1.90216
59.215 199.178 1.65757
69.9813 199.178 1.1133
5.38318 209.944 0.457574
16.1495 209.944 0.938282
26.9159 209.944 1.27948
37.6822 209.944 1.25896
48.4486 209.944 1.29504
59.215 209.944 1.194
69.9813 209.944 0.860698
