37 188
0 168 72 40
0 144 72 72
0 134 72 82
0 72 72 144
0 0 72 216
5.38318 5.38318 0.787191
16.1495 5.38318 1.28886
26.9159 5.38318 1.51618
37.6822 5.38318 1.32326
48.4486 5.38318 0.866263
59.215 5.38318 0.510979
69.9813 5.38318 0.273267
5.38318 16.1495 1.40622
16.1495 16.1495 2.53261
26.9159 16.1495 3.06241
37.6822 16.1495 2.70839
48.4486 16.1495 1.91708
59.215 16.1495 1.19941
69.9813 16.1495 0.702603
5.38318 26.9159 1.72074
16.1495 26.9159 3.19967
26.9159 26.9159 3.84347
37.6822 26.9159 3.29633
48.4486 26.9159 2.18793
59.215 26.9159 1.33683
69.9813 26.9159 0.810533
5.38318 37.6822 1.50705
16.1495 37.6822 2.81999
26.9159 37.6822 3.34153
37.6822 37.6822 2.85926
48.4486 37.6822 1.98004
59.215 37.6822 1.40151
69.9813 37.6822 0.956995
5.38318 48.4486 0.952192
16.1495 48.4486 1.75777
26.9159 48.4486 2.03346
37.6822 48.4486 1.80712
48.4486 48.4486 1.1697
59.215 48.4486 1.03972
69.9813 48.4486 0.83547
5.38318 59.215 0.269439
16.1495 59.215 0.458756
26.9159 59.215 0.671815
37.6822 59.215 0.632285
48.4486 59.215 0.210738
59.215 59.215 0.320223
69.9813 59.215 0.365151
5.38318 69.9813 -0.117808
16.1495 69.9813 -0.234512
26.9159 69.9813 -0.185151
37.6822 69.9813 -0.20826
48.4486 69.9813 -0.367013
59.215 69.9813 -0.246313
69.9813 69.9813 -0.092849
5.38318 80.7477 -0.294443
16.1495 80.7477 -0.505773
26.9159 80.7477 -0.481391
37.6822 80.7477 -0.503097
48.4486 80.7477 -0.600831
59.215 80.7477 -0.454055
69.9813 80.7477 -0.214026
5.38318 91.514 -0.512604
16.1495 91.514 -0.837615
26.9159 91.514 -0.850986
37.6822 91.514 -0.870136
48.4486 91.514 -0.867043
59.215 91.514 -0.648297
69.9813 91.514 -0.294253
5.38318 102.28 -0.547455
16.1495 102.28 -0.877084
26.9159 102.28 -0.945075
37.6822 102.28 -0.95826
48.4486 102.28 -0.93009
59.215 102.28 -0.731016
69.9813 102.28 -0.328277
5.38318 113.047 -0.584209
16.1495 113.047 -0.936173
26.9159 113.047 -1.02118
37.6822 113.047 -1.02355
48.4486 113.047 -0.970407
59.215 113.047 -0.766947
69.9813 113.047 -0.33145
5.38318 123.813 -0.572931
16.1495 123.813 -0.916821
26.9159 123.813 -0.996737
37.6822 123.813 -0.997614
48.4486 123.813 -0.947096
59.215 123.813 -0.734948
69.9813 123.813 -0.314857
5.38318 134.579 -0.550701
16.1495 134.579 -0.879756
26.9159 134.579 -0.957957
37.6822 134.579 -0.96043
48.4486 134.579 -0.91481
59.215 134.579 -0.676666
69.9813 134.579 -0.281818
5.38318 145.346 -0.510749
16.1495 145.346 -0.807495
26.9159 145.346 -0.833314
37.6822 145.346 -0.825731
48.4486 145.346 -0.783423
59.215 145.346 -0.563237
69.9813 145.346 -0.219685
5.38318 156.112 -0.338648
16.1495 156.112 -0.451354
26.9159 156.112 -0.289361
37.6822 156.112 -0.282449
48.4486 156.112 -0.292496
59.215 156.112 -0.281286
69.9813 156.112 -0.0761625
5.38318 166.879 -0.114186
16.1495 166.879 0.0783938
26.9159 166.879 1.1148
37.6822 166.879 1.15078
48.4486 166.879 1.03787
59.215 166.879 0.310992
69.9813 166.879 0.323616
5.38318 177.645 0.414907
16.1495 177.645 1.55377
26.9159 177.645 3.24308
37.6822 177.645 3.41
48.4486 177.645 3.0513
59.215 177.645 1.49597
69.9813 177.645 0.821975
5.38318 188.411 0.552286
16.1495 188.411 2.02214
26.9159 188.411 4.13062
37.6822 188.411 4.50137
48.4486 188.411 3.94651
59.215 188.411 2.01825
69.9813 188.411 1.0344
5.38318 199.178 0.365016
16.1495 199.178 1.75438
26.9159 199.178 3.77114
37.6822 199.178 4.23768
48.4486 199.178 3.52431
59.215 199.178 1.78245
69.9813 199.178 0.835922
5.38318 209.944 -0.015687
16.1495 209.944 0.617955
26.9159 209.944 1.83476
37.6822 209.944 2.0248
48.4486 209.944 1.58658
59.215 209.944 0.652872
69.9813 209.944 0.305525
