48 59
0 39 72 40
0 23 72 72
0 18 72 82
0 0 72 144
0 0 72 216
5.38318 5.38318 0.152772
16.1495 5.38318 0.656466
26.9159 5.38318 1.62471
37.6822 5.38318 1.81816
48.4486 5.38318 1.2654
59.215 5.38318 0.503351
69.9813 5.38318 0.0970715
5.38318 16.1495 -0.00240805
16.1495 16.1495 0.94756
26.9159 16.1495 2.58495
37.6822 16.1495 2.99277
48.4486 16.1495 2.15557
59.215 16.1495 0.935504
69.9813 16.1495 0.270731
5.38318 26.9159 -0.268998
16.1495 26.9159 0.197697
26.9159 26.9159 2.10441
37.6822 26.9159 2.71964
48.4486 26.9159 1.779
59.215 26.9159 0.596541
69.9813 26.9159 -0.0189722
5.38318 37.6822 -0.297635
16.1495 37.6822 -0.158737
26.9159 37.6822 1.14593
37.6822 37.6822 1.81808
48.4486 37.6822 1.30411
59.215 37.6822 0.686591
69.9813 37.6822 0.296845
5.38318 48.4486 -0.208979
16.1495 48.4486 -0.0190973
26.9159 48.4486 1.41725
37.6822 48.4486 2.27789
48.4486 48.4486 2.24736
59.215 48.4486 1.62443
69.9813 48.4486 0.944226
5.38318 59.215 -0.0678353
16.1495 59.215 0.543717
26.9159 59.215 2.02947
37.6822 59.215 2.95789
48.4486 59.215 3.229
59.215 59.215 2.60209
69.9813 59.215 1.54272
5.38318 69.9813 -0.0735812
16.1495 69.9813 0.503179
26.9159 69.9813 1.84903
37.6822 69.9813 2.72102
48.4486 69.9813 3.12131
59.215 69.9813 2.58975
69.9813 69.9813 1.57356
5.38318 80.7477 -0.219816
16.1495 80.7477 -0.126978
26.9159 80.7477 0.797835
37.6822 80.7477 1.28188
48.4486 80.7477 1.63452
59.215 80.7477 1.31555
69.9813 80.7477 0.90768
5.38318 91.514 -0.466188
16.1495 91.514 -0.70139
26.9159 91.514 -0.569946
37.6822 91.514 -0.642597
48.4486 91.514 -0.590608
59.215 91.514 -0.494798
69.9813 91.514 -0.192222
5.38318 102.28 -0.562015
16.1495 102.28 -0.904601
26.9159 102.28 -0.967082
37.6822 102.28 -0.997024
48.4486 102.28 -0.953399
59.215 102.28 -0.777333
69.9813 102.28 -0.338054
5.38318 113.047 -0.586458
16.1495 113.047 -0.937537
26.9159 113.047 -1.018
37.6822 113.047 -1.01736
48.4486 113.047 -0.966204
59.215 113.047 -0.76655
69.9813 113.047 -0.334139
5.38318 123.813 -0.566958
16.1495 123.813 -0.880113
26.9159 123.813 -0.915208
37.6822 123.813 -0.893345
48.4486 123.813 -0.879627
59.215 123.813 -0.688649
69.9813 123.813 -0.31045
5.38318 134.579 -0.533855
16.1495 134.579 -0.765181
26.9159 134.579 -0.5997
37.6822 134.579 -0.530542
48.4486 134.579 -0.61046
59.215 134.579 -0.548671
69.9813 134.579 -0.270578
5.38318 145.346 -0.472854
16.1495 145.346 -0.484975
26.9159 145.346 -0.0408354
37.6822 145.346 0.352879
48.4486 145.346 -0.120067
59.215 145.346 -0.299333
69.9813 145.346 -0.199604
5.38318 156.112 -0.404925
16.1495 156.112 -0.271593
26.9159 156.112 0.856892
37.6822 156.112 1.40892
48.4486 156.112 0.640524
59.215 156.112 -0.0828299
69.9813 156.112 -0.138949
5.38318 166.879 -0.367335
16.1495 166.879 -0.198965
26.9159 166.879 1.13951
37.6822 166.879 1.81343
48.4486 166.879 1.06685
59.215 166.879 0.228303
69.9813 166.879 -0.0565821
5.38318 177.645 -0.3241
16.1495 177.645 -0.22127
26.9159 177.645 0.963347
37.6822 177.645 1.58914
48.4486 177.645 1.12172
59.215 177.645 0.508055
69.9813 177.645 0.188642
5.38318 188.411 -0.270824
16.1495 188.411 -0.159718
26.9159 188.411 1.14203
37.6822 188.411 1.89016
48.4486 188.411 1.77443
59.215 188.411 1.19341
69.9813 188.411 0.666085
5.38318 199.178 -0.243815
16.1495 199.178 -0.108498
26.9159 199.178 1.18354
37.6822 199.178 2.12642
48.4486 199.178 2.42313
59.215 199.178 1.98854
69.9813 199.178 1.18967
5.38318 209.944 -0.161704
16.1495 209.944 -0.0351986
26.9159 209.944 0.919604
37.6822 209.944 1.72713
48.4486 209.944 2.18668
59.215 209.944 1.95268
69.9813 209.944 1.17827
