48 177
0 157 72 40
0 141 72 72
0 134 72 82
0 72 72 144
0 0 72 216
5.38318 5.38318 0.856265
16.1495 5.38318 1.6298
26.9159 5.38318 2.08698
37.6822 5.38318 1.92839
48.4486 5.38318 1.34066
59.215 5.38318 0.750778
69.9813 5.38318 0.329463
5.38318 16.1495 1.33988
16.1495 16.1495 2.79126
26.9159 16.1495 3.78247
37.6822 16.1495 3.69944
48.4486 16.1495 2.72255
59.215 16.1495 1.70494
69.9813 16.1495 0.822534
5.38318 26.9159 1.63543
16.1495 26.9159 3.32238
26.9159 26.9159 4.43307
37.6822 26.9159 4.48138
48.4486 26.9159 3.50724
59.215 26.9159 2.30705
69.9813 26.9159 1.20836
5.38318 37.6822 1.65623
16.1495 37.6822 2.97508
26.9159 37.6822 3.80257
37.6822 37.6822 4.03659
48.4486 37.6822 3.61941
59.215 37.6822 2.71261
69.9813 37.6822 1.54241
5.38318 48.4486 1.8838
16.1495 48.4486 3.04567
26.9159 48.4486 3.58124
37.6822 48.4486 3.64098
48.4486 48.4486 3.52953
59.215 48.4486 2.87159
69.9813 48.4486 1.83382
5.38318 59.215 1.67587
16.1495 59.215 2.69825
26.9159 59.215 3.20908
37.6822 59.215 3.12817
48.4486 59.215 3.11399
59.215 59.215 2.59255
69.9813 59.215 1.79038
5.38318 69.9813 0.992917
16.1495 69.9813 1.58819
26.9159 69.9813 2.11267
37.6822 69.9813 2.00665
48.4486 69.9813 2.10079
59.215 69.9813 1.80001
69.9813 69.9813 1.35303
5.38318 80.7477 -0.105592
16.1495 80.7477 -0.201522
26.9159 80.7477 -0.15518
37.6822 80.7477 -0.226344
48.4486 80.7477 -0.180181
59.215 80.7477 -0.0764431
69.9813 80.7477 0.265554
5.38318 91.514 -0.45827
16.1495 91.514 -0.771893
26.9159 91.514 -0.803943
37.6822 91.514 -0.834835
48.4486 91.514 -0.788427
59.215 91.514 -0.576402
69.9813 91.514 -0.234875
5.38318 102.28 -0.558678
16.1495 102.28 -0.907045
26.9159 102.28 -1.00136
37.6822 102.28 -1.01315
48.4486 102.28 -0.954711
59.215 102.28 -0.727847
69.9813 102.28 -0.302449
5.38318 113.047 -0.584538
16.1495 113.047 -0.935109
26.9159 113.047 -1.01997
37.6822 113.047 -1.02053
48.4486 113.047 -0.966493
59.215 113.047 -0.760026
69.9813 113.047 -0.32613
5.38318 123.813 -0.570447
16.1495 123.813 -0.909977
26.9159 123.813 -0.974144
37.6822 123.813 -0.968219
48.4486 123.813 -0.915379
59.215 123.813 -0.693721
69.9813 123.813 -0.292521
5.38318 134.579 -0.536294
16.1495 134.579 -0.83613
26.9159 134.579 -0.795914
37.6822 134.579 -0.754175
48.4486 134.579 -0.700594
59.215 134.579 -0.512729
69.9813 134.579 -0.199028
5.38318 145.346 -0.442684
16.1495 145.346 -0.574588
26.9159 145.346 -0.305703
37.6822 145.346 -0.151153
48.4486 145.346 -0.0874923
59.215 145.346 -0.0528145
69.9813 145.346 0.115609
5.38318 156.112 -0.262759
16.1495 156.112 -0.119759
26.9159 156.112 1.01485
37.6822 156.112 1.75102
48.4486 156.112 1.7786
59.215 156.112 1.2855
69.9813 156.112 0.779387
5.38318 166.879 -0.023095
16.1495 166.879 0.863642
26.9159 166.879 2.60667
37.6822 166.879 3.62297
48.4486 166.879 3.67887
59.215 166.879 2.67612
69.9813 166.879 1.48059
5.38318 177.645 0.36347
16.1495 177.645 1.53524
26.9159 177.645 3.28019
37.6822 177.645 4.55802
48.4486 177.645 4.70419
59.215 177.645 3.4822
69.9813 177.645 1.88759
5.38318 188.411 0.804453
16.1495 188.411 1.92697
26.9159 188.411 3.33678
37.6822 188.411 4.28942
48.4486 188.411 4.44719
59.215 188.411 3.46262
69.9813 188.411 1.98937
5.38318 199.178 0.887411
16.1495 199.178 1.73359
26.9159 199.178 2.46662
37.6822 199.178 2.82208
48.4486 199.178 3.02265
59.215 199.178 2.72368
69.9813 199.178 1.79754
5.38318 209.944 0.763631
16.1495 209.944 1.41307
26.9159 209.944 1.75663
37.6822 209.944 1.65527
48.4486 209.944 1.79986
59.215 209.944 1.86575
69.9813 209.944 1.42019
