37 37
0 17 72 40
0 1 72 72
0 0 72 82
0 0 72 144
0 0 72 216
5.38318 5.38318 0.79267
16.1495 5.38318 1.41479
26.9159 5.38318 1.77281
37.6822 5.38318 1.80673
48.4486 5.38318 1.48786
59.215 5.38318 1.06999
69.9813 5.38318 0.567441
5.38318 16.1495 1.29382
16.1495 16.1495 2.71806
26.9159 16.1495 3.67389
37.6822 16.1495 3.82618
48.4486 16.1495 3.20029
59.215 16.1495 2.22384
69.9813 16.1495 1.21576
5.38318 26.9159 1.5205
16.1495 26.9159 3.4863
26.9159 26.9159 4.9771
37.6822 26.9159 5.20803
48.4486 26.9159 4.24331
59.215 26.9159 2.82055
69.9813 26.9159 1.49619
5.38318 37.6822 1.46858
16.1495 37.6822 3.46888
26.9159 37.6822 5.07846
37.6822 37.6822 5.38433
48.4486 37.6822 4.43718
59.215 37.6822 2.93211
69.9813 37.6822 1.59039
5.38318 48.4486 1.66951
16.1495 48.4486 3.2669
26.9159 48.4486 4.25868
37.6822 48.4486 4.19172
48.4486 48.4486 3.62141
59.215 48.4486 2.59188
69.9813 48.4486 1.58091
5.38318 59.215 1.7744
16.1495 59.215 2.89128
26.9159 59.215 3.10821
37.6822 59.215 2.8517
48.4486 59.215 2.74458
59.215 59.215 2.4694
69.9813 59.215 1.72568
5.38318 69.9813 1.62027
16.1495 69.9813 2.39128
26.9159 69.9813 2.39124
37.6822 69.9813 1.88847
48.4486 69.9813 1.99281
59.215 69.9813 1.99234
69.9813 69.9813 1.51901
5.38318 80.7477 0.358077
16.1495 80.7477 0.495647
26.9159 80.7477 0.612281
37.6822 80.7477 0.386094
48.4486 80.7477 0.524088
59.215 80.7477 0.733887
69.9813 80.7477 0.747881
5.38318 91.514 -0.397386
16.1495 91.514 -0.665439
26.9159 91.514 -0.66475
37.6822 91.514 -0.730295
48.4486 91.514 -0.712938
59.215 91.514 -0.523205
69.9813 91.514 -0.204691
5.38318 102.28 -0.552434
16.1495 102.28 -0.89615
26.9159 102.28 -0.971248
37.6822 102.28 -0.990308
48.4486 102.28 -0.941765
59.215 102.28 -0.731899
69.9813 102.28 -0.313596
5.38318 113.047 -0.579631
16.1495 113.047 -0.924203
26.9159 113.047 -1.00243
37.6822 113.047 -1.00166
48.4486 113.047 -0.949316
59.215 113.047 -0.74234
69.9813 113.047 -0.317824
5.38318 123.813 -0.546098
16.1495 123.813 -0.850688
26.9159 123.813 -0.861658
37.6822 123.813 -0.83971
48.4486 123.813 -0.780113
59.215 123.813 -0.599851
69.9813 123.813 -0.245577
5.38318 134.579 -0.431475
16.1495 134.579 -0.632188
26.9159 134.579 -0.50531
37.6822 134.579 -0.467888
48.4486 134.579 -0.386017
59.215 134.579 -0.316515
69.9813 134.579 -0.0876236
5.38318 145.346 -0.131503
16.1495 145.346 -0.0851049
26.9159 145.346 0.438746
37.6822 145.346 0.587247
48.4486 145.346 0.737834
59.215 145.346 0.455517
69.9813 145.346 0.446089
5.38318 156.112 0.448309
16.1495 156.112 1.06476
26.9159 156.112 1.80025
37.6822 156.112 1.97559
48.4486 156.112 2.06254
59.215 156.112 1.59632
69.9813 156.112 1.06
5.38318 166.879 1.05177
16.1495 166.879 1.97613
26.9159 166.879 2.47683
37.6822 166.879 2.62117
48.4486 166.879 2.55473
59.215 166.879 2.16313
69.9813 166.879 1.37867
5.38318 177.645 1.20062
16.1495 177.645 2.19206
26.9159 177.645 2.52951
37.6822 177.645 2.73379
48.4486 177.645 2.56911
59.215 177.645 2.3896
69.9813 177.645 1.4921
5.38318 188.411 1.05769
16.1495 188.411 2.02618
26.9159 188.411 2.17868
37.6822 188.411 2.42554
48.4486 188.411 2.03993
59.215 188.411 2.15727
69.9813 188.411 1.29999
5.38318 199.178 0.619579
16.1495 199.178 1.40112
26.9159 199.178 1.43632
37.6822 199.178 1.71346
48.4486 199.178 1.31891
59.215 199.178 1.63045
69.9813 199.178 1.02044
5.38318 209.944 0.325178
16.1495 209.944 0.812542
26.9159 209.944 0.752394
37.6822 209.944 0.874283
48.4486 209.944 0.577085
59.215 209.944 0.928947
69.9813 209.944 0.635437
