37 177
0 157 72 40
0 141 72 72
0 134 72 82
0 72 72 144
0 0 72 216
5.38318 5.38318 0.503177
16.1495 5.38318 0.746886
26.9159 5.38318 1.10596
37.6822 5.38318 1.25628
48.4486 5.38318 1.36901
59.215 5.38318 1.19853
69.9813 5.38318 0.776019
5.38318 16.1495 0.866185
16.1495 16.1495 1.65339
26.9159 16.1495 2.47527
37.6822 16.1495 2.94796
48.4486 16.1495 3.08108
59.215 16.1495 2.54678
69.9813 16.1495 1.57866
5.38318 26.9159 1.06193
16.1495 26.9159 2.16121
26.9159 26.9159 3.48286
37.6822 26.9159 4.62355
48.4486 26.9159 4.86296
59.215 26.9159 3.88104
69.9813 26.9159 2.20437
5.38318 37.6822 1.16998
16.1495 37.6822 2.31532
26.9159 37.6822 3.77308
37.6822 37.6822 5.32164
48.4486 37.6822 5.60173
59.215 37.6822 4.37532
69.9813 37.6822 2.34163
5.38318 48.4486 1.18131
16.1495 48.4486 2.11864
26.9159 48.4486 3.17779
37.6822 48.4486 4.43369
48.4486 48.4486 4.67948
59.215 48.4486 3.84766
69.9813 48.4486 2.11577
5.38318 59.215 0.726397
16.1495 59.215 1.32228
26.9159 59.215 1.77188
37.6822 59.215 2.21888
48.4486 59.215 2.24452
59.215 59.215 2.12115
69.9813 59.215 1.36823
5.38318 69.9813 0.317699
16.1495 69.9813 0.658093
26.9159 69.9813 0.860494
37.6822 69.9813 1.01048
48.4486 69.9813 1.00152
59.215 69.9813 1.2278
69.9813 69.9813 0.943017
5.38318 80.7477 -0.167121
16.1495 80.7477 -0.162614
26.9159 80.7477 -0.035793
37.6822 80.7477 0.31926
48.4486 80.7477 0.365651
59.215 80.7477 0.64076
69.9813 80.7477 0.549974
5.38318 91.514 -0.285636
16.1495 91.514 -0.407303
26.9159 91.514 -0.363139
37.6822 91.514 -0.28113
48.4486 91.514 -0.241626
59.215 91.514 -0.144831
69.9813 91.514 0.00451712
5.38318 102.28 -0.294602
16.1495 102.28 -0.4392
26.9159 102.28 -0.405231
37.6822 102.28 -0.340596
48.4486 102.28 -0.292502
59.215 102.28 -0.209525
69.9813 102.28 -0.0623117
5.38318 113.047 -0.299091
16.1495 113.047 -0.454644
26.9159 113.047 -0.463519
37.6822 113.047 -0.44695
48.4486 113.047 -0.427722
59.215 113.047 -0.331456
69.9813 113.047 -0.143126
5.38318 123.813 -0.293477
16.1495 123.813 -0.446791
26.9159 123.813 -0.438112
37.6822 123.813 -0.424383
48.4486 123.813 -0.392087
59.215 123.813 -0.296686
69.9813 123.813 -0.121039
5.38318 134.579 -0.226384
16.1495 134.579 -0.312883
26.9159 134.579 -0.238354
37.6822 134.579 -0.20939
48.4486 134.579 -0.185083
59.215 134.579 -0.164501
69.9813 134.579 -0.0513249
5.38318 145.346 -0.0496471
16.1495 145.346 0.0946646
26.9159 145.346 0.647629
37.6822 145.346 0.829351
48.4486 145.346 0.747022
59.215 145.346 0.361274
69.9813 145.346 0.262905
5.38318 156.112 0.495583
16.1495 156.112 1.43595
26.9159 156.112 2.61872
37.6822 156.112 2.89303
48.4486 156.112 2.43528
59.215 156.112 1.33119
69.9813 156.112 0.65711
5.38318 166.879 1.06977
16.1495 166.879 2.62939
26.9159 166.879 4.67378
37.6822 166.879 5.16345
48.4486 166.879 4.27243
59.215 166.879 2.29835
69.9813 166.879 1.02907
5.38318 177.645 1.28653
16.1495 177.645 3.17728
26.9159 177.645 5.59123
37.6822 177.645 6.13158
48.4486 177.645 5.11961
59.215 177.645 2.79734
69.9813 177.645 1.22217
5.38318 188.411 1.27725
16.1495 188.411 2.84869
26.9159 188.411 4.67329
37.6822 188.411 4.98544
48.4486 188.411 4.25875
59.215 188.411 2.48347
69.9813 188.411 1.23636
5.38318 199.178 1.00825
16.1495 199.178 1.90263
26.9159 199.178 2.51993
37.6822 199.178 2.58185
48.4486 199.178 2.52527
59.215 199.178 1.83369
69.9813 199.178 1.22142
5.38318 209.944 0.784782
16.1495 209.944 1.4549
26.9159 209.944 1.71944
37.6822 209.944 1.7372
48.4486 209.944 1.88413
59.215 209.944 1.57009
69.9813 209.944 1.12254
