37 177
0 157 72 40
0 141 72 72
0 134 72 82
0 72 72 144
0 0 72 216
5.38318 5.38318 0.79267
16.1495 5.38318 1.41479
26.9159 5.38318 1.77281
37.6822 5.38318 1.80673
48.4486 5.38318 1.48786
59.215 5.38318 1.06999
69.9813 5.38318 0.567441
5.38318 16.1495 1.29382
16.1495 16.1495 2.71806
26.9159 16.1495 3.67389
37.6822 16.1495 3.82618
48.4486 16.1495 3.20029
59.215 16.1495 2.22384
69.9813 16.1495 1.21576
5.38318 26.9159 1.5205
16.1495 26.9159 3.4863
26.9159 26.9159 4.9771
37.6822 26.9159 5.20803
48.4486 26.9159 4.24331
59.215 26.9159 2.82055
69.9813 26.9159 1.49619
5.38318 37.6822 1.46858
16.1495 37.6822 3.46888
26.9159 37.6822 5.07846
37.6822 37.6822 5.38433
48.4486 37.6822 4.43718
59.215 37.6822 2.93211
69.9813 37.6822 1.59039
5.38318 48.4486 1.66951
16.1495 48.4486 3.2669
26.9159 48.4486 4.25868
37.6822 48.4486 4.19172
48.4486 48.4486 3.62141
59.215 48.4486 2.59188
69.9813 48.4486 1.58091
5.38318 59.215 1.7744
16.1495 59.215 2.89128
26.9159 59.215 3.10821
37.6822 59.215 2.8517
48.4486 59.215 2.74458
59.215 59.215 2.4694
69.9813 59.215 1.72568
5.38318 69.9813 1.62027
16.1495 69.9813 2.39128
26.9159 69.9813 2.39124
37.6822 69.9813 1.88847
48.4486 69.9813 1.99281
59.215 69.9813 1.99234
69.9813 69.9813 1.51901
5.38318 80.7477 0.358076
16.1495 80.7477 0.495645
26.9159 80.7477 0.612279
37.6822 80.7477 0.386094
48.4486 80.7477 0.524086
59.215 80.7477 0.733886
69.9813 80.7477 0.74788
5.38318 91.514 -0.397387
16.1495 91.514 -0.665439
26.9159 91.514 -0.66475
37.6822 91.514 -0.730296
48.4486 91.514 -0.712939
59.215 91.514 -0.523205
69.9813 91.514 -0.204691
5.38318 102.28 -0.551027
16.1495 102.28 -0.895184
26.9159 102.28 -0.972112
37.6822 102.28 -0.99224
48.4486 102.28 -0.943826
59.215 102.28 -0.733985
69.9813 102.28 -0.314569
5.38318 113.047 -0.575141
16.1495 113.047 -0.922237
26.9159 113.047 -1.00328
37.6822 113.047 -1.00694
48.4486 113.047 -0.955137
59.215 113.047 -0.744118
69.9813 113.047 -0.318145
5.38318 123.813 -0.550276
16.1495 123.813 -0.885615
26.9159 123.813 -0.950717
37.6822 123.813 -0.94621
48.4486 123.813 -0.87742
59.215 123.813 -0.619745
69.9813 123.813 -0.24076
5.38318 134.579 -0.460729
16.1495 134.579 -0.756323
26.9159 134.579 -0.730929
37.6822 134.579 -0.72725
48.4486 134.579 -0.643433
59.215 134.579 -0.409737
69.9813 134.579 -0.119597
5.38318 145.346 -0.21719
16.1495 145.346 -0.331875
26.9159 145.346 -0.145554
37.6822 145.346 -0.0649553
48.4486 145.346 0.0495399
59.215 145.346 0.325384
69.9813 145.346 0.441454
5.38318 156.112 0.258912
16.1495 156.112 0.735695
26.9159 156.112 1.59826
37.6822 156.112 1.97031
48.4486 156.112 2.06511
59.215 156.112 1.73753
69.9813 156.112 1.17144
5.38318 166.879 0.950217
16.1495 166.879 2.17342
26.9159 166.879 3.58161
37.6822 166.879 4.29527
48.4486 166.879 4.18497
59.215 166.879 3.12598
69.9813 166.879 1.77367
5.38318 177.645 1.17865
16.1495 177.645 2.68284
26.9159 177.645 4.57459
37.6822 177.645 5.74925
48.4486 177.645 5.60769
59.215 177.645 4.12019
69.9813 177.645 2.23316
5.38318 188.411 1.13401
16.1495 188.411 2.54957
26.9159 188.411 4.41679
37.6822 188.411 5.54702
48.4486 188.411 5.3215
59.215 188.411 3.93585
69.9813 188.411 2.08343
5.38318 199.178 0.837417
16.1495 199.178 1.89907
26.9159 199.178 3.08997
37.6822 199.178 3.45811
48.4486 199.178 3.21182
59.215 199.178 2.65299
69.9813 199.178 1.56608
5.38318 209.944 0.432116
16.1495 209.944 0.911005
26.9159 209.944 1.44238
37.6822 209.944 1.39498
48.4486 209.944 1.36246
59.215 209.944 1.45001
69.9813 209.944 1.03372
