37 37
0 17 72 40
0 1 72 72
0 0 72 82
0 0 72 144
0 0 72 216
5.38318 5.38318 0.327553
16.1495 5.38318 0.549719
26.9159 5.38318 0.926041
37.6822 5.38318 0.98056
48.4486 5.38318 0.923178
59.215 5.38318 0.633688
69.9813 5.38318 0.382685
5.38318 16.1495 0.641618
16.1495 16.1495 1.45324
26.9159 16.1495 2.40689
37.6822 16.1495 2.50402
48.4486 16.1495 2.33845
59.215 16.1495 1.66656
69.9813 16.1495 0.989759
5.38318 26.9159 0.67031
16.1495 26.9159 1.77192
26.9159 26.9159 3.17338
37.6822 26.9159 3.43237
48.4486 26.9159 3.26504
59.215 26.9159 2.27486
69.9813 26.9159 1.32788
5.38318 37.6822 0.995517
16.1495 37.6822 2.45703
26.9159 37.6822 4.15922
37.6822 37.6822 4.47367
48.4486 37.6822 4.18084
59.215 37.6822 2.81114
69.9813 37.6822 1.61044
5.38318 48.4486 0.947061
16.1495 48.4486 2.33751
26.9159 48.4486 3.97787
37.6822 48.4486 4.30104
48.4486 48.4486 3.94531
59.215 48.4486 2.5499
69.9813 48.4486 1.44555
5.38318 59.215 0.560937
16.1495 59.215 1.57797
26.9159 59.215 2.97586
37.6822 59.215 3.24865
48.4486 59.215 2.89667
59.215 59.215 1.8138
69.9813 59.215 0.967885
5.38318 69.9813 -0.0217965
16.1495 69.9813 0.218335
26.9159 69.9813 0.96838
37.6822 69.9813 1.05623
48.4486 69.9813 0.872371
59.215 69.9813 0.408759
69.9813 69.9813 0.234006
5.38318 80.7477 -0.193424
16.1495 80.7477 -0.264349
26.9159 80.7477 -0.185631
37.6822 80.7477 -0.179452
48.4486 80.7477 -0.182085
59.215 80.7477 -0.197026
69.9813 80.7477 -0.0780007
5.38318 91.514 -0.29075
16.1495 91.514 -0.459232
26.9159 91.514 -0.490071
37.6822 91.514 -0.516104
48.4486 91.514 -0.467371
59.215 91.514 -0.39173
69.9813 91.514 -0.161564
5.38318 102.28 -0.295696
16.1495 102.28 -0.441474
26.9159 102.28 -0.428114
37.6822 102.28 -0.417817
48.4486 102.28 -0.396048
59.215 102.28 -0.328245
69.9813 102.28 -0.14154
5.38318 113.047 -0.290628
16.1495 113.047 -0.433052
26.9159 113.047 -0.402691
37.6822 113.047 -0.382224
48.4486 113.047 -0.374535
59.215 113.047 -0.301547
69.9813 113.047 -0.134794
5.38318 123.813 -0.188376
16.1495 123.813 -0.228286
26.9159 123.813 -0.141028
37.6822 123.813 -0.115056
48.4486 123.813 -0.156367
59.215 123.813 -0.161742
69.9813 123.813 -0.0648013
5.38318 134.579 -0.0320076
16.1495 134.579 0.20033
26.9159 134.579 0.593765
37.6822 134.579 0.735868
48.4486 134.579 0.493587
59.215 134.579 0.22265
69.9813 134.579 0.158308
5.38318 145.346 0.378091
16.1495 145.346 1.17223
26.9159 145.346 1.85283
37.6822 145.346 2.09439
48.4486 145.346 1.73403
59.215 145.346 1.09492
69.9813 145.346 0.581082
5.38318 156.112 0.515215
16.1495 156.112 1.58892
26.9159 156.112 2.47947
37.6822 156.112 2.92638
48.4486 156.112 2.54442
59.215 156.112 1.70046
69.9813 156.112 0.911183
5.38318 166.879 0.461845
16.1495 166.879 1.54766
26.9159 166.879 2.50054
37.6822 166.879 3.04783
48.4486 166.879 2.88043
59.215 166.879 1.98365
69.9813 166.879 1.14338
5.38318 177.645 0.133421
16.1495 177.645 0.833777
26.9159 177.645 1.69971
37.6822 177.645 2.336
48.4486 177.645 2.43694
59.215 177.645 1.78515
69.9813 177.645 1.09509
5.38318 188.411 0.0552139
16.1495 188.411 0.683163
26.9159 188.411 1.43206
37.6822 188.411 2.08541
48.4486 188.411 2.11451
59.215 188.411 1.48361
69.9813 188.411 0.90398
5.38318 199.178 0.0964613
16.1495 199.178 0.83654
26.9159 199.178 1.67422
37.6822 199.178 2.23948
48.4486 199.178 1.86095
59.215 199.178 1.11098
69.9813 199.178 0.521218
5.38318 209.944 0.112025
16.1495 209.944 0.786905
26.9159 209.944 1.53972
37.6822 209.944 2.02566
48.4486 209.944 1.61625
59.215 209.944 0.921127
69.9813 209.944 0.377008
