37 37
0 17 72 40
0 1 72 72
0 0 72 82
0 0 72 144
0 0 72 216
5.38318 5.38318 0.608782
16.1495 5.38318 1.03618
26.9159 5.38318 1.39884
37.6822 5.38318 1.51819
48.4486 5.38318 1.42385
59.215 5.38318 1.039
69.9813 5.38318 0.633556
5.38318 16.1495 1.05654
16.1495 16.1495 2.12584
26.9159 16.1495 3.09452
37.6822 16.1495 3.37539
48.4486 16.1495 3.01883
59.215 16.1495 2.07381
69.9813 16.1495 1.20396
5.38318 26.9159 1.31235
16.1495 26.9159 2.93195
26.9159 26.9159 4.64406
37.6822 26.9159 5.10992
48.4486 26.9159 4.44191
59.215 26.9159 2.89444
69.9813 26.9159 1.53561
5.38318 37.6822 1.3824
16.1495 37.6822 3.23853
26.9159 37.6822 5.2165
37.6822 37.6822 5.78979
48.4486 37.6822 4.88654
59.215 37.6822 3.04394
69.9813 37.6822 1.47158
5.38318 48.4486 1.3611
16.1495 48.4486 2.96682
26.9159 48.4486 4.54801
37.6822 48.4486 4.97996
48.4486 48.4486 4.26721
59.215 48.4486 2.72955
69.9813 48.4486 1.36964
5.38318 59.215 1.12805
16.1495 59.215 2.04683
26.9159 59.215 2.45507
37.6822 59.215 2.52845
48.4486 59.215 2.3745
59.215 59.215 1.96298
69.9813 59.215 1.25693
5.38318 69.9813 0.912815
16.1495 69.9813 1.50218
26.9159 69.9813 1.49535
37.6822 69.9813 1.35711
48.4486 69.9813 1.32209
59.215 69.9813 1.35035
69.9813 69.9813 1.00312
5.38318 80.7477 0.202577
16.1495 80.7477 0.470013
26.9159 80.7477 0.633508
37.6822 80.7477 0.645236
48.4486 80.7477 0.580238
59.215 80.7477 0.695679
69.9813 80.7477 0.538645
5.38318 91.514 -0.248779
16.1495 91.514 -0.326677
26.9159 91.514 -0.221736
37.6822 91.514 -0.168126
48.4486 91.514 -0.210381
59.215 91.514 -0.136017
69.9813 91.514 -0.0627653
5.38318 102.28 -0.299619
16.1495 102.28 -0.432271
26.9159 102.28 -0.342661
37.6822 102.28 -0.29121
48.4486 102.28 -0.281399
59.215 102.28 -0.217043
69.9813 102.28 -0.0923147
5.38318 113.047 -0.300058
16.1495 113.047 -0.45312
26.9159 113.047 -0.451941
37.6822 113.047 -0.42984
48.4486 113.047 -0.394943
59.215 113.047 -0.299234
69.9813 113.047 -0.125999
5.38318 123.813 -0.298068
16.1495 123.813 -0.444927
26.9159 123.813 -0.412041
37.6822 123.813 -0.347609
48.4486 123.813 -0.267565
59.215 123.813 -0.164919
69.9813 123.813 -0.0306785
5.38318 134.579 -0.294366
16.1495 134.579 -0.42904
26.9159 134.579 -0.319757
37.6822 134.579 -0.163026
48.4486 134.579 0.0935716
59.215 134.579 0.317873
69.9813 134.579 0.400755
5.38318 145.346 -0.254001
16.1495 145.346 -0.338414
26.9159 145.346 -0.155418
37.6822 145.346 0.183213
48.4486 145.346 0.786775
59.215 145.346 1.03732
69.9813 145.346 0.899856
5.38318 156.112 -0.104816
16.1495 156.112 -0.105415
26.9159 156.112 0.34404
37.6822 156.112 0.842178
48.4486 156.112 1.50446
59.215 156.112 1.66513
69.9813 156.112 1.28639
5.38318 166.879 0.366592
16.1495 166.879 0.708668
26.9159 166.879 1.28212
37.6822 166.879 1.53463
48.4486 166.879 1.78661
59.215 166.879 1.7951
69.9813 166.879 1.32658
5.38318 177.645 1.06805
16.1495 177.645 1.77845
26.9159 177.645 2.40497
37.6822 177.645 2.45648
48.4486 177.645 2.31371
59.215 177.645 1.95361
69.9813 177.645 1.28875
5.38318 188.411 1.4829
16.1495 188.411 2.49132
26.9159 188.411 3.10157
37.6822 188.411 3.17836
48.4486 188.411 3.02678
59.215 188.411 2.52504
69.9813 188.411 1.60995
5.38318 199.178 1.40326
16.1495 199.178 2.2686
26.9159 199.178 2.73916
37.6822 199.178 2.893
48.4486 199.178 3.02758
59.215 199.178 2.79346
69.9813 199.178 1.85747
5.38318 209.944 0.614036
16.1495 209.944 1.02771
26.9159 209.944 1.22342
37.6822 209.944 1.50032
48.4486 209.944 1.92254
59.215 209.944 2.14544
69.9813 209.944 1.56746
