37 177
0 157 72 40
0 141 72 72
0 134 72 82
0 72 72 144
0 0 72 216
5.38318 5.38318 0.150512
16.1495 5.38318 0.58518
26.9159 5.38318 1.46673
37.6822 5.38318 1.66491
48.4486 5.38318 1.23336
59.215 5.38318 0.536189
69.9813 5.38318 0.148077
5.38318 16.1495 0.168717
16.1495 16.1495 1.1579
26.9159 16.1495 2.72036
37.6822 16.1495 3.12723
48.4486 16.1495 2.33256
59.215 16.1495 1.12737
69.9813 16.1495 0.401838
5.38318 26.9159 -0.07556
16.1495 26.9159 0.976319
26.9159 26.9159 2.88876
37.6822 26.9159 3.47069
48.4486 26.9159 2.57233
59.215 26.9159 1.14999
69.9813 26.9159 0.329481
5.38318 37.6822 0.0305762
16.1495 37.6822 0.973877
26.9159 37.6822 2.38674
37.6822 37.6822 2.65352
48.4486 37.6822 2.01287
59.215 37.6822 0.881855
69.9813 37.6822 0.401857
5.38318 48.4486 0.226885
16.1495 48.4486 0.934606
26.9159 48.4486 1.7627
37.6822 48.4486 1.79585
48.4486 48.4486 1.55045
59.215 48.4486 0.937551
69.9813 48.4486 0.699679
5.38318 59.215 0.290577
16.1495 59.215 0.95613
26.9159 59.215 1.51189
37.6822 59.215 1.33759
48.4486 59.215 1.20678
59.215 59.215 0.677597
69.9813 59.215 0.626593
5.38318 69.9813 -0.0809828
16.1495 69.9813 0.172539
26.9159 69.9813 0.534678
37.6822 69.9813 0.51873
48.4486 69.9813 0.516262
59.215 69.9813 0.303679
69.9813 69.9813 0.456479
5.38318 80.7477 -0.352924
16.1495 80.7477 -0.467523
26.9159 80.7477 -0.433994
37.6822 80.7477 -0.448825
48.4486 80.7477 -0.452388
59.215 80.7477 -0.388337
69.9813 80.7477 -0.120376
5.38318 91.514 -0.546614
16.1495 91.514 -0.871045
26.9159 91.514 -0.975951
37.6822 91.514 -0.98616
48.4486 91.514 -0.955721
59.215 91.514 -0.714749
69.9813 91.514 -0.306522
5.38318 102.28 -0.586355
16.1495 102.28 -0.945326
26.9159 102.28 -1.05234
37.6822 102.28 -1.06191
48.4486 102.28 -1.01544
59.215 102.28 -0.799427
69.9813 102.28 -0.353722
5.38318 113.047 -0.581893
16.1495 113.047 -0.924971
26.9159 113.047 -1.00273
37.6822 113.047 -0.997222
48.4486 113.047 -0.950022
59.215 113.047 -0.746659
69.9813 113.047 -0.324026
5.38318 123.813 -0.542726
16.1495 123.813 -0.828021
26.9159 123.813 -0.795681
37.6822 123.813 -0.738703
48.4486 123.813 -0.743186
59.215 123.813 -0.585138
69.9813 123.813 -0.263234
5.38318 134.579 -0.432364
16.1495 134.579 -0.547745
26.9159 134.579 -0.335479
37.6822 134.579 -0.223234
48.4486 134.579 -0.314358
59.215 134.579 -0.302719
69.9813 134.579 -0.138803
5.38318 145.346 -0.144256
16.1495 145.346 0.161184
26.9159 145.346 1.26112
37.6822 145.346 1.74804
48.4486 145.346 1.12831
59.215 145.346 0.53303
69.9813 145.346 0.137195
5.38318 156.112 0.360752
16.1495 156.112 1.37759
26.9159 156.112 3.02184
37.6822 156.112 3.64242
48.4486 156.112 2.84809
59.215 156.112 1.71249
69.9813 156.112 0.644987
5.38318 166.879 0.988657
16.1495 166.879 2.68702
26.9159 166.879 4.87886
37.6822 166.879 5.67293
48.4486 166.879 4.32726
59.215 166.879 2.53487
69.9813 166.879 0.909614
5.38318 177.645 1.2656
16.1495 177.645 3.2466
26.9159 177.645 5.99683
37.6822 177.645 6.83205
48.4486 177.645 5.30724
59.215 177.645 2.96037
69.9813 177.645 1.13289
5.38318 188.411 1.1895
16.1495 188.411 3.13859
26.9159 188.411 5.74295
37.6822 188.411 6.37065
48.4486 188.411 4.86326
59.215 188.411 2.62548
69.9813 188.411 0.975172
5.38318 199.178 0.721724
16.1495 199.178 1.98357
26.9159 199.178 3.53333
37.6822 199.178 3.88873
48.4486 199.178 3.06286
59.215 199.178 1.79334
69.9813 199.178 0.859489
5.38318 209.944 0.290377
16.1495 209.944 0.825539
26.9159 209.944 1.2352
37.6822 209.944 1.37003
48.4486 209.944 1.13054
59.215 209.944 0.842181
69.9813 209.944 0.571203
