37 37
0 17 72 40
0 1 72 72
0 0 72 82
0 0 72 144
0 0 72 216
5.38318 5.38318 0.811825
16.1495 5.38318 1.28605
26.9159 5.38318 1.57989
37.6822 5.38318 1.52835
48.4486 5.38318 1.38202
59.215 5.38318 1.05063
69.9813 5.38318 0.658799
5.38318 16.1495 1.51925
16.1495 16.1495 2.67814
26.9159 16.1495 3.38683
37.6822 16.1495 3.26203
48.4486 16.1495 2.82772
59.215 16.1495 2.05526
69.9813 16.1495 1.26671
5.38318 26.9159 1.72101
16.1495 26.9159 3.38338
26.9159 26.9159 4.73153
37.6822 26.9159 4.67612
48.4486 26.9159 3.89572
59.215 26.9159 2.62171
69.9813 26.9159 1.49087
5.38318 37.6822 1.72675
16.1495 37.6822 3.62067
26.9159 37.6822 5.3861
37.6822 37.6822 5.46037
48.4486 37.6822 4.44692
59.215 37.6822 2.7647
69.9813 37.6822 1.4768
5.38318 48.4486 1.45688
16.1495 48.4486 3.19567
26.9159 48.4486 4.87244
37.6822 48.4486 5.08331
48.4486 48.4486 4.16046
59.215 48.4486 2.56889
69.9813 48.4486 1.33808
5.38318 59.215 0.946745
16.1495 59.215 2.02009
26.9159 59.215 2.84275
37.6822 59.215 2.94581
48.4486 59.215 2.57016
59.215 59.215 1.89136
69.9813 59.215 1.21249
5.38318 69.9813 0.571604
16.1495 69.9813 1.25645
26.9159 69.9813 1.63777
37.6822 69.9813 1.69118
48.4486 69.9813 1.50364
59.215 69.9813 1.41443
69.9813 69.9813 1.0563
5.38318 80.7477 -0.0408712
16.1495 80.7477 0.153367
26.9159 80.7477 0.501598
37.6822 80.7477 0.567508
48.4486 80.7477 0.495166
59.215 80.7477 0.676616
69.9813 80.7477 0.611295
5.38318 91.514 -0.292127
16.1495 91.514 -0.377582
26.9159 91.514 -0.287527
37.6822 91.514 -0.254671
48.4486 91.514 -0.275232
59.215 91.514 -0.170765
69.9813 91.514 -0.0239727
5.38318 102.28 -0.311542
16.1495 102.28 -0.454766
26.9159 102.28 -0.397566
37.6822 102.28 -0.387288
48.4486 102.28 -0.375481
59.215 102.28 -0.292939
69.9813 102.28 -0.114806
5.38318 113.047 -0.298377
16.1495 113.047 -0.455377
26.9159 113.047 -0.460653
37.6822 113.047 -0.447612
48.4486 113.047 -0.427566
59.215 113.047 -0.327783
69.9813 113.047 -0.140248
5.38318 123.813 -0.252929
16.1495 123.813 -0.427617
26.9159 123.813 -0.421804
37.6822 123.813 -0.439597
48.4486 123.813 -0.414379
59.215 123.813 -0.300514
69.9813 123.813 -0.122612
5.38318 134.579 -0.199832
16.1495 134.579 -0.390272
26.9159 134.579 -0.396161
37.6822 134.579 -0.443086
48.4486 134.579 -0.417437
59.215 134.579 -0.266226
69.9813 134.579 -0.0800694
5.38318 145.346 -0.18199
16.1495 145.346 -0.395017
26.9159 145.346 -0.42158
37.6822 145.346 -0.492619
48.4486 145.346 -0.461585
59.215 145.346 -0.238048
69.9813 145.346 -0.0185205
5.38318 156.112 -0.234455
16.1495 156.112 -0.431556
26.9159 156.112 -0.490703
37.6822 156.112 -0.581843
48.4486 156.112 -0.552649
59.215 156.112 -0.25776
69.9813 156.112 0.0330555
5.38318 166.879 -0.398991
16.1495 166.879 -0.631292
26.9159 166.879 -0.692442
37.6822 166.879 -0.757882
48.4486 166.879 -0.699667
59.215 166.879 -0.357062
69.9813 166.879 -0.0335788
5.38318 177.645 -0.546295
16.1495 177.645 -0.794625
26.9159 177.645 -0.802964
37.6822 177.645 -0.783255
48.4486 177.645 -0.690248
59.215 177.645 -0.37131
69.9813 177.645 -0.0545926
5.38318 188.411 -0.595111
16.1495 188.411 -0.866417
26.9159 188.411 -0.844105
37.6822 188.411 -0.745644
48.4486 188.411 -0.581509
59.215 188.411 -0.271112
69.9813 188.411 0.034968
5.38318 199.178 -0.444513
16.1495 199.178 -0.617023
26.9159 199.178 -0.586956
37.6822 199.178 -0.471915
48.4486 199.178 -0.27693
59.215 199.178 0.117831
69.9813 199.178 0.459445
5.38318 209.944 -0.260573
16.1495 209.944 -0.311372
26.9159 209.944 -0.284247
37.6822 209.944 -0.213018
48.4486 209.944 -0.0359526
59.215 209.944 0.453368
69.9813 209.944 0.549608
