37 26
0 6 72 40
0 0 72 72
0 0 72 82
0 0 72 144
0 0 72 216
5.38318 5.38318 0.154909
16.1495 5.38318 0.529557
26.9159 5.38318 1.62277
37.6822 5.38318 1.93901
48.4486 5.38318 1.59713
59.215 5.38318 0.843651
69.9813 5.38318 0.327367
5.38318 16.1495 0.0200208
16.1495 16.1495 0.849297
26.9159 16.1495 2.66638
37.6822 16.1495 3.34762
48.4486 16.1495 2.76936
59.215 16.1495 1.56183
69.9813 16.1495 0.654804
5.38318 26.9159 -0.214685
16.1495 26.9159 0.406375
26.9159 26.9159 2.5526
37.6822 26.9159 3.46092
48.4486 26.9159 2.77097
59.215 26.9159 1.32042
69.9813 26.9159 0.440006
5.38318 37.6822 -0.170589
16.1495 37.6822 0.294803
26.9159 37.6822 1.85452
37.6822 37.6822 2.53891
48.4486 37.6822 1.98549
59.215 37.6822 0.996283
69.9813 37.6822 0.408409
5.38318 48.4486 0.139298
16.1495 48.4486 0.823952
26.9159 48.4486 1.92506
37.6822 48.4486 2.29997
48.4486 48.4486 1.89883
59.215 48.4486 1.20609
69.9813 48.4486 0.690396
5.38318 59.215 0.649924
16.1495 59.215 1.52424
26.9159 59.215 2.19395
37.6822 59.215 2.43932
48.4486 59.215 2.28423
59.215 59.215 2.0181
69.9813 59.215 1.30381
5.38318 69.9813 0.787473
16.1495 69.9813 1.68751
26.9159 69.9813 2.08976
37.6822 69.9813 2.24758
48.4486 69.9813 2.20799
59.215 69.9813 2.17582
69.9813 69.9813 1.47574
5.38318 80.7477 0.281224
16.1495 80.7477 0.746827
26.9159 80.7477 0.833025
37.6822 80.7477 0.916939
48.4486 80.7477 0.968174
59.215 80.7477 1.32132
69.9813 80.7477 1.07803
5.38318 91.514 -0.323727
16.1495 91.514 -0.442121
26.9159 91.514 -0.508632
37.6822 91.514 -0.525233
48.4486 91.514 -0.537406
59.215 91.514 -0.278659
69.9813 91.514 -0.0324285
5.38318 102.28 -0.537533
16.1495 102.28 -0.854684
26.9159 102.28 -0.941235
37.6822 102.28 -0.954134
48.4486 102.28 -0.931462
59.215 102.28 -0.702659
69.9813 102.28 -0.303206
5.38318 113.047 -0.585894
16.1495 113.047 -0.939809
26.9159 113.047 -1.02979
37.6822 113.047 -1.03478
48.4486 113.047 -0.983277
59.215 113.047 -0.77704
69.9813 113.047 -0.339974
5.38318 123.813 -0.584365
16.1495 123.813 -0.936935
26.9159 123.813 -1.02169
37.6822 123.813 -1.02349
48.4486 123.813 -0.968825
59.215 123.813 -0.765988
69.9813 123.813 -0.331577
5.38318 134.579 -0.571865
16.1495 134.579 -0.921612
26.9159 134.579 -1.00908
37.6822 134.579 -1.01613
48.4486 134.579 -0.964036
59.215 134.579 -0.761768
69.9813 134.579 -0.328382
5.38318 145.346 -0.526854
16.1495 145.346 -0.860793
26.9159 145.346 -0.946209
37.6822 145.346 -0.962632
48.4486 145.346 -0.916132
59.215 145.346 -0.685231
69.9813 145.346 -0.284236
5.38318 156.112 -0.278594
16.1495 156.112 -0.500893
26.9159 156.112 -0.565949
37.6822 156.112 -0.664832
48.4486 156.112 -0.686567
59.215 156.112 -0.471213
69.9813 156.112 -0.164296
5.38318 166.879 0.266306
16.1495 166.879 0.230867
26.9159 166.879 0.051491
37.6822 166.879 -0.190604
48.4486 166.879 -0.299052
59.215 166.879 -0.13042
69.9813 166.879 0.0932881
5.38318 177.645 1.09397
16.1495 177.645 1.66496
26.9159 177.645 1.58473
37.6822 177.645 0.972566
48.4486 177.645 0.461158
59.215 177.645 0.672741
69.9813 177.645 0.629018
5.38318 188.411 1.24416
16.1495 188.411 1.96129
26.9159 188.411 2.0163
37.6822 188.411 1.40048
48.4486 188.411 0.895952
59.215 188.411 1.07758
69.9813 188.411 0.896444
5.38318 199.178 0.713598
16.1495 199.178 1.25705
26.9159 199.178 1.36461
37.6822 199.178 1.07538
48.4486 199.178 0.836335
59.215 199.178 1.03842
69.9813 199.178 0.900683
5.38318 209.944 0.230948
16.1495 209.944 0.485802
26.9159 209.944 0.527922
37.6822 209.944 0.444097
48.4486 209.944 0.455035
59.215 209.944 0.697234
69.9813 209.944 0.643898
