37 188
0 168 72 40
0 144 72 72
0 134 72 82
0 72 72 144
0 0 72 216
5.38318 5.38318 0.0784527
16.1495 5.38318 0.321433
26.9159 5.38318 0.959718
37.6822 5.38318 1.55291
48.4486 5.38318 1.76373
59.215 5.38318 1.4908
69.9813 5.38318 0.8834
5.38318 16.1495 0.222079
16.1495 16.1495 0.902332
26.9159 16.1495 1.99685
37.6822 16.1495 2.86035
48.4486 16.1495 3.13071
59.215 16.1495 2.55444
69.9813 16.1495 1.50467
5.38318 26.9159 0.46854
16.1495 26.9159 1.39223
26.9159 26.9159 2.59207
37.6822 26.9159 3.43893
48.4486 26.9159 3.56123
59.215 26.9159 2.79975
69.9813 26.9159 1.58064
5.38318 37.6822 1.04487
16.1495 37.6822 2.27499
26.9159 37.6822 3.40394
37.6822 37.6822 3.74733
48.4486 37.6822 3.37284
59.215 37.6822 2.30145
69.9813 37.6822 1.22468
5.38318 48.4486 1.39489
16.1495 48.4486 2.86474
26.9159 48.4486 4.07903
37.6822 48.4486 4.08331
48.4486 48.4486 3.58765
59.215 48.4486 2.40062
69.9813 48.4486 1.34614
5.38318 59.215 1.24557
16.1495 59.215 2.70472
26.9159 59.215 4.19696
37.6822 59.215 4.6751
48.4486 59.215 4.54099
59.215 59.215 3.34887
69.9813 59.215 1.94544
5.38318 69.9813 0.663453
16.1495 69.9813 1.73669
26.9159 69.9813 3.1985
37.6822 69.9813 3.99216
48.4486 69.9813 4.29127
59.215 69.9813 3.40758
69.9813 69.9813 2.05497
5.38318 80.7477 -0.0121087
16.1495 80.7477 0.434579
26.9159 80.7477 1.53538
37.6822 80.7477 2.14485
48.4486 80.7477 2.46618
59.215 80.7477 2.09676
69.9813 80.7477 1.33521
5.38318 91.514 -0.220413
16.1495 91.514 -0.287032
26.9159 91.514 -0.151234
37.6822 91.514 -0.12814
48.4486 91.514 -0.142971
59.215 91.514 -0.133296
69.9813 91.514 -0.0196777
5.38318 102.28 -0.289549
16.1495 102.28 -0.4399
26.9159 102.28 -0.42941
37.6822 102.28 -0.433023
48.4486 102.28 -0.434967
59.215 102.28 -0.345178
69.9813 102.28 -0.154911
5.38318 113.047 -0.257716
16.1495 113.047 -0.406842
26.9159 113.047 -0.391502
37.6822 113.047 -0.380854
48.4486 113.047 -0.342848
59.215 113.047 -0.236853
69.9813 113.047 -0.0831742
5.38318 123.813 -0.0189636
16.1495 123.813 -0.0843623
26.9159 123.813 -0.0691876
37.6822 123.813 -0.0834747
48.4486 123.813 -0.0163176
59.215 123.813 0.134062
69.9813 123.813 0.276983
5.38318 134.579 0.824064
16.1495 134.579 0.971295
26.9159 134.579 0.866363
37.6822 134.579 0.703824
48.4486 134.579 1.14268
59.215 134.579 1.27879
69.9813 134.579 1.05896
5.38318 145.346 1.75345
16.1495 145.346 2.30849
26.9159 145.346 2.11392
37.6822 145.346 1.80174
48.4486 145.346 2.40112
59.215 145.346 2.57499
69.9813 145.346 1.97873
5.38318 156.112 2.25968
16.1495 156.112 3.05174
26.9159 156.112 2.88268
37.6822 156.112 2.48042
48.4486 156.112 3.16312
59.215 156.112 3.34949
69.9813 156.112 2.55022
5.38318 166.879 1.95372
16.1495 166.879 3.06189
26.9159 166.879 3.44659
37.6822 166.879 3.2631
48.4486 166.879 3.52164
59.215 166.879 3.34131
69.9813 166.879 2.36082
5.38318 177.645 1.39311
16.1495 177.645 2.84436
26.9159 177.645 4.10254
37.6822 177.645 4.36101
48.4486 177.645 3.91173
59.215 177.645 2.91206
69.9813 177.645 1.75173
5.38318 188.411 1.15127
16.1495 188.411 2.70699
26.9159 188.411 4.4544
37.6822 188.411 4.98147
48.4486 188.411 4.37974
59.215 188.411 2.95905
69.9813 188.411 1.62991
5.38318 199.178 0.848721
16.1495 199.178 2.01384
26.9159 199.178 3.4195
37.6822 199.178 3.77799
48.4486 199.178 3.26339
59.215 199.178 2.20487
69.9813 199.178 1.23024
5.38318 209.944 0.357895
16.1495 209.944 0.807595
26.9159 209.944 1.40621
37.6822 209.944 1.44073
48.4486 209.944 1.22015
59.215 209.944 1.00062
69.9813 209.944 0.713131
