37 37
0 17 72 40
0 1 72 72
0 0 72 82
0 0 72 144
0 0 72 216
5.38318 5.38318 0.79267
16.1495 5.38318 1.41479
26.9159 5.38318 1.77281
37.6822 5.38318 1.80673
48.4486 5.38318 1.48786
59.215 5.38318 1.06999
69.9813 5.38318 0.567441
5.38318 16.1495 1.29382
16.1495 16.1495 2.71806
26.9159 16.1495 3.67389
37.6822 16.1495 3.82618
48.4486 16.1495 3.20029
59.215 16.1495 2.22384
69.9813 16.1495 1.21576
5.38318 26.9159 1.5205
16.1495 26.9159 3.4863
26.9159 26.9159 4.9771
37.6822 26.9159 5.20803
48.4486 26.9159 4.24331
59.215 26.9159 2.82055
69.9813 26.9159 1.49619
5.38318 37.6822 1.46858
16.1495 37.6822 3.46888
26.9159 37.6822 5.07846
37.6822 37.6822 5.38433
48.4486 37.6822 4.43718
59.215 37.6822 2.93211
69.9813 37.6822 1.59039
5.38318 48.4486 1.66951
16.1495 48.4486 3.2669
26.9159 48.4486 4.25868
37.6822 48.4486 4.19172
48.4486 48.4486 3.62141
59.215 48.4486 2.59188
69.9813 48.4486 1.58091
5.38318 59.215 1.7744
16.1495 59.215 2.89128
26.9159 59.215 3.10821
37.6822 59.215 2.8517
48.4486 59.215 2.74458
59.215 59.215 2.4694
69.9813 59.215 1.72568
5.38318 69.9813 1.62027
16.1495 69.9813 2.39128
26.9159 69.9813 2.39124
37.6822 69.9813 1.88847
48.4486 69.9813 1.99281
59.215 69.9813 1.99234
69.9813 69.9813 1.51901
5.38318 80.7477 0.358077
16.1495 80.7477 0.495645
26.9159 80.7477 0.612279
37.6822 80.7477 0.386094
48.4486 80.7477 0.524086
59.215 80.7477 0.733885
69.9813 80.7477 0.74788
5.38318 91.514 -0.397386
16.1495 91.514 -0.665439
26.9159 91.514 -0.66475
37.6822 91.514 -0.730296
48.4486 91.514 -0.712939
59.215 91.514 -0.523205
69.9813 91.514 -0.204691
5.38318 102.28 -0.553022
16.1495 102.28 -0.897622
26.9159 102.28 -0.973532
37.6822 102.28 -0.992855
48.4486 102.28 -0.944309
59.215 102.28 -0.734923
69.9813 102.28 -0.315221
5.38318 113.047 -0.579374
16.1495 113.047 -0.925651
26.9159 113.047 -1.00286
37.6822 113.047 -1.00136
48.4486 113.047 -0.947227
59.215 113.047 -0.737574
69.9813 113.047 -0.314658
5.38318 123.813 -0.550122
16.1495 123.813 -0.870347
26.9159 123.813 -0.927676
37.6822 123.813 -0.919295
48.4486 123.813 -0.859502
59.215 123.813 -0.628448
69.9813 123.813 -0.254837
5.38318 134.579 -0.460837
16.1495 134.579 -0.704724
26.9159 134.579 -0.686809
37.6822 134.579 -0.671326
48.4486 134.579 -0.624555
59.215 134.579 -0.428969
69.9813 134.579 -0.149128
5.38318 145.346 -0.281644
16.1495 145.346 -0.393437
26.9159 145.346 -0.353601
37.6822 145.346 -0.344115
48.4486 145.346 -0.325052
59.215 145.346 -0.178897
69.9813 145.346 0.0208513
5.38318 156.112 0.0373524
16.1495 156.112 0.245769
26.9159 156.112 0.707668
37.6822 156.112 0.687911
48.4486 156.112 0.72197
59.215 156.112 0.670498
69.9813 156.112 0.582202
5.38318 166.879 0.442803
16.1495 166.879 0.899945
26.9159 166.879 1.7011
37.6822 166.879 1.65774
48.4486 166.879 1.73203
59.215 166.879 1.29924
69.9813 166.879 0.957885
5.38318 177.645 0.835811
16.1495 177.645 1.7939
26.9159 177.645 3.25036
37.6822 177.645 3.32098
48.4486 177.645 3.34807
59.215 177.645 2.288
69.9813 177.645 1.43589
5.38318 188.411 0.768513
16.1495 188.411 2.06921
26.9159 188.411 3.86353
37.6822 188.411 4.09548
48.4486 188.411 3.96576
59.215 188.411 2.51495
69.9813 188.411 1.49886
5.38318 199.178 0.458318
16.1495 199.178 1.62955
26.9159 199.178 3.31792
37.6822 199.178 3.54305
48.4486 199.178 3.31125
59.215 199.178 1.92182
69.9813 199.178 1.10565
5.38318 209.944 0.0511439
16.1495 209.944 0.582005
26.9159 209.944 1.48296
37.6822 209.944 1.48327
48.4486 209.944 1.32757
59.215 209.944 0.561576
69.9813 209.944 0.432647
