37 188
0 168 72 40
0 144 72 72
0 134 72 82
0 72 72 144
0 0 72 216
5.38318 5.38318 0.461166
16.1495 5.38318 0.875143
26.9159 5.38318 1.22193
37.6822 5.38318 1.18153
48.4486 5.38318 0.97167
59.215 5.38318 0.689098
69.9813 5.38318 0.415338
5.38318 16.1495 0.93955
16.1495 16.1495 1.88964
26.9159 16.1495 2.4634
37.6822 16.1495 2.40667
48.4486 16.1495 2.12509
59.215 16.1495 1.65199
69.9813 16.1495 1.09301
5.38318 26.9159 1.52973
16.1495 26.9159 2.72143
26.9159 26.9159 3.19561
37.6822 26.9159 3.10973
48.4486 26.9159 3.06406
59.215 26.9159 2.6025
69.9813 26.9159 1.81224
5.38318 37.6822 2.6712
16.1495 37.6822 4.23004
26.9159 37.6822 4.3705
37.6822 37.6822 4.01328
48.4486 37.6822 4.28981
59.215 37.6822 4.03678
69.9813 37.6822 2.85639
5.38318 48.4486 3.09099
16.1495 48.4486 4.95119
26.9159 48.4486 4.96923
37.6822 48.4486 4.40591
48.4486 48.4486 4.78723
59.215 48.4486 4.61727
69.9813 48.4486 3.31622
5.38318 59.215 2.39617
16.1495 59.215 3.768
26.9159 59.215 3.89428
37.6822 59.215 3.46113
48.4486 59.215 3.78984
59.215 59.215 3.60345
69.9813 59.215 2.66313
5.38318 69.9813 0.455086
16.1495 69.9813 0.856701
26.9159 69.9813 1.23217
37.6822 69.9813 1.0808
48.4486 69.9813 1.26934
59.215 69.9813 1.09303
69.9813 69.9813 1.02906
5.38318 80.7477 -0.142533
16.1495 80.7477 -0.160012
26.9159 80.7477 -0.018896
37.6822 80.7477 -0.0404595
48.4486 80.7477 -0.0875169
59.215 80.7477 -0.0960117
69.9813 80.7477 0.175551
5.38318 91.514 -0.243681
16.1495 91.514 -0.340373
26.9159 91.514 -0.248673
37.6822 91.514 -0.265064
48.4486 91.514 -0.329057
59.215 91.514 -0.296481
69.9813 91.514 -0.121075
5.38318 102.28 -0.248074
16.1495 102.28 -0.361609
26.9159 102.28 -0.326596
37.6822 102.28 -0.349617
48.4486 102.28 -0.402676
59.215 102.28 -0.325906
69.9813 102.28 -0.156321
5.38318 113.047 -0.297539
16.1495 113.047 -0.450599
26.9159 113.047 -0.459327
37.6822 113.047 -0.442951
48.4486 113.047 -0.426181
59.215 113.047 -0.328748
69.9813 113.047 -0.144033
5.38318 123.813 -0.295017
16.1495 123.813 -0.447383
26.9159 123.813 -0.431209
37.6822 123.813 -0.414233
48.4486 123.813 -0.380338
59.215 123.813 -0.286263
69.9813 123.813 -0.115617
5.38318 134.579 -0.276992
16.1495 134.579 -0.412067
26.9159 134.579 -0.374952
37.6822 134.579 -0.34365
48.4486 134.579 -0.296113
59.215 134.579 -0.222144
69.9813 134.579 -0.0766155
5.38318 145.346 -0.257684
16.1495 145.346 -0.361712
26.9159 145.346 -0.257789
37.6822 145.346 -0.202139
48.4486 145.346 -0.151025
59.215 145.346 -0.142838
69.9813 145.346 -0.0321267
5.38318 156.112 -0.124314
16.1495 156.112 -0.0571567
26.9159 156.112 0.49123
37.6822 156.112 0.70272
48.4486 156.112 0.558193
59.215 156.112 0.154823
69.9813 156.112 0.111324
5.38318 166.879 0.0966043
16.1495 166.879 0.681321
26.9159 166.879 1.73947
37.6822 166.879 2.0283
48.4486 166.879 1.60801
59.215 166.879 0.743011
69.9813 166.879 0.315724
5.38318 177.645 0.695861
16.1495 177.645 1.91831
26.9159 177.645 3.5292
37.6822 177.645 4.00679
48.4486 177.645 3.10632
59.215 177.645 1.61152
69.9813 177.645 0.628264
5.38318 188.411 0.986224
16.1495 188.411 2.56293
26.9159 188.411 4.58396
37.6822 188.411 5.23538
48.4486 188.411 4.16706
59.215 188.411 2.24497
69.9813 188.411 0.921196
5.38318 199.178 1.02368
16.1495 199.178 2.54176
26.9159 199.178 4.22356
37.6822 199.178 4.75096
48.4486 199.178 3.8445
59.215 199.178 2.13102
69.9813 199.178 0.954539
5.38318 209.944 0.688895
16.1495 209.944 1.52756
26.9159 209.944 2.09778
37.6822 209.944 2.26228
48.4486 209.944 1.96544
59.215 209.944 1.27029
69.9813 209.944 0.719313
