37 37
0 17 72 40
0 1 72 72
0 0 72 82
0 0 72 144
0 0 72 216
5.38318 5.38318 0.631824
16.1495 5.38318 1.03764
26.9159 5.38318 1.60138
37.6822 5.38318 1.88717
48.4486 5.38318 1.80566
59.215 5.38318 1.28062
69.9813 5.38318 0.715906
5.38318 16.1495 1.13851
16.1495 16.1495 2.12876
26.9159 16.1495 3.29266
37.6822 16.1495 3.77354
48.4486 16.1495 3.51138
59.215 16.1495 2.45767
69.9813 16.1495 1.34096
5.38318 26.9159 1.33293
16.1495 26.9159 2.78167
26.9159 26.9159 4.53453
37.6822 26.9159 4.97634
48.4486 26.9159 4.43933
59.215 26.9159 2.95441
69.9813 26.9159 1.63605
5.38318 37.6822 1.24158
16.1495 37.6822 2.73526
26.9159 37.6822 4.69083
37.6822 37.6822 5.02343
48.4486 37.6822 4.40244
59.215 37.6822 2.97066
69.9813 37.6822 1.70846
5.38318 48.4486 0.69318
16.1495 48.4486 1.9756
26.9159 48.4486 3.76137
37.6822 48.4486 4.03065
48.4486 48.4486 3.58184
59.215 48.4486 2.50172
69.9813 48.4486 1.50717
5.38318 59.215 0.297835
16.1495 59.215 0.668395
26.9159 59.215 1.40751
37.6822 59.215 1.27414
48.4486 59.215 1.23887
59.215 59.215 1.15126
69.9813 59.215 0.987883
5.38318 69.9813 -0.0171849
16.1495 69.9813 -0.0242712
26.9159 69.9813 -0.0244996
37.6822 69.9813 -0.223513
48.4486 69.9813 -0.259794
59.215 69.9813 -0.0997161
69.9813 69.9813 0.285595
5.38318 80.7477 -0.23341
16.1495 80.7477 -0.377839
26.9159 80.7477 -0.47344
37.6822 80.7477 -0.604208
48.4486 80.7477 -0.618495
59.215 80.7477 -0.435867
69.9813 80.7477 -0.110121
5.38318 91.514 -0.494273
16.1495 91.514 -0.794832
26.9159 91.514 -0.858215
37.6822 91.514 -0.893874
48.4486 91.514 -0.871062
59.215 91.514 -0.668427
69.9813 91.514 -0.274475
5.38318 102.28 -0.568732
16.1495 102.28 -0.899238
26.9159 102.28 -0.965369
37.6822 102.28 -0.955664
48.4486 102.28 -0.915639
59.215 102.28 -0.712588
69.9813 102.28 -0.314244
5.38318 113.047 -0.567257
16.1495 113.047 -0.903583
26.9159 113.047 -0.981772
37.6822 113.047 -0.986086
48.4486 113.047 -0.941814
59.215 113.047 -0.738666
69.9813 113.047 -0.317973
5.38318 123.813 -0.474649
16.1495 123.813 -0.693133
26.9159 123.813 -0.641033
37.6822 123.813 -0.660207
48.4486 123.813 -0.672902
59.215 123.813 -0.578242
69.9813 123.813 -0.246082
5.38318 134.579 -0.243586
16.1495 134.579 -0.232558
26.9159 134.579 0.00957479
37.6822 134.579 -0.00719559
48.4486 134.579 -0.12082
59.215 134.579 -0.265754
69.9813 134.579 -0.0967955
5.38318 145.346 0.21126
16.1495 145.346 1.0893
26.9159 145.346 2.1355
37.6822 145.346 2.25408
48.4486 145.346 1.7515
59.215 145.346 0.767436
69.9813 145.346 0.465346
5.38318 156.112 0.424898
16.1495 156.112 1.5509
26.9159 156.112 2.77437
37.6822 156.112 3.16383
48.4486 156.112 2.7028
59.215 156.112 1.66932
69.9813 156.112 0.898661
5.38318 166.879 0.211069
16.1495 166.879 1.19556
26.9159 166.879 2.48015
37.6822 166.879 2.95279
48.4486 166.879 2.66215
59.215 166.879 1.8879
69.9813 166.879 1.08903
5.38318 177.645 -0.209335
16.1495 177.645 -0.0545522
26.9159 177.645 0.996262
37.6822 177.645 1.44898
48.4486 177.645 1.50215
59.215 177.645 1.19699
69.9813 177.645 0.828814
5.38318 188.411 -0.30436
16.1495 188.411 -0.269073
26.9159 188.411 0.321799
37.6822 188.411 0.529117
48.4486 188.411 0.476042
59.215 188.411 0.29549
69.9813 188.411 0.353753
5.38318 199.178 -0.317097
16.1495 199.178 -0.320349
26.9159 199.178 -0.0680775
37.6822 199.178 -0.0916819
48.4486 199.178 -0.198237
59.215 199.178 -0.233656
69.9813 199.178 -0.0487807
5.38318 209.944 -0.217381
16.1495 209.944 -0.183199
26.9159 209.944 -0.0152714
37.6822 209.944 -0.075078
48.4486 209.944 -0.207401
59.215 209.944 -0.23047
69.9813 209.944 -0.0661402
