37 48
0 28 72 40
0 12 72 72
0 7 72 82
0 0 72 144
0 0 72 216
5.38318 5.38318 -0.00924661
16.1495 5.38318 -0.0219938
26.9159 5.38318 0.191035
37.6822 5.38318 0.212112
48.4486 5.38318 0.243446
59.215 5.38318 0.0812202
69.9813 5.38318 0.101694
5.38318 16.1495 0.142143
16.1495 16.1495 0.455658
26.9159 16.1495 1.1662
37.6822 16.1495 1.26048
48.4486 16.1495 1.07172
59.215 16.1495 0.552391
69.9813 16.1495 0.377702
5.38318 26.9159 0.126287
16.1495 26.9159 0.860849
26.9159 26.9159 2.19511
37.6822 26.9159 2.45585
48.4486 26.9159 1.882
59.215 26.9159 0.792932
69.9813 26.9159 0.344511
5.38318 37.6822 0.706358
16.1495 37.6822 2.12112
26.9159 37.6822 4.21837
37.6822 37.6822 4.71432
48.4486 37.6822 3.59537
59.215 37.6822 1.70956
69.9813 37.6822 0.610598
5.38318 48.4486 0.810032
16.1495 48.4486 2.55081
26.9159 48.4486 5.00935
37.6822 48.4486 5.68981
48.4486 48.4486 4.44696
59.215 48.4486 2.18116
69.9813 48.4486 0.843694
5.38318 59.215 0.687115
16.1495 59.215 2.24047
26.9159 59.215 4.13782
37.6822 59.215 4.70682
48.4486 59.215 3.76585
59.215 59.215 1.99551
69.9813 59.215 0.879716
5.38318 69.9813 0.293541
16.1495 69.9813 1.108
26.9159 69.9813 1.97278
37.6822 69.9813 2.31585
48.4486 69.9813 1.93375
59.215 69.9813 1.14801
69.9813 69.9813 0.658369
5.38318 80.7477 -0.0644157
16.1495 80.7477 0.288663
26.9159 80.7477 0.801775
37.6822 80.7477 1.06152
48.4486 80.7477 0.785434
59.215 80.7477 0.471491
69.9813 80.7477 0.302105
5.38318 91.514 -0.273239
16.1495 91.514 -0.322053
26.9159 91.514 -0.221345
37.6822 91.514 -0.131542
48.4486 91.514 -0.207099
59.215 91.514 -0.191447
69.9813 91.514 -0.107925
5.38318 102.28 -0.294153
16.1495 102.28 -0.441135
26.9159 102.28 -0.412589
37.6822 102.28 -0.400539
48.4486 102.28 -0.44484
59.215 102.28 -0.361476
69.9813 102.28 -0.189606
5.38318 113.047 -0.278743
16.1495 113.047 -0.413204
26.9159 113.047 -0.383304
37.6822 113.047 -0.370847
48.4486 113.047 -0.367169
59.215 113.047 -0.289734
69.9813 113.047 -0.126737
5.38318 123.813 -0.140092
16.1495 123.813 -0.180378
26.9159 123.813 -0.118304
37.6822 123.813 -0.112533
48.4486 123.813 -0.129711
59.215 123.813 -0.094894
69.9813 123.813 -0.0055255
5.38318 134.579 0.208327
16.1495 134.579 0.433546
26.9159 134.579 0.620246
37.6822 134.579 0.580279
48.4486 134.579 0.481685
59.215 134.579 0.427392
69.9813 134.579 0.352723
5.38318 145.346 0.764309
16.1495 145.346 1.32559
26.9159 145.346 1.51741
37.6822 145.346 1.47065
48.4486 145.346 1.35339
59.215 145.346 1.24726
69.9813 145.346 0.861222
5.38318 156.112 1.21481
16.1495 156.112 2.06387
26.9159 156.112 2.47727
37.6822 156.112 2.34993
48.4486 156.112 2.23179
59.215 156.112 1.9063
69.9813 156.112 1.27672
5.38318 166.879 1.34957
16.1495 166.879 2.27664
26.9159 166.879 2.99513
37.6822 166.879 2.88604
48.4486 166.879 2.89698
59.215 166.879 2.35971
69.9813 166.879 1.57977
5.38318 177.645 1.37972
16.1495 177.645 2.57349
26.9159 177.645 4.07909
37.6822 177.645 4.10653
48.4486 177.645 4.02082
59.215 177.645 2.80383
69.9813 177.645 1.73508
5.38318 188.411 1.24827
16.1495 188.411 2.5715
26.9159 188.411 4.55301
37.6822 188.411 4.83872
48.4486 188.411 4.58128
59.215 188.411 2.98521
69.9813 188.411 1.70361
5.38318 199.178 0.970323
16.1495 199.178 2.18204
26.9159 199.178 4.05083
37.6822 199.178 4.46889
48.4486 199.178 4.0048
59.215 199.178 2.55347
69.9813 199.178 1.36175
5.38318 209.944 0.375348
16.1495 209.944 0.890723
26.9159 209.944 1.88406
37.6822 209.944 2.00982
48.4486 209.944 1.72229
59.215 209.944 1.12771
69.9813 209.944 0.617054
