37 37
0 17 72 40
0 1 72 72
0 0 72 82
0 0 72 144
0 0 72 216
5.38318 5.38318 0.692664
16.1495 5.38318 1.14279
26.9159 5.38318 1.51389
37.6822 5.38318 1.61795
48.4486 5.38318 1.4914
59.215 5.38318 1.09091
69.9813 5.38318 0.646328
5.38318 16.1495 1.17611
16.1495 16.1495 2.33156
26.9159 16.1495 3.28487
37.6822 16.1495 3.54309
48.4486 16.1495 3.1317
59.215 16.1495 2.1818
69.9813 16.1495 1.23156
5.38318 26.9159 1.42056
16.1495 26.9159 3.06279
26.9159 26.9159 4.67092
37.6822 26.9159 5.09057
48.4486 26.9159 4.44468
59.215 26.9159 2.96781
69.9813 26.9159 1.54458
5.38318 37.6822 1.36025
16.1495 37.6822 3.15316
26.9159 37.6822 4.93443
37.6822 37.6822 5.45457
48.4486 37.6822 4.63432
59.215 37.6822 2.96598
69.9813 37.6822 1.42709
5.38318 48.4486 1.12415
16.1495 48.4486 2.46494
26.9159 48.4486 3.77928
37.6822 48.4486 4.19343
48.4486 48.4486 3.70168
59.215 48.4486 2.46917
69.9813 48.4486 1.27685
5.38318 59.215 0.734639
16.1495 59.215 1.52859
26.9159 59.215 1.89747
37.6822 59.215 2.10471
48.4486 59.215 2.03908
59.215 59.215 1.76295
69.9813 59.215 1.1275
5.38318 69.9813 0.57639
16.1495 69.9813 1.10662
26.9159 69.9813 1.16931
37.6822 69.9813 1.29609
48.4486 69.9813 1.30678
59.215 69.9813 1.32386
69.9813 69.9813 0.935323
5.38318 80.7477 0.00256865
16.1495 80.7477 0.2
26.9159 80.7477 0.397621
37.6822 80.7477 0.550477
48.4486 80.7477 0.525125
59.215 80.7477 0.671886
69.9813 80.7477 0.502147
5.38318 91.514 -0.272017
16.1495 91.514 -0.363855
26.9159 91.514 -0.252709
37.6822 91.514 -0.191578
48.4486 91.514 -0.217355
59.215 91.514 -0.139898
69.9813 91.514 -0.0632404
5.38318 102.28 -0.300487
16.1495 102.28 -0.435058
26.9159 102.28 -0.348011
37.6822 102.28 -0.297077
48.4486 102.28 -0.286595
59.215 102.28 -0.220395
69.9813 102.28 -0.0933347
5.38318 113.047 -0.300571
16.1495 113.047 -0.454991
26.9159 113.047 -0.456656
37.6822 113.047 -0.439151
48.4486 113.047 -0.421989
59.215 113.047 -0.331394
69.9813 113.047 -0.146633
5.38318 123.813 -0.29709
16.1495 123.813 -0.453616
26.9159 123.813 -0.464255
37.6822 123.813 -0.450653
48.4486 123.813 -0.430193
59.215 123.813 -0.329672
69.9813 123.813 -0.142646
5.38318 134.579 -0.260631
16.1495 134.579 -0.393367
26.9159 134.579 -0.363639
37.6822 134.579 -0.349881
48.4486 134.579 -0.308802
59.215 134.579 -0.231696
69.9813 134.579 -0.0839451
5.38318 145.346 -0.139267
16.1495 145.346 -0.172228
26.9159 145.346 -0.0885489
37.6822 145.346 -0.030794
48.4486 145.346 0.0606482
59.215 145.346 0.0358687
69.9813 145.346 0.136995
5.38318 156.112 0.344472
16.1495 156.112 0.65525
26.9159 156.112 1.05819
37.6822 156.112 1.27997
48.4486 156.112 1.39302
59.215 156.112 1.00706
69.9813 156.112 0.63023
5.38318 166.879 1.21707
16.1495 166.879 1.94815
26.9159 166.879 2.49772
37.6822 166.879 2.70417
48.4486 166.879 2.67501
59.215 166.879 1.97719
69.9813 166.879 1.1357
5.38318 177.645 1.86276
16.1495 177.645 2.86183
26.9159 177.645 3.4469
37.6822 177.645 3.56984
48.4486 177.645 3.45877
59.215 177.645 2.66057
69.9813 177.645 1.50563
5.38318 188.411 2.00341
16.1495 188.411 3.00777
26.9159 188.411 3.44201
37.6822 188.411 3.25685
48.4486 188.411 2.96182
59.215 188.411 2.36835
69.9813 188.411 1.3879
5.38318 199.178 1.17281
16.1495 199.178 1.85265
26.9159 199.178 2.05787
37.6822 199.178 1.80576
48.4486 199.178 1.43197
59.215 199.178 1.32614
69.9813 199.178 0.845028
5.38318 209.944 0.455732
16.1495 209.944 0.780847
26.9159 209.944 0.93737
37.6822 209.944 0.769374
48.4486 209.944 0.460813
59.215 209.944 0.474323
69.9813 209.944 0.337508
