37 37
0 17 72 40
0 1 72 72
0 0 72 82
0 0 72 144
0 0 72 216
5.38318 5.38318 0.34163
16.1495 5.38318 0.698457
26.9159 5.38318 1.20973
37.6822 5.38318 1.27218
48.4486 5.38318 1.03733
59.215 5.38318 0.57068
69.9813 5.38318 0.282427
5.38318 16.1495 0.604031
16.1495 16.1495 1.66062
26.9159 16.1495 2.73582
37.6822 16.1495 2.9693
48.4486 16.1495 2.44898
59.215 16.1495 1.46337
69.9813 16.1495 0.733086
5.38318 26.9159 0.74226
16.1495 26.9159 2.36477
26.9159 26.9159 4.29612
37.6822 26.9159 4.84436
48.4486 26.9159 3.88269
59.215 26.9159 2.1248
69.9813 26.9159 0.893177
5.38318 37.6822 0.844923
16.1495 37.6822 2.61563
26.9159 37.6822 4.84268
37.6822 37.6822 5.57619
48.4486 37.6822 4.48948
59.215 37.6822 2.46853
69.9813 37.6822 1.05401
5.38318 48.4486 0.62611
16.1495 48.4486 2.0911
26.9159 48.4486 3.93527
37.6822 48.4486 4.55834
48.4486 48.4486 3.74491
59.215 48.4486 2.18625
69.9813 48.4486 1.00886
5.38318 59.215 0.271742
16.1495 59.215 1.08434
26.9159 59.215 2.01775
37.6822 59.215 2.42513
48.4486 59.215 1.98071
59.215 59.215 1.26566
69.9813 59.215 0.758306
5.38318 69.9813 -0.12335
16.1495 69.9813 0.19083
26.9159 69.9813 0.794265
37.6822 69.9813 1.20824
48.4486 69.9813 0.969588
59.215 69.9813 0.737018
69.9813 69.9813 0.544276
5.38318 80.7477 -0.362989
16.1495 80.7477 -0.445474
26.9159 80.7477 -0.32568
37.6822 80.7477 -0.255649
48.4486 80.7477 -0.317019
59.215 80.7477 -0.244487
69.9813 80.7477 -0.0631597
5.38318 91.514 -0.56194
16.1495 91.514 -0.893968
26.9159 91.514 -0.990045
37.6822 91.514 -1.0041
48.4486 91.514 -0.998192
59.215 91.514 -0.746621
69.9813 91.514 -0.332414
5.38318 102.28 -0.591097
16.1495 102.28 -0.949992
26.9159 102.28 -1.0459
37.6822 102.28 -1.05756
48.4486 102.28 -1.01944
59.215 102.28 -0.808198
69.9813 102.28 -0.366517
5.38318 113.047 -0.575717
16.1495 113.047 -0.920495
26.9159 113.047 -0.996875
37.6822 113.047 -0.99397
48.4486 113.047 -0.939017
59.215 113.047 -0.727507
69.9813 113.047 -0.310208
5.38318 123.813 -0.528027
16.1495 123.813 -0.823479
26.9159 123.813 -0.829592
37.6822 123.813 -0.781627
48.4486 123.813 -0.703179
59.215 123.813 -0.481444
69.9813 123.813 -0.157188
5.38318 134.579 -0.409165
16.1495 134.579 -0.563756
26.9159 134.579 -0.439357
37.6822 134.579 -0.28087
48.4486 134.579 -0.116481
59.215 134.579 0.106483
69.9813 134.579 0.431937
5.38318 145.346 -0.214959
16.1495 145.346 -0.170442
26.9159 145.346 0.317541
37.6822 145.346 1.11085
48.4486 145.346 1.66424
59.215 145.346 1.88096
69.9813 145.346 1.41689
5.38318 156.112 0.0413971
16.1495 156.112 0.560501
26.9159 156.112 1.45501
37.6822 156.112 2.28766
48.4486 156.112 3.04723
59.215 156.112 3.23842
69.9813 156.112 2.39472
5.38318 166.879 0.232278
16.1495 166.879 0.813561
26.9159 166.879 1.70415
37.6822 166.879 2.52105
48.4486 166.879 3.54691
59.215 166.879 3.86362
69.9813 166.879 2.83865
5.38318 177.645 0.259568
16.1495 177.645 0.723625
26.9159 177.645 1.32917
37.6822 177.645 1.91015
48.4486 177.645 2.91271
59.215 177.645 3.21404
69.9813 177.645 2.46787
5.38318 188.411 0.167114
16.1495 188.411 0.507628
26.9159 188.411 0.977624
37.6822 188.411 1.5401
48.4486 188.411 2.42303
59.215 188.411 2.58904
69.9813 188.411 1.97689
5.38318 199.178 0.31137
16.1495 199.178 0.658852
26.9159 199.178 0.83657
37.6822 199.178 1.26871
48.4486 199.178 1.85678
59.215 199.178 2.02585
69.9813 199.178 1.54187
5.38318 209.944 0.31876
16.1495 209.944 0.545925
26.9159 209.944 0.585251
37.6822 209.944 0.803192
48.4486 209.944 1.09749
59.215 209.944 1.21052
69.9813 209.944 0.916581
