48 37
0 17 72 40
0 1 72 72
0 0 72 82
0 0 72 144
0 0 72 216
5.38318 5.38318 0.514377
16.1495 5.38318 0.902964
26.9159 5.38318 1.29886
37.6822 5.38318 1.3612
48.4486 5.38318 1.29376
59.215 5.38318 1.04964
69.9813 5.38318 0.684894
5.38318 16.1495 0.915814
16.1495 16.1495 1.89377
26.9159 16.1495 2.75601
37.6822 16.1495 3.01678
48.4486 16.1495 2.91725
59.215 16.1495 2.30612
69.9813 16.1495 1.447
5.38318 26.9159 1.11955
16.1495 26.9159 2.35615
26.9159 26.9159 3.68028
37.6822 26.9159 4.30505
48.4486 26.9159 4.28686
59.215 26.9159 3.37948
69.9813 26.9159 2.02631
5.38318 37.6822 1.13584
16.1495 37.6822 2.45066
26.9159 37.6822 4.00936
37.6822 37.6822 5.06063
48.4486 37.6822 5.18491
59.215 37.6822 4.05159
69.9813 37.6822 2.29159
5.38318 48.4486 1.08616
16.1495 48.4486 2.08709
26.9159 48.4486 3.41277
37.6822 48.4486 4.45373
48.4486 48.4486 4.61794
59.215 48.4486 3.57709
69.9813 48.4486 1.94568
5.38318 59.215 0.804169
16.1495 59.215 1.43116
26.9159 59.215 2.06248
37.6822 59.215 2.39295
48.4486 59.215 2.29808
59.215 59.215 1.93764
69.9813 59.215 1.09995
5.38318 69.9813 0.537374
16.1495 69.9813 0.875262
26.9159 69.9813 0.948855
37.6822 69.9813 0.646514
48.4486 69.9813 0.284789
59.215 69.9813 0.369227
69.9813 69.9813 0.375003
5.38318 80.7477 -0.109358
16.1495 80.7477 -0.179585
26.9159 80.7477 -0.283523
37.6822 80.7477 -0.390859
48.4486 80.7477 -0.480665
59.215 80.7477 -0.24071
69.9813 80.7477 -0.0258586
5.38318 91.514 -0.481603
16.1495 91.514 -0.790227
26.9159 91.514 -0.906901
37.6822 91.514 -0.924113
48.4486 91.514 -0.88567
59.215 91.514 -0.575759
69.9813 91.514 -0.213434
5.38318 102.28 -0.574426
16.1495 102.28 -0.926556
26.9159 102.28 -1.02548
37.6822 102.28 -1.00583
48.4486 102.28 -0.935421
59.215 102.28 -0.653976
69.9813 102.28 -0.255633
5.38318 113.047 -0.584798
16.1495 113.047 -0.937901
26.9159 113.047 -1.02662
37.6822 113.047 -1.02654
48.4486 113.047 -0.9711
59.215 113.047 -0.764609
69.9813 113.047 -0.32828
5.38318 123.813 -0.574222
16.1495 123.813 -0.917815
26.9159 123.813 -0.999869
37.6822 123.813 -0.997755
48.4486 123.813 -0.942538
59.215 123.813 -0.728801
69.9813 123.813 -0.310299
5.38318 134.579 -0.544875
16.1495 134.579 -0.860634
26.9159 134.579 -0.934622
37.6822 134.579 -0.935718
48.4486 134.579 -0.884163
59.215 134.579 -0.658546
69.9813 134.579 -0.272779
5.38318 145.346 -0.448504
16.1495 145.346 -0.667598
26.9159 145.346 -0.644975
37.6822 145.346 -0.646799
48.4486 145.346 -0.613157
59.215 145.346 -0.458327
69.9813 145.346 -0.157118
5.38318 156.112 -0.275181
16.1495 156.112 -0.346747
26.9159 156.112 -0.229844
37.6822 156.112 -0.247523
48.4486 156.112 -0.267989
59.215 156.112 -0.229546
69.9813 156.112 -0.0109709
5.38318 166.879 -0.0648965
16.1495 166.879 0.14575
26.9159 166.879 0.777402
37.6822 166.879 0.727727
48.4486 166.879 0.503463
59.215 166.879 0.275147
69.9813 166.879 0.409792
5.38318 177.645 -0.0114277
16.1495 177.645 0.404255
26.9159 177.645 1.06096
37.6822 177.645 1.02185
48.4486 177.645 0.719326
59.215 177.645 0.40972
69.9813 177.645 0.481301
5.38318 188.411 -0.073029
16.1495 188.411 0.0970209
26.9159 188.411 0.505164
37.6822 188.411 0.326574
48.4486 188.411 -0.0010051
59.215 188.411 -0.00939928
69.9813 188.411 0.276456
5.38318 199.178 -0.257287
16.1495 199.178 -0.355244
26.9159 199.178 -0.347667
37.6822 199.178 -0.425566
48.4486 199.178 -0.44875
59.215 199.178 -0.27776
69.9813 199.178 0.00252763
5.38318 209.944 -0.230735
16.1495 209.944 -0.313616
26.9159 209.944 -0.32543
37.6822 209.944 -0.373551
48.4486 209.944 -0.369188
59.215 209.944 -0.199913
69.9813 209.944 0.0640174
