37 26
0 6 72 40
0 0 72 72
0 0 72 82
0 0 72 144
0 0 72 216
5.38318 5.38318 0.433276
16.1495 5.38318 0.974858
26.9159 5.38318 1.74269
37.6822 5.38318 1.90932
48.4486 5.38318 1.51242
59.215 5.38318 0.803293
69.9813 5.38318 0.317958
5.38318 16.1495 0.695524
16.1495 16.1495 1.98269
26.9159 16.1495 3.70144
37.6822 16.1495 4.21487
48.4486 16.1495 3.40045
59.215 16.1495 1.93399
69.9813 16.1495 0.847493
5.38318 26.9159 0.729962
16.1495 26.9159 2.57661
26.9159 26.9159 5.09878
37.6822 26.9159 5.99088
48.4486 26.9159 4.77771
59.215 26.9159 2.52608
69.9813 26.9159 1.01388
5.38318 37.6822 0.817866
16.1495 37.6822 2.66736
26.9159 37.6822 4.90603
37.6822 37.6822 5.66677
48.4486 37.6822 4.54897
59.215 37.6822 2.51479
69.9813 37.6822 1.13472
5.38318 48.4486 0.816015
16.1495 48.4486 2.23854
26.9159 48.4486 3.4459
37.6822 48.4486 3.82068
48.4486 48.4486 3.12596
59.215 48.4486 1.93373
69.9813 48.4486 1.03058
5.38318 59.215 0.849041
16.1495 59.215 1.86404
26.9159 59.215 2.36338
37.6822 59.215 2.49751
48.4486 59.215 2.05593
59.215 59.215 1.47133
69.9813 59.215 0.865911
5.38318 69.9813 0.501333
16.1495 69.9813 1.17293
26.9159 69.9813 1.53967
37.6822 69.9813 1.5635
48.4486 69.9813 1.08992
59.215 69.9813 0.811256
69.9813 69.9813 0.485699
5.38318 80.7477 -0.115714
16.1495 80.7477 -0.0250306
26.9159 80.7477 0.215981
37.6822 80.7477 0.125983
48.4486 80.7477 -0.183625
59.215 80.7477 -0.176575
69.9813 80.7477 -0.0862298
5.38318 91.514 -0.45244
16.1495 91.514 -0.685062
26.9159 91.514 -0.691349
37.6822 91.514 -0.745687
48.4486 91.514 -0.810588
59.215 91.514 -0.638268
69.9813 91.514 -0.301096
5.38318 102.28 -0.568424
16.1495 102.28 -0.913909
26.9159 102.28 -1.00014
37.6822 102.28 -1.01376
48.4486 102.28 -0.977814
59.215 102.28 -0.77737
69.9813 102.28 -0.348946
5.38318 113.047 -0.586723
16.1495 113.047 -0.937245
26.9159 113.047 -1.01403
37.6822 113.047 -1.0031
48.4486 113.047 -0.943578
59.215 113.047 -0.710807
69.9813 113.047 -0.300378
5.38318 123.813 -0.572025
16.1495 123.813 -0.885304
26.9159 123.813 -0.906207
37.6822 123.813 -0.747537
48.4486 123.813 -0.612777
59.215 123.813 -0.334326
69.9813 123.813 -0.0929467
5.38318 134.579 -0.534238
16.1495 134.579 -0.775006
26.9159 134.579 -0.574301
37.6822 134.579 -0.193253
48.4486 134.579 0.0965071
59.215 134.579 0.680641
69.9813 134.579 0.555655
5.38318 145.346 -0.434322
16.1495 145.346 -0.479816
26.9159 145.346 -0.0243887
37.6822 145.346 1.43529
48.4486 145.346 2.10519
59.215 145.346 2.338
69.9813 145.346 1.44419
5.38318 156.112 -0.288792
16.1495 156.112 -0.200496
26.9159 156.112 0.937457
37.6822 156.112 2.33779
48.4486 156.112 2.85554
59.215 156.112 2.91778
69.9813 156.112 1.77532
5.38318 166.879 -0.172536
16.1495 166.879 0.0375341
26.9159 166.879 1.45134
37.6822 166.879 2.42771
48.4486 166.879 2.58924
59.215 166.879 2.38798
69.9813 166.879 1.43861
5.38318 177.645 -0.126567
16.1495 177.645 0.208381
26.9159 177.645 1.53662
37.6822 177.645 2.02099
48.4486 177.645 1.78222
59.215 177.645 1.33112
69.9813 177.645 0.835389
5.38318 188.411 -0.135493
16.1495 188.411 0.354499
26.9159 188.411 1.86761
37.6822 188.411 2.32976
48.4486 188.411 2.05297
59.215 188.411 1.32381
69.9813 188.411 0.800787
5.38318 199.178 -0.235062
16.1495 199.178 0.144175
26.9159 199.178 1.73632
37.6822 199.178 2.53263
48.4486 199.178 2.46966
59.215 199.178 1.99863
69.9813 199.178 1.21912
5.38318 209.944 -0.211948
16.1495 209.944 0.0958043
26.9159 209.944 1.30735
37.6822 209.944 2.04676
48.4486 209.944 2.15778
59.215 209.944 1.8841
69.9813 209.944 1.18023
