37 26
0 6 72 40
0 0 72 72
0 0 72 82
0 0 72 144
0 0 72 216
5.38318 5.38318 0.795091
16.1495 5.38318 1.43927
26.9159 5.38318 1.82652
37.6822 5.38318 1.87367
48.4486 5.38318 1.6974
59.215 5.38318 1.22951
69.9813 5.38318 0.719025
5.38318 16.1495 1.38011
16.1495 16.1495 2.66564
26.9159 16.1495 3.5075
37.6822 16.1495 3.78765
48.4486 16.1495 3.54098
59.215 16.1495 2.58146
69.9813 16.1495 1.47458
5.38318 26.9159 1.67003
16.1495 26.9159 3.25638
26.9159 26.9159 4.4359
37.6822 26.9159 4.89782
48.4486 26.9159 4.63257
59.215 26.9159 3.48228
69.9813 26.9159 1.96512
5.38318 37.6822 1.53863
16.1495 37.6822 2.9808
26.9159 37.6822 4.19193
37.6822 37.6822 4.67867
48.4486 37.6822 4.49716
59.215 37.6822 3.39535
69.9813 37.6822 1.95483
5.38318 48.4486 1.25347
16.1495 48.4486 2.45507
26.9159 48.4486 3.4697
37.6822 48.4486 3.77745
48.4486 48.4486 3.53335
59.215 48.4486 2.6677
69.9813 48.4486 1.56761
5.38318 59.215 0.672576
16.1495 59.215 1.50633
26.9159 59.215 2.08949
37.6822 59.215 2.3132
48.4486 59.215 2.1375
59.215 59.215 1.79943
69.9813 59.215 1.17864
5.38318 69.9813 0.378482
16.1495 69.9813 0.927967
26.9159 69.9813 1.23352
37.6822 69.9813 1.43745
48.4486 69.9813 1.32578
59.215 69.9813 1.28624
69.9813 69.9813 0.903793
5.38318 80.7477 -0.157066
16.1495 80.7477 -0.177237
26.9159 80.7477 -0.153428
37.6822 80.7477 -0.135939
48.4486 80.7477 -0.201572
59.215 80.7477 -0.0442792
69.9813 80.7477 0.147391
5.38318 91.514 -0.491496
16.1495 91.514 -0.77614
26.9159 91.514 -0.846871
37.6822 91.514 -0.866267
48.4486 91.514 -0.875792
59.215 91.514 -0.642395
69.9813 91.514 -0.277082
5.38318 102.28 -0.579762
16.1495 102.28 -0.93494
26.9159 102.28 -1.02692
37.6822 102.28 -1.03538
48.4486 102.28 -0.988154
59.215 102.28 -0.786862
69.9813 102.28 -0.345335
5.38318 113.047 -0.588575
16.1495 113.047 -0.94282
26.9159 113.047 -1.03127
37.6822 113.047 -1.03347
48.4486 113.047 -0.980506
59.215 113.047 -0.774936
69.9813 113.047 -0.336737
5.38318 123.813 -0.580711
16.1495 123.813 -0.930341
26.9159 123.813 -1.01025
37.6822 123.813 -1.01212
48.4486 123.813 -0.958964
59.215 123.813 -0.756416
69.9813 123.813 -0.325739
5.38318 134.579 -0.567722
16.1495 134.579 -0.906801
26.9159 134.579 -0.976871
37.6822 134.579 -0.979086
48.4486 134.579 -0.928491
59.215 134.579 -0.715021
69.9813 134.579 -0.302326
5.38318 145.346 -0.53058
16.1495 145.346 -0.843313
26.9159 145.346 -0.878076
37.6822 145.346 -0.891275
48.4486 145.346 -0.841767
59.215 145.346 -0.6341
69.9813 145.346 -0.259672
5.38318 156.112 -0.367616
16.1495 156.112 -0.508315
26.9159 156.112 -0.34281
37.6822 156.112 -0.349432
48.4486 156.112 -0.34018
59.215 156.112 -0.339487
69.9813 156.112 -0.114473
5.38318 166.879 -0.106184
16.1495 166.879 0.0655939
26.9159 166.879 1.04531
37.6822 166.879 1.0637
48.4486 166.879 0.956198
59.215 166.879 0.214244
69.9813 166.879 0.249675
5.38318 177.645 0.462627
16.1495 177.645 1.62903
26.9159 177.645 3.26738
37.6822 177.645 3.48379
48.4486 177.645 3.1233
59.215 177.645 1.56653
69.9813 177.645 0.844225
5.38318 188.411 0.653329
16.1495 188.411 2.13012
26.9159 188.411 4.19447
37.6822 188.411 4.5944
48.4486 188.411 4.03314
59.215 188.411 2.10161
69.9813 188.411 1.07029
5.38318 199.178 0.42929
16.1495 199.178 1.83977
26.9159 199.178 3.85792
37.6822 199.178 4.3451
48.4486 199.178 3.60607
59.215 199.178 1.84224
69.9813 199.178 0.859646
5.38318 209.944 0.0187231
16.1495 209.944 0.686223
26.9159 209.944 1.88166
37.6822 209.944 2.05943
48.4486 209.944 1.60074
59.215 209.944 0.645997
69.9813 209.944 0.290565
