37 26
0 6 72 40
0 0 72 72
0 0 72 82
0 0 72 144
0 0 72 216
5.38318 5.38318 0.416732
16.1495 5.38318 1.05661
26.9159 5.38318 2.07989
37.6822 5.38318 2.23076
48.4486 5.38318 1.67931
59.215 5.38318 0.831275
69.9813 5.38318 0.28112
5.38318 16.1495 0.644791
16.1495 16.1495 2.04785
26.9159 16.1495 4.1149
37.6822 16.1495 4.56055
48.4486 16.1495 3.47466
59.215 16.1495 1.85229
69.9813 16.1495 0.694647
5.38318 26.9159 0.563348
16.1495 26.9159 2.32893
26.9159 26.9159 4.99172
37.6822 26.9159 5.73537
48.4486 26.9159 4.30182
59.215 26.9159 2.15805
69.9813 26.9159 0.672213
5.38318 37.6822 0.637789
16.1495 37.6822 2.23576
26.9159 37.6822 4.31862
37.6822 37.6822 4.80303
48.4486 37.6822 3.61822
59.215 37.6822 1.92081
69.9813 37.6822 0.711916
5.38318 48.4486 0.72465
16.1495 48.4486 1.88999
26.9159 48.4486 3.01767
37.6822 48.4486 3.19693
48.4486 48.4486 2.55161
59.215 48.4486 1.54358
69.9813 48.4486 0.76504
5.38318 59.215 0.669463
16.1495 59.215 1.69614
26.9159 59.215 2.4309
37.6822 59.215 2.57358
48.4486 59.215 2.07817
59.215 59.215 1.33519
69.9813 59.215 0.717123
5.38318 69.9813 0.237466
16.1495 69.9813 0.801884
26.9159 69.9813 1.32441
37.6822 69.9813 1.39626
48.4486 69.9813 0.961401
59.215 69.9813 0.511153
69.9813 69.9813 0.316556
5.38318 80.7477 -0.254084
16.1495 80.7477 -0.296855
26.9159 80.7477 -0.200859
37.6822 80.7477 -0.224317
48.4486 80.7477 -0.366005
59.215 80.7477 -0.368387
69.9813 80.7477 -0.17376
5.38318 91.514 -0.497464
16.1495 91.514 -0.780117
26.9159 91.514 -0.819193
37.6822 91.514 -0.876462
48.4486 91.514 -0.90026
59.215 91.514 -0.730097
69.9813 91.514 -0.331844
5.38318 102.28 -0.56999
16.1495 102.28 -0.916271
26.9159 102.28 -1.00819
37.6822 102.28 -1.02261
48.4486 102.28 -0.985046
59.215 102.28 -0.785775
69.9813 102.28 -0.353495
5.38318 113.047 -0.585639
16.1495 113.047 -0.937022
26.9159 113.047 -1.01711
37.6822 113.047 -1.01239
48.4486 113.047 -0.956499
59.215 113.047 -0.745623
69.9813 113.047 -0.319772
5.38318 123.813 -0.573835
16.1495 123.813 -0.906628
26.9159 123.813 -0.957837
37.6822 123.813 -0.92923
48.4486 123.813 -0.85403
59.215 123.813 -0.610273
69.9813 123.813 -0.241308
5.38318 134.579 -0.535301
16.1495 134.579 -0.824809
26.9159 134.579 -0.736519
37.6822 134.579 -0.627376
48.4486 134.579 -0.546369
59.215 134.579 -0.351306
69.9813 134.579 -0.109541
5.38318 145.346 -0.432943
16.1495 145.346 -0.529938
26.9159 145.346 -0.117233
37.6822 145.346 0.458175
48.4486 145.346 0.771543
59.215 145.346 0.777207
69.9813 145.346 0.615379
5.38318 156.112 -0.249602
16.1495 156.112 -0.0695262
26.9159 156.112 1.49258
37.6822 156.112 2.53049
48.4486 156.112 2.75275
59.215 156.112 2.19739
69.9813 156.112 1.30751
5.38318 166.879 -0.0943205
16.1495 166.879 0.856589
26.9159 166.879 3.04708
37.6822 166.879 4.65142
48.4486 166.879 4.99536
59.215 166.879 3.76619
69.9813 166.879 2.04478
5.38318 177.645 0.0564705
16.1495 177.645 1.21003
26.9159 177.645 3.41712
37.6822 177.645 5.20863
48.4486 177.645 5.54271
59.215 177.645 4.10606
69.9813 177.645 2.16228
5.38318 188.411 0.099462
16.1495 188.411 1.0879
26.9159 188.411 2.9492
37.6822 188.411 4.3582
48.4486 188.411 4.61761
59.215 188.411 3.53433
69.9813 188.411 1.91593
5.38318 199.178 0.226034
16.1495 199.178 0.734901
26.9159 199.178 1.77011
37.6822 199.178 2.14028
48.4486 199.178 2.37748
59.215 199.178 2.10409
69.9813 199.178 1.39349
5.38318 209.944 0.277437
16.1495 209.944 0.685866
26.9159 209.944 1.25523
37.6822 209.944 1.33533
48.4486 209.944 1.61412
59.215 209.944 1.57067
69.9813 209.944 1.15914
