37 177
0 157 72 40
0 141 72 72
0 134 72 82
0 72 72 144
0 0 72 216
5.38318 5.38318 0.535585
16.1495 5.38318 0.985389
26.9159 5.38318 1.33523
37.6822 5.38318 1.47661
48.4486 5.38318 1.33969
59.215 5.38318 0.985458
69.9813 5.38318 0.56911
5.38318 16.1495 0.909794
16.1495 16.1495 1.94153
26.9159 16.1495 2.83823
37.6822 16.1495 3.13762
48.4486 16.1495 2.82012
59.215 16.1495 1.95132
69.9813 16.1495 1.13313
5.38318 26.9159 1.05946
16.1495 26.9159 2.45757
26.9159 26.9159 3.91967
37.6822 26.9159 4.37241
48.4486 26.9159 3.88229
59.215 26.9159 2.53569
69.9813 26.9159 1.38839
5.38318 37.6822 1.07643
16.1495 37.6822 2.5405
26.9159 37.6822 4.1794
37.6822 37.6822 4.60586
48.4486 37.6822 3.98153
59.215 37.6822 2.47174
69.9813 37.6822 1.30686
5.38318 48.4486 1.01589
16.1495 48.4486 2.24523
26.9159 48.4486 3.54424
37.6822 48.4486 3.7403
48.4486 48.4486 3.09201
59.215 48.4486 1.95368
69.9813 48.4486 1.02522
5.38318 59.215 0.96181
16.1495 59.215 1.78451
26.9159 59.215 2.09919
37.6822 59.215 2.04083
48.4486 59.215 1.60842
59.215 59.215 1.36003
69.9813 59.215 0.932377
5.38318 69.9813 0.678258
16.1495 69.9813 1.16855
26.9159 69.9813 1.14263
37.6822 69.9813 0.895062
48.4486 69.9813 0.513359
59.215 69.9813 0.735921
69.9813 69.9813 0.649586
5.38318 80.7477 0.0181444
16.1495 80.7477 0.0429641
26.9159 80.7477 -0.0259504
37.6822 80.7477 -0.111804
48.4486 80.7477 -0.217958
59.215 80.7477 -0.0107177
69.9813 80.7477 0.196526
5.38318 91.514 -0.479402
16.1495 91.514 -0.781642
26.9159 91.514 -0.818997
37.6822 91.514 -0.828132
48.4486 91.514 -0.841075
59.215 91.514 -0.584043
69.9813 91.514 -0.266682
5.38318 102.28 -0.564997
16.1495 102.28 -0.904826
26.9159 102.28 -0.976099
37.6822 102.28 -0.971324
48.4486 102.28 -0.924184
59.215 102.28 -0.698224
69.9813 102.28 -0.302436
5.38318 113.047 -0.583521
16.1495 113.047 -0.929921
26.9159 113.047 -1.00238
37.6822 113.047 -0.991074
48.4486 113.047 -0.933865
59.215 113.047 -0.713084
69.9813 113.047 -0.303252
5.38318 123.813 -0.557872
16.1495 123.813 -0.862071
26.9159 123.813 -0.846512
37.6822 123.813 -0.747496
48.4486 123.813 -0.651275
59.215 123.813 -0.460432
69.9813 123.813 -0.164351
5.38318 134.579 -0.461377
16.1495 134.579 -0.618686
26.9159 134.579 -0.40788
37.6822 134.579 -0.197096
48.4486 134.579 -0.0874928
59.215 134.579 -0.00422094
69.9813 134.579 0.239713
5.38318 145.346 -0.201075
16.1495 145.346 -0.0923848
26.9159 145.346 0.860225
37.6822 145.346 1.57668
48.4486 145.346 1.81683
59.215 145.346 1.52033
69.9813 145.346 1.05737
5.38318 156.112 0.297185
16.1495 156.112 1.05281
26.9159 156.112 2.34992
37.6822 156.112 3.07802
48.4486 156.112 3.24425
59.215 156.112 2.67689
69.9813 156.112 1.67528
5.38318 166.879 0.799922
16.1495 166.879 1.9697
26.9159 166.879 3.39319
37.6822 166.879 4.20971
48.4486 166.879 4.2658
59.215 166.879 3.4218
69.9813 166.879 2.03406
5.38318 177.645 1.05923
16.1495 177.645 2.30446
26.9159 177.645 3.73672
37.6822 177.645 4.60976
48.4486 177.645 4.59314
59.215 177.645 3.71954
69.9813 177.645 2.13962
5.38318 188.411 0.995578
16.1495 188.411 2.02944
26.9159 188.411 3.27295
37.6822 188.411 4.16746
48.4486 188.411 4.13149
59.215 188.411 3.32217
69.9813 188.411 1.8436
5.38318 199.178 0.705935
16.1495 199.178 1.33915
26.9159 199.178 1.9757
37.6822 199.178 2.38287
48.4486 199.178 2.26552
59.215 199.178 1.96342
69.9813 199.178 1.13737
5.38318 209.944 0.434538
16.1495 209.944 0.776341
26.9159 209.944 1.04338
37.6822 209.944 1.0769
48.4486 209.944 1.03432
59.215 209.944 1.04852
69.9813 209.944 0.752889
