37 26
0 6 72 40
0 0 72 72
0 0 72 82
0 0 72 144
0 0 72 216
5.38318 5.38318 0.607399
16.1495 5.38318 1.11358
26.9159 5.38318 1.84602
37.6822 5.38318 1.93327
48.4486 5.38318 1.68946
59.215 5.38318 1.11792
69.9813 5.38318 0.568542
5.38318 16.1495 0.927619
16.1495 16.1495 2.25142
26.9159 16.1495 3.77994
37.6822 16.1495 3.9745
48.4486 16.1495 3.41225
59.215 16.1495 2.09094
69.9813 16.1495 1.06932
5.38318 26.9159 0.856014
16.1495 26.9159 2.6711
26.9159 26.9159 5.05262
37.6822 26.9159 5.53652
48.4486 26.9159 4.65377
59.215 26.9159 2.64886
69.9813 26.9159 1.26742
5.38318 37.6822 0.629894
16.1495 37.6822 2.35107
26.9159 37.6822 4.79143
37.6822 37.6822 5.31014
48.4486 37.6822 4.34675
59.215 37.6822 2.23086
69.9813 37.6822 0.929007
5.38318 48.4486 0.063386
16.1495 48.4486 1.07871
26.9159 48.4486 3.08619
37.6822 48.4486 3.42563
48.4486 48.4486 2.74455
59.215 48.4486 1.1528
69.9813 48.4486 0.481354
5.38318 59.215 -0.0885526
16.1495 59.215 -0.0409261
26.9159 59.215 0.815337
37.6822 59.215 0.863266
48.4486 59.215 0.598887
59.215 59.215 0.228779
69.9813 59.215 0.305649
5.38318 69.9813 -0.108469
16.1495 69.9813 -0.186116
26.9159 69.9813 -0.0302796
37.6822 69.9813 -0.06327
48.4486 69.9813 -0.025115
59.215 69.9813 0.224583
69.9813 69.9813 0.484476
5.38318 80.7477 -0.0631014
16.1495 80.7477 -0.123265
26.9159 80.7477 -0.0252761
37.6822 80.7477 -0.112674
48.4486 80.7477 -0.000785004
59.215 80.7477 0.396784
69.9813 80.7477 0.618229
5.38318 91.514 -0.109416
16.1495 91.514 -0.163864
26.9159 91.514 -0.060243
37.6822 91.514 -0.114696
48.4486 91.514 -0.0353603
59.215 91.514 0.220872
69.9813 91.514 0.43488
5.38318 102.28 -0.162065
16.1495 102.28 -0.20485
26.9159 102.28 -0.121183
37.6822 102.28 -0.127024
48.4486 102.28 -0.134276
59.215 102.28 -0.0722935
69.9813 102.28 0.107262
5.38318 113.047 -0.29335
16.1495 113.047 -0.43921
26.9159 113.047 -0.425626
37.6822 113.047 -0.413763
48.4486 113.047 -0.401516
59.215 113.047 -0.316526
69.9813 113.047 -0.138244
5.38318 123.813 -0.282059
16.1495 123.813 -0.423154
26.9159 123.813 -0.397179
37.6822 123.813 -0.390749
48.4486 123.813 -0.38493
59.215 123.813 -0.300245
69.9813 123.813 -0.131853
5.38318 134.579 -0.231286
16.1495 134.579 -0.349976
26.9159 134.579 -0.309675
37.6822 134.579 -0.306376
48.4486 134.579 -0.295285
59.215 134.579 -0.205194
69.9813 134.579 -0.0721401
5.38318 145.346 -0.131773
16.1495 145.346 -0.193174
26.9159 145.346 -0.108462
37.6822 145.346 -0.105301
48.4486 145.346 -0.0969054
59.215 145.346 -0.00991185
69.9813 145.346 0.128776
5.38318 156.112 -0.021403
16.1495 156.112 -0.0663848
26.9159 156.112 0.110097
37.6822 156.112 0.105617
48.4486 156.112 0.219831
59.215 156.112 0.470738
69.9813 156.112 0.439467
5.38318 166.879 0.31546
16.1495 166.879 0.504969
26.9159 166.879 0.848209
37.6822 166.879 0.745995
48.4486 166.879 0.800047
59.215 166.879 0.899725
69.9813 166.879 0.711664
5.38318 177.645 0.524615
16.1495 177.645 0.848898
26.9159 177.645 1.22184
37.6822 177.645 1.02277
48.4486 177.645 0.985564
59.215 177.645 1.00655
69.9813 177.645 0.768812
5.38318 188.411 0.61755
16.1495 188.411 1.0499
26.9159 188.411 1.45933
37.6822 188.411 1.21773
48.4486 188.411 1.00334
59.215 188.411 0.800267
69.9813 188.411 0.593872
5.38318 199.178 0.307333
16.1495 199.178 0.541909
26.9159 199.178 0.872885
37.6822 199.178 0.743499
48.4486 199.178 0.623437
59.215 199.178 0.467659
69.9813 199.178 0.423883
5.38318 209.944 0.216259
16.1495 209.944 0.423536
26.9159 209.944 0.684861
37.6822 209.944 0.587668
48.4486 209.944 0.484262
59.215 209.944 0.318035
69.9813 209.944 0.321893
