37 188
0 168 72 40
0 144 72 72
0 134 72 82
0 72 72 144
0 0 72 216
5.38318 5.38318 0.295921
16.1495 5.38318 0.383892
26.9159 5.38318 0.437127
37.6822 5.38318 0.372527
48.4486 5.38318 0.425566
59.215 5.38318 0.426701
69.9813 5.38318 0.345621
5.38318 16.1495 0.576282
16.1495 16.1495 0.981869
26.9159 16.1495 1.4339
37.6822 16.1495 1.37217
48.4486 16.1495 1.48544
59.215 16.1495 1.24553
69.9813 16.1495 0.918992
5.38318 26.9159 0.513297
16.1495 26.9159 1.09327
26.9159 26.9159 1.97042
37.6822 26.9159 2.03048
48.4486 26.9159 2.18219
59.215 26.9159 1.63588
69.9813 26.9159 1.16556
5.38318 37.6822 0.771812
16.1495 37.6822 1.90786
26.9159 37.6822 3.43716
37.6822 37.6822 3.65022
48.4486 37.6822 3.62318
59.215 37.6822 2.48108
69.9813 37.6822 1.51245
5.38318 48.4486 0.657262
16.1495 48.4486 2.07447
26.9159 48.4486 3.80363
37.6822 48.4486 4.20714
48.4486 48.4486 3.99735
59.215 48.4486 2.55075
69.9813 48.4486 1.46101
5.38318 59.215 0.0787005
16.1495 59.215 1.00274
26.9159 59.215 2.62413
37.6822 59.215 2.84351
48.4486 59.215 2.62603
59.215 59.215 1.31088
69.9813 59.215 0.756283
5.38318 69.9813 -0.309725
16.1495 69.9813 -0.35936
26.9159 69.9813 -0.0801553
37.6822 69.9813 -0.110863
48.4486 69.9813 -0.205785
59.215 69.9813 -0.356781
69.9813 69.9813 -0.141801
5.38318 80.7477 -0.510681
16.1495 80.7477 -0.803271
26.9159 80.7477 -0.815553
37.6822 80.7477 -0.872856
48.4486 80.7477 -0.842318
59.215 80.7477 -0.71313
69.9813 80.7477 -0.297607
5.38318 91.514 -0.574271
16.1495 91.514 -0.927165
26.9159 91.514 -1.0432
37.6822 91.514 -1.07661
48.4486 91.514 -1.0349
59.215 91.514 -0.828526
69.9813 91.514 -0.359305
5.38318 102.28 -0.587267
16.1495 102.28 -0.940575
26.9159 102.28 -1.03762
37.6822 102.28 -1.05245
48.4486 102.28 -1.00715
59.215 102.28 -0.798919
69.9813 102.28 -0.349817
5.38318 113.047 -0.58027
16.1495 113.047 -0.926353
26.9159 113.047 -1.00203
37.6822 113.047 -1.00277
48.4486 113.047 -0.952425
59.215 113.047 -0.75279
69.9813 113.047 -0.325983
5.38318 123.813 -0.547503
16.1495 123.813 -0.853057
26.9159 123.813 -0.869717
37.6822 123.813 -0.851689
48.4486 123.813 -0.81278
59.215 123.813 -0.626184
69.9813 123.813 -0.265296
5.38318 134.579 -0.432595
16.1495 134.579 -0.602528
26.9159 134.579 -0.462874
37.6822 134.579 -0.43372
48.4486 134.579 -0.445484
59.215 134.579 -0.373132
69.9813 134.579 -0.143727
5.38318 145.346 -0.116937
16.1495 145.346 0.026621
26.9159 145.346 0.787274
37.6822 145.346 0.948335
48.4486 145.346 0.720059
59.215 145.346 0.38991
69.9813 145.346 0.281208
5.38318 156.112 0.531195
16.1495 156.112 1.45419
26.9159 156.112 2.44676
37.6822 156.112 2.68827
48.4486 156.112 2.31011
59.215 156.112 1.55183
69.9813 156.112 0.829906
5.38318 166.879 1.27367
16.1495 166.879 2.7956
26.9159 166.879 4.05558
37.6822 166.879 4.37848
48.4486 166.879 3.62346
59.215 166.879 2.50726
69.9813 166.879 1.29648
5.38318 177.645 1.49446
16.1495 177.645 3.40386
26.9159 177.645 5.08472
37.6822 177.645 5.48556
48.4486 177.645 4.52892
59.215 177.645 3.02745
69.9813 177.645 1.59368
5.38318 188.411 1.42396
16.1495 188.411 3.46823
26.9159 188.411 5.36809
37.6822 188.411 5.84632
48.4486 188.411 4.63088
59.215 188.411 2.92885
69.9813 188.411 1.46772
5.38318 199.178 0.841319
16.1495 199.178 2.18767
26.9159 199.178 3.50876
37.6822 199.178 3.79818
48.4486 199.178 3.08366
59.215 199.178 2.08384
69.9813 199.178 1.19348
5.38318 209.944 0.417999
16.1495 209.944 1.07113
26.9159 209.944 1.52006
37.6822 209.944 1.67666
48.4486 209.944 1.42155
59.215 209.944 1.20591
69.9813 209.944 0.803069
