37 188
0 168 72 40
0 144 72 72
0 134 72 82
0 72 72 144
0 0 72 216
5.38318 5.38318 0.506358
16.1495 5.38318 0.756173
26.9159 5.38318 0.960419
37.6822 5.38318 1.01616
48.4486 5.38318 1.12581
59.215 5.38318 0.935116
69.9813 5.38318 0.621443
5.38318 16.1495 0.927058
16.1495 16.1495 1.59456
26.9159 16.1495 2.12586
37.6822 16.1495 2.28708
48.4486 16.1495 2.4504
59.215 16.1495 1.98736
69.9813 16.1495 1.28069
5.38318 26.9159 0.984901
16.1495 26.9159 1.76889
26.9159 26.9159 2.59186
37.6822 26.9159 2.88175
48.4486 26.9159 3.08188
59.215 26.9159 2.4241
69.9813 26.9159 1.53283
5.38318 37.6822 1.17164
16.1495 37.6822 2.10487
26.9159 37.6822 3.08963
37.6822 37.6822 3.42588
48.4486 37.6822 3.50041
59.215 37.6822 2.64743
69.9813 37.6822 1.5993
5.38318 48.4486 1.21502
16.1495 48.4486 2.15215
26.9159 48.4486 2.99374
37.6822 48.4486 3.26409
48.4486 48.4486 3.21731
59.215 48.4486 2.51136
69.9813 48.4486 1.51511
5.38318 59.215 1.22766
16.1495 59.215 1.89621
26.9159 59.215 2.25207
37.6822 59.215 2.25754
48.4486 59.215 2.31698
59.215 59.215 2.09026
69.9813 59.215 1.40885
5.38318 69.9813 0.683144
16.1495 69.9813 0.840004
26.9159 69.9813 0.789859
37.6822 69.9813 0.638719
48.4486 69.9813 0.83593
59.215 69.9813 1.25656
69.9813 69.9813 1.04591
5.38318 80.7477 -0.0927125
16.1495 80.7477 -0.249708
26.9159 80.7477 -0.346335
37.6822 80.7477 -0.431407
48.4486 80.7477 -0.363739
59.215 80.7477 -0.0548828
69.9813 80.7477 0.283059
5.38318 91.514 -0.459634
16.1495 91.514 -0.803591
26.9159 91.514 -0.896549
37.6822 91.514 -0.954935
48.4486 91.514 -0.871527
59.215 91.514 -0.55171
69.9813 91.514 -0.190664
5.38318 102.28 -0.575425
16.1495 102.28 -0.93873
26.9159 102.28 -1.02957
37.6822 102.28 -1.04411
48.4486 102.28 -0.98821
59.215 102.28 -0.764793
69.9813 102.28 -0.330486
5.38318 113.047 -0.580388
16.1495 113.047 -0.925926
26.9159 113.047 -1.00191
37.6822 113.047 -1.00244
48.4486 113.047 -0.953682
59.215 113.047 -0.754636
69.9813 113.047 -0.326892
5.38318 123.813 -0.529178
16.1495 123.813 -0.809698
26.9159 123.813 -0.774912
37.6822 123.813 -0.744393
48.4486 123.813 -0.721639
59.215 123.813 -0.563638
69.9813 123.813 -0.231951
5.38318 134.579 -0.365325
16.1495 134.579 -0.464778
26.9159 134.579 -0.315377
37.6822 134.579 -0.248082
48.4486 134.579 -0.279792
59.215 134.579 -0.247602
69.9813 134.579 -0.0652215
5.38318 145.346 -0.06127
16.1495 145.346 0.324575
26.9159 145.346 0.990398
37.6822 145.346 1.33484
48.4486 145.346 1.0978
59.215 145.346 0.742882
69.9813 145.346 0.523623
5.38318 156.112 0.525906
16.1495 156.112 1.34155
26.9159 156.112 2.12496
37.6822 156.112 2.40257
48.4486 156.112 2.16438
59.215 156.112 1.65766
69.9813 156.112 0.989704
5.38318 166.879 1.06784
16.1495 166.879 2.16982
26.9159 166.879 3.00845
37.6822 166.879 3.22196
48.4486 166.879 2.93147
59.215 166.879 2.22885
69.9813 166.879 1.34655
5.38318 177.645 1.27477
16.1495 177.645 2.57744
26.9159 177.645 3.81397
37.6822 177.645 3.92232
48.4486 177.645 3.53479
59.215 177.645 2.40373
69.9813 177.645 1.40672
5.38318 188.411 1.19474
16.1495 188.411 2.75329
26.9159 188.411 4.52935
37.6822 188.411 4.89968
48.4486 188.411 4.36207
59.215 188.411 2.73177
69.9813 188.411 1.50063
5.38318 199.178 0.897499
16.1495 199.178 2.31998
26.9159 199.178 4.15057
37.6822 199.178 4.60493
48.4486 199.178 3.91019
59.215 199.178 2.23876
69.9813 199.178 1.11656
5.38318 209.944 0.480439
16.1495 209.944 1.22997
26.9159 209.944 2.25697
37.6822 209.944 2.4774
48.4486 209.944 2.08673
59.215 209.944 1.20343
69.9813 209.944 0.626857
