37 166
0 146 72 40
0 130 72 72
0 125 72 82
0 72 72 144
0 0 72 216
5.38318 5.38318 0.315607
16.1495 5.38318 0.536957
26.9159 5.38318 0.726508
37.6822 5.38318 1.05999
48.4486 5.38318 1.45209
59.215 5.38318 1.57887
69.9813 5.38318 1.12415
5.38318 16.1495 0.464603
16.1495 16.1495 0.858169
26.9159 16.1495 1.24761
37.6822 16.1495 1.77505
48.4486 16.1495 2.58064
59.215 16.1495 2.93815
69.9813 16.1495 2.20151
5.38318 26.9159 0.25748
16.1495 26.9159 0.670877
26.9159 26.9159 1.24767
37.6822 26.9159 1.95715
48.4486 26.9159 3.12299
59.215 26.9159 3.64043
69.9813 26.9159 2.78017
5.38318 37.6822 0.200016
16.1495 37.6822 0.547244
26.9159 37.6822 1.06564
37.6822 37.6822 1.68647
48.4486 37.6822 2.7458
59.215 37.6822 3.14505
69.9813 37.6822 2.41995
5.38318 48.4486 0.235953
16.1495 48.4486 0.586072
26.9159 48.4486 0.963725
37.6822 48.4486 1.58866
48.4486 48.4486 2.46536
59.215 48.4486 2.75892
69.9813 48.4486 2.08366
5.38318 59.215 0.372695
16.1495 59.215 0.70991
26.9159 59.215 0.796683
37.6822 59.215 1.21398
48.4486 59.215 1.69177
59.215 59.215 1.96006
69.9813 59.215 1.47629
5.38318 69.9813 -0.00701753
16.1495 69.9813 -0.0227039
26.9159 69.9813 -0.0265623
37.6822 69.9813 0.389566
48.4486 69.9813 0.706082
59.215 69.9813 1.15861
69.9813 69.9813 0.949683
5.38318 80.7477 -0.258832
16.1495 80.7477 -0.432413
26.9159 80.7477 -0.451654
37.6822 80.7477 -0.320829
48.4486 80.7477 -0.232102
59.215 80.7477 0.180405
69.9813 80.7477 0.355002
5.38318 91.514 -0.522069
16.1495 91.514 -0.849228
26.9159 91.514 -0.906348
37.6822 91.514 -0.842242
48.4486 91.514 -0.744392
59.215 91.514 -0.443159
69.9813 91.514 -0.155124
5.38318 102.28 -0.569709
16.1495 102.28 -0.918175
26.9159 102.28 -0.995805
37.6822 102.28 -0.989027
48.4486 102.28 -0.933534
59.215 102.28 -0.69196
69.9813 102.28 -0.295019
5.38318 113.047 -0.585718
16.1495 113.047 -0.934279
26.9159 113.047 -1.00713
37.6822 113.047 -0.989372
48.4486 113.047 -0.924901
59.215 113.047 -0.683253
69.9813 113.047 -0.284316
5.38318 123.813 -0.574217
16.1495 123.813 -0.890639
26.9159 123.813 -0.914334
37.6822 123.813 -0.751739
48.4486 123.813 -0.617629
59.215 123.813 -0.341907
69.9813 123.813 -0.101225
5.38318 134.579 -0.528796
16.1495 134.579 -0.755557
26.9159 134.579 -0.525797
37.6822 134.579 -0.136197
48.4486 134.579 0.19923
59.215 134.579 0.700698
69.9813 134.579 0.531866
5.38318 145.346 -0.380379
16.1495 145.346 -0.362959
26.9159 145.346 0.479396
37.6822 145.346 1.81513
48.4486 145.346 2.32106
59.215 145.346 2.35956
69.9813 145.346 1.40604
5.38318 156.112 -0.160245
16.1495 156.112 0.2988
26.9159 156.112 2.05505
37.6822 156.112 3.22613
48.4486 156.112 3.48787
59.215 156.112 3.07458
69.9813 156.112 1.77327
5.38318 166.879 0.0631818
16.1495 166.879 1.08048
26.9159 166.879 3.08329
37.6822 166.879 4.03301
48.4486 166.879 3.76964
59.215 166.879 2.81351
69.9813 166.879 1.53006
5.38318 177.645 0.127265
16.1495 177.645 1.26
26.9159 177.645 3.25668
37.6822 177.645 3.85143
48.4486 177.645 3.14142
59.215 177.645 1.96324
69.9813 177.645 0.980898
5.38318 188.411 -0.000795671
16.1495 188.411 1.04101
26.9159 188.411 3.0395
37.6822 188.411 3.67419
48.4486 188.411 3.07392
59.215 188.411 1.91984
69.9813 188.411 0.957158
5.38318 199.178 -0.198129
16.1495 199.178 0.481787
26.9159 199.178 2.40744
37.6822 199.178 3.40179
48.4486 199.178 3.2595
59.215 199.178 2.49255
69.9813 199.178 1.43766
5.38318 209.944 -0.20222
16.1495 209.944 0.223427
26.9159 209.944 1.60873
37.6822 209.944 2.57437
48.4486 209.944 2.78768
59.215 209.944 2.38879
69.9813 209.944 1.45163
