16 177
0 157 72 40
0 141 72 72
0 134 72 82
0 72 72 144
0 0 72 216
5.38318 5.38318 0.482194
16.1495 5.38318 0.728872
26.9159 5.38318 0.970997
37.6822 5.38318 0.918753
48.4486 5.38318 1.0037
59.215 5.38318 0.828775
69.9813 5.38318 0.585715
5.38318 16.1495 0.911666
16.1495 16.1495 1.68017
26.9159 16.1495 2.32023
37.6822 16.1495 2.24974
48.4486 16.1495 2.31445
59.215 16.1495 1.84906
69.9813 16.1495 1.25658
5.38318 26.9159 0.929702
16.1495 26.9159 1.977
26.9159 26.9159 3.19303
37.6822 26.9159 3.23991
48.4486 26.9159 3.33977
59.215 26.9159 2.45544
69.9813 26.9159 1.63565
5.38318 37.6822 1.13576
16.1495 37.6822 2.45171
26.9159 37.6822 4.06908
37.6822 37.6822 4.32208
48.4486 37.6822 4.31272
59.215 37.6822 3.01301
69.9813 37.6822 1.86789
5.38318 48.4486 1.03185
16.1495 48.4486 2.23942
26.9159 48.4486 3.88814
37.6822 48.4486 4.23485
48.4486 48.4486 4.17989
59.215 48.4486 2.86727
69.9813 48.4486 1.72457
5.38318 59.215 0.541046
16.1495 59.215 1.10471
26.9159 59.215 2.26219
37.6822 59.215 2.40809
48.4486 59.215 2.37817
59.215 59.215 1.77616
69.9813 59.215 1.10611
5.38318 69.9813 -0.0031371
16.1495 69.9813 -0.028629
26.9159 69.9813 0.283505
37.6822 69.9813 0.137837
48.4486 69.9813 0.0570171
59.215 69.9813 0.191284
69.9813 69.9813 0.212089
5.38318 80.7477 -0.185009
16.1495 80.7477 -0.312616
26.9159 80.7477 -0.316769
37.6822 80.7477 -0.359789
48.4486 80.7477 -0.345009
59.215 80.7477 -0.215447
69.9813 80.7477 -0.0780345
5.38318 91.514 -0.276619
16.1495 91.514 -0.430565
26.9159 91.514 -0.466239
37.6822 91.514 -0.499085
48.4486 91.514 -0.484584
59.215 91.514 -0.382826
69.9813 91.514 -0.168125
5.38318 102.28 -0.297255
16.1495 102.28 -0.453164
26.9159 102.28 -0.452665
37.6822 102.28 -0.442405
48.4486 102.28 -0.406423
59.215 102.28 -0.324619
69.9813 102.28 -0.135803
5.38318 113.047 -0.297978
16.1495 113.047 -0.449534
26.9159 113.047 -0.44468
37.6822 113.047 -0.426629
48.4486 113.047 -0.407077
59.215 113.047 -0.322294
69.9813 113.047 -0.144937
5.38318 123.813 -0.276426
16.1495 123.813 -0.40738
26.9159 123.813 -0.332857
37.6822 123.813 -0.289143
48.4486 123.813 -0.263971
59.215 123.813 -0.206876
69.9813 123.813 -0.0833789
5.38318 134.579 -0.139364
16.1495 134.579 -0.188405
26.9159 134.579 -0.0476494
37.6822 134.579 0.0159521
48.4486 134.579 0.0757563
59.215 134.579 0.10912
69.9813 134.579 0.164657
5.38318 145.346 0.425121
16.1495 145.346 0.727228
26.9159 145.346 1.14008
37.6822 145.346 1.16032
48.4486 145.346 1.19458
59.215 145.346 0.966578
69.9813 145.346 0.681232
5.38318 156.112 1.62103
16.1495 156.112 2.48111
26.9159 156.112 2.69787
37.6822 156.112 2.2606
48.4486 156.112 2.04265
59.215 156.112 1.64782
69.9813 156.112 1.12118
5.38318 166.879 3.03724
16.1495 166.879 4.58517
26.9159 166.879 4.5856
37.6822 166.879 3.29008
48.4486 166.879 2.51306
59.215 166.879 1.80779
69.9813 166.879 1.25846
5.38318 177.645 3.6362
16.1495 177.645 5.57089
26.9159 177.645 5.54804
37.6822 177.645 3.6779
48.4486 177.645 2.36946
59.215 177.645 1.47363
69.9813 177.645 1.03096
5.38318 188.411 3.18504
16.1495 188.411 4.7483
26.9159 188.411 4.82363
37.6822 188.411 3.18259
48.4486 188.411 1.90428
59.215 188.411 0.847785
69.9813 188.411 0.554858
5.38318 199.178 1.45392
16.1495 199.178 2.15281
26.9159 199.178 2.53897
37.6822 199.178 1.75644
48.4486 199.178 1.10965
59.215 199.178 0.420093
69.9813 199.178 0.29975
5.38318 209.944 0.599837
16.1495 209.944 0.853286
26.9159 209.944 1.18823
37.6822 209.944 0.792528
48.4486 209.944 0.588133
59.215 209.944 0.179372
69.9813 209.944 0.117087
