37 156
0 136 72 40
0 120 72 72
0 115 72 82
0 72 72 144
0 0 72 216
5.38318 5.38318 0.185574
16.1495 5.38318 0.666251
26.9159 5.38318 1.56522
37.6822 5.38318 1.71288
48.4486 5.38318 1.18906
59.215 5.38318 0.464598
69.9813 5.38318 0.111026
5.38318 16.1495 0.156535
16.1495 16.1495 1.04829
26.9159 16.1495 2.62187
37.6822 16.1495 2.87345
48.4486 16.1495 2.07144
59.215 16.1495 0.882078
69.9813 16.1495 0.304934
5.38318 26.9159 -0.135496
16.1495 26.9159 0.565359
26.9159 26.9159 2.38819
37.6822 26.9159 2.72719
48.4486 26.9159 1.90246
59.215 26.9159 0.459258
69.9813 26.9159 -0.0284571
5.38318 37.6822 -0.207403
16.1495 37.6822 -0.0104253
26.9159 37.6822 1.48012
37.6822 37.6822 1.72027
48.4486 37.6822 1.05665
59.215 37.6822 -0.0184011
69.9813 37.6822 -0.0642647
5.38318 48.4486 -0.21997
16.1495 48.4486 -0.113455
26.9159 48.4486 0.934344
37.6822 48.4486 0.990894
48.4486 48.4486 0.447172
59.215 48.4486 -0.175488
69.9813 48.4486 -0.0726462
5.38318 59.215 -0.225797
16.1495 59.215 -0.0808922
26.9159 59.215 1.0553
37.6822 59.215 1.08766
48.4486 59.215 0.547453
59.215 59.215 -0.149107
69.9813 59.215 -0.0640939
5.38318 69.9813 -0.25105
16.1495 69.9813 -0.129028
26.9159 69.9813 1.10896
37.6822 69.9813 1.10122
48.4486 69.9813 0.557845
59.215 69.9813 -0.185957
69.9813 69.9813 -0.106076
5.38318 80.7477 -0.370862
16.1495 80.7477 -0.362828
26.9159 80.7477 0.403742
37.6822 80.7477 0.43162
48.4486 80.7477 -0.0386915
59.215 80.7477 -0.347998
69.9813 80.7477 -0.195257
5.38318 91.514 -0.515008
16.1495 91.514 -0.761931
26.9159 91.514 -0.562021
37.6822 91.514 -0.558461
48.4486 91.514 -0.615674
59.215 91.514 -0.613226
69.9813 91.514 -0.300371
5.38318 102.28 -0.566915
16.1495 102.28 -0.895247
26.9159 102.28 -0.949951
37.6822 102.28 -0.951987
48.4486 102.28 -0.930408
59.215 102.28 -0.765856
69.9813 102.28 -0.350567
5.38318 113.047 -0.571657
16.1495 113.047 -0.90726
26.9159 113.047 -0.977576
37.6822 113.047 -0.970358
48.4486 113.047 -0.920503
59.215 113.047 -0.711041
69.9813 113.047 -0.305031
5.38318 123.813 -0.469353
16.1495 123.813 -0.632428
26.9159 123.813 -0.504944
37.6822 123.813 -0.438426
48.4486 123.813 -0.461528
59.215 123.813 -0.415361
69.9813 123.813 -0.172106
5.38318 134.579 -0.235497
16.1495 134.579 -0.123974
26.9159 134.579 0.601129
37.6822 134.579 1.00684
48.4486 134.579 0.804078
59.215 134.579 0.337033
69.9813 134.579 0.25613
5.38318 145.346 0.296425
16.1495 145.346 1.40904
26.9159 145.346 2.71313
37.6822 145.346 3.3358
48.4486 145.346 2.91195
59.215 145.346 1.87923
69.9813 145.346 0.980387
5.38318 156.112 0.564916
16.1495 156.112 1.87463
26.9159 156.112 3.39358
37.6822 156.112 4.32047
48.4486 156.112 3.96405
59.215 156.112 2.73899
69.9813 156.112 1.48062
5.38318 166.879 0.561064
16.1495 166.879 1.781
26.9159 166.879 3.17466
37.6822 166.879 3.96007
48.4486 166.879 3.60271
59.215 166.879 2.58814
69.9813 166.879 1.46798
5.38318 177.645 0.0876502
16.1495 177.645 0.876025
26.9159 177.645 2.10851
37.6822 177.645 2.5382
48.4486 177.645 2.28951
59.215 177.645 1.66314
69.9813 177.645 1.03713
5.38318 188.411 -0.0476686
16.1495 188.411 0.673002
26.9159 188.411 1.86831
37.6822 188.411 2.08371
48.4486 188.411 1.45345
59.215 188.411 0.682668
69.9813 188.411 0.431489
5.38318 199.178 -0.166273
16.1495 199.178 0.254734
26.9159 199.178 1.20627
37.6822 199.178 1.3716
48.4486 199.178 0.751538
59.215 199.178 -0.00526299
69.9813 199.178 0.0354084
5.38318 209.944 -0.15254
16.1495 209.944 0.0708514
26.9159 209.944 0.689213
37.6822 209.944 0.776088
48.4486 209.944 0.300624
59.215 209.944 -0.110492
69.9813 209.944 -0.016599
