37 188
0 168 72 40
0 144 72 72
0 134 72 82
0 72 72 144
0 0 72 216
5.38318 5.38318 0.116703
16.1495 5.38318 0.121051
26.9159 5.38318 0.234445
37.6822 5.38318 0.252871
48.4486 5.38318 0.269401
59.215 5.38318 0.265766
69.9813 5.38318 0.222009
5.38318 16.1495 0.279676
16.1495 16.1495 0.597081
26.9159 16.1495 1.0788
37.6822 16.1495 1.11653
48.4486 16.1495 1.1488
59.215 16.1495 0.872444
69.9813 16.1495 0.633292
5.38318 26.9159 0.183272
16.1495 26.9159 0.716739
26.9159 26.9159 1.66802
37.6822 26.9159 1.84967
48.4486 26.9159 1.82265
59.215 26.9159 1.11867
69.9813 26.9159 0.718552
5.38318 37.6822 0.651866
16.1495 37.6822 1.6861
26.9159 37.6822 2.96312
37.6822 37.6822 3.10922
48.4486 37.6822 2.89717
59.215 37.6822 1.72679
69.9813 37.6822 0.989014
5.38318 48.4486 0.658697
16.1495 48.4486 1.8084
26.9159 48.4486 3.25772
37.6822 48.4486 3.44666
48.4486 48.4486 3.1166
59.215 48.4486 1.72448
69.9813 48.4486 0.935259
5.38318 59.215 0.388596
16.1495 59.215 1.23986
26.9159 59.215 2.45337
37.6822 59.215 2.48364
48.4486 59.215 2.1188
59.215 59.215 0.792175
69.9813 59.215 0.436772
5.38318 69.9813 -0.180904
16.1495 69.9813 -0.181259
26.9159 69.9813 0.371456
37.6822 69.9813 0.1724
48.4486 69.9813 -0.0907527
59.215 69.9813 -0.319664
69.9813 69.9813 -0.139652
5.38318 80.7477 -0.447683
16.1495 80.7477 -0.681231
26.9159 80.7477 -0.67549
37.6822 80.7477 -0.740582
48.4486 80.7477 -0.811969
59.215 80.7477 -0.68925
69.9813 80.7477 -0.317164
5.38318 91.514 -0.555225
16.1495 91.514 -0.89153
26.9159 91.514 -0.994819
37.6822 91.514 -1.0263
48.4486 91.514 -1.00733
59.215 91.514 -0.816315
69.9813 91.514 -0.368847
5.38318 102.28 -0.582664
16.1495 102.28 -0.93342
26.9159 102.28 -1.02786
37.6822 102.28 -1.03938
48.4486 102.28 -0.994118
59.215 102.28 -0.792747
69.9813 102.28 -0.349254
5.38318 113.047 -0.57885
16.1495 113.047 -0.92595
26.9159 113.047 -1.00399
37.6822 113.047 -1.0044
48.4486 113.047 -0.950692
59.215 113.047 -0.74575
69.9813 113.047 -0.320357
5.38318 123.813 -0.558622
16.1495 123.813 -0.878358
26.9159 123.813 -0.931721
37.6822 123.813 -0.919005
48.4486 123.813 -0.871019
59.215 123.813 -0.650773
69.9813 123.813 -0.278014
5.38318 134.579 -0.496743
16.1495 134.579 -0.752275
26.9159 134.579 -0.708166
37.6822 134.579 -0.68964
48.4486 134.579 -0.659741
59.215 134.579 -0.479304
69.9813 134.579 -0.189881
5.38318 145.346 -0.341792
16.1495 145.346 -0.438011
26.9159 145.346 -0.300639
37.6822 145.346 -0.219379
48.4486 145.346 -0.263746
59.215 145.346 -0.167562
69.9813 145.346 -0.0444637
5.38318 156.112 -0.0183408
16.1495 156.112 0.266185
26.9159 156.112 0.894466
37.6822 156.112 1.05637
48.4486 156.112 0.837973
59.215 156.112 0.648723
69.9813 156.112 0.456949
5.38318 166.879 0.610806
16.1495 166.879 1.38347
26.9159 166.879 2.11775
37.6822 166.879 2.33726
48.4486 166.879 2.10502
59.215 166.879 1.58153
69.9813 166.879 0.977551
5.38318 177.645 1.34275
16.1495 177.645 2.54112
26.9159 177.645 3.63929
37.6822 177.645 3.77046
48.4486 177.645 3.4696
59.215 177.645 2.38003
69.9813 177.645 1.45328
5.38318 188.411 1.59462
16.1495 188.411 3.0554
26.9159 188.411 4.56848
37.6822 188.411 4.712
48.4486 188.411 4.31659
59.215 188.411 2.84439
69.9813 188.411 1.6919
5.38318 199.178 1.40622
16.1495 199.178 2.77677
26.9159 199.178 4.52528
37.6822 199.178 4.64774
48.4486 199.178 4.14279
59.215 199.178 2.57499
69.9813 199.178 1.53402
5.38318 209.944 0.688842
16.1495 209.944 1.40077
26.9159 209.944 2.6761
37.6822 209.944 2.73667
48.4486 209.944 2.43431
59.215 209.944 1.46842
69.9813 209.944 0.91125
