37 26
0 6 72 40
0 0 72 72
0 0 72 82
0 0 72 144
0 0 72 216
5.38318 5.38318 0.419039
16.1495 5.38318 1.12145
26.9159 5.38318 1.91219
37.6822 5.38318 2.12463
48.4486 5.38318 1.69055
59.215 5.38318 0.939867
69.9813 5.38318 0.363195
5.38318 16.1495 0.685084
16.1495 16.1495 2.1934
26.9159 16.1495 3.83943
37.6822 16.1495 4.39791
48.4486 16.1495 3.50217
59.215 16.1495 1.95313
69.9813 16.1495 0.866411
5.38318 26.9159 0.684701
16.1495 26.9159 2.54546
26.9159 26.9159 4.75042
37.6822 26.9159 5.63752
48.4486 26.9159 4.48825
59.215 26.9159 2.40159
69.9813 26.9159 0.995663
5.38318 37.6822 0.739231
16.1495 37.6822 2.4061
26.9159 37.6822 4.20258
37.6822 37.6822 4.91548
48.4486 37.6822 3.98286
59.215 37.6822 2.22403
69.9813 37.6822 1.02929
5.38318 48.4486 0.753586
16.1495 48.4486 1.93416
26.9159 48.4486 2.88241
37.6822 48.4486 3.16438
48.4486 48.4486 2.68028
59.215 48.4486 1.65628
69.9813 48.4486 0.934483
5.38318 59.215 0.621962
16.1495 59.215 1.55905
26.9159 59.215 2.15075
37.6822 59.215 2.30473
48.4486 59.215 2.02711
59.215 59.215 1.39501
69.9813 59.215 0.833745
5.38318 69.9813 0.232176
16.1495 69.9813 0.809069
26.9159 69.9813 1.29491
37.6822 69.9813 1.38851
48.4486 69.9813 1.08598
59.215 69.9813 0.681611
69.9813 69.9813 0.422499
5.38318 80.7477 -0.162422
16.1495 80.7477 -0.134994
26.9159 80.7477 0.0817688
37.6822 80.7477 0.284873
48.4486 80.7477 0.166044
59.215 80.7477 0.0553277
69.9813 80.7477 0.0796309
5.38318 91.514 -0.270098
16.1495 91.514 -0.380636
26.9159 91.514 -0.351783
37.6822 91.514 -0.313726
48.4486 91.514 -0.341138
59.215 91.514 -0.288561
69.9813 91.514 -0.135522
5.38318 102.28 -0.29784
16.1495 102.28 -0.44878
26.9159 102.28 -0.41719
37.6822 102.28 -0.359849
48.4486 102.28 -0.343511
59.215 102.28 -0.280336
69.9813 102.28 -0.135073
5.38318 113.047 -0.29047
16.1495 113.047 -0.437162
26.9159 113.047 -0.421964
37.6822 113.047 -0.413096
48.4486 113.047 -0.398802
59.215 113.047 -0.319814
69.9813 113.047 -0.140919
5.38318 123.813 -0.216156
16.1495 123.813 -0.328772
26.9159 123.813 -0.281211
37.6822 123.813 -0.287109
48.4486 123.813 -0.295873
59.215 123.813 -0.243066
69.9813 123.813 -0.103364
5.38318 134.579 -0.00308559
16.1495 134.579 -0.0110266
26.9159 134.579 0.159078
37.6822 134.579 0.0111007
48.4486 134.579 -0.0862305
59.215 134.579 -0.087061
69.9813 134.579 -0.0204424
5.38318 145.346 0.525432
16.1495 145.346 0.863771
26.9159 145.346 1.11859
37.6822 145.346 0.987765
48.4486 145.346 0.648314
59.215 145.346 0.505032
69.9813 145.346 0.305551
5.38318 156.112 1.32429
16.1495 156.112 2.25345
26.9159 156.112 2.54464
37.6822 156.112 2.17143
48.4486 156.112 1.39544
59.215 156.112 1.02233
69.9813 156.112 0.578138
5.38318 166.879 1.77261
16.1495 166.879 3.12984
26.9159 166.879 3.50222
37.6822 166.879 2.99073
48.4486 166.879 2.03835
59.215 166.879 1.44893
69.9813 166.879 0.797822
5.38318 177.645 2.1058
16.1495 177.645 3.86636
26.9159 177.645 4.26869
37.6822 177.645 3.35306
48.4486 177.645 1.97631
59.215 177.645 1.28104
69.9813 177.645 0.705446
5.38318 188.411 1.75837
16.1495 188.411 3.37053
26.9159 188.411 3.829
37.6822 188.411 2.93936
48.4486 188.411 1.43995
59.215 188.411 0.839645
69.9813 188.411 0.442228
5.38318 199.178 0.964459
16.1495 199.178 1.85073
26.9159 199.178 2.19502
37.6822 199.178 1.62569
48.4486 199.178 0.563079
59.215 199.178 0.316833
69.9813 199.178 0.245002
5.38318 209.944 0.085478
16.1495 209.944 0.213031
26.9159 209.944 0.39805
37.6822 209.944 0.201066
48.4486 209.944 -0.053908
59.215 209.944 0.0785723
69.9813 209.944 0.175158
