37 48
0 28 72 40
0 12 72 72
0 7 72 82
0 0 72 144
0 0 72 216
5.38318 5.38318 0.927809
16.1495 5.38318 1.60165
26.9159 5.38318 1.88335
37.6822 5.38318 1.8736
48.4486 5.38318 1.71021
59.215 5.38318 1.28735
69.9813 5.38318 0.754117
5.38318 16.1495 1.47026
16.1495 16.1495 2.77809
26.9159 16.1495 3.47137
37.6822 16.1495 3.5165
48.4486 16.1495 3.1461
59.215 16.1495 2.29143
69.9813 16.1495 1.33293
5.38318 26.9159 1.37294
16.1495 26.9159 2.792
26.9159 26.9159 3.83505
37.6822 26.9159 4.07271
48.4486 26.9159 3.67469
59.215 26.9159 2.69157
69.9813 26.9159 1.57221
5.38318 37.6822 1.16937
16.1495 37.6822 2.45363
26.9159 37.6822 3.88997
37.6822 37.6822 4.3134
48.4486 37.6822 3.92463
59.215 37.6822 2.72668
69.9813 37.6822 1.51931
5.38318 48.4486 1.01014
16.1495 48.4486 2.2569
26.9159 48.4486 4.00873
37.6822 48.4486 4.7296
48.4486 48.4486 4.41408
59.215 48.4486 3.17228
69.9813 48.4486 1.74635
5.38318 59.215 0.878271
16.1495 59.215 1.81725
26.9159 59.215 3.32343
37.6822 59.215 3.86442
48.4486 59.215 3.56645
59.215 59.215 2.82181
69.9813 59.215 1.68894
5.38318 69.9813 0.401603
16.1495 69.9813 0.616344
26.9159 69.9813 1.24368
37.6822 69.9813 1.46111
48.4486 69.9813 1.19582
59.215 69.9813 1.43823
69.9813 69.9813 1.05375
5.38318 80.7477 -0.0945316
16.1495 80.7477 -0.132088
26.9159 80.7477 0.111267
37.6822 80.7477 0.33355
48.4486 80.7477 -0.0216452
59.215 80.7477 0.430496
69.9813 80.7477 0.426672
5.38318 91.514 -0.257927
16.1495 91.514 -0.376155
26.9159 91.514 -0.254457
37.6822 91.514 -0.213269
48.4486 91.514 -0.287202
59.215 91.514 -0.193396
69.9813 91.514 -0.071706
5.38318 102.28 -0.282981
16.1495 102.28 -0.418035
26.9159 102.28 -0.328685
37.6822 102.28 -0.312643
48.4486 102.28 -0.31433
59.215 102.28 -0.237524
69.9813 102.28 -0.0877274
5.38318 113.047 -0.287549
16.1495 113.047 -0.421735
26.9159 113.047 -0.396078
37.6822 113.047 -0.396963
48.4486 113.047 -0.402131
59.215 113.047 -0.326474
69.9813 113.047 -0.143991
5.38318 123.813 -0.194202
16.1495 123.813 -0.262256
26.9159 123.813 -0.200089
37.6822 123.813 -0.242977
48.4486 123.813 -0.309283
59.215 123.813 -0.304313
69.9813 123.813 -0.146678
5.38318 134.579 -0.0829844
16.1495 134.579 -0.0511707
26.9159 134.579 0.121271
37.6822 134.579 -0.0237025
48.4486 134.579 -0.173388
59.215 134.579 -0.261862
69.9813 134.579 -0.139086
5.38318 145.346 0.339434
16.1495 145.346 0.781644
26.9159 145.346 1.12762
37.6822 145.346 0.864264
48.4486 145.346 0.341365
59.215 145.346 -0.0953098
69.9813 145.346 -0.0652902
5.38318 156.112 0.59785
16.1495 156.112 1.27126
26.9159 156.112 1.5921
37.6822 156.112 1.39196
48.4486 156.112 0.732466
59.215 156.112 0.239324
69.9813 156.112 0.109582
5.38318 166.879 1.03681
16.1495 166.879 1.72014
26.9159 166.879 1.76899
37.6822 166.879 1.54868
48.4486 166.879 0.963286
59.215 166.879 0.695927
69.9813 166.879 0.436424
5.38318 177.645 1.17232
16.1495 177.645 1.53315
26.9159 177.645 1.12829
37.6822 177.645 0.919571
48.4486 177.645 0.689267
59.215 177.645 0.912307
69.9813 177.645 0.67247
5.38318 188.411 1.14125
16.1495 188.411 1.24407
26.9159 188.411 0.614206
37.6822 188.411 0.218292
48.4486 188.411 0.295895
59.215 188.411 0.886213
69.9813 188.411 0.752157
5.38318 199.178 0.570186
16.1495 199.178 0.459783
26.9159 199.178 -0.0148695
37.6822 199.178 -0.11471
48.4486 199.178 0.00841386
59.215 199.178 0.679474
69.9813 199.178 0.634444
5.38318 209.944 0.254172
16.1495 209.944 0.155016
26.9159 209.944 -0.0137986
37.6822 209.944 -0.109252
48.4486 209.944 -0.0387121
59.215 209.944 0.358859
69.9813 209.944 0.387313
