37 177
0 157 72 40
0 141 72 72
0 134 72 82
0 72 72 144
0 0 72 216
5.38318 5.38318 0.604881
16.1495 5.38318 1.06576
26.9159 5.38318 1.50571
37.6822 5.38318 1.55456
48.4486 5.38318 1.34808
59.215 5.38318 0.844795
69.9813 5.38318 0.476005
5.38318 16.1495 0.949691
16.1495 16.1495 2.016
26.9159 16.1495 3.17525
37.6822 16.1495 3.43152
48.4486 16.1495 2.9263
59.215 16.1495 1.78827
69.9813 16.1495 0.974013
5.38318 26.9159 1.12634
16.1495 26.9159 2.64116
26.9159 26.9159 4.5948
37.6822 26.9159 5.01575
48.4486 26.9159 4.1932
59.215 26.9159 2.38302
69.9813 26.9159 1.20307
5.38318 37.6822 1.04566
16.1495 37.6822 2.61395
26.9159 37.6822 4.76139
37.6822 37.6822 5.38018
48.4486 37.6822 4.45626
59.215 37.6822 2.48718
69.9813 37.6822 1.16221
5.38318 48.4486 1.16297
16.1495 48.4486 2.51888
26.9159 48.4486 4.06234
37.6822 48.4486 4.44739
48.4486 48.4486 3.67416
59.215 48.4486 2.24934
69.9813 48.4486 1.1317
5.38318 59.215 1.00027
16.1495 59.215 1.89509
26.9159 59.215 2.32527
37.6822 59.215 2.48009
48.4486 59.215 2.16835
59.215 59.215 1.72234
69.9813 59.215 1.05822
5.38318 69.9813 0.74412
16.1495 69.9813 1.33758
26.9159 69.9813 1.32884
37.6822 69.9813 1.33173
48.4486 69.9813 1.1746
59.215 69.9813 1.25034
69.9813 69.9813 0.91204
5.38318 80.7477 -0.0434051
16.1495 80.7477 -0.0546931
26.9159 80.7477 -0.158606
37.6822 80.7477 -0.206652
48.4486 80.7477 -0.196849
59.215 80.7477 0.0585365
69.9813 80.7477 0.338789
5.38318 91.514 -0.454477
16.1495 91.514 -0.73299
26.9159 91.514 -0.801505
37.6822 91.514 -0.792421
48.4486 91.514 -0.753534
59.215 91.514 -0.509015
69.9813 91.514 -0.189384
5.38318 102.28 -0.562307
16.1495 102.28 -0.904026
26.9159 102.28 -0.994833
37.6822 102.28 -0.994742
48.4486 102.28 -0.949001
59.215 102.28 -0.733197
69.9813 102.28 -0.318535
5.38318 113.047 -0.584889
16.1495 113.047 -0.936025
26.9159 113.047 -1.01617
37.6822 113.047 -1.01377
48.4486 113.047 -0.958716
59.215 113.047 -0.755761
69.9813 113.047 -0.326001
5.38318 123.813 -0.570475
16.1495 123.813 -0.896599
26.9159 123.813 -0.95012
37.6822 123.813 -0.932498
48.4486 123.813 -0.887765
59.215 123.813 -0.674085
69.9813 123.813 -0.288122
5.38318 134.579 -0.515276
16.1495 134.579 -0.754123
26.9159 134.579 -0.615633
37.6822 134.579 -0.550869
48.4486 134.579 -0.550127
59.215 134.579 -0.466976
69.9813 134.579 -0.197713
5.38318 145.346 -0.345922
16.1495 145.346 -0.271557
26.9159 145.346 0.457502
37.6822 145.346 0.917064
48.4486 145.346 0.566568
59.215 145.346 0.00959137
69.9813 145.346 -0.0311824
5.38318 156.112 -0.0831147
16.1495 156.112 0.837467
26.9159 156.112 2.54481
37.6822 156.112 3.14801
48.4486 156.112 2.47078
59.215 156.112 1.22767
69.9813 156.112 0.420865
5.38318 166.879 0.341534
16.1495 166.879 2.05199
26.9159 166.879 4.41426
37.6822 166.879 5.45621
48.4486 166.879 4.34983
59.215 166.879 2.33039
69.9813 166.879 0.826024
5.38318 177.645 0.634934
16.1495 177.645 2.36908
26.9159 177.645 4.79992
37.6822 177.645 5.79837
48.4486 177.645 4.66549
59.215 177.645 2.54601
69.9813 177.645 0.97818
5.38318 188.411 0.835134
16.1495 188.411 2.38897
26.9159 188.411 4.28111
37.6822 188.411 4.92623
48.4486 188.411 4.0658
59.215 188.411 2.38628
69.9813 188.411 1.11452
5.38318 199.178 0.874985
16.1495 199.178 1.87414
26.9159 199.178 2.53912
37.6822 199.178 2.70997
48.4486 199.178 2.27183
59.215 199.178 1.62789
69.9813 199.178 0.913886
5.38318 209.944 0.680968
16.1495 209.944 1.35585
26.9159 209.944 1.66674
37.6822 209.944 1.7538
48.4486 209.944 1.54916
59.215 209.944 1.24656
69.9813 209.944 0.768769
