37 37
0 17 72 40
0 1 72 72
0 0 72 82
0 0 72 144
0 0 72 216
5.38318 5.38318 0.646719
16.1495 5.38318 1.11919
26.9159 5.38318 1.55719
37.6822 5.38318 1.43402
48.4486 5.38318 1.17745
59.215 5.38318 0.635692
69.9813 5.38318 0.375898
5.38318 16.1495 0.983974
16.1495 16.1495 2.07912
26.9159 16.1495 3.27554
37.6822 16.1495 3.27648
48.4486 16.1495 2.77972
59.215 16.1495 1.58903
69.9813 16.1495 0.894149
5.38318 26.9159 0.873616
16.1495 26.9159 2.50196
26.9159 26.9159 4.72633
37.6822 26.9159 5.13242
48.4486 26.9159 4.42387
59.215 26.9159 2.42497
69.9813 26.9159 1.17322
5.38318 37.6822 0.767604
16.1495 37.6822 2.45763
26.9159 37.6822 4.96606
37.6822 37.6822 5.61117
48.4486 37.6822 4.91232
59.215 37.6822 2.72164
69.9813 37.6822 1.25687
5.38318 48.4486 0.92961
16.1495 48.4486 2.38648
26.9159 48.4486 4.23982
37.6822 48.4486 4.4527
48.4486 48.4486 3.79825
59.215 48.4486 2.16572
69.9813 48.4486 1.08843
5.38318 59.215 0.733192
16.1495 59.215 1.62176
26.9159 59.215 2.40217
37.6822 59.215 2.18619
48.4486 59.215 1.91893
59.215 59.215 1.23664
69.9813 59.215 0.9028
5.38318 69.9813 0.35317
16.1495 69.9813 0.761197
26.9159 69.9813 1.16111
37.6822 69.9813 0.929576
48.4486 69.9813 0.982319
59.215 69.9813 0.890717
69.9813 69.9813 0.816005
5.38318 80.7477 -0.135002
16.1495 80.7477 -0.188854
26.9159 80.7477 -0.00427138
37.6822 80.7477 -0.0348639
48.4486 80.7477 0.180878
59.215 80.7477 0.348245
69.9813 80.7477 0.476888
5.38318 91.514 -0.293614
16.1495 91.514 -0.456797
26.9159 91.514 -0.381283
37.6822 91.514 -0.353931
48.4486 91.514 -0.288672
59.215 91.514 -0.180122
69.9813 91.514 -0.0199901
5.38318 102.28 -0.306445
16.1495 102.28 -0.453479
26.9159 102.28 -0.375134
37.6822 102.28 -0.315282
48.4486 102.28 -0.30556
59.215 102.28 -0.248006
69.9813 102.28 -0.111465
5.38318 113.047 -0.295512
16.1495 113.047 -0.442632
26.9159 113.047 -0.428318
37.6822 113.047 -0.409926
48.4486 113.047 -0.39238
59.215 113.047 -0.305018
69.9813 113.047 -0.132172
5.38318 123.813 -0.275336
16.1495 123.813 -0.392079
26.9159 123.813 -0.309282
37.6822 123.813 -0.257488
48.4486 123.813 -0.230443
59.215 123.813 -0.16949
69.9813 123.813 -0.0595043
5.38318 134.579 -0.20167
16.1495 134.579 -0.226799
26.9159 134.579 -0.0392589
37.6822 134.579 0.134009
48.4486 134.579 0.169971
59.215 134.579 0.159525
69.9813 134.579 0.175034
5.38318 145.346 -0.0923327
16.1495 145.346 2.15918e-05
26.9159 145.346 0.750842
37.6822 145.346 1.19678
48.4486 145.346 1.34279
59.215 145.346 1.04758
69.9813 145.346 0.660404
5.38318 156.112 0.173887
16.1495 156.112 0.724363
26.9159 156.112 1.88995
37.6822 156.112 2.54503
48.4486 156.112 2.67185
59.215 156.112 2.01232
69.9813 156.112 1.1816
5.38318 166.879 0.528327
16.1495 166.879 1.468
26.9159 166.879 3.00044
37.6822 166.879 4.11798
48.4486 166.879 4.36281
59.215 166.879 3.21147
69.9813 166.879 1.7639
5.38318 177.645 0.934983
16.1495 177.645 2.06968
26.9159 177.645 3.7141
37.6822 177.645 5.02648
48.4486 177.645 5.26859
59.215 177.645 3.95147
69.9813 177.645 2.12822
5.38318 188.411 1.26417
16.1495 188.411 2.43019
26.9159 188.411 3.77733
37.6822 188.411 4.77783
48.4486 188.411 4.84208
59.215 188.411 3.69362
69.9813 188.411 1.99609
5.38318 199.178 1.23547
16.1495 199.178 2.03889
26.9159 199.178 2.52609
37.6822 199.178 2.60613
48.4486 199.178 2.58325
59.215 199.178 2.21962
69.9813 199.178 1.37887
5.38318 209.944 0.76475
16.1495 209.944 1.23565
26.9159 209.944 1.46187
37.6822 209.944 1.19819
48.4486 209.944 1.22656
59.215 209.944 1.15383
69.9813 209.944 0.865583
