48 26
0 6 72 40
0 0 72 72
0 0 72 82
0 0 72 144
0 0 72 216
5.38318 5.38318 1.36539
16.1495 5.38318 2.03053
26.9159 5.38318 2.14474
37.6822 5.38318 2.18161
48.4486 5.38318 2.19828
59.215 5.38318 1.7627
69.9813 5.38318 1.05997
5.38318 16.1495 2.29147
16.1495 16.1495 3.54293
26.9159 16.1495 3.82028
37.6822 16.1495 3.83693
48.4486 16.1495 3.88276
59.215 16.1495 3.17022
69.9813 16.1495 1.94686
5.38318 26.9159 2.32075
16.1495 26.9159 3.70427
26.9159 26.9159 4.05133
37.6822 26.9159 4.06166
48.4486 26.9159 4.11743
59.215 26.9159 3.45971
69.9813 26.9159 2.15953
5.38318 37.6822 1.56676
16.1495 37.6822 2.51251
26.9159 37.6822 2.88754
37.6822 37.6822 2.87184
48.4486 37.6822 2.8029
59.215 37.6822 2.38629
69.9813 37.6822 1.49758
5.38318 48.4486 1.02497
16.1495 48.4486 1.70322
26.9159 48.4486 2.16544
37.6822 48.4486 2.17036
48.4486 48.4486 2.01566
59.215 48.4486 1.74026
69.9813 48.4486 1.10377
5.38318 59.215 1.22826
16.1495 59.215 1.93106
26.9159 59.215 2.33586
37.6822 59.215 2.20817
48.4486 59.215 1.99182
59.215 59.215 1.73901
69.9813 59.215 1.17353
5.38318 69.9813 1.1828
16.1495 69.9813 1.74743
26.9159 69.9813 2.02237
37.6822 69.9813 1.67112
48.4486 69.9813 1.59084
59.215 69.9813 1.46896
69.9813 69.9813 1.12426
5.38318 80.7477 0.919648
16.1495 80.7477 1.32293
26.9159 80.7477 1.42561
37.6822 80.7477 0.858032
48.4486 80.7477 0.729711
59.215 80.7477 0.712993
69.9813 80.7477 0.706393
5.38318 91.514 -0.130517
16.1495 91.514 -0.24065
26.9159 91.514 -0.254758
37.6822 91.514 -0.453192
48.4486 91.514 -0.479554
59.215 91.514 -0.337151
69.9813 91.514 -0.0538595
5.38318 102.28 -0.500323
16.1495 102.28 -0.809988
26.9159 102.28 -0.875138
37.6822 102.28 -0.93658
48.4486 102.28 -0.906021
59.215 102.28 -0.687144
69.9813 102.28 -0.28209
5.38318 113.047 -0.580009
16.1495 113.047 -0.928684
26.9159 113.047 -1.01349
37.6822 113.047 -1.01662
48.4486 113.047 -0.961503
59.215 113.047 -0.753413
69.9813 113.047 -0.319757
5.38318 123.813 -0.562231
16.1495 123.813 -0.90006
26.9159 123.813 -0.979815
37.6822 123.813 -0.980244
48.4486 123.813 -0.926784
59.215 123.813 -0.697998
69.9813 123.813 -0.289987
5.38318 134.579 -0.524616
16.1495 134.579 -0.842157
26.9159 134.579 -0.932392
37.6822 134.579 -0.937592
48.4486 134.579 -0.892711
59.215 134.579 -0.624899
69.9813 134.579 -0.247671
5.38318 145.346 -0.457047
16.1495 145.346 -0.751948
26.9159 145.346 -0.854061
37.6822 145.346 -0.87872
48.4486 145.346 -0.852108
59.215 145.346 -0.559862
69.9813 145.346 -0.206528
5.38318 156.112 -0.379525
16.1495 156.112 -0.635139
26.9159 156.112 -0.78232
37.6822 156.112 -0.839971
48.4486 156.112 -0.845387
59.215 156.112 -0.524847
69.9813 156.112 -0.184354
5.38318 166.879 -0.367948
16.1495 166.879 -0.615332
26.9159 166.879 -0.762652
37.6822 166.879 -0.83895
48.4486 166.879 -0.850271
59.215 166.879 -0.537692
69.9813 166.879 -0.192329
5.38318 177.645 -0.456687
16.1495 177.645 -0.768176
26.9159 177.645 -0.898559
37.6822 177.645 -0.930519
48.4486 177.645 -0.899999
59.215 177.645 -0.595996
69.9813 177.645 -0.227151
5.38318 188.411 -0.510586
16.1495 188.411 -0.845754
26.9159 188.411 -0.955612
37.6822 188.411 -0.963493
48.4486 188.411 -0.903445
59.215 188.411 -0.622963
69.9813 188.411 -0.243088
5.38318 199.178 -0.470368
16.1495 199.178 -0.759045
26.9159 199.178 -0.830437
37.6822 199.178 -0.829431
48.4486 199.178 -0.741227
59.215 199.178 -0.470117
69.9813 199.178 -0.143554
5.38318 209.944 -0.283947
16.1495 209.944 -0.420701
26.9159 209.944 -0.438806
37.6822 209.944 -0.430012
48.4486 209.944 -0.369795
59.215 209.944 -0.208739
69.9813 209.944 -0.000571311
