37 177
0 157 72 40
0 141 72 72
0 134 72 82
0 72 72 144
0 0 72 216
5.38318 5.38318 0.375069
16.1495 5.38318 0.63768
26.9159 5.38318 1.13598
37.6822 5.38318 1.35226
48.4486 5.38318 1.45221
59.215 5.38318 1.22325
69.9813 5.38318 0.750077
5.38318 16.1495 0.645508
16.1495 16.1495 1.19579
26.9159 16.1495 2.0194
37.6822 16.1495 2.25141
48.4486 16.1495 2.41718
59.215 16.1495 2.01366
69.9813 16.1495 1.27945
5.38318 26.9159 0.602616
16.1495 26.9159 1.20049
26.9159 26.9159 2.25243
37.6822 26.9159 2.41113
48.4486 26.9159 2.50091
59.215 26.9159 2.04344
69.9813 26.9159 1.30347
5.38318 37.6822 0.547062
16.1495 37.6822 1.13523
26.9159 37.6822 2.1517
37.6822 37.6822 2.26151
48.4486 37.6822 2.18798
59.215 37.6822 1.61763
69.9813 37.6822 0.977691
5.38318 48.4486 0.171448
16.1495 48.4486 0.756293
26.9159 48.4486 1.92422
37.6822 48.4486 2.44688
48.4486 48.4486 2.45836
59.215 48.4486 1.81314
69.9813 48.4486 1.02546
5.38318 59.215 -0.0955857
16.1495 59.215 0.302884
26.9159 59.215 1.49117
37.6822 59.215 2.39161
48.4486 59.215 2.59846
59.215 59.215 2.08332
69.9813 59.215 1.19679
5.38318 69.9813 -0.234972
16.1495 69.9813 -0.154672
26.9159 69.9813 0.697137
37.6822 69.9813 1.79375
48.4486 69.9813 2.10008
59.215 69.9813 1.89053
69.9813 69.9813 1.13492
5.38318 80.7477 -0.267928
16.1495 80.7477 -0.308259
26.9159 80.7477 -0.106893
37.6822 80.7477 0.578379
48.4486 80.7477 0.781185
59.215 80.7477 0.925773
69.9813 80.7477 0.606423
5.38318 91.514 -0.291538
16.1495 91.514 -0.422392
26.9159 91.514 -0.369725
37.6822 91.514 -0.257795
48.4486 91.514 -0.283814
59.215 91.514 -0.13719
69.9813 91.514 -0.0611339
5.38318 102.28 -0.300052
16.1495 102.28 -0.451452
26.9159 102.28 -0.467491
37.6822 102.28 -0.449774
48.4486 102.28 -0.464626
59.215 102.28 -0.367512
69.9813 102.28 -0.182304
5.38318 113.047 -0.30038
16.1495 113.047 -0.45556
26.9159 113.047 -0.463564
37.6822 113.047 -0.447561
48.4486 113.047 -0.432416
59.215 113.047 -0.343586
69.9813 113.047 -0.154624
5.38318 123.813 -0.299775
16.1495 123.813 -0.455112
26.9159 123.813 -0.461151
37.6822 123.813 -0.444917
48.4486 123.813 -0.414583
59.215 123.813 -0.314457
69.9813 123.813 -0.133415
5.38318 134.579 -0.258314
16.1495 134.579 -0.37654
26.9159 134.579 -0.314377
37.6822 134.579 -0.287084
48.4486 134.579 -0.258966
59.215 134.579 -0.204228
69.9813 134.579 -0.0737368
5.38318 145.346 -0.0769349
16.1495 145.346 -0.0660114
26.9159 145.346 0.315627
37.6822 145.346 0.498581
48.4486 145.346 0.469078
59.215 145.346 0.297895
69.9813 145.346 0.226568
5.38318 156.112 0.548206
16.1495 156.112 1.09868
26.9159 156.112 1.9959
37.6822 156.112 2.22292
48.4486 156.112 2.00461
59.215 156.112 1.33562
69.9813 156.112 0.727831
5.38318 166.879 1.45602
16.1495 166.879 2.68
26.9159 166.879 4.0489
37.6822 166.879 4.44526
48.4486 166.879 3.93824
59.215 166.879 2.61587
69.9813 166.879 1.36052
5.38318 177.645 1.99729
16.1495 177.645 3.7232
26.9159 177.645 5.43929
37.6822 177.645 5.86982
48.4486 177.645 5.25154
59.215 177.645 3.50118
69.9813 177.645 1.78804
5.38318 188.411 2.01194
16.1495 188.411 3.66134
26.9159 188.411 5.13191
37.6822 188.411 5.42858
48.4486 188.411 4.73183
59.215 188.411 3.23096
69.9813 188.411 1.65425
5.38318 199.178 1.02498
16.1495 199.178 1.99585
26.9159 199.178 2.8435
37.6822 199.178 3.03903
48.4486 199.178 2.53085
59.215 199.178 1.86275
69.9813 199.178 1.0047
5.38318 209.944 0.325614
16.1495 209.944 0.79177
26.9159 209.944 1.26215
37.6822 209.944 1.3836
48.4486 209.944 1.07135
59.215 209.944 0.794269
69.9813 209.944 0.413475
