37 177
0 157 72 40
0 141 72 72
0 134 72 82
0 72 72 144
0 0 72 216
5.38318 5.38318 0.461166
16.1495 5.38318 0.875143
26.9159 5.38318 1.22193
37.6822 5.38318 1.18153
48.4486 5.38318 0.97167
59.215 5.38318 0.689098
69.9813 5.38318 0.415338
5.38318 16.1495 0.93955
16.1495 16.1495 1.88964
26.9159 16.1495 2.4634
37.6822 16.1495 2.40667
48.4486 16.1495 2.12509
59.215 16.1495 1.65199
69.9813 16.1495 1.09301
5.38318 26.9159 1.52973
16.1495 26.9159 2.72143
26.9159 26.9159 3.19561
37.6822 26.9159 3.10973
48.4486 26.9159 3.06406
59.215 26.9159 2.6025
69.9813 26.9159 1.81224
5.38318 37.6822 2.6712
16.1495 37.6822 4.23004
26.9159 37.6822 4.3705
37.6822 37.6822 4.01328
48.4486 37.6822 4.28981
59.215 37.6822 4.03678
69.9813 37.6822 2.85639
5.38318 48.4486 3.09099
16.1495 48.4486 4.95119
26.9159 48.4486 4.96923
37.6822 48.4486 4.40591
48.4486 48.4486 4.78723
59.215 48.4486 4.61727
69.9813 48.4486 3.31622
5.38318 59.215 2.39617
16.1495 59.215 3.768
26.9159 59.215 3.89428
37.6822 59.215 3.46114
48.4486 59.215 3.78983
59.215 59.215 3.60345
69.9813 59.215 2.66313
5.38318 69.9813 0.455086
16.1495 69.9813 0.856701
26.9159 69.9813 1.23217
37.6822 69.9813 1.0808
48.4486 69.9813 1.26934
59.215 69.9813 1.09303
69.9813 69.9813 1.02906
5.38318 80.7477 -0.142533
16.1495 80.7477 -0.160012
26.9159 80.7477 -0.0188962
37.6822 80.7477 -0.0404596
48.4486 80.7477 -0.0875168
59.215 80.7477 -0.0960115
69.9813 80.7477 0.17555
5.38318 91.514 -0.243681
16.1495 91.514 -0.340373
26.9159 91.514 -0.248673
37.6822 91.514 -0.265064
48.4486 91.514 -0.329057
59.215 91.514 -0.296481
69.9813 91.514 -0.121075
5.38318 102.28 -0.246951
16.1495 102.28 -0.359073
26.9159 102.28 -0.323393
37.6822 102.28 -0.347164
48.4486 102.28 -0.401412
59.215 102.28 -0.325659
69.9813 102.28 -0.156303
5.38318 113.047 -0.286056
16.1495 113.047 -0.426952
26.9159 113.047 -0.405008
37.6822 113.047 -0.400608
48.4486 113.047 -0.402287
59.215 113.047 -0.323101
69.9813 113.047 -0.145761
5.38318 123.813 -0.225141
16.1495 123.813 -0.311657
26.9159 123.813 -0.237445
37.6822 123.813 -0.226729
48.4486 123.813 -0.24475
59.215 123.813 -0.204701
69.9813 123.813 -0.0849539
5.38318 134.579 -0.102965
16.1495 134.579 -0.0455323
26.9159 134.579 0.292941
37.6822 134.579 0.376102
48.4486 134.579 0.212397
59.215 134.579 0.052661
69.9813 134.579 0.0635941
5.38318 145.346 0.137645
16.1495 145.346 0.737088
26.9159 145.346 1.48241
37.6822 145.346 1.80266
48.4486 145.346 1.52712
59.215 145.346 0.926368
69.9813 145.346 0.450851
5.38318 156.112 0.448767
16.1495 156.112 1.65392
26.9159 156.112 2.92003
37.6822 156.112 3.48543
48.4486 156.112 2.88046
59.215 156.112 1.72642
69.9813 156.112 0.790515
5.38318 166.879 0.637492
16.1495 166.879 2.31977
26.9159 166.879 4.42212
37.6822 166.879 5.39638
48.4486 166.879 4.42502
59.215 166.879 2.49234
69.9813 166.879 1.03328
5.38318 177.645 0.78264
16.1495 177.645 2.50232
26.9159 177.645 4.79959
37.6822 177.645 5.80781
48.4486 177.645 4.7196
59.215 177.645 2.62425
69.9813 177.645 1.0602
5.38318 188.411 0.934539
16.1495 188.411 2.5214
26.9159 188.411 4.32265
37.6822 188.411 4.94353
48.4486 188.411 4.0058
59.215 188.411 2.37465
69.9813 188.411 1.09015
5.38318 199.178 0.972677
16.1495 199.178 2.01148
26.9159 199.178 2.59031
37.6822 199.178 2.73651
48.4486 199.178 2.22658
59.215 199.178 1.63569
69.9813 199.178 0.944638
5.38318 209.944 0.728428
16.1495 209.944 1.42164
26.9159 209.944 1.66666
37.6822 209.944 1.74163
48.4486 209.944 1.49465
59.215 209.944 1.2269
69.9813 209.944 0.749319
