37 188
0 168 72 40
0 144 72 72
0 134 72 82
0 72 72 144
0 0 72 216
5.38318 5.38318 0.316001
16.1495 5.38318 0.534341
26.9159 5.38318 0.733573
37.6822 5.38318 1.00408
48.4486 5.38318 1.19086
59.215 5.38318 1.11739
69.9813 5.38318 0.748802
5.38318 16.1495 0.46227
16.1495 16.1495 0.853389
26.9159 16.1495 1.24485
37.6822 16.1495 1.67396
48.4486 16.1495 2.06471
59.215 16.1495 2.00677
69.9813 16.1495 1.40689
5.38318 26.9159 0.256798
16.1495 26.9159 0.676307
26.9159 26.9159 1.2379
37.6822 26.9159 1.76462
48.4486 26.9159 2.26669
59.215 26.9159 2.26322
69.9813 26.9159 1.61612
5.38318 37.6822 0.19558
16.1495 37.6822 0.546066
26.9159 37.6822 1.03198
37.6822 37.6822 1.47646
48.4486 37.6822 1.91443
59.215 37.6822 1.87984
69.9813 37.6822 1.36817
5.38318 48.4486 0.235844
16.1495 48.4486 0.588711
26.9159 48.4486 0.928565
37.6822 48.4486 1.40892
48.4486 48.4486 1.81984
59.215 48.4486 1.79145
69.9813 48.4486 1.2954
5.38318 59.215 0.377681
16.1495 59.215 0.716129
26.9159 59.215 0.787832
37.6822 59.215 1.1217
48.4486 59.215 1.37199
59.215 59.215 1.48026
69.9813 59.215 1.12171
5.38318 69.9813 -0.00424247
16.1495 69.9813 -0.0166479
26.9159 69.9813 -0.024647
37.6822 69.9813 0.363819
48.4486 69.9813 0.636435
59.215 69.9813 0.993281
69.9813 69.9813 0.818018
5.38318 80.7477 -0.258093
16.1495 80.7477 -0.432911
26.9159 80.7477 -0.460395
37.6822 80.7477 -0.342529
48.4486 80.7477 -0.254624
59.215 80.7477 0.111804
69.9813 80.7477 0.315124
5.38318 91.514 -0.522666
16.1495 91.514 -0.850302
26.9159 91.514 -0.9087
37.6822 91.514 -0.845461
48.4486 91.514 -0.740474
59.215 91.514 -0.435599
69.9813 91.514 -0.149683
5.38318 102.28 -0.568712
16.1495 102.28 -0.914802
26.9159 102.28 -0.989249
37.6822 102.28 -0.981166
48.4486 102.28 -0.925875
59.215 102.28 -0.682327
69.9813 102.28 -0.289532
5.38318 113.047 -0.572389
16.1495 113.047 -0.914661
26.9159 113.047 -0.985331
37.6822 113.047 -0.983346
48.4486 113.047 -0.929238
59.215 113.047 -0.714483
69.9813 113.047 -0.302261
5.38318 123.813 -0.542338
16.1495 123.813 -0.852886
26.9159 123.813 -0.877737
37.6822 123.813 -0.842326
48.4486 123.813 -0.775966
59.215 123.813 -0.559389
69.9813 123.813 -0.218861
5.38318 134.579 -0.392701
16.1495 134.579 -0.569871
26.9159 134.579 -0.522864
37.6822 134.579 -0.474064
48.4486 134.579 -0.445275
59.215 134.579 -0.279615
69.9813 134.579 -0.0657102
5.38318 145.346 -0.173207
16.1495 145.346 -0.122641
26.9159 145.346 0.0775629
37.6822 145.346 0.482294
48.4486 145.346 0.484938
59.215 145.346 0.530785
69.9813 145.346 0.448125
5.38318 156.112 0.462448
16.1495 156.112 1.20657
26.9159 156.112 1.91971
37.6822 156.112 2.29859
48.4486 156.112 2.18817
59.215 156.112 1.67035
69.9813 156.112 1.03716
5.38318 166.879 0.985494
16.1495 166.879 2.26587
26.9159 166.879 3.57086
37.6822 166.879 4.14294
48.4486 166.879 3.92781
59.215 166.879 2.67272
69.9813 166.879 1.53074
5.38318 177.645 1.3437
16.1495 177.645 2.94627
26.9159 177.645 4.90275
37.6822 177.645 5.48724
48.4486 177.645 5.17251
59.215 177.645 3.31511
69.9813 177.645 1.8376
5.38318 188.411 1.13967
16.1495 188.411 2.75299
26.9159 188.411 4.88749
37.6822 188.411 5.56117
48.4486 188.411 5.11017
59.215 188.411 3.2157
69.9813 188.411 1.72539
5.38318 199.178 0.638763
16.1495 199.178 1.84583
26.9159 199.178 3.3702
37.6822 199.178 3.78029
48.4486 199.178 3.29416
59.215 199.178 2.16139
69.9813 199.178 1.12959
5.38318 209.944 0.134679
16.1495 209.944 0.583708
26.9159 209.944 1.18923
37.6822 209.944 1.34554
48.4486 209.944 0.992088
59.215 209.944 0.791146
69.9813 209.944 0.439563
