37 37
0 17 72 40
0 1 72 72
0 0 72 82
0 0 72 144
0 0 72 216
5.38318 5.38318 0.581914
16.1495 5.38318 1.00575
26.9159 5.38318 1.39698
37.6822 5.38318 1.46665
48.4486 5.38318 1.38363
59.215 5.38318 1.06117
69.9813 5.38318 0.645054
5.38318 16.1495 1.06063
16.1495 16.1495 2.09396
26.9159 16.1495 2.95656
37.6822 16.1495 3.12067
48.4486 16.1495 2.90684
59.215 16.1495 2.17568
69.9813 16.1495 1.31874
5.38318 26.9159 1.34852
16.1495 26.9159 2.75768
26.9159 26.9159 4.24311
37.6822 26.9159 4.64011
48.4486 26.9159 4.32241
59.215 26.9159 3.15346
69.9813 26.9159 1.85733
5.38318 37.6822 1.40635
16.1495 37.6822 2.82861
26.9159 37.6822 4.44611
37.6822 37.6822 4.92356
48.4486 37.6822 4.62402
59.215 37.6822 3.27976
69.9813 37.6822 1.87957
5.38318 48.4486 1.36492
16.1495 48.4486 2.49781
26.9159 48.4486 3.7536
37.6822 48.4486 3.9881
48.4486 48.4486 3.74051
59.215 48.4486 2.65511
69.9813 48.4486 1.58135
5.38318 59.215 0.917367
16.1495 59.215 1.48279
26.9159 59.215 1.89572
37.6822 59.215 1.82627
48.4486 59.215 1.81271
59.215 59.215 1.62987
69.9813 59.215 1.23504
5.38318 69.9813 0.521047
16.1495 69.9813 0.843749
26.9159 69.9813 0.986584
37.6822 69.9813 0.802587
48.4486 69.9813 0.785901
59.215 69.9813 0.952107
69.9813 69.9813 0.906565
5.38318 80.7477 -0.0817432
16.1495 80.7477 -0.0844393
26.9159 80.7477 0.0570032
37.6822 80.7477 -0.0491841
48.4486 80.7477 -0.0471446
59.215 80.7477 0.154516
69.9813 80.7477 0.405809
5.38318 91.514 -0.330971
16.1495 91.514 -0.45924
26.9159 91.514 -0.400073
37.6822 91.514 -0.37458
48.4486 91.514 -0.378647
59.215 91.514 -0.247274
69.9813 91.514 -0.0639147
5.38318 102.28 -0.314992
16.1495 102.28 -0.436258
26.9159 102.28 -0.36126
37.6822 102.28 -0.320005
48.4486 102.28 -0.330285
59.215 102.28 -0.250717
69.9813 102.28 -0.100158
5.38318 113.047 -0.279922
16.1495 113.047 -0.413331
26.9159 113.047 -0.390051
37.6822 113.047 -0.37464
48.4486 113.047 -0.376017
59.215 113.047 -0.294967
69.9813 113.047 -0.130041
5.38318 123.813 -0.13296
16.1495 123.813 -0.156377
26.9159 123.813 -0.100857
37.6822 123.813 -0.0732086
48.4486 123.813 -0.126091
59.215 123.813 -0.110308
69.9813 123.813 -0.0327844
5.38318 134.579 0.259374
16.1495 134.579 0.548127
26.9159 134.579 0.753413
37.6822 134.579 0.816659
48.4486 134.579 0.529452
59.215 134.579 0.386072
69.9813 134.579 0.260757
5.38318 145.346 0.951042
16.1495 145.346 1.73297
26.9159 145.346 2.0493
37.6822 145.346 2.12452
48.4486 145.346 1.65596
59.215 145.346 1.30375
69.9813 145.346 0.757981
5.38318 156.112 1.35029
16.1495 156.112 2.2792
26.9159 156.112 2.65762
37.6822 156.112 2.73684
48.4486 156.112 2.28488
59.215 156.112 1.96002
69.9813 156.112 1.1411
5.38318 166.879 1.38556
16.1495 166.879 2.20433
26.9159 166.879 2.49152
37.6822 166.879 2.51746
48.4486 166.879 2.33651
59.215 166.879 2.29972
69.9813 166.879 1.45176
5.38318 177.645 0.748816
16.1495 177.645 0.947792
26.9159 177.645 1.08823
37.6822 177.645 1.09405
48.4486 177.645 1.58921
59.215 177.645 2.17673
69.9813 177.645 1.59603
5.38318 188.411 0.339778
16.1495 188.411 0.196412
26.9159 188.411 0.176946
37.6822 188.411 0.206983
48.4486 188.411 1.11494
59.215 188.411 1.86979
69.9813 188.411 1.59626
5.38318 199.178 0.219995
16.1495 199.178 0.0307307
26.9159 199.178 -0.0215514
37.6822 199.178 0.0555564
48.4486 199.178 0.750463
59.215 199.178 1.42593
69.9813 199.178 1.27997
5.38318 209.944 0.232069
16.1495 209.944 0.225482
26.9159 209.944 0.0946354
37.6822 209.944 0.101659
48.4486 209.944 0.299756
59.215 209.944 0.631964
69.9813 209.944 0.590651
