37 37
0 17 72 40
0 1 72 72
0 0 72 82
0 0 72 144
0 0 72 216
5.38318 5.38318 0.364808
16.1495 5.38318 0.780317
26.9159 5.38318 1.31453
37.6822 5.38318 1.43834
48.4486 5.38318 1.24498
59.215 5.38318 0.6906
69.9813 5.38318 0.377204
5.38318 16.1495 0.73938
16.1495 16.1495 1.83423
26.9159 16.1495 3.13208
37.6822 16.1495 3.47175
48.4486 16.1495 2.96901
59.215 16.1495 1.69016
69.9813 16.1495 0.900775
5.38318 26.9159 1.04745
16.1495 26.9159 2.65266
26.9159 26.9159 4.92506
37.6822 26.9159 5.52472
48.4486 26.9159 4.70076
59.215 26.9159 2.53931
69.9813 26.9159 1.19663
5.38318 37.6822 1.22468
16.1495 37.6822 3.00503
26.9159 37.6822 5.41204
37.6822 37.6822 6.0747
48.4486 37.6822 5.13967
59.215 37.6822 2.81476
69.9813 37.6822 1.28279
5.38318 48.4486 1.20746
16.1495 48.4486 2.58361
26.9159 48.4486 4.27894
37.6822 48.4486 4.60303
48.4486 48.4486 3.8816
59.215 48.4486 2.25138
69.9813 48.4486 1.11673
5.38318 59.215 0.859264
16.1495 59.215 1.77183
26.9159 59.215 2.31186
37.6822 59.215 2.27555
48.4486 59.215 1.84184
59.215 59.215 1.28561
69.9813 59.215 0.88705
5.38318 69.9813 0.476284
16.1495 69.9813 1.09519
26.9159 69.9813 1.24744
37.6822 69.9813 1.15817
48.4486 69.9813 0.916856
59.215 69.9813 0.918338
69.9813 69.9813 0.80236
5.38318 80.7477 -0.0897699
16.1495 80.7477 0.0342783
26.9159 80.7477 0.289018
37.6822 80.7477 0.208631
48.4486 80.7477 0.154932
59.215 80.7477 0.325822
69.9813 80.7477 0.464645
5.38318 91.514 -0.327878
16.1495 91.514 -0.426883
26.9159 91.514 -0.342844
37.6822 91.514 -0.288376
48.4486 91.514 -0.277804
59.215 91.514 -0.179161
69.9813 91.514 -0.0197964
5.38318 102.28 -0.312996
16.1495 102.28 -0.437926
26.9159 102.28 -0.353783
37.6822 102.28 -0.2956
48.4486 102.28 -0.304166
59.215 102.28 -0.249363
69.9813 102.28 -0.111785
5.38318 113.047 -0.287702
16.1495 113.047 -0.431738
26.9159 113.047 -0.415148
37.6822 113.047 -0.413712
48.4486 113.047 -0.407204
59.215 113.047 -0.32099
69.9813 113.047 -0.14011
5.38318 123.813 -0.205081
16.1495 123.813 -0.290202
26.9159 123.813 -0.243968
37.6822 123.813 -0.250395
48.4486 123.813 -0.264492
59.215 123.813 -0.207512
69.9813 123.813 -0.0792699
5.38318 134.579 -0.0525172
16.1495 134.579 -0.0183473
26.9159 134.579 0.177195
37.6822 134.579 0.126219
48.4486 134.579 0.0182503
59.215 134.579 0.000739016
69.9813 134.579 0.110235
5.38318 145.346 0.391024
16.1495 145.346 0.976112
26.9159 145.346 1.48867
37.6822 145.346 1.60874
48.4486 145.346 1.4164
59.215 145.346 0.973529
69.9813 145.346 0.604143
5.38318 156.112 0.85772
16.1495 156.112 2.02383
26.9159 156.112 2.93522
37.6822 156.112 3.14399
48.4486 156.112 2.74325
59.215 156.112 1.83334
69.9813 156.112 1.03676
5.38318 166.879 1.22998
16.1495 166.879 2.89799
26.9159 166.879 4.53
37.6822 166.879 5.01919
48.4486 166.879 4.33663
59.215 166.879 2.76903
69.9813 166.879 1.41517
5.38318 177.645 1.20875
16.1495 177.645 2.94818
26.9159 177.645 4.92367
37.6822 177.645 5.58975
48.4486 177.645 4.88906
59.215 177.645 3.08025
69.9813 177.645 1.5143
5.38318 188.411 1.17759
16.1495 188.411 2.66606
26.9159 188.411 4.34017
37.6822 188.411 4.7884
48.4486 188.411 4.25938
59.215 188.411 2.75606
69.9813 188.411 1.44332
5.38318 199.178 0.946391
16.1495 199.178 1.80392
26.9159 199.178 2.42398
37.6822 199.178 2.5271
48.4486 199.178 2.55306
59.215 199.178 1.98081
69.9813 199.178 1.32526
5.38318 209.944 0.753971
16.1495 209.944 1.39155
26.9159 209.944 1.64719
37.6822 209.944 1.64556
48.4486 209.944 1.82773
59.215 209.944 1.58257
69.9813 209.944 1.15057
