37 188
0 168 72 40
0 144 72 72
0 134 72 82
0 72 72 144
0 0 72 216
5.38318 5.38318 0.678985
16.1495 5.38318 0.90767
26.9159 5.38318 1.00182
37.6822 5.38318 0.988542
48.4486 5.38318 0.858817
59.215 5.38318 0.833213
69.9813 5.38318 0.542315
5.38318 16.1495 0.981967
16.1495 16.1495 1.64959
26.9159 16.1495 1.8641
37.6822 16.1495 1.77944
48.4486 16.1495 1.59679
59.215 16.1495 1.67594
69.9813 16.1495 1.14691
5.38318 26.9159 0.793676
16.1495 26.9159 1.39821
26.9159 26.9159 1.60568
37.6822 26.9159 1.50213
48.4486 26.9159 1.33772
59.215 26.9159 1.71938
69.9813 26.9159 1.29791
5.38318 37.6822 0.399458
16.1495 37.6822 0.692129
26.9159 37.6822 0.797682
37.6822 37.6822 0.675225
48.4486 37.6822 0.483967
59.215 37.6822 1.08139
69.9813 37.6822 0.922788
5.38318 48.4486 0.220912
16.1495 48.4486 0.278349
26.9159 48.4486 0.5474
37.6822 48.4486 0.544778
48.4486 48.4486 0.156188
59.215 48.4486 0.664085
69.9813 48.4486 0.572095
5.38318 59.215 0.46912
16.1495 59.215 0.631266
26.9159 59.215 1.10761
37.6822 59.215 1.15796
48.4486 59.215 0.609578
59.215 59.215 0.875697
69.9813 59.215 0.596791
5.38318 69.9813 0.148225
16.1495 69.9813 0.160015
26.9159 69.9813 0.755429
37.6822 69.9813 0.804295
48.4486 69.9813 0.26473
59.215 69.9813 0.558294
69.9813 69.9813 0.364241
5.38318 80.7477 -0.227002
16.1495 80.7477 -0.357259
26.9159 80.7477 -0.177512
37.6822 80.7477 -0.119218
48.4486 80.7477 -0.212206
59.215 80.7477 -0.0807978
69.9813 80.7477 -0.0288968
5.38318 91.514 -0.335952
16.1495 91.514 -0.520145
26.9159 91.514 -0.462683
37.6822 91.514 -0.420784
48.4486 91.514 -0.440358
59.215 91.514 -0.319206
69.9813 91.514 -0.156315
5.38318 102.28 -0.302897
16.1495 102.28 -0.453611
26.9159 102.28 -0.44158
37.6822 102.28 -0.417849
48.4486 102.28 -0.402438
59.215 102.28 -0.308754
69.9813 102.28 -0.134328
5.38318 113.047 -0.284475
16.1495 113.047 -0.43113
26.9159 113.047 -0.424068
37.6822 113.047 -0.431266
48.4486 113.047 -0.423401
59.215 113.047 -0.335397
69.9813 113.047 -0.148424
5.38318 123.813 -0.209208
16.1495 123.813 -0.318526
26.9159 123.813 -0.304516
37.6822 123.813 -0.330849
48.4486 123.813 -0.337695
59.215 123.813 -0.259147
69.9813 123.813 -0.101928
5.38318 134.579 -0.0834996
16.1495 134.579 -0.128164
26.9159 134.579 -0.121479
37.6822 134.579 -0.188969
48.4486 134.579 -0.208314
59.215 134.579 -0.146407
69.9813 134.579 -0.0210262
5.38318 145.346 0.154843
16.1495 145.346 0.270928
26.9159 145.346 0.274408
37.6822 145.346 0.0509832
48.4486 145.346 0.013954
59.215 145.346 0.107074
69.9813 145.346 0.244558
5.38318 156.112 0.454816
16.1495 156.112 0.957943
26.9159 156.112 1.34312
37.6822 156.112 1.1427
48.4486 156.112 1.09307
59.215 156.112 0.797706
69.9813 156.112 0.660481
5.38318 166.879 0.765744
16.1495 166.879 1.55167
26.9159 166.879 2.40118
37.6822 166.879 2.19712
48.4486 166.879 2.13408
59.215 166.879 1.44109
69.9813 166.879 1.05522
5.38318 177.645 0.963216
16.1495 177.645 2.17927
26.9159 177.645 3.71774
37.6822 177.645 3.80051
48.4486 177.645 3.63684
59.215 177.645 2.36604
69.9813 177.645 1.45759
5.38318 188.411 1.0576
16.1495 188.411 2.33546
26.9159 188.411 4.10665
37.6822 188.411 4.39434
48.4486 188.411 4.13677
59.215 188.411 2.64249
69.9813 188.411 1.5246
5.38318 199.178 0.878383
16.1495 199.178 1.96412
26.9159 199.178 3.57591
37.6822 199.178 3.86465
48.4486 199.178 3.51475
59.215 199.178 2.22989
69.9813 199.178 1.23275
5.38318 209.944 0.416662
16.1495 209.944 0.900873
26.9159 209.944 1.60454
37.6822 209.944 1.63045
48.4486 209.944 1.42371
59.215 209.944 0.935967
69.9813 209.944 0.55114
