26 166
0 146 72 40
0 130 72 72
0 125 72 82
0 72 72 144
0 0 72 216
5.38318 5.38318 0.217114
16.1495 5.38318 0.55179
26.9159 5.38318 1.09168
37.6822 5.38318 1.21957
48.4486 5.38318 0.926356
59.215 5.38318 0.451166
69.9813 5.38318 0.168739
5.38318 16.1495 0.345533
16.1495 16.1495 1.06275
26.9159 16.1495 1.94279
37.6822 16.1495 2.10832
48.4486 16.1495 1.64771
59.215 16.1495 0.849074
69.9813 16.1495 0.36894
5.38318 26.9159 0.102177
16.1495 26.9159 0.769329
26.9159 26.9159 1.64441
37.6822 26.9159 1.99215
48.4486 26.9159 1.4986
59.215 26.9159 0.655031
69.9813 26.9159 0.167054
5.38318 37.6822 0.330706
16.1495 37.6822 1.06767
26.9159 37.6822 1.7718
37.6822 37.6822 1.99006
48.4486 37.6822 1.50668
59.215 37.6822 0.745995
69.9813 37.6822 0.277934
5.38318 48.4486 0.575122
16.1495 48.4486 1.51223
26.9159 48.4486 2.18118
37.6822 48.4486 2.32387
48.4486 48.4486 1.86636
59.215 48.4486 1.03926
69.9813 48.4486 0.491131
5.38318 59.215 0.757563
16.1495 59.215 1.75317
26.9159 59.215 2.45693
37.6822 59.215 2.71971
48.4486 59.215 2.41259
59.215 59.215 1.6959
69.9813 59.215 0.992487
5.38318 69.9813 0.593256
16.1495 69.9813 1.48609
26.9159 69.9813 2.12459
37.6822 69.9813 2.49672
48.4486 69.9813 2.41707
59.215 69.9813 1.87523
69.9813 69.9813 1.17299
5.38318 80.7477 0.179267
16.1495 80.7477 0.610449
26.9159 80.7477 0.937242
37.6822 80.7477 1.3688
48.4486 80.7477 1.54909
59.215 80.7477 1.45103
69.9813 80.7477 1.0151
5.38318 91.514 -0.1979
16.1495 91.514 -0.246083
26.9159 91.514 -0.226782
37.6822 91.514 -0.122891
48.4486 91.514 0.0187932
59.215 91.514 0.281346
69.9813 91.514 0.375492
5.38318 102.28 -0.283844
16.1495 102.28 -0.424896
26.9159 102.28 -0.412717
37.6822 102.28 -0.386099
48.4486 102.28 -0.361183
59.215 102.28 -0.257261
69.9813 102.28 -0.0997571
5.38318 113.047 -0.292987
16.1495 113.047 -0.439223
26.9159 113.047 -0.42767
37.6822 113.047 -0.415646
48.4486 113.047 -0.39927
59.215 113.047 -0.310044
69.9813 113.047 -0.136983
5.38318 123.813 -0.180305
16.1495 123.813 -0.244521
26.9159 123.813 -0.175958
37.6822 123.813 -0.180277
48.4486 123.813 -0.186084
59.215 123.813 -0.146168
69.9813 123.813 -0.0375549
5.38318 134.579 0.0820421
16.1495 134.579 0.30626
26.9159 134.579 0.602329
37.6822 134.579 0.48853
48.4486 134.579 0.35156
59.215 134.579 0.209734
69.9813 134.579 0.264124
5.38318 145.346 0.851052
16.1495 145.346 1.6319
26.9159 145.346 2.08002
37.6822 145.346 1.73949
48.4486 145.346 1.37237
59.215 145.346 0.953514
69.9813 145.346 0.738199
5.38318 156.112 1.35149
16.1495 156.112 2.59662
26.9159 156.112 3.21154
37.6822 156.112 2.67123
48.4486 156.112 2.06188
59.215 156.112 1.48308
69.9813 156.112 1.04591
5.38318 166.879 1.59656
16.1495 166.879 3.05257
26.9159 166.879 3.75501
37.6822 166.879 3.2204
48.4486 166.879 2.50688
59.215 166.879 1.7799
69.9813 166.879 1.19801
5.38318 177.645 1.42707
16.1495 177.645 2.61852
26.9159 177.645 3.22697
37.6822 177.645 2.9846
48.4486 177.645 2.57254
59.215 177.645 1.92382
69.9813 177.645 1.23047
5.38318 188.411 1.16038
16.1495 188.411 2.08964
26.9159 188.411 2.67347
37.6822 188.411 2.81205
48.4486 188.411 2.77723
59.215 188.411 2.18134
69.9813 188.411 1.36961
5.38318 199.178 1.04679
16.1495 199.178 1.87808
26.9159 199.178 2.34377
37.6822 199.178 2.48319
48.4486 199.178 2.57407
59.215 199.178 2.07945
69.9813 199.178 1.36659
5.38318 209.944 0.681167
16.1495 209.944 1.27018
26.9159 209.944 1.61802
37.6822 209.944 1.80723
48.4486 209.944 1.93708
59.215 209.944 1.56546
69.9813 209.944 1.04123
