37 37
0 17 72 40
0 1 72 72
0 0 72 82
0 0 72 144
0 0 72 216
5.38318 5.38318 0.489293
16.1495 5.38318 0.944671
26.9159 5.38318 1.4191
37.6822 5.38318 1.54164
48.4486 5.38318 1.31371
59.215 5.38318 0.841087
69.9813 5.38318 0.420447
5.38318 16.1495 0.898577
16.1495 16.1495 2.04872
26.9159 16.1495 3.23104
37.6822 16.1495 3.62515
48.4486 16.1495 3.02652
59.215 16.1495 1.93438
69.9813 16.1495 0.94229
5.38318 26.9159 1.14878
16.1495 26.9159 2.96844
26.9159 26.9159 5.07826
37.6822 26.9159 5.85125
48.4486 26.9159 4.76029
59.215 26.9159 2.83005
69.9813 26.9159 1.27332
5.38318 37.6822 1.228
16.1495 37.6822 3.26194
26.9159 37.6822 5.63892
37.6822 37.6822 6.44732
48.4486 37.6822 5.33485
59.215 37.6822 3.13413
69.9813 37.6822 1.40413
5.38318 48.4486 1.13899
16.1495 48.4486 2.81459
26.9159 48.4486 4.69237
37.6822 48.4486 5.39699
48.4486 48.4486 4.59291
59.215 48.4486 2.85319
69.9813 48.4486 1.45388
5.38318 59.215 0.93708
16.1495 59.215 1.89127
26.9159 59.215 2.49568
37.6822 59.215 2.81233
48.4486 59.215 2.7678
59.215 59.215 2.16824
69.9813 59.215 1.42016
5.38318 69.9813 0.688294
16.1495 69.9813 1.27644
26.9159 69.9813 1.46878
37.6822 69.9813 1.72546
48.4486 69.9813 1.9454
59.215 69.9813 1.86581
69.9813 69.9813 1.31267
5.38318 80.7477 -0.0356234
16.1495 80.7477 0.030966
26.9159 80.7477 0.051913
37.6822 80.7477 0.222781
48.4486 80.7477 0.402489
59.215 80.7477 0.634788
69.9813 80.7477 0.618121
5.38318 91.514 -0.44065
16.1495 91.514 -0.693294
26.9159 91.514 -0.732664
37.6822 91.514 -0.701772
48.4486 91.514 -0.667567
59.215 91.514 -0.426421
69.9813 91.514 -0.156614
5.38318 102.28 -0.565455
16.1495 102.28 -0.900398
26.9159 102.28 -0.980665
37.6822 102.28 -0.972673
48.4486 102.28 -0.934143
59.215 102.28 -0.703784
69.9813 102.28 -0.308771
5.38318 113.047 -0.587479
16.1495 113.047 -0.941265
26.9159 113.047 -1.02589
37.6822 113.047 -1.02552
48.4486 113.047 -0.96953
59.215 113.047 -0.765535
69.9813 113.047 -0.329569
5.38318 123.813 -0.577431
16.1495 123.813 -0.91851
26.9159 123.813 -0.985442
37.6822 123.813 -0.975761
48.4486 123.813 -0.921801
59.215 123.813 -0.709498
69.9813 123.813 -0.302283
5.38318 134.579 -0.541912
16.1495 134.579 -0.843405
26.9159 134.579 -0.849112
37.6822 134.579 -0.831336
48.4486 134.579 -0.793789
59.215 134.579 -0.60552
69.9813 134.579 -0.249233
5.38318 145.346 -0.370315
16.1495 145.346 -0.437579
26.9159 145.346 -0.217785
37.6822 145.346 -0.163387
48.4486 145.346 -0.244365
59.215 145.346 -0.283219
69.9813 145.346 -0.112593
5.38318 156.112 -0.0442457
16.1495 156.112 0.640703
26.9159 156.112 1.73778
37.6822 156.112 2.02741
48.4486 156.112 1.42776
59.215 156.112 0.596827
69.9813 156.112 0.27253
5.38318 166.879 0.636393
16.1495 166.879 2.2549
26.9159 166.879 4.05802
37.6822 166.879 4.56172
48.4486 166.879 3.52681
59.215 166.879 1.89844
69.9813 166.879 0.746793
5.38318 177.645 0.941658
16.1495 177.645 2.84753
26.9159 177.645 5.20806
37.6822 177.645 5.99189
48.4486 177.645 4.77965
59.215 177.645 2.64354
69.9813 177.645 1.13851
5.38318 188.411 0.814535
16.1495 188.411 2.48674
26.9159 188.411 4.56898
37.6822 188.411 5.2443
48.4486 188.411 4.19537
59.215 188.411 2.38446
69.9813 188.411 1.0609
5.38318 199.178 0.348117
16.1495 199.178 1.26288
26.9159 199.178 2.38293
37.6822 199.178 2.76361
48.4486 199.178 2.38938
59.215 199.178 1.55218
69.9813 199.178 0.915271
5.38318 209.944 0.213436
16.1495 209.944 0.751466
26.9159 209.944 1.14989
37.6822 209.944 1.32183
48.4486 209.944 1.14435
59.215 209.944 0.961146
69.9813 209.944 0.722934
