37 166
0 146 72 40
0 130 72 72
0 125 72 82
0 72 72 144
0 0 72 216
5.38318 5.38318 0.27745
16.1495 5.38318 0.519363
26.9159 5.38318 1.08159
37.6822 5.38318 1.04363
48.4486 5.38318 0.876876
59.215 5.38318 0.437796
69.9813 5.38318 0.227895
5.38318 16.1495 0.444942
16.1495 16.1495 1.21072
26.9159 16.1495 2.26785
37.6822 16.1495 2.2796
48.4486 16.1495 1.99954
59.215 16.1495 1.07358
69.9813 16.1495 0.610028
5.38318 26.9159 0.558974
16.1495 26.9159 1.63468
26.9159 26.9159 3.06236
37.6822 26.9159 3.089
48.4486 26.9159 2.64976
59.215 26.9159 1.32619
69.9813 26.9159 0.720409
5.38318 37.6822 0.842452
16.1495 37.6822 2.05283
26.9159 37.6822 3.42172
37.6822 37.6822 3.61224
48.4486 37.6822 3.15887
59.215 37.6822 1.97801
69.9813 37.6822 1.1713
5.38318 48.4486 1.28482
16.1495 48.4486 2.39626
26.9159 48.4486 3.47344
37.6822 48.4486 3.50787
48.4486 48.4486 3.19383
59.215 48.4486 2.30438
69.9813 48.4486 1.50488
5.38318 59.215 1.54658
16.1495 59.215 2.48912
26.9159 59.215 2.8991
37.6822 59.215 2.70956
48.4486 59.215 2.73582
59.215 59.215 2.60851
69.9813 59.215 1.96523
5.38318 69.9813 1.43115
16.1495 69.9813 2.10435
26.9159 69.9813 2.27517
37.6822 69.9813 1.76615
48.4486 69.9813 2.10327
59.215 69.9813 2.32445
69.9813 69.9813 1.9475
5.38318 80.7477 0.363467
16.1495 80.7477 0.425219
26.9159 80.7477 0.656537
37.6822 80.7477 0.342954
48.4486 80.7477 0.754938
59.215 80.7477 1.20837
69.9813 80.7477 1.23869
5.38318 91.514 -0.470524
16.1495 91.514 -0.77999
26.9159 91.514 -0.695713
37.6822 91.514 -0.718433
48.4486 91.514 -0.635967
59.215 91.514 -0.452141
69.9813 91.514 -0.131812
5.38318 102.28 -0.569054
16.1495 102.28 -0.923831
26.9159 102.28 -0.969801
37.6822 102.28 -0.97205
48.4486 102.28 -0.912437
59.215 102.28 -0.706498
69.9813 102.28 -0.305446
5.38318 113.047 -0.576891
16.1495 113.047 -0.915688
26.9159 113.047 -0.984234
37.6822 113.047 -0.982628
48.4486 113.047 -0.935034
59.215 113.047 -0.730287
69.9813 113.047 -0.313912
5.38318 123.813 -0.48816
16.1495 123.813 -0.680314
26.9159 123.813 -0.544775
37.6822 123.813 -0.516115
48.4486 123.813 -0.572387
59.215 123.813 -0.506334
69.9813 123.813 -0.230903
5.38318 134.579 -0.243501
16.1495 134.579 -0.131291
26.9159 134.579 0.769043
37.6822 134.579 0.945295
48.4486 134.579 0.452173
59.215 134.579 -0.0655442
69.9813 134.579 -0.0365144
5.38318 145.346 0.349849
16.1495 145.346 1.5099
26.9159 145.346 3.18276
37.6822 145.346 3.5442
48.4486 145.346 2.68735
59.215 145.346 1.30204
69.9813 145.346 0.568302
5.38318 156.112 0.830381
16.1495 156.112 2.52663
26.9159 156.112 4.81105
37.6822 156.112 5.35477
48.4486 156.112 4.34199
59.215 156.112 2.3664
69.9813 156.112 1.10089
5.38318 166.879 1.09871
16.1495 166.879 2.95466
26.9159 166.879 5.37739
37.6822 166.879 5.91208
48.4486 166.879 4.78701
59.215 166.879 2.63806
69.9813 166.879 1.23805
5.38318 177.645 0.8265
16.1495 177.645 2.35945
26.9159 177.645 4.39363
37.6822 177.645 4.72713
48.4486 177.645 3.92503
59.215 177.645 2.12903
69.9813 177.645 1.05181
5.38318 188.411 0.499985
16.1495 188.411 1.75509
26.9159 188.411 3.26595
37.6822 188.411 3.53625
48.4486 188.411 2.7071
59.215 188.411 1.36494
69.9813 188.411 0.62166
5.38318 199.178 0.187461
16.1495 199.178 0.909399
26.9159 199.178 1.78991
37.6822 199.178 1.98954
48.4486 199.178 1.53279
59.215 199.178 0.957548
69.9813 199.178 0.642114
5.38318 209.944 0.134794
16.1495 209.944 0.672941
26.9159 209.944 0.982993
37.6822 209.944 1.13056
48.4486 209.944 0.904382
59.215 209.944 0.827578
69.9813 209.944 0.633932
