37 166
0 146 72 40
0 130 72 72
0 125 72 82
0 72 72 144
0 0 72 216
5.38318 5.38318 0.600617
16.1495 5.38318 1.11211
26.9159 5.38318 1.58654
37.6822 5.38318 1.62626
48.4486 5.38318 1.32832
59.215 5.38318 0.897089
69.9813 5.38318 0.473578
5.38318 16.1495 0.981449
16.1495 16.1495 2.09262
26.9159 16.1495 3.14863
37.6822 16.1495 3.26364
48.4486 16.1495 2.73267
59.215 16.1495 1.82931
69.9813 16.1495 1.02262
5.38318 26.9159 1.08142
16.1495 26.9159 2.45497
26.9159 26.9159 4.08439
37.6822 26.9159 4.38334
48.4486 26.9159 3.72772
59.215 26.9159 2.33968
69.9813 26.9159 1.2124
5.38318 37.6822 1.03535
16.1495 37.6822 2.37267
26.9159 37.6822 4.09625
37.6822 37.6822 4.56616
48.4486 37.6822 3.99242
59.215 37.6822 2.4939
69.9813 37.6822 1.23964
5.38318 48.4486 1.03255
16.1495 48.4486 2.18149
26.9159 48.4486 3.56217
37.6822 48.4486 3.92278
48.4486 48.4486 3.41804
59.215 48.4486 2.18491
69.9813 48.4486 1.1116
5.38318 59.215 0.738845
16.1495 59.215 1.47291
26.9159 59.215 1.89866
37.6822 59.215 1.94657
48.4486 59.215 1.707
59.215 59.215 1.34614
69.9813 59.215 0.918251
5.38318 69.9813 0.44555
16.1495 69.9813 0.917396
26.9159 69.9813 0.933948
37.6822 69.9813 0.872892
48.4486 69.9813 0.768209
59.215 69.9813 0.815827
69.9813 69.9813 0.722683
5.38318 80.7477 -0.00294936
16.1495 80.7477 0.216417
26.9159 80.7477 0.339128
37.6822 80.7477 0.295276
48.4486 80.7477 0.272418
59.215 80.7477 0.420072
69.9813 80.7477 0.473422
5.38318 91.514 -0.258939
16.1495 91.514 -0.335798
26.9159 91.514 -0.26658
37.6822 91.514 -0.202879
48.4486 91.514 -0.198597
59.215 91.514 -0.116531
69.9813 91.514 0.00994416
5.38318 102.28 -0.297256
16.1495 102.28 -0.417564
26.9159 102.28 -0.338592
37.6822 102.28 -0.278537
48.4486 102.28 -0.269594
59.215 102.28 -0.209356
69.9813 102.28 -0.0841974
5.38318 113.047 -0.301982
16.1495 113.047 -0.457595
26.9159 113.047 -0.460246
37.6822 113.047 -0.440649
48.4486 113.047 -0.413662
59.215 113.047 -0.318656
69.9813 113.047 -0.137153
5.38318 123.813 -0.278577
16.1495 123.813 -0.410351
26.9159 123.813 -0.336239
37.6822 123.813 -0.314966
48.4486 123.813 -0.301307
59.215 123.813 -0.255115
69.9813 123.813 -0.112281
5.38318 134.579 -0.201339
16.1495 134.579 -0.228898
26.9159 134.579 -0.00650932
37.6822 134.579 0.179484
48.4486 134.579 0.0704737
59.215 134.579 -0.060915
69.9813 134.579 -0.0388189
5.38318 145.346 -0.04555
16.1495 145.346 0.37192
26.9159 145.346 1.45707
37.6822 145.346 1.77042
48.4486 145.346 1.39194
59.215 145.346 0.616658
69.9813 145.346 0.218244
5.38318 156.112 0.266802
16.1495 156.112 1.27179
26.9159 156.112 2.91142
37.6822 156.112 3.46248
48.4486 156.112 2.73438
59.215 156.112 1.38227
69.9813 156.112 0.488694
5.38318 166.879 0.615903
16.1495 166.879 1.95725
26.9159 166.879 3.90709
37.6822 166.879 4.59014
48.4486 166.879 3.67578
59.215 166.879 1.88704
69.9813 166.879 0.760934
5.38318 177.645 0.89563
16.1495 177.645 2.21291
26.9159 177.645 3.81766
37.6822 177.645 4.27363
48.4486 177.645 3.55953
59.215 177.645 1.99273
69.9813 177.645 0.981452
5.38318 188.411 1.17763
16.1495 188.411 2.31153
26.9159 188.411 3.12687
37.6822 188.411 3.3427
48.4486 188.411 2.98905
59.215 188.411 2.04971
69.9813 188.411 1.25428
5.38318 199.178 1.10284
16.1495 199.178 2.05151
26.9159 199.178 2.64736
37.6822 199.178 2.79581
48.4486 199.178 2.74553
59.215 199.178 2.06863
69.9813 199.178 1.34907
5.38318 209.944 0.706347
16.1495 209.944 1.30419
26.9159 209.944 1.64077
37.6822 209.944 1.8034
48.4486 209.944 1.90109
59.215 209.944 1.56064
69.9813 209.944 1.05796
