37 177
0 157 72 40
0 141 72 72
0 134 72 82
0 72 72 144
0 0 72 216
5.38318 5.38318 0.186234
16.1495 5.38318 0.281296
26.9159 5.38318 0.461557
37.6822 5.38318 0.470793
48.4486 5.38318 0.398731
59.215 5.38318 0.325794
69.9813 5.38318 0.22583
5.38318 16.1495 0.39679
16.1495 16.1495 0.934836
26.9159 16.1495 1.48587
37.6822 16.1495 1.59928
48.4486 16.1495 1.39656
59.215 16.1495 1.01404
69.9813 16.1495 0.624799
5.38318 26.9159 0.396837
16.1495 26.9159 1.12732
26.9159 26.9159 1.92911
37.6822 26.9159 2.12054
48.4486 26.9159 1.84905
59.215 26.9159 1.23
69.9813 26.9159 0.713932
5.38318 37.6822 0.768831
16.1495 37.6822 1.77614
26.9159 37.6822 2.85389
37.6822 37.6822 3.10129
48.4486 37.6822 2.66781
59.215 37.6822 1.76684
69.9813 37.6822 0.951131
5.38318 48.4486 0.661321
16.1495 48.4486 1.5681
26.9159 48.4486 2.73862
37.6822 48.4486 2.9421
48.4486 48.4486 2.48867
59.215 48.4486 1.53394
69.9813 48.4486 0.791021
5.38318 59.215 0.25871
16.1495 59.215 0.86245
26.9159 59.215 2.0305
37.6822 59.215 2.08839
48.4486 59.215 1.51067
59.215 59.215 0.622467
69.9813 59.215 0.237037
5.38318 69.9813 -0.248007
16.1495 69.9813 -0.307936
26.9159 69.9813 -0.00574216
37.6822 69.9813 -0.0684631
48.4486 69.9813 -0.29705
59.215 69.9813 -0.366812
69.9813 69.9813 -0.207353
5.38318 80.7477 -0.479792
16.1495 80.7477 -0.713434
26.9159 80.7477 -0.647847
37.6822 80.7477 -0.68481
48.4486 80.7477 -0.80376
59.215 80.7477 -0.684947
69.9813 80.7477 -0.349257
5.38318 91.514 -0.56208
16.1495 91.514 -0.897516
26.9159 91.514 -0.974814
37.6822 91.514 -0.995067
48.4486 91.514 -0.971633
59.215 91.514 -0.784431
69.9813 91.514 -0.356833
5.38318 102.28 -0.587833
16.1495 102.28 -0.944208
26.9159 102.28 -1.03502
37.6822 102.28 -1.04223
48.4486 102.28 -0.989926
59.215 102.28 -0.784043
69.9813 102.28 -0.344483
5.38318 113.047 -0.581161
16.1495 113.047 -0.929253
26.9159 113.047 -1.01053
37.6822 113.047 -1.00964
48.4486 113.047 -0.955285
59.215 113.047 -0.750349
69.9813 113.047 -0.322272
5.38318 123.813 -0.557443
16.1495 123.813 -0.882422
26.9159 123.813 -0.938771
37.6822 123.813 -0.933199
48.4486 123.813 -0.882528
59.215 123.813 -0.662661
69.9813 123.813 -0.277263
5.38318 134.579 -0.476687
16.1495 134.579 -0.711093
26.9159 134.579 -0.640664
37.6822 134.579 -0.63229
48.4486 134.579 -0.58886
59.215 134.579 -0.460841
69.9813 134.579 -0.169811
5.38318 145.346 -0.265663
16.1495 145.346 -0.264709
26.9159 145.346 -0.00823968
37.6822 145.346 0.180144
48.4486 145.346 0.0572222
59.215 145.346 -0.0563579
69.9813 145.346 0.0324386
5.38318 156.112 0.146151
16.1495 156.112 0.936872
26.9159 156.112 2.03821
37.6822 156.112 2.39472
48.4486 156.112 1.96722
59.215 156.112 1.07424
69.9813 156.112 0.559035
5.38318 166.879 0.714052
16.1495 166.879 2.20191
26.9159 166.879 3.86007
37.6822 166.879 4.47737
48.4486 166.879 3.59198
59.215 166.879 2.05714
69.9813 166.879 0.902715
5.38318 177.645 1.07232
16.1495 177.645 2.75192
26.9159 177.645 4.96015
37.6822 177.645 5.67201
48.4486 177.645 4.53146
59.215 177.645 2.44388
69.9813 177.645 1.04387
5.38318 188.411 1.00674
16.1495 188.411 2.56143
26.9159 188.411 4.66401
37.6822 188.411 5.08839
48.4486 188.411 3.97312
59.215 188.411 2.01699
69.9813 188.411 0.821188
5.38318 199.178 0.541816
16.1495 199.178 1.4558
26.9159 199.178 2.59172
37.6822 199.178 2.68048
48.4486 199.178 2.21604
59.215 199.178 1.00867
69.9813 199.178 0.596798
5.38318 209.944 0.253659
16.1495 209.944 0.65247
26.9159 209.944 1.04239
37.6822 209.944 0.955596
48.4486 209.944 0.812363
59.215 209.944 0.363535
69.9813 209.944 0.403701
