37 177
0 157 72 40
0 141 72 72
0 134 72 82
0 72 72 144
0 0 72 216
5.38318 5.38318 0.32973
16.1495 5.38318 0.464404
26.9159 5.38318 0.604704
37.6822 5.38318 0.580518
48.4486 5.38318 0.432008
59.215 5.38318 0.300623
69.9813 5.38318 0.177215
5.38318 16.1495 0.58329
16.1495 16.1495 0.969404
26.9159 16.1495 1.25042
37.6822 16.1495 1.26012
48.4486 16.1495 1.02512
59.215 16.1495 0.797425
69.9813 16.1495 0.498941
5.38318 26.9159 0.715371
16.1495 26.9159 1.041
26.9159 26.9159 1.05301
37.6822 26.9159 1.0639
48.4486 26.9159 0.882368
59.215 26.9159 0.830817
69.9813 26.9159 0.557764
5.38318 37.6822 0.973395
16.1495 37.6822 1.21507
26.9159 37.6822 0.925294
37.6822 37.6822 0.842479
48.4486 37.6822 0.816685
59.215 37.6822 1.05537
69.9813 37.6822 0.765555
5.38318 48.4486 0.719786
16.1495 48.4486 0.811456
26.9159 48.4486 0.462695
37.6822 48.4486 0.334149
48.4486 48.4486 0.493373
59.215 48.4486 0.952255
69.9813 48.4486 0.767362
5.38318 59.215 0.113446
16.1495 59.215 -0.020692
26.9159 59.215 -0.0298312
37.6822 59.215 -0.0252676
48.4486 59.215 0.20996
59.215 59.215 0.729168
69.9813 59.215 0.602038
5.38318 69.9813 -0.126195
16.1495 69.9813 -0.24584
26.9159 69.9813 -0.202984
37.6822 69.9813 -0.241272
48.4486 69.9813 -0.182662
59.215 69.9813 0.0312408
69.9813 69.9813 0.191212
5.38318 80.7477 -0.213908
16.1495 80.7477 -0.342156
26.9159 80.7477 -0.330655
37.6822 80.7477 -0.36639
48.4486 80.7477 -0.325221
59.215 80.7477 -0.20115
69.9813 80.7477 -0.0547851
5.38318 91.514 -0.281999
16.1495 91.514 -0.428193
26.9159 91.514 -0.455899
37.6822 91.514 -0.484463
48.4486 91.514 -0.479115
59.215 91.514 -0.385588
69.9813 91.514 -0.169502
5.38318 102.28 -0.298725
16.1495 102.28 -0.454448
26.9159 102.28 -0.452249
37.6822 102.28 -0.440791
48.4486 102.28 -0.410515
59.215 102.28 -0.327886
69.9813 102.28 -0.139864
5.38318 113.047 -0.298825
16.1495 113.047 -0.455358
26.9159 113.047 -0.469401
37.6822 113.047 -0.452359
48.4486 113.047 -0.432014
59.215 113.047 -0.332684
69.9813 113.047 -0.144151
5.38318 123.813 -0.281111
16.1495 123.813 -0.422194
26.9159 123.813 -0.386143
37.6822 123.813 -0.357187
48.4486 123.813 -0.32628
59.215 123.813 -0.252886
69.9813 123.813 -0.0994755
5.38318 134.579 -0.159089
16.1495 134.579 -0.188417
26.9159 134.579 -0.0791769
37.6822 134.579 -0.0119113
48.4486 134.579 -0.0171175
59.215 134.579 -0.0217083
69.9813 134.579 0.0626399
5.38318 145.346 0.0915459
16.1495 145.346 0.462563
26.9159 145.346 1.04305
37.6822 145.346 1.35802
48.4486 145.346 1.22661
59.215 145.346 0.816108
69.9813 145.346 0.500351
5.38318 156.112 0.745167
16.1495 156.112 1.75198
26.9159 156.112 2.72683
37.6822 156.112 3.1282
48.4486 156.112 2.74065
59.215 156.112 1.83397
69.9813 156.112 0.984347
5.38318 166.879 1.29907
16.1495 166.879 2.76742
26.9159 166.879 4.25393
37.6822 166.879 4.77599
48.4486 166.879 4.13892
59.215 166.879 2.64032
69.9813 166.879 1.31849
5.38318 177.645 1.60136
16.1495 177.645 3.3788
26.9159 177.645 5.07057
37.6822 177.645 5.58696
48.4486 177.645 4.85652
59.215 177.645 3.15454
69.9813 177.645 1.57634
5.38318 188.411 1.86882
16.1495 188.411 3.63989
26.9159 188.411 5.00056
37.6822 188.411 5.33958
48.4486 188.411 4.65494
59.215 188.411 3.1224
69.9813 188.411 1.61477
5.38318 199.178 1.77061
16.1495 199.178 3.08885
26.9159 199.178 3.51595
37.6822 199.178 3.64848
48.4486 199.178 3.40168
59.215 199.178 2.73869
69.9813 199.178 1.64285
5.38318 209.944 1.60975
16.1495 209.944 2.57647
26.9159 209.944 2.47336
37.6822 209.944 2.33406
48.4486 209.944 2.22561
59.215 209.944 1.97732
69.9813 209.944 1.27651
