37 26
0 6 72 40
0 0 72 72
0 0 72 82
0 0 72 144
0 0 72 216
5.38318 5.38318 0.580252
16.1495 5.38318 1.11542
26.9159 5.38318 1.50966
37.6822 5.38318 1.70366
48.4486 5.38318 1.55293
59.215 5.38318 1.10979
69.9813 5.38318 0.6147
5.38318 16.1495 0.966564
16.1495 16.1495 1.98308
26.9159 16.1495 2.74751
37.6822 16.1495 3.16651
48.4486 16.1495 2.92272
59.215 16.1495 2.1424
69.9813 16.1495 1.17831
5.38318 26.9159 1.00856
16.1495 26.9159 2.17266
26.9159 26.9159 3.12057
37.6822 26.9159 3.57302
48.4486 26.9159 3.2475
59.215 26.9159 2.39331
69.9813 26.9159 1.32601
5.38318 37.6822 0.936312
16.1495 37.6822 1.97974
26.9159 37.6822 2.99617
37.6822 37.6822 3.22334
48.4486 37.6822 2.89288
59.215 37.6822 2.0804
69.9813 37.6822 1.18869
5.38318 48.4486 0.684426
16.1495 48.4486 1.59731
26.9159 48.4486 2.66912
37.6822 48.4486 2.73283
48.4486 48.4486 2.35819
59.215 48.4486 1.44683
69.9813 48.4486 0.796704
5.38318 59.215 0.182843
16.1495 59.215 0.767472
26.9159 59.215 1.92857
37.6822 59.215 1.94599
48.4486 59.215 1.48424
59.215 59.215 0.623348
69.9813 59.215 0.319589
5.38318 69.9813 -0.286044
16.1495 69.9813 -0.353718
26.9159 69.9813 -0.119131
37.6822 69.9813 -0.162627
48.4486 69.9813 -0.311858
59.215 69.9813 -0.365772
69.9813 69.9813 -0.184035
5.38318 80.7477 -0.501553
16.1495 80.7477 -0.779771
26.9159 80.7477 -0.766474
37.6822 80.7477 -0.807328
48.4486 80.7477 -0.865101
59.215 80.7477 -0.715241
69.9813 80.7477 -0.341262
5.38318 91.514 -0.569268
16.1495 91.514 -0.919491
26.9159 91.514 -1.01976
37.6822 91.514 -1.04899
48.4486 91.514 -1.00646
59.215 91.514 -0.804977
69.9813 91.514 -0.355316
5.38318 102.28 -0.586662
16.1495 102.28 -0.943272
26.9159 102.28 -1.03688
37.6822 102.28 -1.04787
48.4486 102.28 -0.995444
59.215 102.28 -0.789227
69.9813 102.28 -0.344738
5.38318 113.047 -0.584898
16.1495 113.047 -0.929016
26.9159 113.047 -1.00473
37.6822 113.047 -0.993293
48.4486 113.047 -0.938442
59.215 113.047 -0.711231
69.9813 113.047 -0.301036
5.38318 123.813 -0.567654
16.1495 123.813 -0.855526
26.9159 123.813 -0.830286
37.6822 123.813 -0.642854
48.4486 123.813 -0.584609
59.215 123.813 -0.33663
69.9813 123.813 -0.118513
5.38318 134.579 -0.511877
16.1495 134.579 -0.623001
26.9159 134.579 -0.356204
37.6822 134.579 0.149551
48.4486 134.579 0.273073
59.215 134.579 0.646209
69.9813 134.579 0.458756
5.38318 145.346 -0.318957
16.1495 145.346 -0.166154
26.9159 145.346 1.02291
37.6822 145.346 2.35593
48.4486 145.346 2.38872
59.215 145.346 2.27283
69.9813 145.346 1.29866
5.38318 156.112 -0.0578173
16.1495 156.112 0.566612
26.9159 156.112 2.2661
37.6822 156.112 3.3256
48.4486 156.112 3.36529
59.215 156.112 2.94222
69.9813 156.112 1.68882
5.38318 166.879 0.259295
16.1495 166.879 0.933607
26.9159 166.879 2.50062
37.6822 166.879 3.11441
48.4486 166.879 2.98492
59.215 166.879 2.43511
69.9813 166.879 1.39227
5.38318 177.645 0.388499
16.1495 177.645 0.911759
26.9159 177.645 2.16052
37.6822 177.645 2.24618
48.4486 177.645 1.89796
59.215 177.645 1.3137
69.9813 177.645 0.769848
5.38318 188.411 0.144497
16.1495 188.411 0.660607
26.9159 188.411 1.98474
37.6822 188.411 2.09224
48.4486 188.411 1.74959
59.215 188.411 1.04057
69.9813 188.411 0.592026
5.38318 199.178 -0.13224
16.1495 199.178 0.204969
26.9159 199.178 1.57174
37.6822 199.178 2.05315
48.4486 199.178 1.92992
59.215 199.178 1.41196
69.9813 199.178 0.825084
5.38318 209.944 -0.188483
16.1495 209.944 -0.0308496
26.9159 209.944 0.995355
37.6822 209.944 1.51431
48.4486 209.944 1.57301
59.215 209.944 1.29292
69.9813 209.944 0.809429
