26 16
0 0 72 40
0 0 72 72
0 0 72 82
0 0 72 144
0 0 72 216
5.38318 5.38318 0.340383
16.1495 5.38318 0.473819
26.9159 5.38318 0.484064
37.6822 5.38318 0.43408
48.4486 5.38318 0.275199
59.215 5.38318 0.290478
69.9813 5.38318 0.225015
5.38318 16.1495 0.445608
16.1495 16.1495 0.741229
26.9159 16.1495 0.814827
37.6822 16.1495 0.737586
48.4486 16.1495 0.467043
59.215 16.1495 0.586
69.9813 16.1495 0.490165
5.38318 26.9159 -0.0221104
16.1495 26.9159 -0.0132485
26.9159 26.9159 -0.0564775
37.6822 26.9159 -0.0991037
48.4486 26.9159 -0.194809
59.215 26.9159 0.150402
69.9813 26.9159 0.358707
5.38318 37.6822 -0.195082
16.1495 37.6822 -0.322462
26.9159 37.6822 -0.354347
37.6822 37.6822 -0.362664
48.4486 37.6822 -0.319344
59.215 37.6822 0.0179822
69.9813 37.6822 0.34371
5.38318 48.4486 -0.320328
16.1495 48.4486 -0.528106
26.9159 48.4486 -0.532769
37.6822 48.4486 -0.495712
48.4486 48.4486 -0.362421
59.215 48.4486 -0.0608989
69.9813 48.4486 0.291012
5.38318 59.215 -0.389531
16.1495 59.215 -0.629168
26.9159 59.215 -0.608985
37.6822 59.215 -0.559792
48.4486 59.215 -0.453619
59.215 59.215 -0.258772
69.9813 59.215 -0.0127866
5.38318 69.9813 -0.467641
16.1495 69.9813 -0.747259
26.9159 69.9813 -0.764356
37.6822 69.9813 -0.734529
48.4486 69.9813 -0.682775
59.215 69.9813 -0.502186
69.9813 69.9813 -0.1911
5.38318 80.7477 -0.529953
16.1495 80.7477 -0.858053
26.9159 80.7477 -0.941543
37.6822 80.7477 -0.974589
48.4486 80.7477 -0.94527
59.215 80.7477 -0.718248
69.9813 80.7477 -0.303649
5.38318 91.514 -0.568134
16.1495 91.514 -0.917812
26.9159 91.514 -1.04699
37.6822 91.514 -1.0876
48.4486 91.514 -1.05939
59.215 91.514 -0.843038
69.9813 91.514 -0.374633
5.38318 102.28 -0.585645
16.1495 102.28 -0.940334
26.9159 102.28 -1.04406
37.6822 102.28 -1.06032
48.4486 102.28 -1.01528
59.215 102.28 -0.806098
69.9813 102.28 -0.354538
5.38318 113.047 -0.585745
16.1495 113.047 -0.93729
26.9159 113.047 -1.02105
37.6822 113.047 -1.02067
48.4486 113.047 -0.96743
59.215 113.047 -0.766914
69.9813 113.047 -0.332042
5.38318 123.813 -0.580135
16.1495 123.813 -0.911737
26.9159 123.813 -0.966173
37.6822 123.813 -0.93873
48.4486 123.813 -0.887896
59.215 123.813 -0.670367
69.9813 123.813 -0.286448
5.38318 134.579 -0.563134
16.1495 134.579 -0.856528
26.9159 134.579 -0.794665
37.6822 134.579 -0.673666
48.4486 134.579 -0.624035
59.215 134.579 -0.491882
69.9813 134.579 -0.201429
5.38318 145.346 -0.536091
16.1495 145.346 -0.764229
26.9159 145.346 -0.49865
37.6822 145.346 -0.242576
48.4486 145.346 -0.201157
59.215 145.346 -0.205337
69.9813 145.346 -0.0642635
5.38318 156.112 -0.482847
16.1495 156.112 -0.587469
26.9159 156.112 -0.186738
37.6822 156.112 0.446406
48.4486 156.112 0.456181
59.215 156.112 0.124142
69.9813 156.112 0.0822163
5.38318 166.879 -0.420385
16.1495 166.879 -0.490942
26.9159 166.879 -0.117112
37.6822 166.879 0.479608
48.4486 166.879 0.378847
59.215 166.879 0.0463792
69.9813 166.879 -0.00133273
5.38318 177.645 -0.340006
16.1495 177.645 -0.379307
26.9159 177.645 -0.150307
37.6822 177.645 0.0657283
48.4486 177.645 -0.157093
59.215 177.645 -0.220444
69.9813 177.645 -0.1241
5.38318 188.411 -0.308356
16.1495 188.411 -0.347695
26.9159 188.411 -0.202843
37.6822 188.411 -0.159078
48.4486 188.411 -0.37864
59.215 188.411 -0.384075
69.9813 188.411 -0.200184
5.38318 199.178 -0.289593
16.1495 199.178 -0.306651
26.9159 199.178 -0.196637
37.6822 199.178 -0.190556
48.4486 199.178 -0.408727
59.215 199.178 -0.37974
69.9813 199.178 -0.171761
5.38318 209.944 -0.206184
16.1495 209.944 -0.217983
26.9159 209.944 -0.15877
37.6822 209.944 -0.174093
48.4486 209.944 -0.305547
59.215 209.944 -0.245509
69.9813 209.944 -0.0779228
