48 37
0 17 72 40
0 1 72 72
0 0 72 82
0 0 72 144
0 0 72 216
5.38318 5.38318 1.1072
16.1495 5.38318 1.52794
26.9159 5.38318 1.53036
37.6822 5.38318 1.12609
48.4486 5.38318 0.933943
59.215 5.38318 0.653137
69.9813 5.38318 0.423916
5.38318 16.1495 1.84808
16.1495 16.1495 2.74002
26.9159 16.1495 2.96366
37.6822 16.1495 2.69272
48.4486 16.1495 2.49712
59.215 16.1495 1.88121
69.9813 16.1495 1.11695
5.38318 26.9159 1.97868
16.1495 26.9159 3.09039
26.9159 26.9159 3.83265
37.6822 26.9159 4.24363
48.4486 26.9159 4.23503
59.215 26.9159 3.15048
69.9813 26.9159 1.66863
5.38318 37.6822 1.59652
16.1495 37.6822 2.65126
26.9159 37.6822 3.81444
37.6822 37.6822 5.19879
48.4486 37.6822 5.49181
59.215 37.6822 4.18496
69.9813 37.6822 2.09829
5.38318 48.4486 1.09819
16.1495 48.4486 2.0908
26.9159 48.4486 3.30968
37.6822 48.4486 4.7722
48.4486 48.4486 5.04379
59.215 48.4486 3.89606
69.9813 48.4486 1.97257
5.38318 59.215 0.713107
16.1495 59.215 1.51128
26.9159 59.215 2.17668
37.6822 59.215 2.85728
48.4486 59.215 2.7975
59.215 59.215 2.37999
69.9813 59.215 1.41112
5.38318 69.9813 0.503607
16.1495 69.9813 1.19012
26.9159 69.9813 1.50924
37.6822 69.9813 1.52858
48.4486 69.9813 1.23651
59.215 69.9813 1.14431
69.9813 69.9813 0.911419
5.38318 80.7477 0.187387
16.1495 80.7477 0.753423
26.9159 80.7477 1.07866
37.6822 80.7477 0.900332
48.4486 80.7477 0.317797
59.215 80.7477 0.361991
69.9813 80.7477 0.412375
5.38318 91.514 -0.146114
16.1495 91.514 -0.089423
26.9159 91.514 0.170185
37.6822 91.514 -0.0148672
48.4486 91.514 -0.21233
59.215 91.514 -0.165976
69.9813 91.514 -0.0245761
5.38318 102.28 -0.213461
16.1495 102.28 -0.288243
26.9159 102.28 -0.227275
37.6822 102.28 -0.259291
48.4486 102.28 -0.322992
59.215 102.28 -0.262125
69.9813 102.28 -0.103591
5.38318 113.047 -0.298528
16.1495 113.047 -0.451519
26.9159 113.047 -0.454452
37.6822 113.047 -0.440655
48.4486 113.047 -0.427218
59.215 113.047 -0.335932
69.9813 113.047 -0.147856
5.38318 123.813 -0.295495
16.1495 123.813 -0.450349
26.9159 123.813 -0.448406
37.6822 123.813 -0.439544
48.4486 123.813 -0.407247
59.215 123.813 -0.30882
69.9813 123.813 -0.128428
5.38318 134.579 -0.271254
16.1495 134.579 -0.398058
26.9159 134.579 -0.350573
37.6822 134.579 -0.325747
48.4486 134.579 -0.283336
59.215 134.579 -0.218232
69.9813 134.579 -0.078705
5.38318 145.346 -0.18779
16.1495 145.346 -0.221596
26.9159 145.346 -0.0420493
37.6822 145.346 0.100191
48.4486 145.346 0.200923
59.215 145.346 0.0528877
69.9813 145.346 0.11513
5.38318 156.112 -0.0484378
16.1495 156.112 0.368759
26.9159 156.112 1.26929
37.6822 156.112 1.70405
48.4486 156.112 1.52796
59.215 156.112 0.848033
69.9813 156.112 0.42852
5.38318 166.879 0.270616
16.1495 166.879 1.35141
26.9159 166.879 2.76404
37.6822 166.879 3.38999
48.4486 166.879 2.90201
59.215 166.879 1.66467
69.9813 166.879 0.775328
5.38318 177.645 0.494815
16.1495 177.645 1.96755
26.9159 177.645 3.87796
37.6822 177.645 4.73696
48.4486 177.645 3.94488
59.215 177.645 2.20496
69.9813 177.645 0.940627
5.38318 188.411 0.641192
16.1495 188.411 2.10863
26.9159 188.411 3.94728
37.6822 188.411 4.66266
48.4486 188.411 3.79571
59.215 188.411 2.13948
69.9813 188.411 0.912297
5.38318 199.178 0.440896
16.1495 199.178 1.56707
26.9159 199.178 2.83545
37.6822 199.178 3.32904
48.4486 199.178 2.65521
59.215 199.178 1.55458
69.9813 199.178 0.676298
5.38318 209.944 0.314266
16.1495 209.944 1.03345
26.9159 209.944 1.71031
37.6822 209.944 2.03429
48.4486 209.944 1.59034
59.215 209.944 1.01428
69.9813 209.944 0.475809
