37 37
0 17 72 40
0 1 72 72
0 0 72 82
0 0 72 144
0 0 72 216
5.38318 5.38318 0.431451
16.1495 5.38318 0.757185
26.9159 5.38318 1.14566
37.6822 5.38318 1.28307
48.4486 5.38318 1.16641
59.215 5.38318 0.822581
69.9813 5.38318 0.475605
5.38318 16.1495 0.925455
16.1495 16.1495 1.83051
26.9159 16.1495 2.75578
37.6822 16.1495 3.03976
48.4486 16.1495 2.73511
59.215 16.1495 1.87414
69.9813 16.1495 1.04918
5.38318 26.9159 1.4141
16.1495 26.9159 2.82738
26.9159 26.9159 4.3709
37.6822 26.9159 4.70299
48.4486 26.9159 4.00443
59.215 26.9159 2.60444
69.9813 26.9159 1.35222
5.38318 37.6822 1.61267
16.1495 37.6822 3.24592
26.9159 37.6822 5.05964
37.6822 37.6822 5.33715
48.4486 37.6822 4.44131
59.215 37.6822 2.77606
69.9813 37.6822 1.41051
5.38318 48.4486 1.40256
16.1495 48.4486 2.73613
26.9159 48.4486 4.15523
37.6822 48.4486 4.15646
48.4486 48.4486 3.34316
59.215 48.4486 2.08619
69.9813 48.4486 1.11084
5.38318 59.215 0.81005
16.1495 59.215 1.46898
26.9159 59.215 2.07439
37.6822 59.215 1.98582
48.4486 59.215 1.72368
59.215 59.215 1.27525
69.9813 59.215 0.942651
5.38318 69.9813 0.518706
16.1495 69.9813 0.879541
26.9159 69.9813 1.02669
37.6822 69.9813 0.872222
48.4486 69.9813 0.852729
59.215 69.9813 0.832645
69.9813 69.9813 0.802519
5.38318 80.7477 0.00788808
16.1495 80.7477 0.0276455
26.9159 80.7477 0.0377256
37.6822 80.7477 -0.0854281
48.4486 80.7477 -0.0400872
59.215 80.7477 0.117824
69.9813 80.7477 0.393883
5.38318 91.514 -0.257031
16.1495 91.514 -0.397672
26.9159 91.514 -0.417519
37.6822 91.514 -0.439622
48.4486 91.514 -0.423489
59.215 91.514 -0.292505
69.9813 91.514 -0.0902897
5.38318 102.28 -0.306719
16.1495 102.28 -0.469191
26.9159 102.28 -0.457122
37.6822 102.28 -0.437986
48.4486 102.28 -0.435289
59.215 102.28 -0.341816
69.9813 102.28 -0.161162
5.38318 113.047 -0.295898
16.1495 113.047 -0.443941
26.9159 113.047 -0.433709
37.6822 113.047 -0.416304
48.4486 113.047 -0.398962
59.215 113.047 -0.310206
69.9813 113.047 -0.134836
5.38318 123.813 -0.272837
16.1495 123.813 -0.391428
26.9159 123.813 -0.3026
37.6822 123.813 -0.25331
48.4486 123.813 -0.220816
59.215 123.813 -0.164084
69.9813 123.813 -0.0547444
5.38318 134.579 -0.202551
16.1495 134.579 -0.240516
26.9159 134.579 -0.0525297
37.6822 134.579 0.111166
48.4486 134.579 0.208935
59.215 134.579 0.193889
69.9813 134.579 0.204387
5.38318 145.346 -0.125329
16.1495 145.346 -0.0675491
26.9159 145.346 0.592651
37.6822 145.346 1.05234
48.4486 145.346 1.27948
59.215 145.346 1.02983
69.9813 145.346 0.663434
5.38318 156.112 0.00602392
16.1495 156.112 0.427161
26.9159 156.112 1.44264
37.6822 156.112 2.1264
48.4486 156.112 2.3468
59.215 156.112 1.83822
69.9813 156.112 1.10498
5.38318 166.879 0.317191
16.1495 166.879 0.945957
26.9159 166.879 2.18885
37.6822 166.879 3.16155
48.4486 166.879 3.46434
59.215 166.879 2.64118
69.9813 166.879 1.50473
5.38318 177.645 0.794573
16.1495 177.645 1.65282
26.9159 177.645 2.87049
37.6822 177.645 3.94072
48.4486 177.645 4.16693
59.215 177.645 3.18903
69.9813 177.645 1.76432
5.38318 188.411 1.22448
16.1495 188.411 2.25184
26.9159 188.411 3.29738
37.6822 188.411 4.01611
48.4486 188.411 4.0156
59.215 188.411 3.06814
69.9813 188.411 1.6834
5.38318 199.178 1.30949
16.1495 199.178 2.23277
26.9159 199.178 2.74603
37.6822 199.178 2.79284
48.4486 199.178 2.65255
59.215 199.178 2.21166
69.9813 199.178 1.33003
5.38318 209.944 0.825106
16.1495 209.944 1.43596
26.9159 209.944 1.70878
37.6822 209.944 1.4688
48.4486 209.944 1.4058
59.215 209.944 1.27215
69.9813 209.944 0.89694
