48 177
0 157 72 40
0 141 72 72
0 134 72 82
0 72 72 144
0 0 72 216
5.38318 5.38318 0.648186
16.1495 5.38318 1.08863
26.9159 5.38318 1.23514
37.6822 5.38318 1.29049
48.4486 5.38318 1.19105
59.215 5.38318 1.05106
69.9813 5.38318 0.686108
5.38318 16.1495 1.29299
16.1495 16.1495 2.11832
26.9159 16.1495 2.29481
37.6822 16.1495 2.39424
48.4486 16.1495 2.34346
59.215 16.1495 2.1484
69.9813 16.1495 1.43458
5.38318 26.9159 1.81457
16.1495 26.9159 2.77672
26.9159 26.9159 2.71924
37.6822 26.9159 2.73806
48.4486 26.9159 2.87088
59.215 26.9159 2.94215
69.9813 26.9159 2.06514
5.38318 37.6822 2.09993
16.1495 37.6822 2.98946
26.9159 37.6822 2.75685
37.6822 37.6822 2.63876
48.4486 37.6822 3.03005
59.215 37.6822 3.30559
69.9813 37.6822 2.4192
5.38318 48.4486 1.74183
16.1495 48.4486 2.4926
26.9159 48.4486 2.55241
37.6822 48.4486 2.52838
48.4486 48.4486 2.96317
59.215 48.4486 3.09694
69.9813 48.4486 2.27365
5.38318 59.215 0.781781
16.1495 59.215 1.28334
26.9159 59.215 1.76461
37.6822 59.215 1.80583
48.4486 59.215 2.08684
59.215 59.215 1.80239
69.9813 59.215 1.37047
5.38318 69.9813 0.304125
16.1495 69.9813 0.580416
26.9159 69.9813 1.24742
37.6822 69.9813 1.16222
48.4486 69.9813 1.36348
59.215 69.9813 0.906847
69.9813 69.9813 0.853683
5.38318 80.7477 -0.138579
16.1495 80.7477 -0.19472
26.9159 80.7477 0.119723
37.6822 80.7477 -0.0948525
48.4486 80.7477 0.00774778
59.215 80.7477 -0.113075
69.9813 80.7477 0.259415
5.38318 91.514 -0.422428
16.1495 91.514 -0.700873
26.9159 91.514 -0.672263
37.6822 91.514 -0.787897
48.4486 91.514 -0.707505
59.215 91.514 -0.578752
69.9813 91.514 -0.192597
5.38318 102.28 -0.542215
16.1495 102.28 -0.882208
26.9159 102.28 -0.96321
37.6822 102.28 -1.00033
48.4486 102.28 -0.943143
59.215 102.28 -0.750977
69.9813 102.28 -0.308388
5.38318 113.047 -0.581455
16.1495 113.047 -0.929234
26.9159 113.047 -1.00437
37.6822 113.047 -0.997274
48.4486 113.047 -0.941467
59.215 113.047 -0.723636
69.9813 113.047 -0.309341
5.38318 123.813 -0.564677
16.1495 123.813 -0.886049
26.9159 123.813 -0.910309
37.6822 123.813 -0.829385
48.4486 123.813 -0.726854
59.215 123.813 -0.510741
69.9813 123.813 -0.189764
5.38318 134.579 -0.507364
16.1495 134.579 -0.740097
26.9159 134.579 -0.577949
37.6822 134.579 -0.397907
48.4486 134.579 -0.296958
59.215 134.579 -0.154482
69.9813 134.579 0.021008
5.38318 145.346 -0.356256
16.1495 145.346 -0.417497
26.9159 145.346 -0.0181378
37.6822 145.346 0.713744
48.4486 145.346 1.03906
59.215 145.346 0.938709
69.9813 145.346 0.709254
5.38318 156.112 -0.101454
16.1495 156.112 0.173135
26.9159 156.112 1.43438
37.6822 156.112 2.29165
48.4486 156.112 2.5252
59.215 156.112 2.0494
69.9813 156.112 1.29739
5.38318 166.879 0.341786
16.1495 166.879 1.13832
26.9159 166.879 2.59711
37.6822 166.879 3.53665
48.4486 166.879 3.77265
59.215 166.879 2.8812
69.9813 166.879 1.72411
5.38318 177.645 0.850978
16.1495 177.645 1.86595
26.9159 177.645 3.17568
37.6822 177.645 4.21724
48.4486 177.645 4.36714
59.215 177.645 3.40294
69.9813 177.645 1.97635
5.38318 188.411 1.15978
16.1495 188.411 2.18389
26.9159 188.411 3.27849
37.6822 188.411 4.08438
48.4486 188.411 3.98507
59.215 188.411 3.15456
69.9813 188.411 1.7729
5.38318 199.178 1.01596
16.1495 199.178 1.75851
26.9159 199.178 2.37712
37.6822 199.178 2.62136
48.4486 199.178 2.4552
59.215 199.178 2.21313
69.9813 199.178 1.32666
5.38318 209.944 0.48101
16.1495 209.944 0.874679
26.9159 209.944 1.20925
37.6822 209.944 1.26264
48.4486 209.944 1.2449
59.215 209.944 1.30844
69.9813 209.944 0.863894
