37 37
0 17 72 40
0 1 72 72
0 0 72 82
0 0 72 144
0 0 72 216
5.38318 5.38318 0.678641
16.1495 5.38318 1.07629
26.9159 5.38318 1.49027
37.6822 5.38318 1.55929
48.4486 5.38318 1.44407
59.215 5.38318 1.08107
69.9813 5.38318 0.635454
5.38318 16.1495 1.22644
16.1495 16.1495 2.16572
26.9159 16.1495 3.0076
37.6822 16.1495 3.18807
48.4486 16.1495 2.94795
59.215 16.1495 2.21627
69.9813 16.1495 1.27781
5.38318 26.9159 1.4655
16.1495 26.9159 2.74519
26.9159 26.9159 3.95878
37.6822 26.9159 4.14133
48.4486 26.9159 3.7371
59.215 26.9159 2.77406
69.9813 26.9159 1.63114
5.38318 37.6822 1.57706
16.1495 37.6822 3.01885
26.9159 37.6822 4.55093
37.6822 37.6822 4.65889
48.4486 37.6822 4.00743
59.215 37.6822 2.82979
69.9813 37.6822 1.66196
5.38318 48.4486 1.34963
16.1495 48.4486 2.71868
26.9159 48.4486 4.285
37.6822 48.4486 4.27342
48.4486 48.4486 3.46321
59.215 48.4486 2.26893
69.9813 48.4486 1.34082
5.38318 59.215 1.13857
16.1495 59.215 1.91045
26.9159 59.215 2.64935
37.6822 59.215 2.40674
48.4486 59.215 2.03993
59.215 59.215 1.56292
69.9813 59.215 1.09548
5.38318 69.9813 0.83782
16.1495 69.9813 1.1735
26.9159 69.9813 1.32473
37.6822 69.9813 0.946948
48.4486 69.9813 0.784985
59.215 69.9813 0.825057
69.9813 69.9813 0.748123
5.38318 80.7477 0.349133
16.1495 80.7477 0.47645
26.9159 80.7477 0.555953
37.6822 80.7477 0.256174
48.4486 80.7477 0.17227
59.215 80.7477 0.272737
69.9813 80.7477 0.381139
5.38318 91.514 -0.195843
16.1495 91.514 -0.276895
26.9159 91.514 -0.235417
37.6822 91.514 -0.228576
48.4486 91.514 -0.228662
59.215 91.514 -0.154678
69.9813 91.514 -0.0273174
5.38318 102.28 -0.290961
16.1495 102.28 -0.415082
26.9159 102.28 -0.356288
37.6822 102.28 -0.319426
48.4486 102.28 -0.329362
59.215 102.28 -0.26869
69.9813 102.28 -0.123693
5.38318 113.047 -0.293281
16.1495 113.047 -0.443078
26.9159 113.047 -0.439283
37.6822 113.047 -0.427104
48.4486 113.047 -0.404231
59.215 113.047 -0.311792
69.9813 113.047 -0.13331
5.38318 123.813 -0.246083
16.1495 123.813 -0.379185
26.9159 123.813 -0.347935
37.6822 123.813 -0.349776
48.4486 123.813 -0.317904
59.215 123.813 -0.233774
69.9813 123.813 -0.0817715
5.38318 134.579 -0.141013
16.1495 134.579 -0.224763
26.9159 134.579 -0.189127
37.6822 134.579 -0.202168
48.4486 134.579 -0.146519
59.215 134.579 -0.0664457
69.9813 134.579 0.0864223
5.38318 145.346 0.00296011
16.1495 145.346 0.019501
26.9159 145.346 0.207143
37.6822 145.346 0.213781
48.4486 145.346 0.417297
59.215 145.346 0.466896
69.9813 145.346 0.448667
5.38318 156.112 0.300528
16.1495 156.112 0.646086
26.9159 156.112 1.01532
37.6822 156.112 1.04821
48.4486 156.112 1.18811
59.215 156.112 1.06375
69.9813 156.112 0.800381
5.38318 166.879 0.453719
16.1495 166.879 1.07565
26.9159 166.879 1.78287
37.6822 166.879 1.80568
48.4486 166.879 1.78531
59.215 166.879 1.39053
69.9813 166.879 0.95146
5.38318 177.645 0.475056
16.1495 177.645 1.35108
26.9159 177.645 2.38134
37.6822 177.645 2.46628
48.4486 177.645 2.23239
59.215 177.645 1.52456
69.9813 177.645 0.952072
5.38318 188.411 0.444877
16.1495 188.411 1.41815
26.9159 188.411 2.62351
37.6822 188.411 2.76805
48.4486 188.411 2.39765
59.215 188.411 1.46327
69.9813 188.411 0.840159
5.38318 199.178 0.502677
16.1495 199.178 1.32728
26.9159 199.178 2.31762
37.6822 199.178 2.40116
48.4486 199.178 1.98913
59.215 199.178 1.22402
69.9813 199.178 0.686676
5.38318 209.944 0.330129
16.1495 209.944 0.739073
26.9159 209.944 1.26912
37.6822 209.944 1.216
48.4486 209.944 0.967005
59.215 209.944 0.586504
69.9813 209.944 0.38383
