37 177
0 157 72 40
0 141 72 72
0 134 72 82
0 72 72 144
0 0 72 216
5.38318 5.38318 0.723753
16.1495 5.38318 1.22499
26.9159 5.38318 1.56584
37.6822 5.38318 1.48768
48.4486 5.38318 1.07043
59.215 5.38318 0.663054
69.9813 5.38318 0.326745
5.38318 16.1495 1.29925
16.1495 16.1495 2.47574
26.9159 16.1495 3.26179
37.6822 16.1495 3.10231
48.4486 16.1495 2.26638
59.215 16.1495 1.47457
69.9813 16.1495 0.774521
5.38318 26.9159 1.79405
16.1495 26.9159 3.55381
26.9159 26.9159 4.49654
37.6822 26.9159 4.12604
48.4486 26.9159 2.78669
59.215 26.9159 1.73206
69.9813 26.9159 0.903806
5.38318 37.6822 1.70602
16.1495 37.6822 3.42985
26.9159 37.6822 4.19572
37.6822 37.6822 3.72094
48.4486 37.6822 2.47286
59.215 37.6822 1.62091
69.9813 37.6822 0.952411
5.38318 48.4486 1.26603
16.1495 48.4486 2.46255
26.9159 48.4486 2.78762
37.6822 48.4486 2.44285
48.4486 48.4486 1.47585
59.215 48.4486 1.14243
69.9813 48.4486 0.813128
5.38318 59.215 0.298215
16.1495 59.215 0.535536
26.9159 59.215 0.561453
37.6822 59.215 0.460106
48.4486 59.215 0.0653423
59.215 59.215 0.360362
69.9813 59.215 0.404991
5.38318 69.9813 -0.107528
16.1495 69.9813 -0.203244
26.9159 69.9813 -0.220663
37.6822 69.9813 -0.242162
48.4486 69.9813 -0.336046
59.215 69.9813 -0.155306
69.9813 69.9813 0.00786994
5.38318 80.7477 -0.363921
16.1495 80.7477 -0.589347
26.9159 80.7477 -0.620436
37.6822 80.7477 -0.624041
48.4486 80.7477 -0.637932
59.215 80.7477 -0.430349
69.9813 80.7477 -0.164852
5.38318 91.514 -0.569466
16.1495 91.514 -0.922035
26.9159 91.514 -0.988434
37.6822 91.514 -0.994759
48.4486 91.514 -0.946066
59.215 91.514 -0.687003
69.9813 91.514 -0.29406
5.38318 102.28 -0.580694
16.1495 102.28 -0.933756
26.9159 102.28 -1.0138
37.6822 102.28 -1.02193
48.4486 102.28 -0.979569
59.215 102.28 -0.776267
69.9813 102.28 -0.34626
5.38318 113.047 -0.580632
16.1495 113.047 -0.925891
26.9159 113.047 -1.00414
37.6822 113.047 -1.00281
48.4486 113.047 -0.950885
59.215 113.047 -0.741446
69.9813 113.047 -0.318217
5.38318 123.813 -0.567459
16.1495 123.813 -0.900414
26.9159 123.813 -0.953879
37.6822 123.813 -0.935833
48.4486 123.813 -0.85061
59.215 123.813 -0.610608
69.9813 123.813 -0.235442
5.38318 134.579 -0.507092
16.1495 134.579 -0.761849
26.9159 134.579 -0.634909
37.6822 134.579 -0.575609
48.4486 134.579 -0.452989
59.215 134.579 -0.319386
69.9813 134.579 -0.0555843
5.38318 145.346 -0.352651
16.1495 145.346 -0.428165
26.9159 145.346 -0.070979
37.6822 145.346 0.240972
48.4486 145.346 0.673138
59.215 145.346 0.559123
69.9813 145.346 0.582054
5.38318 156.112 -0.111745
16.1495 156.112 0.355574
26.9159 156.112 1.73897
37.6822 156.112 2.49068
48.4486 156.112 2.69799
59.215 156.112 2.04426
69.9813 156.112 1.33117
5.38318 166.879 0.107443
16.1495 166.879 1.29807
26.9159 166.879 3.25043
37.6822 166.879 4.60588
48.4486 166.879 4.74108
59.215 166.879 3.42346
69.9813 166.879 1.91328
5.38318 177.645 0.53754
16.1495 177.645 2.04666
26.9159 177.645 4.19337
37.6822 177.645 5.99867
48.4486 177.645 5.95121
59.215 177.645 4.28936
69.9813 177.645 2.23014
5.38318 188.411 0.92621
16.1495 188.411 2.30087
26.9159 188.411 4.10787
37.6822 188.411 5.54234
48.4486 188.411 5.36898
59.215 188.411 3.79533
69.9813 188.411 1.9519
5.38318 199.178 1.45638
16.1495 199.178 2.73406
26.9159 199.178 3.30404
37.6822 199.178 3.43573
48.4486 199.178 2.92532
59.215 199.178 2.0494
69.9813 199.178 1.23986
5.38318 209.944 1.41107
16.1495 209.944 2.41597
26.9159 209.944 2.3792
37.6822 209.944 1.75055
48.4486 209.944 1.25607
59.215 209.944 0.731512
69.9813 209.944 0.68808
