48 166
0 146 72 40
0 130 72 72
0 125 72 82
0 72 72 144
0 0 72 216
5.38318 5.38318 0.694833
16.1495 5.38318 1.12701
26.9159 5.38318 1.33333
37.6822 5.38318 1.2434
48.4486 5.38318 1.10754
59.215 5.38318 0.897231
69.9813 5.38318 0.582755
5.38318 16.1495 1.1594
16.1495 16.1495 2.02663
26.9159 16.1495 2.46504
37.6822 16.1495 2.32435
48.4486 16.1495 2.1537
59.215 16.1495 1.79091
69.9813 16.1495 1.227
5.38318 26.9159 1.46564
16.1495 26.9159 2.435
26.9159 26.9159 2.7671
37.6822 26.9159 2.55073
48.4486 26.9159 2.53112
59.215 26.9159 2.25126
69.9813 26.9159 1.64556
5.38318 37.6822 1.95345
16.1495 37.6822 3.054
26.9159 37.6822 3.22064
37.6822 37.6822 2.91222
48.4486 37.6822 3.12155
59.215 37.6822 2.95073
69.9813 37.6822 2.12085
5.38318 48.4486 2.09461
16.1495 48.4486 3.29566
26.9159 48.4486 3.4427
37.6822 48.4486 3.09259
48.4486 48.4486 3.24542
59.215 48.4486 3.06449
69.9813 48.4486 2.15402
5.38318 59.215 1.50627
16.1495 59.215 2.36007
26.9159 59.215 2.5938
37.6822 59.215 2.41457
48.4486 59.215 2.51444
59.215 59.215 2.32778
69.9813 59.215 1.60593
5.38318 69.9813 -0.0362565
16.1495 69.9813 -0.0196431
26.9159 69.9813 0.324451
37.6822 69.9813 0.355816
48.4486 69.9813 0.332163
59.215 69.9813 0.396869
69.9813 69.9813 0.377677
5.38318 80.7477 -0.376487
16.1495 80.7477 -0.587442
26.9159 80.7477 -0.511685
37.6822 80.7477 -0.499744
48.4486 80.7477 -0.571757
59.215 80.7477 -0.421086
69.9813 80.7477 -0.20983
5.38318 91.514 -0.540327
16.1495 91.514 -0.862101
26.9159 91.514 -0.864552
37.6822 91.514 -0.876073
48.4486 91.514 -0.911199
59.215 91.514 -0.677764
69.9813 91.514 -0.338427
5.38318 102.28 -0.556898
16.1495 102.28 -0.894422
26.9159 102.28 -0.972158
37.6822 102.28 -0.993888
48.4486 102.28 -0.982854
59.215 102.28 -0.781846
69.9813 102.28 -0.364067
5.38318 113.047 -0.577025
16.1495 113.047 -0.919098
26.9159 113.047 -0.99173
37.6822 113.047 -0.985021
48.4486 113.047 -0.933396
59.215 113.047 -0.706097
69.9813 113.047 -0.300327
5.38318 123.813 -0.504076
16.1495 123.813 -0.764898
26.9159 123.813 -0.70047
37.6822 123.813 -0.68613
48.4486 123.813 -0.646799
59.215 123.813 -0.437267
69.9813 123.813 -0.152161
5.38318 134.579 -0.276824
16.1495 134.579 -0.26866
26.9159 134.579 -0.000486576
37.6822 134.579 0.00495355
48.4486 134.579 -0.0352477
59.215 134.579 0.126306
69.9813 134.579 0.267262
5.38318 145.346 0.294775
16.1495 145.346 1.24767
26.9159 145.346 2.25073
37.6822 145.346 2.19086
48.4486 145.346 1.89773
59.215 145.346 1.6385
69.9813 145.346 1.12392
5.38318 156.112 0.828005
16.1495 156.112 2.28664
26.9159 156.112 3.44492
37.6822 156.112 3.39979
48.4486 156.112 3.0993
59.215 156.112 2.55218
69.9813 156.112 1.70431
5.38318 166.879 1.14668
16.1495 166.879 2.56098
26.9159 166.879 3.55357
37.6822 166.879 3.84356
48.4486 166.879 3.86099
59.215 166.879 3.21691
69.9813 166.879 2.10994
5.38318 177.645 1.15296
16.1495 177.645 2.20267
26.9159 177.645 2.88048
37.6822 177.645 3.39344
48.4486 177.645 3.68097
59.215 177.645 3.12329
69.9813 177.645 2.01247
5.38318 188.411 1.15588
16.1495 188.411 2.16665
26.9159 188.411 2.76268
37.6822 188.411 3.41203
48.4486 188.411 3.59403
59.215 188.411 3.0709
69.9813 188.411 1.87988
5.38318 199.178 0.705438
16.1495 199.178 1.59001
26.9159 199.178 2.10656
37.6822 199.178 2.39691
48.4486 199.178 2.17955
59.215 199.178 1.81196
69.9813 199.178 1.14349
5.38318 209.944 0.330556
16.1495 209.944 0.888506
26.9159 209.944 1.21917
37.6822 209.944 1.25456
48.4486 209.944 1.03667
59.215 209.944 0.852326
69.9813 209.944 0.628119
