26 26
0 6 72 40
0 0 72 72
0 0 72 82
0 0 72 144
0 0 72 216
5.38318 5.38318 0.941841
16.1495 5.38318 1.51633
26.9159 5.38318 1.73505
37.6822 5.38318 1.75644
48.4486 5.38318 1.62606
59.215 5.38318 1.43616
69.9813 5.38318 0.893182
5.38318 16.1495 1.57665
16.1495 16.1495 2.83659
26.9159 16.1495 3.44351
37.6822 16.1495 3.41097
48.4486 16.1495 3.09763
59.215 16.1495 2.60698
69.9813 16.1495 1.6033
5.38318 26.9159 1.70756
16.1495 26.9159 3.28251
26.9159 26.9159 4.33704
37.6822 26.9159 4.25222
48.4486 26.9159 3.67229
59.215 26.9159 2.76278
69.9813 26.9159 1.64411
5.38318 37.6822 1.33748
16.1495 37.6822 2.8537
26.9159 37.6822 4.13999
37.6822 37.6822 4.16324
48.4486 37.6822 3.42093
59.215 37.6822 2.27093
69.9813 37.6822 1.32741
5.38318 48.4486 0.991493
16.1495 48.4486 2.13816
26.9159 48.4486 3.22613
37.6822 48.4486 3.24168
48.4486 48.4486 2.71528
59.215 48.4486 1.65496
69.9813 48.4486 1.00891
5.38318 59.215 0.991327
16.1495 59.215 1.87374
26.9159 59.215 2.31579
37.6822 59.215 2.22725
48.4486 59.215 2.07074
59.215 59.215 1.65436
69.9813 59.215 1.25229
5.38318 69.9813 0.911252
16.1495 69.9813 1.62649
26.9159 69.9813 1.7711
37.6822 69.9813 1.52399
48.4486 69.9813 1.58746
59.215 69.9813 1.53308
69.9813 69.9813 1.29747
5.38318 80.7477 0.416009
16.1495 80.7477 0.700665
26.9159 80.7477 0.762495
37.6822 80.7477 0.496326
48.4486 80.7477 0.680202
59.215 80.7477 0.84868
69.9813 80.7477 0.866021
5.38318 91.514 -0.365247
16.1495 91.514 -0.599182
26.9159 91.514 -0.634112
37.6822 91.514 -0.667309
48.4486 91.514 -0.630132
59.215 91.514 -0.41322
69.9813 91.514 -0.121454
5.38318 102.28 -0.552602
16.1495 102.28 -0.890031
26.9159 102.28 -0.974733
37.6822 102.28 -0.970115
48.4486 102.28 -0.92408
59.215 102.28 -0.691576
69.9813 102.28 -0.296882
5.38318 113.047 -0.5843
16.1495 113.047 -0.934057
26.9159 113.047 -1.01715
37.6822 113.047 -1.01615
48.4486 113.047 -0.962179
59.215 113.047 -0.755847
69.9813 113.047 -0.325097
5.38318 123.813 -0.568269
16.1495 123.813 -0.905988
26.9159 123.813 -0.97462
37.6822 123.813 -0.973299
48.4486 123.813 -0.92116
59.215 123.813 -0.711452
69.9813 123.813 -0.301718
5.38318 134.579 -0.507533
16.1495 134.579 -0.784623
26.9159 134.579 -0.736258
37.6822 134.579 -0.732268
48.4486 134.579 -0.681277
59.215 134.579 -0.525157
69.9813 134.579 -0.202903
5.38318 145.346 -0.268401
16.1495 145.346 -0.354035
26.9159 145.346 -0.165136
37.6822 145.346 -0.123324
48.4486 145.346 -0.091556
59.215 145.346 -0.0935884
69.9813 145.346 0.0745393
5.38318 156.112 0.395895
16.1495 156.112 0.935622
26.9159 156.112 1.67965
37.6822 156.112 1.86236
48.4486 156.112 1.81312
59.215 156.112 1.28813
69.9813 156.112 0.831876
5.38318 166.879 1.27732
16.1495 166.879 2.33793
26.9159 166.879 3.19671
37.6822 166.879 3.48813
48.4486 166.879 3.35204
59.215 166.879 2.53053
69.9813 166.879 1.47446
5.38318 177.645 1.88589
16.1495 177.645 3.20099
26.9159 177.645 3.96115
37.6822 177.645 4.15962
48.4486 177.645 3.98482
59.215 177.645 3.18024
69.9813 177.645 1.87652
5.38318 188.411 1.83004
16.1495 188.411 2.97405
26.9159 188.411 3.49233
37.6822 188.411 3.47359
48.4486 188.411 3.27889
59.215 188.411 2.82788
69.9813 188.411 1.74846
5.38318 199.178 1.2642
16.1495 199.178 2.04631
26.9159 199.178 2.21899
37.6822 199.178 2.07126
48.4486 199.178 1.85502
59.215 199.178 1.87732
69.9813 199.178 1.27505
5.38318 209.944 0.534063
16.1495 209.944 0.949557
26.9159 209.944 1.02082
37.6822 209.944 0.964569
48.4486 209.944 0.773383
59.215 209.944 0.948716
69.9813 209.944 0.702654
