37 177
0 157 72 40
0 141 72 72
0 134 72 82
0 72 72 144
0 0 72 216
5.38318 5.38318 0.575072
16.1495 5.38318 1.00851
26.9159 5.38318 1.17732
37.6822 5.38318 1.16768
48.4486 5.38318 1.05944
59.215 5.38318 0.895151
69.9813 5.38318 0.607819
5.38318 16.1495 1.05586
16.1495 16.1495 1.84295
26.9159 16.1495 2.13029
37.6822 16.1495 2.17417
48.4486 16.1495 2.09657
59.215 16.1495 1.85419
69.9813 16.1495 1.28868
5.38318 26.9159 1.51504
16.1495 26.9159 2.44352
26.9159 26.9159 2.52607
37.6822 26.9159 2.53089
48.4486 26.9159 2.62384
59.215 26.9159 2.65167
69.9813 26.9159 1.89168
5.38318 37.6822 1.63124
16.1495 37.6822 2.5116
26.9159 37.6822 2.45319
37.6822 37.6822 2.37247
48.4486 37.6822 2.66323
59.215 37.6822 2.86214
69.9813 37.6822 2.11629
5.38318 48.4486 1.41013
16.1495 48.4486 2.16264
26.9159 48.4486 2.20103
37.6822 48.4486 2.20602
48.4486 48.4486 2.48497
59.215 48.4486 2.52291
69.9813 48.4486 1.84104
5.38318 59.215 0.687475
16.1495 59.215 1.3084
26.9159 59.215 1.72298
37.6822 59.215 1.9133
48.4486 59.215 2.07436
59.215 59.215 1.80303
69.9813 59.215 1.28985
5.38318 69.9813 0.368496
16.1495 69.9813 0.77165
26.9159 69.9813 1.33263
37.6822 69.9813 1.55243
48.4486 69.9813 1.83161
59.215 69.9813 1.55559
69.9813 69.9813 1.15945
5.38318 80.7477 0.0497946
16.1495 80.7477 0.179793
26.9159 80.7477 0.620375
37.6822 80.7477 0.639857
48.4486 80.7477 0.888837
59.215 80.7477 0.845282
69.9813 80.7477 0.790752
5.38318 91.514 -0.188741
16.1495 91.514 -0.288002
26.9159 91.514 -0.210479
37.6822 91.514 -0.255187
48.4486 91.514 -0.186951
59.215 91.514 -0.0980969
69.9813 91.514 0.183981
5.38318 102.28 -0.236763
16.1495 102.28 -0.364861
26.9159 102.28 -0.340784
37.6822 102.28 -0.382608
48.4486 102.28 -0.351935
59.215 102.28 -0.244159
69.9813 102.28 -0.0606102
5.38318 113.047 -0.286267
16.1495 113.047 -0.433609
26.9159 113.047 -0.415595
37.6822 113.047 -0.412837
48.4486 113.047 -0.398654
59.215 113.047 -0.314158
69.9813 113.047 -0.135004
5.38318 123.813 -0.233924
16.1495 123.813 -0.348946
26.9159 123.813 -0.281307
37.6822 123.813 -0.277138
48.4486 123.813 -0.256725
59.215 123.813 -0.220208
69.9813 123.813 -0.0858392
5.38318 134.579 -0.0952694
16.1495 134.579 -0.0897787
26.9159 134.579 0.159263
37.6822 134.579 0.245588
48.4486 134.579 0.279456
59.215 134.579 0.140669
69.9813 134.579 0.172211
5.38318 145.346 0.261714
16.1495 145.346 0.639031
26.9159 145.346 1.20221
37.6822 145.346 1.51654
48.4486 145.346 1.47952
59.215 145.346 1.06151
69.9813 145.346 0.633655
5.38318 156.112 0.867232
16.1495 156.112 1.8478
26.9159 156.112 2.82101
37.6822 156.112 3.31362
48.4486 156.112 3.03419
59.215 156.112 2.11315
69.9813 156.112 1.1626
5.38318 166.879 1.39396
16.1495 166.879 2.71737
26.9159 166.879 4.08989
37.6822 166.879 4.73877
48.4486 166.879 4.25713
59.215 166.879 2.88831
69.9813 166.879 1.49643
5.38318 177.645 1.51985
16.1495 177.645 3.04204
26.9159 177.645 4.92969
37.6822 177.645 5.53279
48.4486 177.645 4.88533
59.215 177.645 3.06759
69.9813 177.645 1.54187
5.38318 188.411 1.22321
16.1495 188.411 2.65153
26.9159 188.411 4.56732
37.6822 188.411 5.11276
48.4486 188.411 4.25762
59.215 188.411 2.55854
69.9813 188.411 1.21517
5.38318 199.178 0.528513
16.1495 199.178 1.5733
26.9159 199.178 2.90546
37.6822 199.178 3.27171
48.4486 199.178 2.57996
59.215 199.178 1.58231
69.9813 199.178 0.752235
5.38318 209.944 0.253316
16.1495 209.944 0.736211
26.9159 209.944 1.12181
37.6822 209.944 1.27142
48.4486 209.944 0.840298
59.215 209.944 0.737024
69.9813 209.944 0.445914
