26 48
0 28 72 40
0 12 72 72
0 7 72 82
0 0 72 144
0 0 72 216
5.38318 5.38318 0.494044
16.1495 5.38318 1.02338
26.9159 5.38318 1.44794
37.6822 5.38318 1.39365
48.4486 5.38318 0.971056
59.215 5.38318 0.520538
69.9813 5.38318 0.228384
5.38318 16.1495 0.932559
16.1495 16.1495 1.9555
26.9159 16.1495 2.71499
37.6822 16.1495 2.61523
48.4486 16.1495 1.90812
59.215 16.1495 1.13178
69.9813 16.1495 0.555984
5.38318 26.9159 1.46399
16.1495 26.9159 2.67177
26.9159 26.9159 3.37212
37.6822 26.9159 3.10658
48.4486 26.9159 2.31943
59.215 26.9159 1.4483
69.9813 26.9159 0.737876
5.38318 37.6822 2.07155
16.1495 37.6822 3.3504
26.9159 37.6822 3.63854
37.6822 37.6822 3.11023
48.4486 37.6822 2.44968
59.215 37.6822 1.81573
69.9813 37.6822 1.07549
5.38318 48.4486 2.32437
16.1495 48.4486 3.59259
26.9159 48.4486 3.68689
37.6822 48.4486 3.06847
48.4486 48.4486 2.71752
59.215 48.4486 2.28092
69.9813 48.4486 1.50948
5.38318 59.215 1.67917
16.1495 59.215 2.75528
26.9159 59.215 3.09719
37.6822 59.215 2.83555
48.4486 59.215 2.81428
59.215 59.215 2.67484
69.9813 59.215 1.85686
5.38318 69.9813 0.571292
16.1495 69.9813 1.34616
26.9159 69.9813 1.91811
37.6822 69.9813 2.08266
48.4486 69.9813 2.30848
59.215 69.9813 2.42084
69.9813 69.9813 1.78054
5.38318 80.7477 -0.0112779
16.1495 80.7477 0.388588
26.9159 80.7477 0.841273
37.6822 80.7477 0.955965
48.4486 80.7477 1.09274
59.215 80.7477 1.31706
69.9813 80.7477 1.04012
5.38318 91.514 -0.217179
16.1495 91.514 -0.261309
26.9159 91.514 -0.197859
37.6822 91.514 -0.190966
48.4486 91.514 -0.262331
59.215 91.514 -0.194016
69.9813 91.514 -0.0741427
5.38318 102.28 -0.284015
16.1495 102.28 -0.431595
26.9159 102.28 -0.420816
37.6822 102.28 -0.420655
48.4486 102.28 -0.455496
59.215 102.28 -0.353663
69.9813 102.28 -0.169652
5.38318 113.047 -0.300804
16.1495 113.047 -0.454023
26.9159 113.047 -0.449127
37.6822 113.047 -0.424672
48.4486 113.047 -0.398874
59.215 113.047 -0.307622
69.9813 113.047 -0.136431
5.38318 123.813 -0.27925
16.1495 123.813 -0.378979
26.9159 123.813 -0.254905
37.6822 123.813 -0.158886
48.4486 123.813 -0.115642
59.215 123.813 -0.078084
69.9813 123.813 -0.00239186
5.38318 134.579 -0.197077
16.1495 134.579 -0.196964
26.9159 134.579 0.177121
37.6822 134.579 0.624234
48.4486 134.579 0.791696
59.215 134.579 0.628149
69.9813 134.579 0.437892
5.38318 145.346 -0.00775744
16.1495 145.346 0.395078
26.9159 145.346 1.44086
37.6822 145.346 2.13427
48.4486 145.346 2.30384
59.215 145.346 1.8273
69.9813 145.346 1.06703
5.38318 156.112 0.382033
16.1495 156.112 1.06994
26.9159 156.112 2.31258
37.6822 156.112 3.08685
48.4486 156.112 3.21861
59.215 156.112 2.46348
69.9813 156.112 1.4167
5.38318 166.879 0.730319
16.1495 166.879 1.63986
26.9159 166.879 2.88113
37.6822 166.879 3.44158
48.4486 166.879 3.30797
59.215 166.879 2.44649
69.9813 166.879 1.3638
5.38318 177.645 0.666169
16.1495 177.645 1.55498
26.9159 177.645 2.69677
37.6822 177.645 2.94986
48.4486 177.645 2.61969
59.215 177.645 1.81873
69.9813 177.645 1.01276
5.38318 188.411 0.399706
16.1495 188.411 1.16933
26.9159 188.411 2.44619
37.6822 188.411 2.84586
48.4486 188.411 2.54863
59.215 188.411 1.69154
69.9813 188.411 0.8659
5.38318 199.178 -0.000729752
16.1495 199.178 0.716581
26.9159 199.178 2.19432
37.6822 199.178 3.08367
48.4486 199.178 3.09486
59.215 199.178 2.25854
69.9813 199.178 1.17649
5.38318 209.944 -0.0784846
16.1495 209.944 0.319356
26.9159 209.944 1.43952
37.6822 209.944 2.36108
48.4486 209.944 2.63642
59.215 209.944 2.05157
69.9813 209.944 1.11093
