37 37
0 17 72 40
0 1 72 72
0 0 72 82
0 0 72 144
0 0 72 216
5.38318 5.38318 0.640768
16.1495 5.38318 1.09977
26.9159 5.38318 1.33769
37.6822 5.38318 1.3387
48.4486 5.38318 1.18085
59.215 5.38318 0.862412
69.9813 5.38318 0.531823
5.38318 16.1495 1.0852
16.1495 16.1495 2.09628
26.9159 16.1495 2.77525
37.6822 16.1495 2.9075
48.4486 16.1495 2.6261
59.215 16.1495 1.92476
69.9813 16.1495 1.18499
5.38318 26.9159 1.26843
16.1495 26.9159 2.66713
26.9159 26.9159 3.90858
37.6822 26.9159 4.2359
48.4486 26.9159 3.7784
59.215 26.9159 2.61508
69.9813 26.9159 1.51962
5.38318 37.6822 1.29426
16.1495 37.6822 2.82271
26.9159 37.6822 4.36642
37.6822 37.6822 4.84455
48.4486 37.6822 4.3818
59.215 37.6822 3.03779
69.9813 37.6822 1.72158
5.38318 48.4486 1.18137
16.1495 48.4486 2.5306
26.9159 48.4486 3.76273
37.6822 48.4486 4.20608
48.4486 48.4486 3.78922
59.215 48.4486 2.81787
69.9813 48.4486 1.57944
5.38318 59.215 0.673072
16.1495 59.215 1.54045
26.9159 59.215 2.22545
37.6822 59.215 2.53581
48.4486 59.215 2.249
59.215 59.215 1.94773
69.9813 59.215 1.09214
5.38318 69.9813 0.00679643
16.1495 69.9813 0.364811
26.9159 69.9813 0.617754
37.6822 69.9813 0.817863
48.4486 69.9813 0.331182
59.215 69.9813 0.60427
69.9813 69.9813 0.374597
5.38318 80.7477 -0.32785
16.1495 80.7477 -0.443708
26.9159 80.7477 -0.388276
37.6822 80.7477 -0.398007
48.4486 80.7477 -0.53135
59.215 80.7477 -0.406755
69.9813 80.7477 -0.198961
5.38318 91.514 -0.514334
16.1495 91.514 -0.818553
26.9159 91.514 -0.877032
37.6822 91.514 -0.936169
48.4486 91.514 -0.937349
59.215 91.514 -0.77291
69.9813 91.514 -0.350064
5.38318 102.28 -0.569027
16.1495 102.28 -0.911054
26.9159 102.28 -0.990143
37.6822 102.28 -1.0065
48.4486 102.28 -0.958386
59.215 102.28 -0.769549
69.9813 102.28 -0.330837
5.38318 113.047 -0.578865
16.1495 113.047 -0.923349
26.9159 113.047 -0.996722
37.6822 113.047 -0.989065
48.4486 113.047 -0.93196
59.215 113.047 -0.708777
69.9813 113.047 -0.299497
5.38318 123.813 -0.555106
16.1495 123.813 -0.869488
26.9159 123.813 -0.875808
37.6822 123.813 -0.814539
48.4486 123.813 -0.724026
59.215 123.813 -0.509132
69.9813 123.813 -0.188535
5.38318 134.579 -0.487288
16.1495 134.579 -0.691674
26.9159 134.579 -0.509174
37.6822 134.579 -0.354504
48.4486 134.579 -0.251081
59.215 134.579 -0.122563
69.9813 134.579 0.0663046
5.38318 145.346 -0.344954
16.1495 145.346 -0.351147
26.9159 145.346 0.29805
37.6822 145.346 1.13957
48.4486 145.346 1.55128
59.215 145.346 1.31119
69.9813 145.346 0.880181
5.38318 156.112 -0.15084
16.1495 156.112 0.245282
26.9159 156.112 1.83356
37.6822 156.112 2.96711
48.4486 156.112 3.30702
59.215 156.112 2.60554
69.9813 156.112 1.51575
5.38318 166.879 -0.0441442
16.1495 166.879 0.882454
26.9159 166.879 2.84085
37.6822 166.879 4.37615
48.4486 166.879 4.78659
59.215 166.879 3.61626
69.9813 166.879 1.99491
5.38318 177.645 0.11978
16.1495 177.645 1.09284
26.9159 177.645 2.92892
37.6822 177.645 4.29176
48.4486 177.645 4.46458
59.215 177.645 3.30909
69.9813 177.645 1.78923
5.38318 188.411 0.0392808
16.1495 188.411 0.705051
26.9159 188.411 2.26969
37.6822 188.411 3.08531
48.4486 188.411 3.12119
59.215 188.411 2.36018
69.9813 188.411 1.35133
5.38318 199.178 0.150156
16.1495 199.178 0.505339
26.9159 199.178 1.331
37.6822 199.178 1.27613
48.4486 199.178 1.1792
59.215 199.178 0.925368
69.9813 199.178 0.750234
5.38318 209.944 0.220129
16.1495 209.944 0.526454
26.9159 209.944 1.03095
37.6822 209.944 0.827673
48.4486 209.944 0.77524
59.215 209.944 0.740216
69.9813 209.944 0.67627
