37 37
0 17 72 40
0 1 72 72
0 0 72 82
0 0 72 144
0 0 72 216
5.38318 5.38318 0.372224
16.1495 5.38318 0.744958
26.9159 5.38318 1.28678
37.6822 5.38318 1.49347
48.4486 5.38318 1.34225
59.215 5.38318 0.921685
69.9813 5.38318 0.496522
5.38318 16.1495 0.742561
16.1495 16.1495 1.75428
26.9159 16.1495 2.90274
37.6822 16.1495 3.31671
48.4486 16.1495 2.94831
59.215 16.1495 1.89523
69.9813 16.1495 1.00736
5.38318 26.9159 1.07148
16.1495 26.9159 2.53073
26.9159 26.9159 4.4795
37.6822 26.9159 5.07462
48.4486 26.9159 4.48183
59.215 26.9159 2.76319
69.9813 26.9159 1.37286
5.38318 37.6822 1.51458
16.1495 37.6822 3.28695
26.9159 37.6822 5.45276
37.6822 37.6822 5.99743
48.4486 37.6822 5.17902
59.215 37.6822 3.1588
69.9813 37.6822 1.51008
5.38318 48.4486 1.95884
16.1495 48.4486 3.66307
26.9159 48.4486 5.29989
37.6822 48.4486 5.59747
48.4486 48.4486 4.93926
59.215 48.4486 3.25664
69.9813 48.4486 1.68897
5.38318 59.215 2.10445
16.1495 59.215 3.39151
26.9159 59.215 3.84267
37.6822 59.215 3.82958
48.4486 59.215 3.48403
59.215 59.215 2.78722
69.9813 59.215 1.6778
5.38318 69.9813 1.86655
16.1495 69.9813 2.85942
26.9159 69.9813 2.88816
37.6822 69.9813 2.67686
48.4486 69.9813 2.27009
59.215 69.9813 2.00979
69.9813 69.9813 1.31321
5.38318 80.7477 0.782855
16.1495 80.7477 1.36699
26.9159 80.7477 1.52142
37.6822 80.7477 1.42245
48.4486 80.7477 0.862846
59.215 80.7477 0.822568
69.9813 80.7477 0.578737
5.38318 91.514 -0.210714
16.1495 91.514 -0.228027
26.9159 91.514 -0.112567
37.6822 91.514 -0.0661877
48.4486 91.514 -0.225885
59.215 91.514 -0.173233
69.9813 91.514 -0.0780877
5.38318 102.28 -0.319345
16.1495 102.28 -0.458785
26.9159 102.28 -0.372797
37.6822 102.28 -0.33327
48.4486 102.28 -0.331399
59.215 102.28 -0.249293
69.9813 102.28 -0.100219
5.38318 113.047 -0.295477
16.1495 113.047 -0.448453
26.9159 113.047 -0.429143
37.6822 113.047 -0.417591
48.4486 113.047 -0.396172
59.215 113.047 -0.308213
69.9813 113.047 -0.132939
5.38318 123.813 -0.246416
16.1495 123.813 -0.38319
26.9159 123.813 -0.332597
37.6822 123.813 -0.304232
48.4486 123.813 -0.258126
59.215 123.813 -0.16542
69.9813 123.813 -0.0385045
5.38318 134.579 -0.151989
16.1495 134.579 -0.22461
26.9159 134.579 -0.123544
37.6822 134.579 -0.0437231
48.4486 134.579 0.158207
59.215 134.579 0.271042
69.9813 134.579 0.342588
5.38318 145.346 -0.022567
16.1495 145.346 -0.00194393
26.9159 145.346 0.48489
37.6822 145.346 0.80979
48.4486 145.346 1.3406
59.215 145.346 1.35947
69.9813 145.346 1.04058
5.38318 156.112 0.273935
16.1495 156.112 0.592418
26.9159 156.112 1.24703
37.6822 156.112 1.71775
48.4486 156.112 2.37307
59.215 156.112 2.29383
69.9813 156.112 1.68857
5.38318 166.879 0.335583
16.1495 166.879 0.7603
26.9159 166.879 1.57857
37.6822 166.879 2.19136
48.4486 166.879 3.09103
59.215 166.879 2.95329
69.9813 166.879 2.12424
5.38318 177.645 0.2324
16.1495 177.645 0.657719
26.9159 177.645 1.38473
37.6822 177.645 2.08956
48.4486 177.645 2.89247
59.215 177.645 2.71402
69.9813 177.645 1.92415
5.38318 188.411 0.140289
16.1495 188.411 0.524161
26.9159 188.411 1.11711
37.6822 188.411 1.71788
48.4486 188.411 2.31381
59.215 188.411 2.09658
69.9813 188.411 1.4984
5.38318 199.178 0.283867
16.1495 199.178 0.625392
26.9159 199.178 0.820833
37.6822 199.178 1.21145
48.4486 199.178 1.56515
59.215 199.178 1.5554
69.9813 199.178 1.18698
5.38318 209.944 0.301607
16.1495 209.944 0.527392
26.9159 209.944 0.586238
37.6822 209.944 0.744817
48.4486 209.944 0.954096
59.215 209.944 0.987237
69.9813 209.944 0.786402
