37 177
0 157 72 40
0 141 72 72
0 134 72 82
0 72 72 144
0 0 72 216
5.38318 5.38318 0.123991
16.1495 5.38318 0.106779
26.9159 5.38318 0.164624
37.6822 5.38318 0.176464
48.4486 5.38318 0.210213
59.215 5.38318 0.269381
69.9813 5.38318 0.219741
5.38318 16.1495 0.0950805
16.1495 16.1495 0.192024
26.9159 16.1495 0.374863
37.6822 16.1495 0.422757
48.4486 16.1495 0.510562
59.215 16.1495 0.631414
69.9813 16.1495 0.519211
5.38318 26.9159 -0.0732123
16.1495 26.9159 -0.0808324
26.9159 26.9159 0.00757589
37.6822 26.9159 0.0563054
48.4486 26.9159 0.131338
59.215 26.9159 0.449143
69.9813 26.9159 0.470786
5.38318 37.6822 -0.0412032
16.1495 37.6822 -0.0344882
26.9159 37.6822 0.150903
37.6822 37.6822 0.148746
48.4486 37.6822 0.0865908
59.215 37.6822 0.296772
69.9813 37.6822 0.349674
5.38318 48.4486 -0.0605003
16.1495 48.4486 -0.0882753
26.9159 48.4486 0.00809647
37.6822 48.4486 -0.0322679
48.4486 48.4486 -0.163093
59.215 48.4486 -0.122893
69.9813 48.4486 -0.0140092
5.38318 59.215 -0.274727
16.1495 59.215 -0.436548
26.9159 59.215 -0.404831
37.6822 59.215 -0.421134
48.4486 59.215 -0.510225
59.215 59.215 -0.386229
69.9813 59.215 -0.175502
5.38318 69.9813 -0.446461
16.1495 69.9813 -0.716046
26.9159 69.9813 -0.689863
37.6822 69.9813 -0.710385
48.4486 69.9813 -0.773217
59.215 69.9813 -0.588726
69.9813 69.9813 -0.285015
5.38318 80.7477 -0.558133
16.1495 80.7477 -0.90582
26.9159 80.7477 -0.980816
37.6822 80.7477 -1.0036
48.4486 80.7477 -0.995227
59.215 80.7477 -0.780183
69.9813 80.7477 -0.371928
5.38318 91.514 -0.583853
16.1495 91.514 -0.94355
26.9159 91.514 -1.033
37.6822 91.514 -1.05432
48.4486 91.514 -1.01959
59.215 91.514 -0.811985
69.9813 91.514 -0.374729
5.38318 102.28 -0.586056
16.1495 102.28 -0.940927
26.9159 102.28 -1.02771
37.6822 102.28 -1.03314
48.4486 102.28 -0.982464
59.215 102.28 -0.778491
69.9813 102.28 -0.340017
5.38318 113.047 -0.578431
16.1495 113.047 -0.92392
26.9159 113.047 -1.00282
37.6822 113.047 -1.00341
48.4486 113.047 -0.951335
59.215 113.047 -0.748204
69.9813 113.047 -0.321794
5.38318 123.813 -0.551769
16.1495 123.813 -0.863526
26.9159 123.813 -0.899333
37.6822 123.813 -0.88834
48.4486 123.813 -0.843331
59.215 123.813 -0.64217
69.9813 123.813 -0.274142
5.38318 134.579 -0.459057
16.1495 134.579 -0.645559
26.9159 134.579 -0.506033
37.6822 134.579 -0.474149
48.4486 134.579 -0.477874
59.215 134.579 -0.417875
69.9813 134.579 -0.180061
5.38318 145.346 -0.23833
16.1495 145.346 -0.154571
26.9159 145.346 0.594119
37.6822 145.346 0.849906
48.4486 145.346 0.61424
59.215 145.346 0.103859
69.9813 145.346 0.0322292
5.38318 156.112 0.0511891
16.1495 156.112 0.950315
26.9159 156.112 2.34828
37.6822 156.112 2.66476
48.4486 156.112 2.21223
59.215 156.112 1.07712
69.9813 156.112 0.464687
5.38318 166.879 0.471998
16.1495 166.879 1.84323
26.9159 166.879 3.40777
37.6822 166.879 3.85297
48.4486 166.879 3.17894
59.215 166.879 1.78037
69.9813 166.879 0.779431
5.38318 177.645 0.681948
16.1495 177.645 2.02887
26.9159 177.645 3.47841
37.6822 177.645 3.87981
48.4486 177.645 3.17439
59.215 177.645 1.88103
69.9813 177.645 0.87156
5.38318 188.411 0.833041
16.1495 188.411 1.97849
26.9159 188.411 2.95569
37.6822 188.411 3.19097
48.4486 188.411 2.64094
59.215 188.411 1.75919
69.9813 188.411 0.995031
5.38318 199.178 0.977283
16.1495 199.178 2.13183
26.9159 199.178 2.7695
37.6822 199.178 3.15024
48.4486 199.178 2.81291
59.215 199.178 2.35047
69.9813 199.178 1.39656
5.38318 209.944 0.851147
16.1495 209.944 1.8622
26.9159 209.944 2.35292
37.6822 209.944 2.75765
48.4486 209.944 2.63767
59.215 209.944 2.25119
69.9813 209.944 1.36015
