37 26
0 6 72 40
0 0 72 72
0 0 72 82
0 0 72 144
0 0 72 216
5.38318 5.38318 0.307895
16.1495 5.38318 0.757737
26.9159 5.38318 1.44106
37.6822 5.38318 1.59819
48.4486 5.38318 1.3333
59.215 5.38318 0.709969
69.9813 5.38318 0.317066
5.38318 16.1495 0.487894
16.1495 16.1495 1.56793
26.9159 16.1495 2.88641
37.6822 16.1495 3.3212
48.4486 16.1495 2.80766
59.215 16.1495 1.68993
69.9813 16.1495 0.777401
5.38318 26.9159 0.465802
16.1495 26.9159 1.90761
26.9159 26.9159 3.70438
37.6822 26.9159 4.37316
48.4486 26.9159 3.55259
59.215 26.9159 1.98519
69.9813 26.9159 0.806306
5.38318 37.6822 0.654071
16.1495 37.6822 2.08078
26.9159 37.6822 3.59217
37.6822 37.6822 4.09858
48.4486 37.6822 3.27736
59.215 37.6822 1.96165
69.9813 37.6822 0.90526
5.38318 48.4486 0.742296
16.1495 48.4486 1.93646
26.9159 48.4486 2.78987
37.6822 48.4486 3.0404
48.4486 48.4486 2.46262
59.215 48.4486 1.60848
69.9813 48.4486 0.875559
5.38318 59.215 0.79704
16.1495 59.215 1.74092
26.9159 59.215 2.14941
37.6822 59.215 2.26312
48.4486 59.215 1.87814
59.215 59.215 1.36075
69.9813 59.215 0.803358
5.38318 69.9813 0.430665
16.1495 69.9813 1.00822
26.9159 69.9813 1.29637
37.6822 69.9813 1.27417
48.4486 69.9813 0.846002
59.215 69.9813 0.585188
69.9813 69.9813 0.37257
5.38318 80.7477 -0.137975
16.1495 80.7477 -0.0966064
26.9159 80.7477 -0.0159796
37.6822 80.7477 -0.0853625
48.4486 80.7477 -0.266441
59.215 80.7477 -0.245338
69.9813 80.7477 -0.11333
5.38318 91.514 -0.467239
16.1495 91.514 -0.716736
26.9159 91.514 -0.744061
37.6822 91.514 -0.783933
48.4486 91.514 -0.824669
59.215 91.514 -0.646287
69.9813 91.514 -0.295072
5.38318 102.28 -0.565618
16.1495 102.28 -0.907473
26.9159 102.28 -0.992085
37.6822 102.28 -0.999429
48.4486 102.28 -0.958223
59.215 102.28 -0.758056
69.9813 102.28 -0.334775
5.38318 113.047 -0.558406
16.1495 113.047 -0.896794
26.9159 113.047 -0.985712
37.6822 113.047 -0.998465
48.4486 113.047 -0.956512
59.215 113.047 -0.754672
69.9813 113.047 -0.328469
5.38318 123.813 -0.484998
16.1495 123.813 -0.761137
26.9159 123.813 -0.750404
37.6822 123.813 -0.765332
48.4486 123.813 -0.7335
59.215 123.813 -0.562025
69.9813 123.813 -0.219298
5.38318 134.579 -0.244029
16.1495 134.579 -0.355325
26.9159 134.579 -0.248225
37.6822 134.579 -0.214538
48.4486 134.579 -0.19737
59.215 134.579 -0.137592
69.9813 134.579 0.116367
5.38318 145.346 0.400569
16.1495 145.346 0.803978
26.9159 145.346 1.46403
37.6822 145.346 1.56586
48.4486 145.346 1.55174
59.215 145.346 1.19667
69.9813 145.346 0.937339
5.38318 156.112 1.47419
16.1495 156.112 2.43956
26.9159 156.112 3.00926
37.6822 156.112 2.88668
48.4486 156.112 2.77768
59.215 156.112 2.34633
69.9813 156.112 1.63635
5.38318 166.879 2.49123
16.1495 166.879 3.82592
26.9159 166.879 4.16722
37.6822 166.879 3.44461
48.4486 166.879 3.08823
59.215 166.879 2.63738
69.9813 166.879 1.86036
5.38318 177.645 2.83442
16.1495 177.645 4.16421
26.9159 177.645 4.14365
37.6822 177.645 2.95627
48.4486 177.645 2.37136
59.215 177.645 2.07409
69.9813 177.645 1.53642
5.38318 188.411 2.45834
16.1495 188.411 3.54836
26.9159 188.411 3.40542
37.6822 188.411 2.34009
48.4486 188.411 1.78061
59.215 188.411 1.55045
69.9813 188.411 1.18717
5.38318 199.178 1.18146
16.1495 199.178 1.73602
26.9159 199.178 1.91842
37.6822 199.178 1.47999
48.4486 199.178 1.33832
59.215 199.178 1.25511
69.9813 199.178 1.03155
5.38318 209.944 0.460423
16.1495 209.944 0.779429
26.9159 209.944 0.979887
37.6822 209.944 0.94653
48.4486 209.944 1.00449
59.215 209.944 1.02797
69.9813 209.944 0.81487
