37 177
0 157 72 40
0 141 72 72
0 134 72 82
0 72 72 144
0 0 72 216
5.38318 5.38318 0.58564
16.1495 5.38318 0.858827
26.9159 5.38318 1.17693
37.6822 5.38318 1.26288
48.4486 5.38318 1.25031
59.215 5.38318 1.0065
69.9813 5.38318 0.605314
5.38318 16.1495 1.13705
16.1495 16.1495 1.72914
26.9159 16.1495 2.19633
37.6822 16.1495 2.24688
48.4486 16.1495 2.22937
59.215 16.1495 1.87157
69.9813 16.1495 1.19043
5.38318 26.9159 1.60467
16.1495 26.9159 2.38762
26.9159 26.9159 2.76661
37.6822 26.9159 2.54501
48.4486 26.9159 2.35397
59.215 26.9159 2.00053
69.9813 26.9159 1.31819
5.38318 37.6822 1.76173
16.1495 37.6822 2.59861
26.9159 37.6822 2.68991
37.6822 37.6822 2.18341
48.4486 37.6822 1.83767
59.215 37.6822 1.63024
69.9813 37.6822 1.12358
5.38318 48.4486 1.39251
16.1495 48.4486 2.09567
26.9159 48.4486 2.21305
37.6822 48.4486 1.82727
48.4486 48.4486 1.56641
59.215 48.4486 1.37701
69.9813 48.4486 0.94765
5.38318 59.215 0.613215
16.1495 59.215 1.10196
26.9159 59.215 1.58759
37.6822 59.215 1.62931
48.4486 59.215 1.58016
59.215 59.215 1.36398
69.9813 59.215 0.912993
5.38318 69.9813 0.214571
16.1495 69.9813 0.583683
26.9159 69.9813 1.33325
37.6822 69.9813 1.59484
48.4486 69.9813 1.563
59.215 69.9813 1.26275
69.9813 69.9813 0.814974
5.38318 80.7477 -0.036621
16.1495 80.7477 0.0858594
26.9159 80.7477 0.82689
37.6822 80.7477 1.02823
48.4486 80.7477 0.884675
59.215 80.7477 0.54857
69.9813 80.7477 0.337714
5.38318 91.514 -0.172335
16.1495 91.514 -0.216214
26.9159 91.514 -0.0783822
37.6822 91.514 -0.0672002
48.4486 91.514 -0.141335
59.215 91.514 -0.151191
69.9813 91.514 -0.0695522
5.38318 102.28 -0.203536
16.1495 102.28 -0.306517
26.9159 102.28 -0.296874
37.6822 102.28 -0.358015
48.4486 102.28 -0.420306
59.215 102.28 -0.349278
69.9813 102.28 -0.171856
5.38318 113.047 -0.270618
16.1495 113.047 -0.415621
26.9159 113.047 -0.401282
37.6822 113.047 -0.408648
48.4486 113.047 -0.405553
59.215 113.047 -0.323
69.9813 113.047 -0.143561
5.38318 123.813 -0.1887
16.1495 123.813 -0.283035
26.9159 123.813 -0.244744
37.6822 123.813 -0.252378
48.4486 123.813 -0.234551
59.215 123.813 -0.183891
69.9813 123.813 -0.0573482
5.38318 134.579 0.0745113
16.1495 134.579 0.149743
26.9159 134.579 0.36931
37.6822 134.579 0.303517
48.4486 134.579 0.312774
59.215 134.579 0.220976
69.9813 134.579 0.260866
5.38318 145.346 0.640698
16.1495 145.346 1.15022
26.9159 145.346 1.66964
37.6822 145.346 1.73994
48.4486 145.346 1.70145
59.215 145.346 1.24036
69.9813 145.346 0.835113
5.38318 156.112 1.19547
16.1495 156.112 2.14405
26.9159 156.112 3.08381
37.6822 156.112 3.1942
48.4486 156.112 3.01789
59.215 156.112 2.13492
69.9813 156.112 1.2927
5.38318 166.879 1.37515
16.1495 166.879 2.70043
26.9159 166.879 4.30996
37.6822 166.879 4.52714
48.4486 166.879 4.12547
59.215 166.879 2.71275
69.9813 166.879 1.52674
5.38318 177.645 1.15739
16.1495 177.645 2.52524
26.9159 177.645 4.49358
37.6822 177.645 4.74222
48.4486 177.645 4.19558
59.215 177.645 2.54813
69.9813 177.645 1.35774
5.38318 188.411 0.910337
16.1495 188.411 2.05469
26.9159 188.411 3.66859
37.6822 188.411 3.7939
48.4486 188.411 3.18178
59.215 188.411 1.73852
69.9813 188.411 0.905884
5.38318 199.178 0.763706
16.1495 199.178 1.31921
26.9159 199.178 1.94671
37.6822 199.178 1.80269
48.4486 199.178 1.57729
59.215 199.178 0.891031
69.9813 199.178 0.645391
5.38318 209.944 0.594249
16.1495 209.944 0.873851
26.9159 209.944 0.933098
37.6822 209.944 0.741916
48.4486 209.944 0.605101
59.215 209.944 0.468985
69.9813 209.944 0.438427
