37 177
0 157 72 40
0 141 72 72
0 134 72 82
0 72 72 144
0 0 72 216
5.38318 5.38318 0.624997
16.1495 5.38318 0.805628
26.9159 5.38318 0.857782
37.6822 5.38318 0.834225
48.4486 5.38318 0.721488
59.215 5.38318 0.704818
69.9813 5.38318 0.462209
5.38318 16.1495 0.912921
16.1495 16.1495 1.48749
26.9159 16.1495 1.62848
37.6822 16.1495 1.53543
48.4486 16.1495 1.37551
59.215 16.1495 1.47136
69.9813 16.1495 1.01709
5.38318 26.9159 0.748954
16.1495 26.9159 1.26452
26.9159 26.9159 1.40579
37.6822 26.9159 1.26968
48.4486 26.9159 1.12244
59.215 26.9159 1.48844
69.9813 26.9159 1.12888
5.38318 37.6822 0.440565
16.1495 37.6822 0.713142
26.9159 37.6822 0.797422
37.6822 37.6822 0.626103
48.4486 37.6822 0.464123
59.215 37.6822 1.00533
69.9813 37.6822 0.854208
5.38318 48.4486 0.33661
16.1495 48.4486 0.384014
26.9159 48.4486 0.592934
37.6822 48.4486 0.523361
48.4486 48.4486 0.27588
59.215 48.4486 0.687743
69.9813 48.4486 0.585169
5.38318 59.215 0.54148
16.1495 59.215 0.683058
26.9159 59.215 1.02637
37.6822 59.215 0.999765
48.4486 59.215 0.689758
59.215 59.215 0.939837
69.9813 59.215 0.669931
5.38318 69.9813 0.236321
16.1495 69.9813 0.209977
26.9159 69.9813 0.64133
37.6822 69.9813 0.608189
48.4486 69.9813 0.304953
59.215 69.9813 0.626714
69.9813 69.9813 0.440601
5.38318 80.7477 -0.196759
16.1495 80.7477 -0.331644
26.9159 80.7477 -0.193004
37.6822 80.7477 -0.178859
48.4486 80.7477 -0.215822
59.215 80.7477 -0.0706827
69.9813 80.7477 -0.00371365
5.38318 91.514 -0.321281
16.1495 91.514 -0.500742
26.9159 91.514 -0.460912
37.6822 91.514 -0.4409
48.4486 91.514 -0.451101
59.215 91.514 -0.325266
69.9813 91.514 -0.156401
5.38318 102.28 -0.302479
16.1495 102.28 -0.457201
26.9159 102.28 -0.459845
37.6822 102.28 -0.443585
48.4486 102.28 -0.42928
59.215 102.28 -0.32955
69.9813 102.28 -0.145758
5.38318 113.047 -0.295642
16.1495 113.047 -0.44869
26.9159 113.047 -0.453906
37.6822 113.047 -0.439582
48.4486 113.047 -0.422587
59.215 113.047 -0.329756
69.9813 113.047 -0.144472
5.38318 123.813 -0.285819
16.1495 123.813 -0.433091
26.9159 123.813 -0.399566
37.6822 123.813 -0.383314
48.4486 123.813 -0.352605
59.215 123.813 -0.273278
69.9813 123.813 -0.108598
5.38318 134.579 -0.220798
16.1495 134.579 -0.301398
26.9159 134.579 -0.204913
37.6822 134.579 -0.163126
48.4486 134.579 -0.140887
59.215 134.579 -0.123535
69.9813 134.579 -0.0242367
5.38318 145.346 -0.0845447
16.1495 145.346 -0.0161016
26.9159 145.346 0.556835
37.6822 145.346 0.767265
48.4486 145.346 0.745788
59.215 145.346 0.462717
69.9813 145.346 0.321112
5.38318 156.112 0.295999
16.1495 156.112 0.924954
26.9159 156.112 1.9368
37.6822 156.112 2.17379
48.4486 156.112 1.96112
59.215 156.112 1.30515
69.9813 156.112 0.728022
5.38318 166.879 0.80545
16.1495 166.879 1.83529
26.9159 166.879 3.08623
37.6822 166.879 3.3591
48.4486 166.879 3.02285
59.215 166.879 2.00295
69.9813 166.879 1.12816
5.38318 177.645 1.05371
16.1495 177.645 2.12634
26.9159 177.645 3.36207
37.6822 177.645 3.52021
48.4486 177.645 3.19075
59.215 177.645 2.26831
69.9813 177.645 1.36256
5.38318 188.411 1.13123
16.1495 188.411 1.97145
26.9159 188.411 2.66158
37.6822 188.411 2.51046
48.4486 188.411 2.33057
59.215 188.411 1.87034
69.9813 188.411 1.28507
5.38318 199.178 0.641499
16.1495 199.178 1.0346
26.9159 199.178 1.20699
37.6822 199.178 1.08723
48.4486 199.178 1.18221
59.215 199.178 1.33102
69.9813 199.178 1.05835
5.38318 209.944 0.379633
16.1495 209.944 0.688197
26.9159 209.944 0.662869
37.6822 209.944 0.579035
48.4486 209.944 0.657298
59.215 209.944 0.83121
69.9813 209.944 0.714275
