37 166
0 146 72 40
0 130 72 72
0 125 72 82
0 72 72 144
0 0 72 216
5.38318 5.38318 0.27984
16.1495 5.38318 0.883682
26.9159 5.38318 1.98383
37.6822 5.38318 2.20044
48.4486 5.38318 1.6899
59.215 5.38318 0.816224
69.9813 5.38318 0.270984
5.38318 16.1495 0.28451
16.1495 16.1495 1.33401
26.9159 16.1495 3.25263
37.6822 16.1495 3.67062
48.4486 16.1495 2.91956
59.215 16.1495 1.4635
69.9813 16.1495 0.573414
5.38318 26.9159 -0.0316513
16.1495 26.9159 0.926385
26.9159 26.9159 3.1373
37.6822 26.9159 3.58392
48.4486 26.9159 2.85185
59.215 26.9159 1.17291
69.9813 26.9159 0.412622
5.38318 37.6822 -0.154341
16.1495 37.6822 0.229444
26.9159 37.6822 1.99466
37.6822 37.6822 2.21215
48.4486 37.6822 1.61517
59.215 37.6822 0.354835
69.9813 37.6822 0.0899838
5.38318 48.4486 -0.163803
16.1495 48.4486 0.0943592
26.9159 48.4486 1.51501
37.6822 48.4486 1.57404
48.4486 48.4486 0.946603
59.215 48.4486 -0.0563671
69.9813 48.4486 -0.0513839
5.38318 59.215 -0.227539
16.1495 59.215 -0.0109527
26.9159 59.215 1.28972
37.6822 59.215 1.42088
48.4486 59.215 0.592329
59.215 59.215 -0.174361
69.9813 59.215 -0.143359
5.38318 69.9813 -0.280621
16.1495 69.9813 -0.119729
26.9159 69.9813 1.13487
37.6822 69.9813 1.25298
48.4486 69.9813 0.462293
59.215 69.9813 -0.250698
69.9813 69.9813 -0.187405
5.38318 80.7477 -0.43831
16.1495 80.7477 -0.465903
26.9159 80.7477 -0.0127363
37.6822 80.7477 0.167818
48.4486 80.7477 -0.201943
59.215 80.7477 -0.417635
69.9813 80.7477 -0.253124
5.38318 91.514 -0.526916
16.1495 91.514 -0.783184
26.9159 91.514 -0.660761
37.6822 91.514 -0.675481
48.4486 91.514 -0.756752
59.215 91.514 -0.701911
69.9813 91.514 -0.34697
5.38318 102.28 -0.574606
16.1495 102.28 -0.914093
26.9159 102.28 -0.99241
37.6822 102.28 -1.00451
48.4486 102.28 -0.969419
59.215 102.28 -0.787525
69.9813 102.28 -0.352741
5.38318 113.047 -0.573594
16.1495 113.047 -0.917371
26.9159 113.047 -0.994018
37.6822 113.047 -0.995009
48.4486 113.047 -0.940151
59.215 113.047 -0.731667
69.9813 113.047 -0.310838
5.38318 123.813 -0.538192
16.1495 123.813 -0.833872
26.9159 123.813 -0.823809
37.6822 123.813 -0.794682
48.4486 123.813 -0.730981
59.215 123.813 -0.553873
69.9813 123.813 -0.217702
5.38318 134.579 -0.387093
16.1495 134.579 -0.518237
26.9159 134.579 -0.364336
37.6822 134.579 -0.294641
48.4486 134.579 -0.272601
59.215 134.579 -0.231519
69.9813 134.579 -0.0514491
5.38318 145.346 -0.132618
16.1495 145.346 0.0942751
26.9159 145.346 0.930486
37.6822 145.346 1.37665
48.4486 145.346 1.22551
59.215 145.346 0.787655
69.9813 145.346 0.512569
5.38318 156.112 0.352016
16.1495 156.112 1.31645
26.9159 156.112 2.36275
37.6822 156.112 2.87178
48.4486 156.112 2.54586
59.215 156.112 1.80089
69.9813 156.112 0.982903
5.38318 166.879 0.705491
16.1495 166.879 1.97401
26.9159 166.879 3.20199
37.6822 166.879 3.7752
48.4486 166.879 3.23678
59.215 166.879 2.20261
69.9813 166.879 1.1623
5.38318 177.645 0.85453
16.1495 177.645 2.05862
26.9159 177.645 3.25553
37.6822 177.645 3.65356
48.4486 177.645 3.08365
59.215 177.645 2.10941
69.9813 177.645 1.13129
5.38318 188.411 0.910346
16.1495 188.411 1.97987
26.9159 188.411 2.9909
37.6822 188.411 3.0875
48.4486 188.411 2.49125
59.215 188.411 1.68002
69.9813 188.411 0.892191
5.38318 199.178 0.906621
16.1495 199.178 1.67123
26.9159 199.178 2.00623
37.6822 199.178 1.94284
48.4486 199.178 1.72871
59.215 199.178 1.48513
69.9813 199.178 1.04128
5.38318 209.944 0.786197
16.1495 209.944 1.35443
26.9159 209.944 1.40372
37.6822 209.944 1.23524
48.4486 209.944 1.17486
59.215 209.944 1.12945
69.9813 209.944 0.840189
