37 177
0 157 72 40
0 141 72 72
0 134 72 82
0 72 72 144
0 0 72 216
5.38318 5.38318 0.337404
16.1495 5.38318 0.746964
26.9159 5.38318 1.20774
37.6822 5.38318 1.40705
48.4486 5.38318 1.33236
59.215 5.38318 0.95432
69.9813 5.38318 0.554424
5.38318 16.1495 0.467127
16.1495 16.1495 1.33404
26.9159 16.1495 2.12943
37.6822 16.1495 2.56569
48.4486 16.1495 2.47739
59.215 16.1495 1.77705
69.9813 16.1495 1.03342
5.38318 26.9159 0.189972
16.1495 26.9159 0.905698
26.9159 26.9159 1.83722
37.6822 26.9159 2.4769
48.4486 26.9159 2.67404
59.215 26.9159 2.04213
69.9813 26.9159 1.27282
5.38318 37.6822 0.129019
16.1495 37.6822 0.779152
26.9159 37.6822 1.62417
37.6822 37.6822 2.24844
48.4486 37.6822 2.4166
59.215 37.6822 1.78996
69.9813 37.6822 1.13052
5.38318 48.4486 0.254449
16.1495 48.4486 0.947042
26.9159 48.4486 1.73331
37.6822 48.4486 2.11798
48.4486 48.4486 2.04783
59.215 48.4486 1.27785
69.9813 48.4486 0.830841
5.38318 59.215 0.44895
16.1495 59.215 1.49279
26.9159 59.215 2.36925
37.6822 59.215 2.77459
48.4486 59.215 2.2808
59.215 59.215 1.23827
69.9813 59.215 0.576051
5.38318 69.9813 0.499824
16.1495 69.9813 1.63551
26.9159 69.9813 2.42555
37.6822 69.9813 2.75793
48.4486 69.9813 2.12124
59.215 69.9813 1.00245
69.9813 69.9813 0.418617
5.38318 80.7477 0.247166
16.1495 80.7477 1.04543
26.9159 80.7477 1.59663
37.6822 80.7477 1.82394
48.4486 80.7477 1.18817
59.215 80.7477 0.410049
69.9813 80.7477 0.104199
5.38318 91.514 -0.145217
16.1495 91.514 -0.0714854
26.9159 91.514 -0.0278425
37.6822 91.514 -0.0553834
48.4486 91.514 -0.236621
59.215 91.514 -0.300844
69.9813 91.514 -0.154323
5.38318 102.28 -0.274343
16.1495 102.28 -0.397134
26.9159 102.28 -0.369427
37.6822 102.28 -0.377671
48.4486 102.28 -0.421151
59.215 102.28 -0.373614
69.9813 102.28 -0.184141
5.38318 113.047 -0.299721
16.1495 113.047 -0.456354
26.9159 113.047 -0.46668
37.6822 113.047 -0.448063
48.4486 113.047 -0.428129
59.215 113.047 -0.329256
69.9813 113.047 -0.144324
5.38318 123.813 -0.283639
16.1495 123.813 -0.433737
26.9159 123.813 -0.405321
37.6822 123.813 -0.393166
48.4486 123.813 -0.366354
59.215 123.813 -0.281379
69.9813 123.813 -0.11456
5.38318 134.579 -0.22765
16.1495 134.579 -0.317309
26.9159 134.579 -0.23203
37.6822 134.579 -0.193275
48.4486 134.579 -0.180054
59.215 134.579 -0.146391
69.9813 134.579 -0.0455081
5.38318 145.346 -0.110573
16.1495 145.346 -0.0439505
26.9159 145.346 0.489122
37.6822 145.346 0.720456
48.4486 145.346 0.653756
59.215 145.346 0.398209
69.9813 145.346 0.25548
5.38318 156.112 0.174729
16.1495 156.112 0.831241
26.9159 156.112 1.84804
37.6822 156.112 2.14119
48.4486 156.112 1.84369
59.215 156.112 1.15573
69.9813 156.112 0.572424
5.38318 166.879 0.575428
16.1495 166.879 1.70874
26.9159 166.879 3.04609
37.6822 166.879 3.45318
48.4486 166.879 2.93656
59.215 166.879 1.80507
69.9813 166.879 0.878071
5.38318 177.645 0.79852
16.1495 177.645 1.99932
26.9159 177.645 3.36779
37.6822 177.645 3.70924
48.4486 177.645 3.15053
59.215 177.645 1.95083
69.9813 177.645 0.986134
5.38318 188.411 0.87009
16.1495 188.411 1.8807
26.9159 188.411 2.88451
37.6822 188.411 2.96692
48.4486 188.411 2.47687
59.215 188.411 1.57854
69.9813 188.411 0.899259
5.38318 199.178 0.538578
16.1495 199.178 1.10792
26.9159 199.178 1.5386
37.6822 199.178 1.4225
48.4486 199.178 1.26021
59.215 199.178 0.854466
69.9813 199.178 0.734233
5.38318 209.944 0.461075
16.1495 209.944 0.922243
26.9159 209.944 1.06238
37.6822 209.944 0.914629
48.4486 209.944 0.805155
59.215 209.944 0.642479
69.9813 209.944 0.623202
