37 177
0 157 72 40
0 141 72 72
0 134 72 82
0 72 72 144
0 0 72 216
5.38318 5.38318 0.538193
16.1495 5.38318 0.774717
26.9159 5.38318 0.862054
37.6822 5.38318 0.797543
48.4486 5.38318 0.536871
59.215 5.38318 0.434398
69.9813 5.38318 0.273214
5.38318 16.1495 1.13487
16.1495 16.1495 1.94182
26.9159 16.1495 2.14794
37.6822 16.1495 1.95138
48.4486 16.1495 1.37044
59.215 16.1495 1.04864
69.9813 16.1495 0.62531
5.38318 26.9159 1.3884
16.1495 26.9159 2.47437
26.9159 26.9159 2.67251
37.6822 26.9159 2.36602
48.4486 26.9159 1.52228
59.215 26.9159 1.12404
69.9813 26.9159 0.691911
5.38318 37.6822 1.60274
16.1495 37.6822 2.85204
26.9159 37.6822 3.06982
37.6822 37.6822 2.48604
48.4486 37.6822 1.39911
59.215 37.6822 1.00892
69.9813 37.6822 0.641366
5.38318 48.4486 1.20336
16.1495 48.4486 2.11335
26.9159 48.4486 2.28493
37.6822 48.4486 1.60147
48.4486 48.4486 0.678236
59.215 48.4486 0.641379
69.9813 48.4486 0.527488
5.38318 59.215 0.393638
16.1495 59.215 0.601317
26.9159 59.215 0.749469
37.6822 59.215 0.222303
48.4486 59.215 -0.0437026
59.215 59.215 0.306863
69.9813 59.215 0.422651
5.38318 69.9813 -0.160271
16.1495 69.9813 -0.304743
26.9159 69.9813 -0.24451
37.6822 69.9813 -0.319318
48.4486 69.9813 -0.262003
59.215 69.9813 -0.00734258
69.9813 69.9813 0.305398
5.38318 80.7477 -0.182562
16.1495 80.7477 -0.295479
26.9159 80.7477 -0.201249
37.6822 80.7477 -0.202224
48.4486 80.7477 -0.112155
59.215 80.7477 0.171822
69.9813 80.7477 0.388187
5.38318 91.514 -0.199063
16.1495 91.514 -0.277668
26.9159 91.514 -0.193058
37.6822 91.514 -0.179514
48.4486 91.514 -0.118713
59.215 91.514 0.0305762
69.9813 91.514 0.27002
5.38318 102.28 -0.207408
16.1495 102.28 -0.278643
26.9159 102.28 -0.201765
37.6822 102.28 -0.188737
48.4486 102.28 -0.176623
59.215 102.28 -0.111223
69.9813 102.28 0.0353794
5.38318 113.047 -0.293488
16.1495 113.047 -0.442862
26.9159 113.047 -0.436799
37.6822 113.047 -0.429322
48.4486 113.047 -0.413693
59.215 113.047 -0.325044
69.9813 113.047 -0.142227
5.38318 123.813 -0.274738
16.1495 123.813 -0.418295
26.9159 123.813 -0.399177
37.6822 123.813 -0.399182
48.4486 123.813 -0.383064
59.215 123.813 -0.296497
69.9813 123.813 -0.123655
5.38318 134.579 -0.197601
16.1495 134.579 -0.290467
26.9159 134.579 -0.238179
37.6822 134.579 -0.253487
48.4486 134.579 -0.249861
59.215 134.579 -0.207424
69.9813 134.579 -0.0729069
5.38318 145.346 -0.0210373
16.1495 145.346 0.131714
26.9159 145.346 0.550774
37.6822 145.346 0.559543
48.4486 145.346 0.464143
59.215 145.346 0.179207
69.9813 145.346 0.194918
5.38318 156.112 0.31431
16.1495 156.112 0.997094
26.9159 156.112 1.89648
37.6822 156.112 2.04746
48.4486 156.112 1.79176
59.215 156.112 0.984561
69.9813 156.112 0.586017
5.38318 166.879 0.629414
16.1495 166.879 1.98987
26.9159 166.879 3.41684
37.6822 166.879 3.96584
48.4486 166.879 3.45958
59.215 166.879 2.02388
69.9813 166.879 1.04376
5.38318 177.645 0.675255
16.1495 177.645 2.1766
26.9159 177.645 3.9996
37.6822 177.645 4.89552
48.4486 177.645 4.36881
59.215 177.645 2.61195
69.9813 177.645 1.25787
5.38318 188.411 0.580548
16.1495 188.411 1.90019
26.9159 188.411 3.47488
37.6822 188.411 4.3123
48.4486 188.411 3.85205
59.215 188.411 2.43087
69.9813 188.411 1.17839
5.38318 199.178 0.306651
16.1495 199.178 0.918469
26.9159 199.178 1.66706
37.6822 199.178 1.95378
48.4486 199.178 1.79865
59.215 199.178 1.33633
69.9813 199.178 0.803583
5.38318 209.944 0.240166
16.1495 209.944 0.584307
26.9159 209.944 0.641094
37.6822 209.944 0.605906
48.4486 209.944 0.497705
59.215 209.944 0.57342
69.9813 209.944 0.494801
