37 199
0 176 72 40
0 144 72 72
0 134 72 82
0 72 72 144
0 0 72 216
5.38318 5.38318 0.457934
16.1495 5.38318 0.648851
26.9159 5.38318 0.641989
37.6822 5.38318 0.578851
48.4486 5.38318 0.391819
59.215 5.38318 0.380117
69.9813 5.38318 0.275564
5.38318 16.1495 0.650828
16.1495 16.1495 1.03856
26.9159 16.1495 1.09257
37.6822 16.1495 0.998112
48.4486 16.1495 0.7167
59.215 16.1495 0.798015
69.9813 16.1495 0.599874
5.38318 26.9159 0.341351
16.1495 26.9159 0.593069
26.9159 26.9159 0.514923
37.6822 26.9159 0.34788
48.4486 26.9159 0.0781827
59.215 26.9159 0.591136
69.9813 26.9159 0.569639
5.38318 37.6822 -0.0129747
16.1495 37.6822 -0.0432393
26.9159 37.6822 -0.0715064
37.6822 37.6822 -0.129289
48.4486 37.6822 -0.0742386
59.215 37.6822 0.564505
69.9813 37.6822 0.62535
5.38318 48.4486 -0.161261
16.1495 48.4486 -0.273006
26.9159 48.4486 -0.257732
37.6822 48.4486 -0.274707
48.4486 48.4486 -0.140776
59.215 48.4486 0.382418
69.9813 48.4486 0.569396
5.38318 59.215 -0.239257
16.1495 59.215 -0.378179
26.9159 59.215 -0.307162
37.6822 59.215 -0.309937
48.4486 59.215 -0.230615
59.215 59.215 -0.0743097
69.9813 59.215 0.217032
5.38318 69.9813 -0.360522
16.1495 69.9813 -0.572191
26.9159 69.9813 -0.536034
37.6822 69.9813 -0.557501
48.4486 69.9813 -0.529763
59.215 69.9813 -0.411275
69.9813 69.9813 -0.146588
5.38318 80.7477 -0.495862
16.1495 80.7477 -0.795714
26.9159 80.7477 -0.830904
37.6822 80.7477 -0.868756
48.4486 80.7477 -0.832217
59.215 80.7477 -0.641963
69.9813 80.7477 -0.266848
5.38318 91.514 -0.561034
16.1495 91.514 -0.912144
26.9159 91.514 -1.03052
37.6822 91.514 -1.06127
48.4486 91.514 -1.0149
59.215 91.514 -0.80513
69.9813 91.514 -0.349983
5.38318 102.28 -0.584822
16.1495 102.28 -0.942685
26.9159 102.28 -1.04334
37.6822 102.28 -1.05217
48.4486 102.28 -0.995613
59.215 102.28 -0.784716
69.9813 102.28 -0.337417
5.38318 113.047 -0.588533
16.1495 113.047 -0.942708
26.9159 113.047 -1.01686
37.6822 113.047 -0.998835
48.4486 113.047 -0.92251
59.215 113.047 -0.674282
69.9813 113.047 -0.273029
5.38318 123.813 -0.589029
16.1495 123.813 -0.925916
26.9159 123.813 -0.93697
37.6822 123.813 -0.755527
48.4486 123.813 -0.493384
59.215 123.813 -0.258614
69.9813 123.813 -0.00015755
5.38318 134.579 -0.587189
16.1495 134.579 -0.892731
26.9159 134.579 -0.711333
37.6822 134.579 -0.235595
48.4486 134.579 0.652482
59.215 134.579 0.945972
69.9813 134.579 0.879346
5.38318 145.346 -0.555456
16.1495 145.346 -0.747281
26.9159 145.346 -0.187411
37.6822 145.346 1.56314
48.4486 145.346 2.96485
59.215 145.346 2.80008
69.9813 145.346 1.86902
5.38318 156.112 -0.416237
16.1495 156.112 -0.37076
26.9159 156.112 0.841218
37.6822 156.112 2.82073
48.4486 156.112 4.11646
59.215 156.112 3.74287
69.9813 156.112 2.35182
5.38318 166.879 -0.0766167
16.1495 166.879 0.473304
26.9159 166.879 2.02915
37.6822 166.879 3.35742
48.4486 166.879 4.05962
59.215 166.879 3.44007
69.9813 166.879 2.08226
5.38318 177.645 0.7108
16.1495 177.645 1.79745
26.9159 177.645 2.89412
37.6822 177.645 3.28387
48.4486 177.645 2.99264
59.215 177.645 2.29797
69.9813 177.645 1.32954
5.38318 188.411 1.36483
16.1495 188.411 2.72573
26.9159 188.411 3.80214
37.6822 188.411 3.80924
48.4486 188.411 3.15446
59.215 188.411 2.2764
69.9813 188.411 1.28778
5.38318 199.178 1.51912
16.1495 199.178 2.91458
26.9159 199.178 4.09745
37.6822 199.178 4.32931
48.4486 199.178 3.84186
59.215 199.178 2.81092
69.9813 199.178 1.55024
5.38318 209.944 1.04008
16.1495 209.944 2.04682
26.9159 209.944 3.13277
37.6822 209.944 3.59475
48.4486 209.944 3.48607
59.215 209.944 2.61174
69.9813 209.944 1.42477
