37 48
0 28 72 40
0 12 72 72
0 7 72 82
0 0 72 144
0 0 72 216
5.38318 5.38318 0.161058
16.1495 5.38318 0.233757
26.9159 5.38318 0.502427
37.6822 5.38318 0.526136
48.4486 5.38318 0.592177
59.215 5.38318 0.435124
69.9813 5.38318 0.308972
5.38318 16.1495 0.270304
16.1495 16.1495 0.818824
26.9159 16.1495 1.67648
37.6822 16.1495 1.85432
48.4486 16.1495 1.88188
59.215 16.1495 1.34393
69.9813 16.1495 0.870565
5.38318 26.9159 -0.00711287
16.1495 26.9159 0.759862
26.9159 26.9159 2.15291
37.6822 26.9159 2.51041
48.4486 26.9159 2.51154
59.215 26.9159 1.74143
69.9813 26.9159 1.08655
5.38318 37.6822 0.390468
16.1495 37.6822 1.70882
26.9159 37.6822 3.48905
37.6822 37.6822 3.90342
48.4486 37.6822 3.65791
59.215 37.6822 2.36362
69.9813 37.6822 1.36392
5.38318 48.4486 0.440987
16.1495 48.4486 1.91276
26.9159 48.4486 3.78072
37.6822 48.4486 4.26957
48.4486 48.4486 3.84642
59.215 48.4486 2.34855
69.9813 48.4486 1.29067
5.38318 59.215 0.531398
16.1495 59.215 1.74337
26.9159 59.215 3.25546
37.6822 59.215 3.51253
48.4486 59.215 3.06968
59.215 59.215 1.88509
69.9813 59.215 1.07737
5.38318 69.9813 0.122252
16.1495 69.9813 0.53011
26.9159 69.9813 1.34088
37.6822 69.9813 1.29281
48.4486 69.9813 1.03222
59.215 69.9813 0.588154
69.9813 69.9813 0.485671
5.38318 80.7477 -0.113401
16.1495 80.7477 -0.106558
26.9159 80.7477 0.258937
37.6822 80.7477 0.135882
48.4486 80.7477 0.00351296
59.215 80.7477 -0.0506215
69.9813 80.7477 0.158229
5.38318 91.514 -0.248035
16.1495 91.514 -0.35841
26.9159 91.514 -0.258267
37.6822 91.514 -0.281791
48.4486 91.514 -0.269411
59.215 91.514 -0.255032
69.9813 91.514 -0.0790058
5.38318 102.28 -0.289899
16.1495 102.28 -0.431752
26.9159 102.28 -0.373771
37.6822 102.28 -0.372383
48.4486 102.28 -0.370787
59.215 102.28 -0.315821
69.9813 102.28 -0.137839
5.38318 113.047 -0.296881
16.1495 113.047 -0.448799
26.9159 113.047 -0.454327
37.6822 113.047 -0.439338
48.4486 113.047 -0.426804
59.215 113.047 -0.33737
69.9813 113.047 -0.15128
5.38318 123.813 -0.293145
16.1495 123.813 -0.445178
26.9159 123.813 -0.423818
37.6822 123.813 -0.41509
48.4486 123.813 -0.393871
59.215 123.813 -0.305731
69.9813 123.813 -0.130556
5.38318 134.579 -0.270503
16.1495 134.579 -0.390401
26.9159 134.579 -0.281589
37.6822 134.579 -0.240011
48.4486 134.579 -0.230375
59.215 134.579 -0.179337
69.9813 134.579 -0.0756445
5.38318 145.346 -0.151205
16.1495 145.346 -0.162002
26.9159 145.346 0.247283
37.6822 145.346 0.494225
48.4486 145.346 0.518524
59.215 145.346 0.377691
69.9813 145.346 0.233613
5.38318 156.112 0.108661
16.1495 156.112 0.458717
26.9159 156.112 1.45086
37.6822 156.112 1.97495
48.4486 156.112 1.98443
59.215 156.112 1.44077
69.9813 156.112 0.757196
5.38318 166.879 0.763662
16.1495 166.879 1.54333
26.9159 166.879 2.70864
37.6822 166.879 3.49895
48.4486 166.879 3.52061
59.215 166.879 2.51797
69.9813 166.879 1.28009
5.38318 177.645 1.27612
16.1495 177.645 2.25574
26.9159 177.645 3.42844
37.6822 177.645 4.21591
48.4486 177.645 4.2432
59.215 177.645 3.08897
69.9813 177.645 1.60213
5.38318 188.411 1.49601
16.1495 188.411 2.54653
26.9159 188.411 3.45312
37.6822 188.411 3.74987
48.4486 188.411 3.53625
59.215 188.411 2.59244
69.9813 188.411 1.37449
5.38318 199.178 1.07347
16.1495 199.178 1.78683
26.9159 199.178 2.3497
37.6822 199.178 2.01513
48.4486 199.178 1.79826
59.215 199.178 1.42666
69.9813 199.178 0.910516
5.38318 209.944 0.507686
16.1495 209.944 0.96231
26.9159 209.944 1.36706
37.6822 209.944 1.02105
48.4486 209.944 0.873109
59.215 209.944 0.762914
69.9813 209.944 0.57295
