37 37
0 17 72 40
0 1 72 72
0 0 72 82
0 0 72 144
0 0 72 216
5.38318 5.38318 0.39372
16.1495 5.38318 0.75749
26.9159 5.38318 1.16196
37.6822 5.38318 1.1368
48.4486 5.38318 1.02593
59.215 5.38318 0.610628
69.9813 5.38318 0.367109
5.38318 16.1495 0.569848
16.1495 16.1495 1.41332
26.9159 16.1495 2.25545
37.6822 16.1495 2.3934
48.4486 16.1495 2.20862
59.215 16.1495 1.44389
69.9813 16.1495 0.827705
5.38318 26.9159 0.498194
16.1495 26.9159 1.58366
26.9159 26.9159 2.86583
37.6822 26.9159 3.21217
48.4486 26.9159 2.96211
59.215 26.9159 1.8983
69.9813 26.9159 1.00978
5.38318 37.6822 0.662918
16.1495 37.6822 1.75306
26.9159 37.6822 3.03433
37.6822 37.6822 3.35621
48.4486 37.6822 3.03097
59.215 37.6822 1.93692
69.9813 37.6822 1.01141
5.38318 48.4486 1.05742
16.1495 48.4486 2.12938
26.9159 48.4486 3.02454
37.6822 48.4486 2.79929
48.4486 48.4486 2.35228
59.215 48.4486 1.50285
69.9813 48.4486 0.905273
5.38318 59.215 1.06591
16.1495 59.215 1.91328
26.9159 59.215 2.36299
37.6822 59.215 1.8668
48.4486 59.215 1.59175
59.215 59.215 1.05031
69.9813 59.215 0.834159
5.38318 69.9813 0.704458
16.1495 69.9813 1.20467
26.9159 69.9813 1.50001
37.6822 69.9813 1.07844
48.4486 69.9813 1.05958
59.215 69.9813 0.860339
69.9813 69.9813 0.796869
5.38318 80.7477 -0.0686302
16.1495 80.7477 -0.110678
26.9159 80.7477 0.0567005
37.6822 80.7477 0.0518332
48.4486 80.7477 0.318837
59.215 80.7477 0.444746
69.9813 80.7477 0.490369
5.38318 91.514 -0.254241
16.1495 91.514 -0.394706
26.9159 91.514 -0.312362
37.6822 91.514 -0.259794
48.4486 91.514 -0.197661
59.215 91.514 -0.111239
69.9813 91.514 0.0235226
5.38318 102.28 -0.292947
16.1495 102.28 -0.42852
26.9159 102.28 -0.348019
37.6822 102.28 -0.291451
48.4486 102.28 -0.270065
59.215 102.28 -0.211029
69.9813 102.28 -0.0855127
5.38318 113.047 -0.294275
16.1495 113.047 -0.439529
26.9159 113.047 -0.420429
37.6822 113.047 -0.410348
48.4486 113.047 -0.399963
59.215 113.047 -0.319566
69.9813 113.047 -0.142609
5.38318 123.813 -0.2338
16.1495 123.813 -0.335208
26.9159 123.813 -0.256937
37.6822 123.813 -0.282085
48.4486 123.813 -0.310987
59.215 123.813 -0.293457
69.9813 123.813 -0.138211
5.38318 134.579 -0.135635
16.1495 134.579 -0.159976
26.9159 134.579 -0.0130941
37.6822 134.579 -0.0836436
48.4486 134.579 -0.15115
59.215 134.579 -0.229464
69.9813 134.579 -0.114284
5.38318 145.346 0.0932456
16.1495 145.346 0.398036
26.9159 145.346 0.86649
37.6822 145.346 0.667465
48.4486 145.346 0.33769
59.215 145.346 -0.0834467
69.9813 145.346 -0.0511254
5.38318 156.112 0.179987
16.1495 156.112 0.641477
26.9159 156.112 1.12305
37.6822 156.112 1.0427
48.4486 156.112 0.632653
59.215 156.112 0.208786
69.9813 156.112 0.130775
5.38318 166.879 0.128457
16.1495 166.879 0.536661
26.9159 166.879 0.850936
37.6822 166.879 0.967811
48.4486 166.879 0.723633
59.215 166.879 0.62244
69.9813 166.879 0.447508
5.38318 177.645 -0.115731
16.1495 177.645 -0.123335
26.9159 177.645 -0.111502
37.6822 177.645 0.29673
48.4486 177.645 0.643426
59.215 177.645 1.10481
69.9813 177.645 0.916026
5.38318 188.411 -0.164589
16.1495 188.411 -0.210081
26.9159 188.411 -0.243306
37.6822 188.411 0.0992667
48.4486 188.411 0.80064
59.215 188.411 1.45704
69.9813 188.411 1.24119
5.38318 199.178 -0.16538
16.1495 199.178 -0.197486
26.9159 199.178 -0.202764
37.6822 199.178 0.0442592
48.4486 199.178 0.825009
59.215 199.178 1.47988
69.9813 199.178 1.29802
5.38318 209.944 -0.0759713
16.1495 209.944 -0.0340681
26.9159 209.944 -0.0428448
37.6822 209.944 0.103991
48.4486 209.944 0.608824
59.215 209.944 1.06817
69.9813 209.944 0.974105
