16 37
0 17 72 40
0 1 72 72
0 0 72 82
0 0 72 144
0 0 72 216
5.38318 5.38318 0.970011
16.1495 5.38318 1.31999
26.9159 5.38318 1.18637
37.6822 5.38318 0.985541
48.4486 5.38318 0.668611
59.215 5.38318 0.582359
69.9813 5.38318 0.351984
5.38318 16.1495 2.298
16.1495 16.1495 3.16932
26.9159 16.1495 2.80914
37.6822 16.1495 2.38066
48.4486 16.1495 1.86275
59.215 16.1495 1.54725
69.9813 16.1495 0.885597
5.38318 26.9159 3.49635
16.1495 26.9159 4.86921
26.9159 26.9159 4.1188
37.6822 26.9159 3.30095
48.4486 26.9159 2.41497
59.215 26.9159 2.08297
69.9813 26.9159 1.17034
5.38318 37.6822 3.70924
16.1495 37.6822 5.3026
26.9159 37.6822 4.71145
37.6822 37.6822 3.8599
48.4486 37.6822 2.98998
59.215 37.6822 2.51586
69.9813 37.6822 1.39151
5.38318 48.4486 2.36022
16.1495 48.4486 3.60031
26.9159 48.4486 3.49592
37.6822 48.4486 3.15674
48.4486 48.4486 2.6703
59.215 48.4486 2.36646
69.9813 48.4486 1.42761
5.38318 59.215 1.24102
16.1495 59.215 2.08009
26.9159 59.215 2.35795
37.6822 59.215 2.17072
48.4486 59.215 2.00869
59.215 59.215 1.94091
69.9813 59.215 1.33018
5.38318 69.9813 0.518461
16.1495 69.9813 0.867983
26.9159 69.9813 1.23151
37.6822 69.9813 0.903533
48.4486 69.9813 0.955337
59.215 69.9813 1.11494
69.9813 69.9813 1.01218
5.38318 80.7477 0.0253319
16.1495 80.7477 0.135221
26.9159 80.7477 0.492182
37.6822 80.7477 0.142914
48.4486 80.7477 0.00307631
59.215 80.7477 0.189425
69.9813 80.7477 0.431714
5.38318 91.514 -0.194944
16.1495 91.514 -0.272926
26.9159 91.514 -0.189517
37.6822 91.514 -0.263124
48.4486 91.514 -0.294556
59.215 91.514 -0.228365
69.9813 91.514 -0.0423921
5.38318 102.28 -0.243753
16.1495 102.28 -0.344008
26.9159 102.28 -0.258271
37.6822 102.28 -0.254787
48.4486 102.28 -0.262343
59.215 102.28 -0.212879
69.9813 102.28 -0.0738978
5.38318 113.047 -0.29117
16.1495 113.047 -0.438374
26.9159 113.047 -0.430071
37.6822 113.047 -0.423056
48.4486 113.047 -0.410937
59.215 113.047 -0.323514
69.9813 113.047 -0.140002
5.38318 123.813 -0.280431
16.1495 123.813 -0.42395
26.9159 123.813 -0.402096
37.6822 123.813 -0.395621
48.4486 123.813 -0.375139
59.215 123.813 -0.289496
69.9813 123.813 -0.118231
5.38318 134.579 -0.201809
16.1495 134.579 -0.254865
26.9159 134.579 -0.161373
37.6822 134.579 -0.135215
48.4486 134.579 -0.142478
59.215 134.579 -0.142522
69.9813 134.579 -0.047489
5.38318 145.346 -0.0644253
16.1495 145.346 0.122415
26.9159 145.346 0.715318
37.6822 145.346 0.913958
48.4486 145.346 0.80159
59.215 145.346 0.429519
69.9813 145.346 0.266168
5.38318 156.112 0.293978
16.1495 156.112 1.13364
26.9159 156.112 2.25431
37.6822 156.112 2.58099
48.4486 156.112 2.21309
59.215 156.112 1.30289
69.9813 156.112 0.631479
5.38318 166.879 0.659416
16.1495 166.879 1.94817
26.9159 166.879 3.45189
37.6822 166.879 3.97392
48.4486 166.879 3.44411
59.215 166.879 2.0612
69.9813 166.879 0.993898
5.38318 177.645 0.881251
16.1495 177.645 2.25939
26.9159 177.645 3.82541
37.6822 177.645 4.35484
48.4486 177.645 3.83289
59.215 177.645 2.3555
69.9813 177.645 1.16937
5.38318 188.411 1.0597
16.1495 188.411 2.16224
26.9159 188.411 3.19782
37.6822 188.411 3.40851
48.4486 188.411 3.14115
59.215 188.411 2.10746
69.9813 188.411 1.22533
5.38318 199.178 1.03943
16.1495 199.178 1.83896
26.9159 199.178 2.15363
37.6822 199.178 2.09691
48.4486 199.178 2.1825
59.215 199.178 1.7254
69.9813 199.178 1.228
5.38318 209.944 0.892266
16.1495 209.944 1.53745
26.9159 209.944 1.67057
37.6822 209.944 1.56459
48.4486 209.944 1.74468
59.215 209.944 1.50334
69.9813 209.944 1.10602
