26 166
0 146 72 40
0 130 72 72
0 125 72 82
0 72 72 144
0 0 72 216
5.38318 5.38318 -0.0248074
16.1495 5.38318 -0.0625078
26.9159 5.38318 0.156508
37.6822 5.38318 0.255378
48.4486 5.38318 0.301669
59.215 5.38318 0.274123
69.9813 5.38318 0.203031
5.38318 16.1495 -0.0598999
16.1495 16.1495 0.0511766
26.9159 16.1495 0.662352
37.6822 16.1495 0.816437
48.4486 16.1495 0.805902
59.215 16.1495 0.670929
69.9813 16.1495 0.49814
5.38318 26.9159 -0.232107
16.1495 26.9159 -0.204379
26.9159 26.9159 0.291709
37.6822 26.9159 0.486762
48.4486 26.9159 0.324028
59.215 26.9159 0.198803
69.9813 26.9159 0.221756
5.38318 37.6822 -0.138011
16.1495 37.6822 0.0797713
26.9159 37.6822 0.859046
37.6822 37.6822 0.948918
48.4486 37.6822 0.430713
59.215 37.6822 0.108164
69.9813 37.6822 0.0875245
5.38318 48.4486 -0.170533
16.1495 48.4486 -0.00671706
26.9159 48.4486 0.700515
37.6822 48.4486 0.831727
48.4486 48.4486 0.207305
59.215 48.4486 -0.0917252
69.9813 48.4486 -0.049667
5.38318 59.215 -0.298975
16.1495 59.215 -0.321033
26.9159 59.215 -0.114037
37.6822 59.215 0.0023319
48.4486 59.215 -0.194435
59.215 59.215 -0.239239
69.9813 59.215 -0.109199
5.38318 69.9813 -0.466877
16.1495 69.9813 -0.684656
26.9159 69.9813 -0.661857
37.6822 69.9813 -0.617329
48.4486 69.9813 -0.677838
59.215 69.9813 -0.547162
69.9813 69.9813 -0.250551
5.38318 80.7477 -0.550457
16.1495 80.7477 -0.888059
26.9159 80.7477 -0.994725
37.6822 80.7477 -1.01842
48.4486 80.7477 -0.998628
59.215 80.7477 -0.769633
69.9813 80.7477 -0.339305
5.38318 91.514 -0.579113
16.1495 91.514 -0.936835
26.9159 91.514 -1.05113
37.6822 91.514 -1.08585
48.4486 91.514 -1.05539
59.215 91.514 -0.838329
69.9813 91.514 -0.383376
5.38318 102.28 -0.587915
16.1495 102.28 -0.945376
26.9159 102.28 -1.04268
37.6822 102.28 -1.05751
48.4486 102.28 -1.00885
59.215 102.28 -0.800734
69.9813 102.28 -0.35492
5.38318 113.047 -0.574765
16.1495 113.047 -0.921128
26.9159 113.047 -1.00676
37.6822 113.047 -1.01254
48.4486 113.047 -0.96515
59.215 113.047 -0.765487
69.9813 113.047 -0.333109
5.38318 123.813 -0.520222
16.1495 123.813 -0.817141
26.9159 123.813 -0.855448
37.6822 123.813 -0.91245
48.4486 123.813 -0.906993
59.215 123.813 -0.728708
69.9813 123.813 -0.324936
5.38318 134.579 -0.282893
16.1495 134.579 -0.365022
26.9159 134.579 -0.339601
37.6822 134.579 -0.503679
48.4486 134.579 -0.677246
59.215 134.579 -0.578696
69.9813 134.579 -0.263999
5.38318 145.346 0.219429
16.1495 145.346 0.874206
26.9159 145.346 1.26522
37.6822 145.346 0.692835
48.4486 145.346 -0.112307
59.215 145.346 -0.21726
69.9813 145.346 -0.0916276
5.38318 156.112 1.09428
16.1495 156.112 2.41834
26.9159 156.112 2.99699
37.6822 156.112 2.39863
48.4486 156.112 1.38727
59.215 156.112 0.892255
69.9813 156.112 0.599156
5.38318 166.879 1.32547
16.1495 166.879 2.84731
26.9159 166.879 3.52585
37.6822 166.879 3.16641
48.4486 166.879 2.59463
59.215 166.879 2.18131
69.9813 166.879 1.44905
5.38318 177.645 1.39039
16.1495 177.645 2.64037
26.9159 177.645 3.08425
37.6822 177.645 3.03959
48.4486 177.645 3.08051
59.215 177.645 2.99957
69.9813 177.645 2.091
5.38318 188.411 1.13364
16.1495 188.411 2.05484
26.9159 188.411 2.37781
37.6822 188.411 2.63383
48.4486 188.411 2.99058
59.215 188.411 3.07912
69.9813 188.411 2.14925
5.38318 199.178 0.99925
16.1495 199.178 1.83915
26.9159 199.178 2.14688
37.6822 199.178 2.35989
48.4486 199.178 2.40601
59.215 199.178 2.3527
69.9813 199.178 1.59279
5.38318 209.944 0.522124
16.1495 209.944 0.998805
26.9159 209.944 1.18904
37.6822 209.944 1.3021
48.4486 209.944 1.27446
59.215 209.944 1.23499
69.9813 209.944 0.864075
