37 26
0 6 72 40
0 0 72 72
0 0 72 82
0 0 72 144
0 0 72 216
5.38318 5.38318 0.542278
16.1495 5.38318 0.987366
26.9159 5.38318 1.55037
37.6822 5.38318 1.72749
48.4486 5.38318 1.60495
59.215 5.38318 0.9984
69.9813 5.38318 0.544638
5.38318 16.1495 0.847717
16.1495 16.1495 1.71153
26.9159 16.1495 2.9399
37.6822 16.1495 3.36508
48.4486 16.1495 3.26364
59.215 16.1495 2.08298
69.9813 16.1495 1.15236
5.38318 26.9159 1.063
16.1495 26.9159 2.27739
26.9159 26.9159 4.06638
37.6822 26.9159 4.58161
48.4486 26.9159 4.23686
59.215 26.9159 2.63804
69.9813 26.9159 1.3711
5.38318 37.6822 1.02437
16.1495 37.6822 2.2072
26.9159 37.6822 4.00972
37.6822 37.6822 4.42269
48.4486 37.6822 4.01051
59.215 37.6822 2.53591
69.9813 37.6822 1.33482
5.38318 48.4486 0.937717
16.1495 48.4486 2.05399
26.9159 48.4486 3.40683
37.6822 48.4486 3.56576
48.4486 48.4486 3.02571
59.215 48.4486 2.01595
69.9813 48.4486 1.07686
5.38318 59.215 0.586707
16.1495 59.215 1.20848
26.9159 59.215 1.60165
37.6822 59.215 1.47037
48.4486 59.215 1.19328
59.215 59.215 1.05686
69.9813 59.215 0.827418
5.38318 69.9813 0.125227
16.1495 69.9813 0.389155
26.9159 69.9813 0.372621
37.6822 69.9813 0.259765
48.4486 69.9813 0.237334
59.215 69.9813 0.599351
69.9813 69.9813 0.682199
5.38318 80.7477 -0.251105
16.1495 80.7477 -0.390462
26.9159 80.7477 -0.457701
37.6822 80.7477 -0.495206
48.4486 80.7477 -0.37976
59.215 80.7477 -0.0986047
69.9813 80.7477 0.313115
5.38318 91.514 -0.552118
16.1495 91.514 -0.909265
26.9159 91.514 -1.01416
37.6822 91.514 -1.00905
48.4486 91.514 -0.913641
59.215 91.514 -0.608263
69.9813 91.514 -0.222153
5.38318 102.28 -0.589457
16.1495 102.28 -0.953046
26.9159 102.28 -1.04608
37.6822 102.28 -1.04215
48.4486 102.28 -0.984535
59.215 102.28 -0.768399
69.9813 102.28 -0.335694
5.38318 113.047 -0.573417
16.1495 113.047 -0.917524
26.9159 113.047 -0.993124
37.6822 113.047 -0.990373
48.4486 113.047 -0.935143
59.215 113.047 -0.717351
69.9813 113.047 -0.30429
5.38318 123.813 -0.48627
16.1495 123.813 -0.778527
26.9159 123.813 -0.801656
37.6822 123.813 -0.830251
48.4486 123.813 -0.790811
59.215 123.813 -0.572501
69.9813 123.813 -0.220009
5.38318 134.579 -0.158947
16.1495 134.579 -0.252538
26.9159 134.579 -0.251981
37.6822 134.579 -0.345958
48.4486 134.579 -0.380816
59.215 134.579 -0.267936
69.9813 134.579 -0.035205
5.38318 145.346 0.842726
16.1495 145.346 1.41764
26.9159 145.346 1.48709
37.6822 145.346 1.10576
48.4486 145.346 0.740262
59.215 145.346 0.602463
69.9813 145.346 0.548014
5.38318 156.112 1.9237
16.1495 156.112 3.1795
26.9159 156.112 3.37644
37.6822 156.112 2.91471
48.4486 156.112 2.33173
59.215 156.112 1.80997
69.9813 156.112 1.15918
5.38318 166.879 2.37582
16.1495 166.879 4.00097
26.9159 166.879 4.43342
37.6822 166.879 4.14543
48.4486 166.879 3.38792
59.215 166.879 2.53921
69.9813 166.879 1.42603
5.38318 177.645 1.88124
16.1495 177.645 3.26873
26.9159 177.645 3.94421
37.6822 177.645 4.16795
48.4486 177.645 3.62456
59.215 177.645 2.71495
69.9813 177.645 1.43183
5.38318 188.411 0.858576
16.1495 188.411 1.79915
26.9159 188.411 2.60849
37.6822 188.411 3.23781
48.4486 188.411 2.97328
59.215 188.411 2.18744
69.9813 188.411 1.14559
5.38318 199.178 0.182804
16.1495 199.178 0.703355
26.9159 199.178 1.55742
37.6822 199.178 2.17538
48.4486 199.178 2.06398
59.215 199.178 1.45478
69.9813 199.178 0.829324
5.38318 209.944 0.0506312
16.1495 209.944 0.454584
26.9159 209.944 1.19562
37.6822 209.944 1.62912
48.4486 209.944 1.63091
59.215 209.944 1.08698
69.9813 209.944 0.658549
