37 26
0 6 72 40
0 0 72 72
0 0 72 82
0 0 72 144
0 0 72 216
5.38318 5.38318 0.253966
16.1495 5.38318 0.805799
26.9159 5.38318 1.55208
37.6822 5.38318 1.65423
48.4486 5.38318 1.28873
59.215 5.38318 0.529231
69.9813 5.38318 0.20025
5.38318 16.1495 0.398781
16.1495 16.1495 1.48302
26.9159 16.1495 2.82595
37.6822 16.1495 3.13373
48.4486 16.1495 2.46623
59.215 16.1495 1.20115
69.9813 16.1495 0.477015
5.38318 26.9159 0.274397
16.1495 26.9159 1.4538
26.9159 26.9159 3.02106
37.6822 26.9159 3.37915
48.4486 26.9159 2.64793
59.215 26.9159 1.12237
69.9813 26.9159 0.387219
5.38318 37.6822 0.289666
16.1495 37.6822 1.18382
26.9159 37.6822 2.38987
37.6822 37.6822 2.64889
48.4486 37.6822 2.07879
59.215 37.6822 0.932394
69.9813 37.6822 0.347387
5.38318 48.4486 0.224911
16.1495 48.4486 0.864425
26.9159 48.4486 1.81675
37.6822 48.4486 1.96414
48.4486 48.4486 1.62138
59.215 48.4486 0.69767
69.9813 48.4486 0.343825
5.38318 59.215 0.145862
16.1495 59.215 0.897472
26.9159 59.215 1.82744
37.6822 59.215 2.12524
48.4486 59.215 1.78234
59.215 59.215 0.884519
69.9813 59.215 0.430174
5.38318 69.9813 0.0626034
16.1495 69.9813 0.769124
26.9159 69.9813 1.60372
37.6822 69.9813 1.86396
48.4486 69.9813 1.55979
59.215 69.9813 0.632937
69.9813 69.9813 0.3467
5.38318 80.7477 -0.109704
16.1495 80.7477 0.188569
26.9159 80.7477 0.866331
37.6822 80.7477 1.13465
48.4486 80.7477 0.936471
59.215 80.7477 0.259444
69.9813 80.7477 0.143047
5.38318 91.514 -0.196553
16.1495 91.514 -0.196744
26.9159 91.514 -0.0691391
37.6822 91.514 -0.0642132
48.4486 91.514 -0.129381
59.215 91.514 -0.250265
69.9813 91.514 -0.107773
5.38318 102.28 -0.288642
16.1495 102.28 -0.434782
26.9159 102.28 -0.404853
37.6822 102.28 -0.405206
48.4486 102.28 -0.394011
59.215 102.28 -0.360428
69.9813 102.28 -0.161431
5.38318 113.047 -0.297479
16.1495 113.047 -0.448212
26.9159 113.047 -0.441158
37.6822 113.047 -0.429687
48.4486 113.047 -0.411277
59.215 113.047 -0.329716
69.9813 113.047 -0.147792
5.38318 123.813 -0.265373
16.1495 123.813 -0.367803
26.9159 123.813 -0.267071
37.6822 123.813 -0.242142
48.4486 123.813 -0.265497
59.215 123.813 -0.243057
69.9813 123.813 -0.118128
5.38318 134.579 -0.189944
16.1495 134.579 -0.169467
26.9159 134.579 0.143427
37.6822 134.579 0.292452
48.4486 134.579 0.0482423
59.215 134.579 -0.0845314
69.9813 134.579 -0.0539942
5.38318 145.346 -0.074594
16.1495 145.346 0.37729
26.9159 145.346 1.33756
37.6822 145.346 1.57011
48.4486 145.346 1.15042
59.215 145.346 0.441002
69.9813 145.346 0.130123
5.38318 156.112 0.0843137
16.1495 156.112 0.997111
26.9159 156.112 2.20591
37.6822 156.112 2.53334
48.4486 156.112 1.93238
59.215 156.112 0.850539
69.9813 156.112 0.29094
5.38318 166.879 0.242109
16.1495 166.879 1.26184
26.9159 166.879 2.64526
37.6822 166.879 2.97227
48.4486 166.879 2.30439
59.215 166.879 1.04084
69.9813 166.879 0.34002
5.38318 177.645 0.28953
16.1495 177.645 1.15063
26.9159 177.645 2.35141
37.6822 177.645 2.56412
48.4486 177.645 1.98609
59.215 177.645 0.853025
69.9813 177.645 0.292031
5.38318 188.411 0.268102
16.1495 188.411 0.906176
26.9159 188.411 1.89086
37.6822 188.411 1.96702
48.4486 188.411 1.52472
59.215 188.411 0.59118
69.9813 188.411 0.229475
5.38318 199.178 0.126927
16.1495 199.178 0.669235
26.9159 199.178 1.45643
37.6822 199.178 1.52279
48.4486 199.178 1.10049
59.215 199.178 0.415862
69.9813 199.178 0.176907
5.38318 209.944 0.0637285
16.1495 209.944 0.475745
26.9159 209.944 0.950268
37.6822 209.944 0.996393
48.4486 209.944 0.72491
59.215 209.944 0.258207
69.9813 209.944 0.149032
