37 48
0 28 72 40
0 12 72 72
0 7 72 82
0 0 72 144
0 0 72 216
5.38318 5.38318 -0.00806365
16.1495 5.38318 -0.024015
26.9159 5.38318 0.175195
37.6822 5.38318 0.203147
48.4486 5.38318 0.245722
59.215 5.38318 0.0936667
69.9813 5.38318 0.109151
5.38318 16.1495 0.123452
16.1495 16.1495 0.437305
26.9159 16.1495 1.07784
37.6822 16.1495 1.18258
48.4486 16.1495 1.01556
59.215 16.1495 0.560084
69.9813 16.1495 0.392918
5.38318 26.9159 0.129743
16.1495 26.9159 0.814493
26.9159 26.9159 1.88705
37.6822 26.9159 2.11058
48.4486 26.9159 1.63162
59.215 26.9159 0.759812
69.9813 26.9159 0.365291
5.38318 37.6822 0.769096
16.1495 37.6822 1.98991
26.9159 37.6822 3.43215
37.6822 37.6822 3.79381
48.4486 37.6822 2.90126
59.215 37.6822 1.56572
69.9813 37.6822 0.642214
5.38318 48.4486 0.997905
16.1495 48.4486 2.49791
26.9159 48.4486 4.03001
37.6822 48.4486 4.4791
48.4486 48.4486 3.5388
59.215 48.4486 2.00683
69.9813 48.4486 0.893668
5.38318 59.215 1.10019
16.1495 59.215 2.47704
26.9159 59.215 3.53018
37.6822 59.215 3.85702
48.4486 59.215 3.18685
59.215 59.215 1.98619
69.9813 59.215 1.03949
5.38318 69.9813 0.757186
16.1495 69.9813 1.77912
26.9159 69.9813 2.1534
37.6822 69.9813 2.28519
48.4486 69.9813 1.9564
59.215 69.9813 1.38409
69.9813 69.9813 0.886426
5.38318 80.7477 0.324635
16.1495 80.7477 1.00416
26.9159 80.7477 1.27249
37.6822 80.7477 1.40293
48.4486 80.7477 1.07088
59.215 80.7477 0.790547
69.9813 80.7477 0.534658
5.38318 91.514 -0.189903
16.1495 91.514 -0.154824
26.9159 91.514 -0.059742
37.6822 91.514 0.00967304
48.4486 91.514 -0.147774
59.215 91.514 -0.131324
69.9813 91.514 -0.068624
5.38318 102.28 -0.296835
16.1495 102.28 -0.433036
26.9159 102.28 -0.399457
37.6822 102.28 -0.382378
48.4486 102.28 -0.433249
59.215 102.28 -0.342313
69.9813 102.28 -0.178174
5.38318 113.047 -0.300869
16.1495 113.047 -0.454932
26.9159 113.047 -0.461305
37.6822 113.047 -0.443733
48.4486 113.047 -0.42943
59.215 113.047 -0.337367
69.9813 113.047 -0.150713
5.38318 123.813 -0.299103
16.1495 123.813 -0.44529
26.9159 123.813 -0.434301
37.6822 123.813 -0.393835
48.4486 123.813 -0.371327
59.215 123.813 -0.287745
69.9813 123.813 -0.124363
5.38318 134.579 -0.296472
16.1495 134.579 -0.429363
26.9159 134.579 -0.366637
37.6822 134.579 -0.274623
48.4486 134.579 -0.227028
59.215 134.579 -0.163586
69.9813 134.579 -0.0497606
5.38318 145.346 -0.256822
16.1495 145.346 -0.307041
26.9159 145.346 -0.184456
37.6822 145.346 -0.00348655
48.4486 145.346 0.155941
59.215 145.346 0.154675
69.9813 145.346 0.232644
5.38318 156.112 -0.150622
16.1495 156.112 -0.0865818
26.9159 156.112 0.24827
37.6822 156.112 0.788021
48.4486 156.112 0.934898
59.215 156.112 0.72912
69.9813 156.112 0.531033
5.38318 166.879 0.0587562
16.1495 166.879 0.506558
26.9159 166.879 0.894533
37.6822 166.879 1.40209
48.4486 166.879 1.34121
59.215 166.879 1.01942
69.9813 166.879 0.645209
5.38318 177.645 0.373072
16.1495 177.645 1.10728
26.9159 177.645 1.43778
37.6822 177.645 1.66784
48.4486 177.645 1.22277
59.215 177.645 0.913585
69.9813 177.645 0.538654
5.38318 188.411 0.52068
16.1495 188.411 1.29236
26.9159 188.411 1.48188
37.6822 188.411 1.44918
48.4486 188.411 0.808172
59.215 188.411 0.668946
69.9813 188.411 0.383923
5.38318 199.178 0.28635
16.1495 199.178 0.825956
26.9159 199.178 0.943556
37.6822 199.178 1.09324
48.4486 199.178 0.740267
59.215 199.178 0.715415
69.9813 199.178 0.431514
5.38318 209.944 0.0479889
16.1495 209.944 0.337425
26.9159 209.944 0.417985
37.6822 209.944 0.572216
48.4486 209.944 0.501084
59.215 209.944 0.536145
69.9813 209.944 0.382022
