37 37
0 17 72 40
0 1 72 72
0 0 72 82
0 0 72 144
0 0 72 216
5.38318 5.38318 0.299507
16.1495 5.38318 0.675417
26.9159 5.38318 1.27951
37.6822 5.38318 1.43648
48.4486 5.38318 1.31899
59.215 5.38318 0.830299
69.9813 5.38318 0.454412
5.38318 16.1495 0.564301
16.1495 16.1495 1.64083
26.9159 16.1495 2.82297
37.6822 16.1495 3.22374
48.4486 16.1495 2.90786
59.215 16.1495 1.8491
69.9813 16.1495 0.996945
5.38318 26.9159 0.769289
16.1495 26.9159 2.18399
26.9159 26.9159 3.90345
37.6822 26.9159 4.47683
48.4486 26.9159 4.02414
59.215 26.9159 2.5259
69.9813 26.9159 1.28702
5.38318 37.6822 0.982796
16.1495 37.6822 2.37307
26.9159 37.6822 3.98088
37.6822 37.6822 4.51682
48.4486 37.6822 4.02925
59.215 37.6822 2.54416
69.9813 37.6822 1.29004
5.38318 48.4486 0.991743
16.1495 48.4486 1.9898
26.9159 48.4486 2.96472
37.6822 48.4486 3.09436
48.4486 48.4486 2.75309
59.215 48.4486 1.84678
69.9813 48.4486 1.07086
5.38318 59.215 0.706746
16.1495 59.215 1.35209
26.9159 59.215 1.57628
37.6822 59.215 1.4743
48.4486 59.215 1.33423
59.215 59.215 1.08302
69.9813 59.215 0.84386
5.38318 69.9813 0.455859
16.1495 69.9813 0.927043
26.9159 69.9813 0.935338
37.6822 69.9813 0.844952
48.4486 69.9813 0.784951
59.215 69.9813 0.831823
69.9813 69.9813 0.762391
5.38318 80.7477 -0.00753703
16.1495 80.7477 0.218278
26.9159 80.7477 0.348326
37.6822 80.7477 0.32873
48.4486 80.7477 0.290251
59.215 80.7477 0.429598
69.9813 80.7477 0.474621
5.38318 91.514 -0.260515
16.1495 91.514 -0.336529
26.9159 91.514 -0.269178
37.6822 91.514 -0.20199
48.4486 91.514 -0.196354
59.215 91.514 -0.113892
69.9813 91.514 0.0155001
5.38318 102.28 -0.297242
16.1495 102.28 -0.416414
26.9159 102.28 -0.336653
37.6822 102.28 -0.277855
48.4486 102.28 -0.270144
59.215 102.28 -0.210496
69.9813 102.28 -0.0849926
5.38318 113.047 -0.266654
16.1495 113.047 -0.3903
26.9159 113.047 -0.351421
37.6822 113.047 -0.356403
48.4486 113.047 -0.368926
59.215 113.047 -0.303776
69.9813 113.047 -0.137633
5.38318 123.813 -0.0816014
16.1495 123.813 -0.0974644
26.9159 123.813 0.00361039
37.6822 123.813 -0.061209
48.4486 123.813 -0.153927
59.215 123.813 -0.157391
69.9813 123.813 -0.0679836
5.38318 134.579 0.477662
16.1495 134.579 0.982543
26.9159 134.579 1.41206
37.6822 134.579 1.06537
48.4486 134.579 0.586721
59.215 134.579 0.246732
69.9813 134.579 0.168276
5.38318 145.346 1.28481
16.1495 145.346 2.36786
26.9159 145.346 3.04713
37.6822 145.346 2.55095
48.4486 145.346 1.83334
59.215 145.346 1.15789
69.9813 145.346 0.656304
5.38318 156.112 1.7977
16.1495 156.112 3.32203
26.9159 156.112 4.16287
37.6822 156.112 3.62624
48.4486 156.112 2.73314
59.215 156.112 1.83142
69.9813 156.112 1.08816
5.38318 166.879 1.8732
16.1495 166.879 3.32146
26.9159 166.879 4.17257
37.6822 166.879 3.92481
48.4486 166.879 3.22088
59.215 166.879 2.36723
69.9813 166.879 1.40172
5.38318 177.645 1.42802
16.1495 177.645 2.51941
26.9159 177.645 3.22497
37.6822 177.645 3.42495
48.4486 177.645 3.11796
59.215 177.645 2.53693
69.9813 177.645 1.53433
5.38318 188.411 0.904132
16.1495 188.411 1.9242
26.9159 188.411 2.74959
37.6822 188.411 3.23958
48.4486 188.411 3.03887
59.215 188.411 2.58148
69.9813 188.411 1.56543
5.38318 199.178 0.77755
16.1495 199.178 1.73255
26.9159 199.178 2.49384
37.6822 199.178 2.82745
48.4486 199.178 2.58221
59.215 199.178 2.11205
69.9813 199.178 1.28023
5.38318 209.944 0.384701
16.1495 209.944 1.07281
26.9159 209.944 1.67579
37.6822 209.944 1.93636
48.4486 209.944 1.7779
59.215 209.944 1.39003
69.9813 209.944 0.850042
