37 48
0 28 72 40
0 12 72 72
0 7 72 82
0 0 72 144
0 0 72 216
5.38318 5.38318 -0.0163046
16.1495 5.38318 0.202802
26.9159 5.38318 1.02839
37.6822 5.38318 1.86749
48.4486 5.38318 2.13538
59.215 5.38318 1.78434
69.9813 5.38318 1.04865
5.38318 16.1495 0.00364925
16.1495 16.1495 0.615028
26.9159 16.1495 2.00815
37.6822 16.1495 3.31968
48.4486 16.1495 3.93542
59.215 16.1495 3.44012
69.9813 16.1495 2.09392
5.38318 26.9159 0.0158524
16.1495 26.9159 0.770809
26.9159 26.9159 2.29338
37.6822 26.9159 3.69619
48.4486 26.9159 4.50765
59.215 26.9159 4.13859
69.9813 26.9159 2.6524
5.38318 37.6822 0.829591
16.1495 37.6822 1.9856
26.9159 37.6822 3.16597
37.6822 37.6822 3.95907
48.4486 37.6822 4.35341
59.215 37.6822 3.8665
69.9813 37.6822 2.4854
5.38318 48.4486 1.39126
16.1495 48.4486 2.90102
26.9159 48.4486 4.22454
37.6822 48.4486 4.62019
48.4486 48.4486 4.29199
59.215 48.4486 3.40334
69.9813 48.4486 1.96018
5.38318 59.215 1.53033
16.1495 59.215 3.00018
26.9159 59.215 4.26601
37.6822 59.215 4.60413
48.4486 59.215 4.25329
59.215 59.215 3.32913
69.9813 59.215 1.89599
5.38318 69.9813 1.04779
16.1495 69.9813 1.94803
26.9159 69.9813 2.90526
37.6822 69.9813 3.05525
48.4486 69.9813 2.80815
59.215 69.9813 2.1785
69.9813 69.9813 1.25784
5.38318 80.7477 0.113526
16.1495 80.7477 0.235099
26.9159 80.7477 0.682836
37.6822 80.7477 0.410245
48.4486 80.7477 0.162865
59.215 80.7477 0.0195077
69.9813 80.7477 0.190083
5.38318 91.514 -0.39005
16.1495 91.514 -0.614248
26.9159 91.514 -0.5808
37.6822 91.514 -0.704553
48.4486 91.514 -0.750473
59.215 91.514 -0.656905
69.9813 91.514 -0.291791
5.38318 102.28 -0.557848
16.1495 102.28 -0.890718
26.9159 102.28 -0.958225
37.6822 102.28 -0.979434
48.4486 102.28 -0.942314
59.215 102.28 -0.750562
69.9813 102.28 -0.324828
5.38318 113.047 -0.580534
16.1495 113.047 -0.927988
26.9159 113.047 -1.00948
37.6822 113.047 -1.01178
48.4486 113.047 -0.958325
59.215 113.047 -0.755145
69.9813 113.047 -0.323696
5.38318 123.813 -0.551515
16.1495 123.813 -0.862963
26.9159 123.813 -0.897485
37.6822 123.813 -0.886904
48.4486 123.813 -0.842101
59.215 123.813 -0.641961
69.9813 123.813 -0.274037
5.38318 134.579 -0.457673
16.1495 134.579 -0.643548
26.9159 134.579 -0.501097
37.6822 134.579 -0.471065
48.4486 134.579 -0.47444
59.215 134.579 -0.41664
69.9813 134.579 -0.179824
5.38318 145.346 -0.235404
16.1495 145.346 -0.14863
26.9159 145.346 0.6147
37.6822 145.346 0.858606
48.4486 145.346 0.615451
59.215 145.346 0.0995212
69.9813 145.346 0.0205948
5.38318 156.112 0.0641506
16.1495 156.112 0.945765
26.9159 156.112 2.32936
37.6822 156.112 2.61752
48.4486 156.112 2.18157
59.215 156.112 1.07515
69.9813 156.112 0.471621
5.38318 166.879 0.455664
16.1495 166.879 1.77384
26.9159 166.879 3.31014
37.6822 166.879 3.72399
48.4486 166.879 3.09866
59.215 166.879 1.76342
69.9813 166.879 0.786506
5.38318 177.645 0.625407
16.1495 177.645 1.79048
26.9159 177.645 3.13984
37.6822 177.645 3.36006
48.4486 177.645 2.756
59.215 177.645 1.52445
69.9813 177.645 0.744565
5.38318 188.411 0.556025
16.1495 188.411 1.34001
26.9159 188.411 2.14156
37.6822 188.411 2.05817
48.4486 188.411 1.6106
59.215 188.411 0.948477
69.9813 188.411 0.644819
5.38318 199.178 0.503228
16.1495 199.178 0.991479
26.9159 199.178 1.17819
37.6822 199.178 0.810591
48.4486 199.178 0.390519
59.215 199.178 0.382716
69.9813 199.178 0.483588
5.38318 209.944 0.38104
16.1495 209.944 0.769505
26.9159 209.944 0.729917
37.6822 209.944 0.405833
48.4486 209.944 0.0740829
59.215 209.944 0.309857
69.9813 209.944 0.463153
