48 177
0 157 72 40
0 141 72 72
0 134 72 82
0 72 72 144
0 0 72 216
5.38318 5.38318 0.713096
16.1495 5.38318 1.25209
26.9159 5.38318 1.63774
37.6822 5.38318 1.69441
48.4486 5.38318 1.65172
59.215 5.38318 1.21552
69.9813 5.38318 0.727476
5.38318 16.1495 1.07166
16.1495 16.1495 2.12824
26.9159 16.1495 2.93805
37.6822 16.1495 3.0775
48.4486 16.1495 2.90815
59.215 16.1495 2.07538
69.9813 16.1495 1.22514
5.38318 26.9159 0.846806
16.1495 26.9159 1.97342
26.9159 26.9159 2.92604
37.6822 26.9159 3.19039
48.4486 26.9159 2.99716
59.215 26.9159 2.18126
69.9813 26.9159 1.30114
5.38318 37.6822 0.82552
16.1495 37.6822 1.81725
26.9159 37.6822 2.8862
37.6822 37.6822 3.12973
48.4486 37.6822 2.8807
59.215 37.6822 2.0139
69.9813 37.6822 1.17391
5.38318 48.4486 0.906676
16.1495 48.4486 1.80224
26.9159 48.4486 2.9995
37.6822 48.4486 3.37081
48.4486 48.4486 3.30577
59.215 48.4486 2.51696
69.9813 48.4486 1.50874
5.38318 59.215 0.994212
16.1495 59.215 1.75713
26.9159 59.215 2.84387
37.6822 59.215 3.04516
48.4486 59.215 2.99764
59.215 59.215 2.46484
69.9813 59.215 1.5994
5.38318 69.9813 0.588353
16.1495 69.9813 0.811235
26.9159 69.9813 1.37729
37.6822 69.9813 1.34129
48.4486 69.9813 1.35487
59.215 69.9813 1.5302
69.9813 69.9813 1.1933
5.38318 80.7477 0.0452733
16.1495 80.7477 0.0572039
26.9159 80.7477 0.436704
37.6822 80.7477 0.43292
48.4486 80.7477 0.210421
59.215 80.7477 0.554091
69.9813 80.7477 0.53859
5.38318 91.514 -0.239864
16.1495 91.514 -0.355334
26.9159 91.514 -0.226896
37.6822 91.514 -0.221591
48.4486 91.514 -0.25821
59.215 91.514 -0.172242
69.9813 91.514 -0.0310217
5.38318 102.28 -0.281278
16.1495 102.28 -0.41796
26.9159 102.28 -0.329455
37.6822 102.28 -0.316393
48.4486 102.28 -0.311957
59.215 102.28 -0.23284
69.9813 102.28 -0.0833398
5.38318 113.047 -0.291628
16.1495 113.047 -0.435802
26.9159 113.047 -0.410573
37.6822 113.047 -0.407012
48.4486 113.047 -0.395502
59.215 113.047 -0.313101
69.9813 113.047 -0.132843
5.38318 123.813 -0.254775
16.1495 123.813 -0.367233
26.9159 123.813 -0.303804
37.6822 123.813 -0.290178
48.4486 123.813 -0.302907
59.215 123.813 -0.230561
69.9813 123.813 -0.100981
5.38318 134.579 -0.180918
16.1495 134.579 -0.218473
26.9159 134.579 -0.0426445
37.6822 134.579 -0.00210083
48.4486 134.579 -0.0192172
59.215 134.579 -0.00439853
69.9813 134.579 0.0529063
5.38318 145.346 -0.0783166
16.1495 145.346 0.0926932
26.9159 145.346 0.86544
37.6822 145.346 1.24894
48.4486 145.346 1.28811
59.215 145.346 0.958416
69.9813 145.346 0.57173
5.38318 156.112 0.0134042
16.1495 156.112 0.66064
26.9159 156.112 2.04617
37.6822 156.112 2.81359
48.4486 156.112 2.93269
59.215 156.112 2.1232
69.9813 156.112 1.18874
5.38318 166.879 0.113634
16.1495 166.879 1.0699
26.9159 166.879 2.98843
37.6822 166.879 4.40304
48.4486 166.879 4.68134
59.215 166.879 3.36465
69.9813 166.879 1.79635
5.38318 177.645 0.199871
16.1495 177.645 1.10957
26.9159 177.645 3.15344
37.6822 177.645 4.74819
48.4486 177.645 5.10188
59.215 177.645 3.71133
69.9813 177.645 1.92742
5.38318 188.411 0.113749
16.1495 188.411 0.751544
26.9159 188.411 2.49679
37.6822 188.411 3.603
48.4486 188.411 3.85052
59.215 188.411 2.88844
69.9813 188.411 1.54771
5.38318 199.178 0.256159
16.1495 199.178 0.538016
26.9159 199.178 1.4023
37.6822 199.178 1.43449
48.4486 199.178 1.5301
59.215 199.178 1.2735
69.9813 199.178 0.886665
5.38318 209.944 0.308172
16.1495 209.944 0.557013
26.9159 209.944 1.09195
37.6822 209.944 0.850806
48.4486 209.944 0.92105
59.215 209.944 0.83915
69.9813 209.944 0.684118
