48 37
0 17 72 40
0 1 72 72
0 0 72 82
0 0 72 144
0 0 72 216
5.38318 5.38318 0.402944
16.1495 5.38318 0.830995
26.9159 5.38318 1.16426
37.6822 5.38318 1.13626
48.4486 5.38318 1.0982
59.215 5.38318 0.82293
69.9813 5.38318 0.586173
5.38318 16.1495 0.613146
16.1495 16.1495 1.5302
26.9159 16.1495 2.27783
37.6822 16.1495 2.35496
48.4486 16.1495 2.26082
59.215 16.1495 1.7433
69.9813 16.1495 1.177
5.38318 26.9159 0.369326
16.1495 26.9159 1.1706
26.9159 26.9159 2.21945
37.6822 26.9159 2.5915
48.4486 26.9159 2.65493
59.215 26.9159 2.14397
69.9813 26.9159 1.42389
5.38318 37.6822 0.709051
16.1495 37.6822 1.44093
26.9159 37.6822 2.39673
37.6822 37.6822 2.87605
48.4486 37.6822 3.02017
59.215 37.6822 2.44894
69.9813 37.6822 1.50643
5.38318 48.4486 1.14481
16.1495 48.4486 1.92694
26.9159 48.4486 2.4947
37.6822 48.4486 2.65829
48.4486 48.4486 2.68828
59.215 48.4486 2.20511
69.9813 48.4486 1.39864
5.38318 59.215 1.35389
16.1495 59.215 2.14831
26.9159 59.215 2.45549
37.6822 59.215 2.18116
48.4486 59.215 2.03116
59.215 59.215 1.71398
69.9813 59.215 1.19853
5.38318 69.9813 0.78462
16.1495 69.9813 1.30884
26.9159 69.9813 1.43711
37.6822 69.9813 1.01923
48.4486 69.9813 0.829329
59.215 69.9813 0.77088
69.9813 69.9813 0.76698
5.38318 80.7477 -0.0215536
16.1495 80.7477 0.0859775
26.9159 80.7477 0.201634
37.6822 80.7477 0.0830781
48.4486 80.7477 -0.0420921
59.215 80.7477 0.124939
69.9813 80.7477 0.386433
5.38318 91.514 -0.324055
16.1495 91.514 -0.444918
26.9159 91.514 -0.395644
37.6822 91.514 -0.326749
48.4486 91.514 -0.343283
59.215 91.514 -0.225466
69.9813 91.514 -0.0440114
5.38318 102.28 -0.32722
16.1495 102.28 -0.463615
26.9159 102.28 -0.380009
37.6822 102.28 -0.297978
48.4486 102.28 -0.288643
59.215 102.28 -0.210062
69.9813 102.28 -0.067761
5.38318 113.047 -0.301426
16.1495 113.047 -0.451866
26.9159 113.047 -0.438897
37.6822 113.047 -0.418563
48.4486 113.047 -0.398383
59.215 113.047 -0.31743
69.9813 113.047 -0.137575
5.38318 123.813 -0.287185
16.1495 123.813 -0.396214
26.9159 123.813 -0.305715
37.6822 123.813 -0.249452
48.4486 123.813 -0.25761
59.215 123.813 -0.222127
69.9813 123.813 -0.106728
5.38318 134.579 -0.246031
16.1495 134.579 -0.248898
26.9159 134.579 -0.00105218
37.6822 134.579 0.340475
48.4486 134.579 0.246701
59.215 134.579 0.0550949
69.9813 134.579 0.01712
5.38318 145.346 -0.173144
16.1495 145.346 -6.58672e-05
26.9159 145.346 1.04359
37.6822 145.346 1.61728
48.4486 145.346 1.39756
59.215 145.346 0.801263
69.9813 145.346 0.325663
5.38318 156.112 -0.0243935
16.1495 156.112 0.659643
26.9159 156.112 1.97226
37.6822 156.112 2.63183
48.4486 156.112 2.27951
59.215 156.112 1.40296
69.9813 156.112 0.55272
5.38318 166.879 0.283386
16.1495 166.879 1.22718
26.9159 166.879 2.42773
37.6822 166.879 2.98651
48.4486 166.879 2.46037
59.215 166.879 1.54545
69.9813 166.879 0.585647
5.38318 177.645 0.759025
16.1495 177.645 1.80439
26.9159 177.645 2.64918
37.6822 177.645 2.7478
48.4486 177.645 2.12591
59.215 177.645 1.38436
69.9813 177.645 0.602664
5.38318 188.411 1.03679
16.1495 188.411 2.12492
26.9159 188.411 2.62562
37.6822 188.411 2.49112
48.4486 188.411 1.94805
59.215 188.411 1.41074
69.9813 188.411 0.803928
5.38318 199.178 1.10105
16.1495 199.178 2.02375
26.9159 199.178 2.40757
37.6822 199.178 2.32592
48.4486 199.178 2.08403
59.215 199.178 1.66424
69.9813 199.178 1.07508
5.38318 209.944 0.714273
16.1495 209.944 1.2397
26.9159 209.944 1.42695
37.6822 209.944 1.51184
48.4486 209.944 1.60666
59.215 209.944 1.40133
69.9813 209.944 0.95715
