37 166
0 146 72 40
0 130 72 72
0 125 72 82
0 72 72 144
0 0 72 216
5.38318 5.38318 0.0131349
16.1495 5.38318 -0.0268569
26.9159 5.38318 0.25586
37.6822 5.38318 0.209434
48.4486 5.38318 0.0676411
59.215 5.38318 -0.0136378
69.9813 5.38318 0.026146
5.38318 16.1495 -0.0786398
16.1495 16.1495 -0.0658264
26.9159 16.1495 0.42817
37.6822 16.1495 0.301463
48.4486 16.1495 0.107709
59.215 16.1495 -0.0131621
69.9813 16.1495 0.140924
5.38318 26.9159 -0.268658
16.1495 26.9159 -0.36059
26.9159 26.9159 -0.208549
37.6822 26.9159 -0.274348
48.4486 26.9159 -0.339029
59.215 26.9159 -0.307953
69.9813 26.9159 -0.0779467
5.38318 37.6822 -0.101669
16.1495 37.6822 -0.116196
26.9159 37.6822 -0.0864773
37.6822 37.6822 -0.169423
48.4486 37.6822 -0.171614
59.215 37.6822 -0.0615941
69.9813 37.6822 0.243116
5.38318 48.4486 0.402542
16.1495 48.4486 0.740323
26.9159 48.4486 0.655501
37.6822 48.4486 0.651232
48.4486 48.4486 0.813332
59.215 48.4486 1.01868
69.9813 48.4486 0.881542
5.38318 59.215 0.927684
16.1495 59.215 1.52721
26.9159 59.215 1.46246
37.6822 59.215 1.5832
48.4486 59.215 1.95777
59.215 59.215 2.07844
69.9813 59.215 1.43595
5.38318 69.9813 0.819716
16.1495 69.9813 1.34606
26.9159 69.9813 1.2552
37.6822 69.9813 1.49688
48.4486 69.9813 2.03799
59.215 69.9813 2.23246
69.9813 69.9813 1.52012
5.38318 80.7477 0.0168755
16.1495 80.7477 0.104589
26.9159 80.7477 -0.0218725
37.6822 80.7477 0.209867
48.4486 80.7477 0.732989
59.215 80.7477 1.16462
69.9813 80.7477 0.978689
5.38318 91.514 -0.424774
16.1495 91.514 -0.68995
26.9159 91.514 -0.79331
37.6822 91.514 -0.831796
48.4486 91.514 -0.715514
59.215 91.514 -0.426517
69.9813 91.514 -0.102968
5.38318 102.28 -0.58214
16.1495 102.28 -0.942733
26.9159 102.28 -1.03936
37.6822 102.28 -1.05449
48.4486 102.28 -0.989976
59.215 102.28 -0.776513
69.9813 102.28 -0.327053
5.38318 113.047 -0.586823
16.1495 113.047 -0.935925
26.9159 113.047 -1.01489
37.6822 113.047 -1.00854
48.4486 113.047 -0.954297
59.215 113.047 -0.745808
69.9813 113.047 -0.320622
5.38318 123.813 -0.575399
16.1495 123.813 -0.878189
26.9159 123.813 -0.8807
37.6822 123.813 -0.765073
48.4486 123.813 -0.710649
59.215 123.813 -0.534795
69.9813 123.813 -0.228923
5.38318 134.579 -0.551328
16.1495 134.579 -0.757293
26.9159 134.579 -0.457968
37.6822 134.579 -0.113781
48.4486 134.579 -0.0756157
59.215 134.579 -0.0946771
69.9813 134.579 -0.0329598
5.38318 145.346 -0.503353
16.1495 145.346 -0.42452
26.9159 145.346 0.776881
37.6822 145.346 2.20136
48.4486 145.346 2.16586
59.215 145.346 1.35803
69.9813 145.346 0.607169
5.38318 156.112 -0.306701
16.1495 156.112 0.00820103
26.9159 156.112 2.28337
37.6822 156.112 3.74402
48.4486 156.112 3.59012
59.215 156.112 2.32242
69.9813 156.112 1.03894
5.38318 166.879 -0.0477839
16.1495 166.879 0.967199
26.9159 166.879 3.03079
37.6822 166.879 4.23974
48.4486 166.879 3.85275
59.215 166.879 2.42181
69.9813 166.879 1.12469
5.38318 177.645 0.634962
16.1495 177.645 1.94745
26.9159 177.645 3.37545
37.6822 177.645 3.63412
48.4486 177.645 2.88259
59.215 177.645 1.74221
69.9813 177.645 0.868076
5.38318 188.411 0.94847
16.1495 188.411 2.28015
26.9159 188.411 3.33425
37.6822 188.411 3.16921
48.4486 188.411 2.46024
59.215 188.411 1.51234
69.9813 188.411 0.927134
5.38318 199.178 1.04005
16.1495 199.178 2.00376
26.9159 199.178 2.73708
37.6822 199.178 2.79026
48.4486 199.178 2.57059
59.215 199.178 2.11513
69.9813 199.178 1.38239
5.38318 209.944 0.6908
16.1495 209.944 1.07493
26.9159 209.944 1.39442
37.6822 209.944 1.64593
48.4486 209.944 1.978
59.215 209.944 1.91869
69.9813 209.944 1.31115
