37 177
0 157 72 40
0 141 72 72
0 134 72 82
0 72 72 144
0 0 72 216
5.38318 5.38318 0.542801
16.1495 5.38318 0.939517
26.9159 5.38318 1.45964
37.6822 5.38318 1.59174
48.4486 5.38318 1.51463
59.215 5.38318 0.956971
69.9813 5.38318 0.532127
5.38318 16.1495 0.844375
16.1495 16.1495 1.59449
26.9159 16.1495 2.68566
37.6822 16.1495 3.0176
48.4486 16.1495 2.98348
59.215 16.1495 1.93817
69.9813 16.1495 1.08899
5.38318 26.9159 1.00318
16.1495 26.9159 2.01357
26.9159 26.9159 3.54215
37.6822 26.9159 3.92796
48.4486 26.9159 3.68481
59.215 26.9159 2.34069
69.9813 26.9159 1.25264
5.38318 37.6822 0.952967
16.1495 37.6822 1.91229
26.9159 37.6822 3.38084
37.6822 37.6822 3.65353
48.4486 37.6822 3.33823
59.215 37.6822 2.2029
69.9813 37.6822 1.19833
5.38318 48.4486 0.855501
16.1495 48.4486 1.77945
26.9159 48.4486 2.85779
37.6822 48.4486 2.93125
48.4486 48.4486 2.55173
59.215 48.4486 1.8055
69.9813 48.4486 1.02379
5.38318 59.215 0.60351
16.1495 59.215 1.14374
26.9159 59.215 1.43943
37.6822 59.215 1.22211
48.4486 59.215 1.01466
59.215 59.215 0.989101
69.9813 59.215 0.818946
5.38318 69.9813 0.172731
16.1495 69.9813 0.424661
26.9159 69.9813 0.392507
37.6822 69.9813 0.186546
48.4486 69.9813 0.187515
59.215 69.9813 0.563373
69.9813 69.9813 0.675782
5.38318 80.7477 -0.243919
16.1495 80.7477 -0.373989
26.9159 80.7477 -0.448548
37.6822 80.7477 -0.50786
48.4486 80.7477 -0.412979
59.215 80.7477 -0.135678
69.9813 80.7477 0.262689
5.38318 91.514 -0.549818
16.1495 91.514 -0.904619
26.9159 91.514 -1.00714
37.6822 91.514 -1.00748
48.4486 91.514 -0.91624
59.215 91.514 -0.615894
69.9813 91.514 -0.226822
5.38318 102.28 -0.592556
16.1495 102.28 -0.958042
26.9159 102.28 -1.05149
37.6822 102.28 -1.04747
48.4486 102.28 -0.989549
59.215 102.28 -0.775352
69.9813 102.28 -0.339451
5.38318 113.047 -0.587935
16.1495 113.047 -0.940752
26.9159 113.047 -1.02404
37.6822 113.047 -1.02362
48.4486 113.047 -0.969676
59.215 113.047 -0.76744
69.9813 113.047 -0.331808
5.38318 123.813 -0.576246
16.1495 123.813 -0.922064
26.9159 123.813 -1.00114
37.6822 123.813 -1.00434
48.4486 123.813 -0.951877
59.215 123.813 -0.748774
69.9813 123.813 -0.320716
5.38318 134.579 -0.550295
16.1495 134.579 -0.87717
26.9159 134.579 -0.940207
37.6822 134.579 -0.950507
48.4486 134.579 -0.902695
59.215 134.579 -0.690068
69.9813 134.579 -0.288889
5.38318 145.346 -0.444928
16.1495 145.346 -0.627027
26.9159 145.346 -0.492214
37.6822 145.346 -0.466837
48.4486 145.346 -0.457253
59.215 145.346 -0.418712
69.9813 145.346 -0.160256
5.38318 156.112 -0.201612
16.1495 156.112 -0.0928882
26.9159 156.112 0.737145
37.6822 156.112 0.975439
48.4486 156.112 0.81888
59.215 156.112 0.1573
69.9813 156.112 0.163444
5.38318 166.879 0.273396
16.1495 166.879 1.44209
26.9159 166.879 2.9879
37.6822 166.879 3.53381
48.4486 166.879 3.09803
59.215 166.879 1.7066
69.9813 166.879 0.846021
5.38318 177.645 0.711683
16.1495 177.645 2.2324
26.9159 177.645 4.14811
37.6822 177.645 4.87783
48.4486 177.645 4.30004
59.215 177.645 2.51678
69.9813 177.645 1.26409
5.38318 188.411 0.869852
16.1495 188.411 2.30911
26.9159 188.411 3.97519
37.6822 188.411 4.52711
48.4486 188.411 3.91564
59.215 188.411 2.39664
69.9813 188.411 1.24196
5.38318 199.178 0.573705
16.1495 199.178 1.42953
26.9159 199.178 2.17198
37.6822 199.178 2.21527
48.4486 199.178 1.93091
59.215 199.178 1.19673
69.9813 199.178 0.764601
5.38318 209.944 0.30783
16.1495 209.944 0.74225
26.9159 209.944 0.852732
37.6822 209.944 0.680704
48.4486 209.944 0.450927
59.215 209.944 0.397148
69.9813 209.944 0.426819
