37 26
0 6 72 40
0 0 72 72
0 0 72 82
0 0 72 144
0 0 72 216
5.38318 5.38318 0.108791
16.1495 5.38318 0.451935
26.9159 5.38318 1.23043
37.6822 5.38318 1.61295
48.4486 5.38318 1.39677
59.215 5.38318 0.863439
69.9813 5.38318 0.344674
5.38318 16.1495 0.291018
16.1495 16.1495 1.09587
26.9159 16.1495 2.3083
37.6822 16.1495 2.91263
48.4486 16.1495 2.52075
59.215 16.1495 1.60536
69.9813 16.1495 0.705737
5.38318 26.9159 0.409519
16.1495 26.9159 1.48942
26.9159 26.9159 2.67757
37.6822 26.9159 3.19695
48.4486 26.9159 2.60184
59.215 26.9159 1.64861
69.9813 26.9159 0.682722
5.38318 37.6822 0.910963
16.1495 37.6822 2.10993
26.9159 37.6822 2.9553
37.6822 37.6822 2.95107
48.4486 37.6822 2.20944
59.215 37.6822 1.44421
69.9813 37.6822 0.718397
5.38318 48.4486 1.12147
16.1495 48.4486 2.39567
26.9159 48.4486 2.94223
37.6822 48.4486 2.82635
48.4486 48.4486 2.23225
59.215 48.4486 1.6632
69.9813 48.4486 1.02304
5.38318 59.215 1.10789
16.1495 59.215 2.10813
26.9159 59.215 2.56718
37.6822 59.215 2.57675
48.4486 59.215 2.43876
59.215 59.215 1.98841
69.9813 59.215 1.30995
5.38318 69.9813 0.667341
16.1495 69.9813 1.16907
26.9159 69.9813 1.57528
37.6822 69.9813 1.73974
48.4486 69.9813 1.96176
59.215 69.9813 1.73713
69.9813 69.9813 1.18132
5.38318 80.7477 0.157339
16.1495 80.7477 0.178632
26.9159 80.7477 0.587995
37.6822 80.7477 0.583592
48.4486 80.7477 0.827417
59.215 80.7477 0.741445
69.9813 80.7477 0.572467
5.38318 91.514 -0.183757
16.1495 91.514 -0.335265
26.9159 91.514 -0.230494
37.6822 91.514 -0.30168
48.4486 91.514 -0.265345
59.215 91.514 -0.219546
69.9813 91.514 -0.095131
5.38318 102.28 -0.268594
16.1495 102.28 -0.437534
26.9159 102.28 -0.409372
37.6822 102.28 -0.438524
48.4486 102.28 -0.425569
59.215 102.28 -0.340939
69.9813 102.28 -0.159095
5.38318 113.047 -0.295812
16.1495 113.047 -0.443018
26.9159 113.047 -0.443167
37.6822 113.047 -0.426633
48.4486 113.047 -0.411119
59.215 113.047 -0.319815
69.9813 113.047 -0.140101
5.38318 123.813 -0.250035
16.1495 123.813 -0.345984
26.9159 123.813 -0.299078
37.6822 123.813 -0.268999
48.4486 123.813 -0.269923
59.215 123.813 -0.212648
69.9813 123.813 -0.0804728
5.38318 134.579 -0.135754
16.1495 134.579 -0.151842
26.9159 134.579 -0.0530948
37.6822 134.579 -0.00241119
48.4486 134.579 -0.00244067
59.215 134.579 -0.00163354
69.9813 134.579 0.110864
5.38318 145.346 0.17658
16.1495 145.346 0.425659
26.9159 145.346 0.736474
37.6822 145.346 0.843539
48.4486 145.346 0.842762
59.215 145.346 0.668835
69.9813 145.346 0.501214
5.38318 156.112 0.602072
16.1495 156.112 1.09121
26.9159 156.112 1.57192
37.6822 156.112 1.63928
48.4486 156.112 1.65505
59.215 156.112 1.36663
69.9813 156.112 0.943751
5.38318 166.879 1.01922
16.1495 166.879 1.67301
26.9159 166.879 1.95624
37.6822 166.879 1.91546
48.4486 166.879 1.86055
59.215 166.879 1.65831
69.9813 166.879 1.13757
5.38318 177.645 1.06771
16.1495 177.645 1.7624
26.9159 177.645 1.98811
37.6822 177.645 1.94332
48.4486 177.645 1.8602
59.215 177.645 1.74678
69.9813 177.645 1.19218
5.38318 188.411 0.981191
16.1495 188.411 1.71815
26.9159 188.411 1.7565
37.6822 188.411 1.76491
48.4486 188.411 1.47343
59.215 188.411 1.49442
69.9813 188.411 0.966292
5.38318 199.178 0.508747
16.1495 199.178 1.1589
26.9159 199.178 1.18882
37.6822 199.178 1.40001
48.4486 199.178 1.13716
59.215 199.178 1.2052
69.9813 199.178 0.772528
5.38318 209.944 0.286311
16.1495 209.944 0.731212
26.9159 209.944 0.675925
37.6822 209.944 0.761249
48.4486 209.944 0.498779
59.215 209.944 0.649502
69.9813 209.944 0.450675
