48 166
0 146 72 40
0 130 72 72
0 125 72 82
0 72 72 144
0 0 72 216
5.38318 5.38318 0.197959
16.1495 5.38318 0.327825
26.9159 5.38318 0.727988
37.6822 5.38318 0.749332
48.4486 5.38318 0.661009
59.215 5.38318 0.328138
69.9813 5.38318 0.215657
5.38318 16.1495 0.352576
16.1495 16.1495 0.947583
26.9159 16.1495 1.87958
37.6822 16.1495 2.00045
48.4486 16.1495 1.82569
59.215 16.1495 1.03843
69.9813 16.1495 0.661078
5.38318 26.9159 0.414141
16.1495 26.9159 1.4964
26.9159 26.9159 2.86831
37.6822 26.9159 3.20187
48.4486 26.9159 2.83577
59.215 26.9159 1.5733
69.9813 26.9159 0.848925
5.38318 37.6822 0.677926
16.1495 37.6822 1.97792
26.9159 37.6822 3.42346
37.6822 37.6822 3.86193
48.4486 37.6822 3.41953
59.215 37.6822 2.12758
69.9813 37.6822 1.1205
5.38318 48.4486 0.813143
16.1495 48.4486 1.98808
26.9159 48.4486 3.03697
37.6822 48.4486 3.2046
48.4486 48.4486 2.70646
59.215 48.4486 1.70873
69.9813 48.4486 0.97441
5.38318 59.215 0.520645
16.1495 59.215 1.09787
26.9159 59.215 1.26058
37.6822 59.215 0.990954
48.4486 59.215 0.555463
59.215 59.215 0.44382
69.9813 59.215 0.5168
5.38318 69.9813 0.115223
16.1495 69.9813 0.283908
26.9159 69.9813 0.0826959
37.6822 69.9813 -0.140707
48.4486 69.9813 -0.318274
59.215 69.9813 -0.166531
69.9813 69.9813 0.099325
5.38318 80.7477 -0.207805
16.1495 80.7477 -0.341268
26.9159 80.7477 -0.436275
37.6822 80.7477 -0.540951
48.4486 80.7477 -0.586509
59.215 80.7477 -0.375652
69.9813 80.7477 -0.0994968
5.38318 91.514 -0.483322
16.1495 91.514 -0.775546
26.9159 91.514 -0.778453
37.6822 91.514 -0.782824
48.4486 91.514 -0.761287
59.215 91.514 -0.555276
69.9813 91.514 -0.2345
5.38318 102.28 -0.560726
16.1495 102.28 -0.884021
26.9159 102.28 -0.920942
37.6822 102.28 -0.894689
48.4486 102.28 -0.846543
59.215 102.28 -0.636488
69.9813 102.28 -0.274056
5.38318 113.047 -0.564885
16.1495 113.047 -0.898847
26.9159 113.047 -0.97394
37.6822 113.047 -0.97076
48.4486 113.047 -0.916934
59.215 113.047 -0.685285
69.9813 113.047 -0.286181
5.38318 123.813 -0.427994
16.1495 123.813 -0.653369
26.9159 123.813 -0.626354
37.6822 123.813 -0.631806
48.4486 123.813 -0.573779
59.215 123.813 -0.419719
69.9813 123.813 -0.125547
5.38318 134.579 0.0943563
16.1495 134.579 0.270467
26.9159 134.579 0.603603
37.6822 134.579 0.564682
48.4486 134.579 0.687948
59.215 134.579 0.558093
69.9813 134.579 0.616044
5.38318 145.346 1.48122
16.1495 145.346 2.63737
26.9159 145.346 3.17286
37.6822 145.346 3.22042
48.4486 145.346 3.29585
59.215 145.346 2.63228
69.9813 145.346 1.77294
5.38318 156.112 2.73253
16.1495 156.112 4.67339
26.9159 156.112 5.30326
37.6822 156.112 5.41889
48.4486 156.112 5.5778
59.215 156.112 4.58406
69.9813 156.112 2.88048
5.38318 166.879 2.87716
16.1495 166.879 4.96624
26.9159 166.879 5.59685
37.6822 166.879 5.82213
48.4486 166.879 6.02848
59.215 166.879 5.09181
69.9813 166.879 3.14421
5.38318 177.645 2.0182
16.1495 177.645 3.35531
26.9159 177.645 3.80944
37.6822 177.645 4.03374
48.4486 177.645 4.14346
59.215 177.645 3.60576
69.9813 177.645 2.2369
5.38318 188.411 0.660573
16.1495 188.411 1.22645
26.9159 188.411 1.66582
37.6822 188.411 1.71264
48.4486 188.411 1.76681
59.215 188.411 1.64546
69.9813 188.411 1.12042
5.38318 199.178 0.278019
16.1495 199.178 0.583495
26.9159 199.178 0.945947
37.6822 199.178 0.971684
48.4486 199.178 0.984349
59.215 199.178 0.967913
69.9813 199.178 0.718358
5.38318 209.944 0.0982414
16.1495 209.944 0.27504
26.9159 209.944 0.56307
37.6822 209.944 0.606927
48.4486 209.944 0.729786
59.215 209.944 0.704269
69.9813 209.944 0.587208
