37 188
0 168 72 40
0 144 72 72
0 134 72 82
0 72 72 144
0 0 72 216
5.38318 5.38318 0.632159
16.1495 5.38318 1.00238
26.9159 5.38318 1.48365
37.6822 5.38318 1.61259
48.4486 5.38318 1.53167
59.215 5.38318 1.13466
69.9813 5.38318 0.653098
5.38318 16.1495 1.23227
16.1495 16.1495 2.1468
26.9159 16.1495 2.97047
37.6822 16.1495 3.18291
48.4486 16.1495 2.97487
59.215 16.1495 2.24372
69.9813 16.1495 1.2762
5.38318 26.9159 1.64324
16.1495 26.9159 2.89273
26.9159 26.9159 3.84402
37.6822 26.9159 3.91225
48.4486 26.9159 3.5003
59.215 26.9159 2.68917
69.9813 26.9159 1.59174
5.38318 37.6822 1.87622
16.1495 37.6822 3.25279
26.9159 37.6822 4.1847
37.6822 37.6822 4.02319
48.4486 37.6822 3.43838
59.215 37.6822 2.61263
69.9813 37.6822 1.64387
5.38318 48.4486 1.63038
16.1495 48.4486 2.83155
26.9159 48.4486 3.69618
37.6822 48.4486 3.38471
48.4486 48.4486 2.86056
59.215 48.4486 2.08948
69.9813 48.4486 1.43714
5.38318 59.215 1.19717
16.1495 59.215 1.72564
26.9159 59.215 2.06926
37.6822 59.215 1.649
48.4486 59.215 1.68695
59.215 59.215 1.48339
69.9813 59.215 1.31657
5.38318 69.9813 0.819846
16.1495 69.9813 1.01813
26.9159 69.9813 1.10771
37.6822 69.9813 0.584759
48.4486 69.9813 0.731651
59.215 69.9813 0.796971
69.9813 69.9813 0.907163
5.38318 80.7477 0.231133
16.1495 80.7477 0.154461
26.9159 80.7477 0.229166
37.6822 80.7477 -0.121849
48.4486 80.7477 -0.09209
59.215 80.7477 -0.0134089
69.9813 80.7477 0.336933
5.38318 91.514 -0.26655
16.1495 91.514 -0.408041
26.9159 91.514 -0.351555
37.6822 91.514 -0.36303
48.4486 91.514 -0.345756
59.215 91.514 -0.269029
69.9813 91.514 -0.092619
5.38318 102.28 -0.305368
16.1495 102.28 -0.440189
26.9159 102.28 -0.367911
37.6822 102.28 -0.326222
48.4486 102.28 -0.328646
59.215 102.28 -0.274563
69.9813 102.28 -0.126076
5.38318 113.047 -0.274926
16.1495 113.047 -0.421532
26.9159 113.047 -0.406234
37.6822 113.047 -0.405131
48.4486 113.047 -0.385745
59.215 113.047 -0.295143
69.9813 113.047 -0.12401
5.38318 123.813 -0.208376
16.1495 123.813 -0.326812
26.9159 123.813 -0.298467
37.6822 123.813 -0.30647
48.4486 123.813 -0.280331
59.215 123.813 -0.203219
69.9813 123.813 -0.0690968
5.38318 134.579 -0.0199458
16.1495 134.579 -0.0628608
26.9159 134.579 -0.0136207
37.6822 134.579 -0.0678491
48.4486 134.579 -0.0513992
59.215 134.579 -0.00506895
69.9813 134.579 0.158776
5.38318 145.346 0.127486
16.1495 145.346 0.0898942
26.9159 145.346 0.312498
37.6822 145.346 0.277022
48.4486 145.346 0.488451
59.215 145.346 0.594793
69.9813 145.346 0.547157
5.38318 156.112 0.547653
16.1495 156.112 0.975483
26.9159 156.112 1.48645
37.6822 156.112 1.44418
48.4486 156.112 1.54223
59.215 156.112 1.37769
69.9813 156.112 1.00223
5.38318 166.879 0.631871
16.1495 166.879 1.27616
26.9159 166.879 2.13483
37.6822 166.879 2.21259
48.4486 166.879 2.32789
59.215 166.879 1.92445
69.9813 166.879 1.31932
5.38318 177.645 1.0758
16.1495 177.645 2.37937
26.9159 177.645 3.61492
37.6822 177.645 3.66366
48.4486 177.645 3.4246
59.215 177.645 2.4413
69.9813 177.645 1.52496
5.38318 188.411 1.21147
16.1495 188.411 2.61032
26.9159 188.411 4.14115
37.6822 188.411 4.30715
48.4486 188.411 4.00085
59.215 188.411 2.77547
69.9813 188.411 1.69351
5.38318 199.178 1.10051
16.1495 199.178 2.32985
26.9159 199.178 3.67702
37.6822 199.178 3.77157
48.4486 199.178 3.53349
59.215 199.178 2.49483
69.9813 199.178 1.57548
5.38318 209.944 0.37744
16.1495 209.944 0.855198
26.9159 209.944 1.5437
37.6822 209.944 1.62554
48.4486 209.944 1.88138
59.215 209.944 1.61619
69.9813 209.944 1.21447
