48 166
0 146 72 40
0 130 72 72
0 125 72 82
0 72 72 144
0 0 72 216
5.38318 5.38318 0.112323
16.1495 5.38318 0.302988
26.9159 5.38318 0.690597
37.6822 5.38318 0.89314
48.4486 5.38318 0.821678
59.215 5.38318 0.475083
69.9813 5.38318 0.263317
5.38318 16.1495 0.215361
16.1495 16.1495 0.917216
26.9159 16.1495 1.9072
37.6822 16.1495 2.27442
48.4486 16.1495 2.01339
59.215 16.1495 1.24407
69.9813 16.1495 0.637546
5.38318 26.9159 0.264177
16.1495 26.9159 1.36113
26.9159 26.9159 2.80885
37.6822 26.9159 3.39504
48.4486 26.9159 2.92255
59.215 26.9159 1.69389
69.9813 26.9159 0.798005
5.38318 37.6822 0.612127
16.1495 37.6822 1.92225
26.9159 37.6822 3.43613
37.6822 37.6822 4.00648
48.4486 37.6822 3.36015
59.215 37.6822 1.94964
69.9813 37.6822 0.912926
5.38318 48.4486 0.880889
16.1495 48.4486 2.01157
26.9159 48.4486 3.16322
37.6822 48.4486 3.55015
48.4486 48.4486 3.17581
59.215 48.4486 2.08409
69.9813 48.4486 1.1504
5.38318 59.215 1.00337
16.1495 59.215 1.92811
26.9159 59.215 2.45673
37.6822 59.215 2.63349
48.4486 59.215 2.62122
59.215 59.215 2.07382
69.9813 59.215 1.35606
5.38318 69.9813 0.830994
16.1495 69.9813 1.62019
26.9159 69.9813 1.965
37.6822 69.9813 2.19811
48.4486 69.9813 2.43005
59.215 69.9813 2.14735
69.9813 69.9813 1.46513
5.38318 80.7477 0.123567
16.1495 80.7477 0.578324
26.9159 80.7477 0.835517
37.6822 80.7477 1.06266
48.4486 80.7477 1.21982
59.215 80.7477 1.18393
69.9813 80.7477 0.897442
5.38318 91.514 -0.243771
16.1495 91.514 -0.297724
26.9159 91.514 -0.22133
37.6822 91.514 -0.135166
48.4486 91.514 -0.121465
59.215 91.514 -0.028423
69.9813 91.514 0.11506
5.38318 102.28 -0.306339
16.1495 102.28 -0.450036
26.9159 102.28 -0.399221
37.6822 102.28 -0.348551
48.4486 102.28 -0.3509
59.215 102.28 -0.268959
69.9813 102.28 -0.121968
5.38318 113.047 -0.264681
16.1495 113.047 -0.411583
26.9159 113.047 -0.385466
37.6822 113.047 -0.366954
48.4486 113.047 -0.34601
59.215 113.047 -0.25981
69.9813 113.047 -0.107143
5.38318 123.813 -0.0207242
16.1495 123.813 -0.0757977
26.9159 123.813 -0.0386717
37.6822 123.813 -0.0272659
48.4486 123.813 -0.0177633
59.215 123.813 -0.000202733
69.9813 123.813 0.118689
5.38318 134.579 0.925206
16.1495 134.579 1.15328
26.9159 134.579 1.04323
37.6822 134.579 1.11296
48.4486 134.579 1.15299
59.215 134.579 1.02696
69.9813 134.579 0.678428
5.38318 145.346 2.19932
16.1495 145.346 2.87421
26.9159 145.346 2.69174
37.6822 145.346 2.81816
48.4486 145.346 2.96507
59.215 145.346 2.4918
69.9813 145.346 1.47628
5.38318 156.112 2.86573
16.1495 156.112 3.78657
26.9159 156.112 3.56745
37.6822 156.112 3.70233
48.4486 156.112 3.95706
59.215 156.112 3.35944
69.9813 156.112 1.9467
5.38318 166.879 2.4573
16.1495 166.879 3.46882
26.9159 166.879 3.63798
37.6822 166.879 3.89184
48.4486 166.879 4.15978
59.215 166.879 3.40013
69.9813 166.879 1.97989
5.38318 177.645 0.985328
16.1495 177.645 1.8137
26.9159 177.645 2.4733
37.6822 177.645 2.80718
48.4486 177.645 2.89977
59.215 177.645 2.25564
69.9813 177.645 1.37179
5.38318 188.411 0.301304
16.1495 188.411 0.981472
26.9159 188.411 2.013
37.6822 188.411 2.61247
48.4486 188.411 2.76632
59.215 188.411 2.15253
69.9813 188.411 1.32715
5.38318 199.178 -0.0216118
16.1495 199.178 0.52718
26.9159 199.178 1.69134
37.6822 199.178 2.57238
48.4486 199.178 2.78536
59.215 199.178 2.20912
69.9813 199.178 1.34892
5.38318 209.944 -0.0586576
16.1495 209.944 0.270531
26.9159 209.944 1.20695
37.6822 209.944 1.96081
48.4486 209.944 2.17235
59.215 209.944 1.70803
69.9813 209.944 1.03308
