37 26
0 6 72 40
0 0 72 72
0 0 72 82
0 0 72 144
0 0 72 216
5.38318 5.38318 0.479288
16.1495 5.38318 0.939489
26.9159 5.38318 1.41938
37.6822 5.38318 1.62985
48.4486 5.38318 1.50499
59.215 5.38318 1.04332
69.9813 5.38318 0.585558
5.38318 16.1495 0.801497
16.1495 16.1495 1.83779
26.9159 16.1495 2.92208
37.6822 16.1495 3.46213
48.4486 16.1495 3.21019
59.215 16.1495 2.17253
69.9813 16.1495 1.18432
5.38318 26.9159 1.00752
16.1495 26.9159 2.39742
26.9159 26.9159 4.16699
37.6822 26.9159 4.89316
48.4486 26.9159 4.42733
59.215 26.9159 2.87928
69.9813 26.9159 1.4783
5.38318 37.6822 1.03725
16.1495 37.6822 2.43046
26.9159 37.6822 4.24862
37.6822 37.6822 4.86047
48.4486 37.6822 4.22797
59.215 37.6822 2.69205
69.9813 37.6822 1.35812
5.38318 48.4486 0.953777
16.1495 48.4486 2.08395
26.9159 48.4486 3.38145
37.6822 48.4486 3.52999
48.4486 48.4486 2.92976
59.215 48.4486 1.92591
69.9813 48.4486 1.0156
5.38318 59.215 0.577902
16.1495 59.215 1.19155
26.9159 59.215 1.47261
37.6822 59.215 1.31571
48.4486 59.215 0.989509
59.215 59.215 0.907421
69.9813 59.215 0.734066
5.38318 69.9813 0.135003
16.1495 69.9813 0.42271
26.9159 69.9813 0.407233
37.6822 69.9813 0.2653
48.4486 69.9813 0.194402
59.215 69.9813 0.554764
69.9813 69.9813 0.661502
5.38318 80.7477 -0.249362
16.1495 80.7477 -0.389174
26.9159 80.7477 -0.457679
37.6822 80.7477 -0.499856
48.4486 80.7477 -0.390006
59.215 80.7477 -0.107609
69.9813 80.7477 0.301019
5.38318 91.514 -0.551713
16.1495 91.514 -0.908683
26.9159 91.514 -1.01399
37.6822 91.514 -1.00981
48.4486 91.514 -0.916262
59.215 91.514 -0.610748
69.9813 91.514 -0.2235
5.38318 102.28 -0.589486
16.1495 102.28 -0.953128
26.9159 102.28 -1.04648
37.6822 102.28 -1.04264
48.4486 102.28 -0.985335
59.215 102.28 -0.769239
69.9813 102.28 -0.336161
5.38318 113.047 -0.573205
16.1495 113.047 -0.916908
26.9159 113.047 -0.991628
37.6822 113.047 -0.988396
48.4486 113.047 -0.932519
59.215 113.047 -0.713437
69.9813 113.047 -0.301646
5.38318 123.813 -0.481348
16.1495 123.813 -0.770818
26.9159 123.813 -0.796042
37.6822 123.813 -0.824705
48.4486 123.813 -0.788292
59.215 123.813 -0.567857
69.9813 123.813 -0.218535
5.38318 134.579 -0.144461
16.1495 134.579 -0.242172
26.9159 134.579 -0.248703
37.6822 134.579 -0.354761
48.4486 134.579 -0.38369
59.215 134.579 -0.252152
69.9813 134.579 -0.0215402
5.38318 145.346 0.859595
16.1495 145.346 1.40202
26.9159 145.346 1.42205
37.6822 145.346 0.977706
48.4486 145.346 0.708106
59.215 145.346 0.638435
69.9813 145.346 0.609223
5.38318 156.112 1.91425
16.1495 156.112 3.12127
26.9159 156.112 3.27445
37.6822 156.112 2.79032
48.4486 156.112 2.38865
59.215 156.112 1.95601
69.9813 156.112 1.30444
5.38318 166.879 2.31643
16.1495 166.879 3.87507
26.9159 166.879 4.32354
37.6822 166.879 4.13275
48.4486 166.879 3.66099
59.215 166.879 2.90592
69.9813 166.879 1.74052
5.38318 177.645 1.82947
16.1495 177.645 3.17248
26.9159 177.645 3.95031
37.6822 177.645 4.40854
48.4486 177.645 4.1639
59.215 177.645 3.33175
69.9813 177.645 1.88067
5.38318 188.411 0.849066
16.1495 188.411 1.72836
26.9159 188.411 2.63773
37.6822 188.411 3.43433
48.4486 188.411 3.35665
59.215 188.411 2.718
69.9813 188.411 1.5103
5.38318 199.178 0.219567
16.1495 199.178 0.610165
26.9159 199.178 1.22084
37.6822 199.178 1.75409
48.4486 199.178 1.67955
59.215 199.178 1.49975
69.9813 199.178 0.940177
5.38318 209.944 0.0668772
16.1495 209.944 0.274955
26.9159 209.944 0.600305
37.6822 209.944 0.701016
48.4486 209.944 0.635137
59.215 209.944 0.607208
69.9813 209.944 0.493485
