37 188
0 168 72 40
0 144 72 72
0 134 72 82
0 72 72 144
0 0 72 216
5.38318 5.38318 0.568909
16.1495 5.38318 0.770866
26.9159 5.38318 0.936625
37.6822 5.38318 0.995564
48.4486 5.38318 0.859683
59.215 5.38318 0.772058
69.9813 5.38318 0.461487
5.38318 16.1495 0.799887
16.1495 16.1495 1.30234
26.9159 16.1495 1.65603
37.6822 16.1495 1.8148
48.4486 16.1495 1.69021
59.215 16.1495 1.67087
69.9813 16.1495 1.01495
5.38318 26.9159 0.566105
16.1495 26.9159 0.877618
26.9159 26.9159 1.12924
37.6822 26.9159 1.25663
48.4486 26.9159 1.47997
59.215 26.9159 1.90322
69.9813 26.9159 1.2863
5.38318 37.6822 0.277088
16.1495 37.6822 0.305671
26.9159 37.6822 0.442043
37.6822 37.6822 0.535356
48.4486 37.6822 1.07039
59.215 37.6822 1.77963
69.9813 37.6822 1.38692
5.38318 48.4486 0.202141
16.1495 48.4486 0.127831
26.9159 48.4486 0.206338
37.6822 48.4486 0.245425
48.4486 48.4486 0.959035
59.215 48.4486 1.59161
69.9813 48.4486 1.35573
5.38318 59.215 0.184355
16.1495 59.215 0.177865
26.9159 59.215 0.345683
37.6822 59.215 0.457522
48.4486 59.215 0.778248
59.215 59.215 1.12282
69.9813 59.215 0.956398
5.38318 69.9813 -0.0110113
16.1495 69.9813 -0.0330724
26.9159 69.9813 0.0567334
37.6822 69.9813 0.0661661
48.4486 69.9813 0.169276
59.215 69.9813 0.371693
69.9813 69.9813 0.360138
5.38318 80.7477 -0.168375
16.1495 80.7477 -0.251139
26.9159 80.7477 -0.22195
37.6822 80.7477 -0.229869
48.4486 80.7477 -0.197544
59.215 80.7477 -0.0983818
69.9813 80.7477 0.000672109
5.38318 91.514 -0.271032
16.1495 91.514 -0.414076
26.9159 91.514 -0.429414
37.6822 91.514 -0.441165
48.4486 91.514 -0.423668
59.215 91.514 -0.331449
69.9813 91.514 -0.144798
5.38318 102.28 -0.296774
16.1495 102.28 -0.454495
26.9159 102.28 -0.457932
37.6822 102.28 -0.444644
48.4486 102.28 -0.410863
59.215 102.28 -0.328456
69.9813 102.28 -0.142124
5.38318 113.047 -0.300053
16.1495 113.047 -0.454115
26.9159 113.047 -0.458925
37.6822 113.047 -0.440756
48.4486 113.047 -0.424105
59.215 113.047 -0.335876
69.9813 113.047 -0.150612
5.38318 123.813 -0.294897
16.1495 123.813 -0.447339
26.9159 123.813 -0.457415
37.6822 123.813 -0.443187
48.4486 123.813 -0.426673
59.215 123.813 -0.329715
69.9813 123.813 -0.14353
5.38318 134.579 -0.283292
16.1495 134.579 -0.433798
26.9159 134.579 -0.416409
37.6822 134.579 -0.405404
48.4486 134.579 -0.370978
59.215 134.579 -0.275557
69.9813 134.579 -0.10596
5.38318 145.346 -0.220197
16.1495 145.346 -0.326643
26.9159 145.346 -0.289605
37.6822 145.346 -0.273488
48.4486 145.346 -0.236023
59.215 145.346 -0.164972
69.9813 145.346 -0.0405868
5.38318 156.112 -0.15224
16.1495 156.112 -0.161362
26.9159 156.112 0.0633504
37.6822 156.112 0.232211
48.4486 156.112 0.352711
59.215 156.112 0.232708
69.9813 156.112 0.244495
5.38318 166.879 0.0564966
16.1495 166.879 0.570826
26.9159 166.879 1.39643
37.6822 166.879 1.69164
48.4486 166.879 1.56214
59.215 166.879 0.988346
69.9813 166.879 0.579204
5.38318 177.645 0.347569
16.1495 177.645 1.33566
26.9159 177.645 2.66304
37.6822 177.645 3.10125
48.4486 177.645 2.83962
59.215 177.645 1.76732
69.9813 177.645 0.938975
5.38318 188.411 0.594087
16.1495 188.411 1.86382
26.9159 188.411 3.50055
37.6822 188.411 4.02747
48.4486 188.411 3.59289
59.215 188.411 2.17689
69.9813 188.411 1.08127
5.38318 199.178 0.526009
16.1495 199.178 1.61887
26.9159 199.178 3.03514
37.6822 199.178 3.46324
48.4486 199.178 3.10318
59.215 199.178 1.82322
69.9813 199.178 0.905661
5.38318 209.944 0.337497
16.1495 209.944 0.868702
26.9159 209.944 1.53854
37.6822 209.944 1.59756
48.4486 209.944 1.4009
59.215 209.944 0.823436
69.9813 209.944 0.44915
