37 188
0 168 72 40
0 144 72 72
0 134 72 82
0 72 72 144
0 0 72 216
5.38318 5.38318 0.665947
16.1495 5.38318 1.32484
26.9159 5.38318 1.67246
37.6822 5.38318 1.37513
48.4486 5.38318 0.65291
59.215 5.38318 0.152599
69.9813 5.38318 -0.00594283
5.38318 16.1495 0.962444
16.1495 16.1495 2.11575
26.9159 16.1495 2.74152
37.6822 16.1495 2.30697
48.4486 16.1495 1.20557
59.215 16.1495 0.317785
69.9813 16.1495 0.107103
5.38318 26.9159 0.996047
16.1495 26.9159 2.17147
26.9159 26.9159 2.83175
37.6822 26.9159 2.3057
48.4486 26.9159 0.956864
59.215 26.9159 -0.0406294
69.9813 26.9159 -0.0685773
5.38318 37.6822 0.795663
16.1495 37.6822 1.70233
26.9159 37.6822 2.21496
37.6822 37.6822 1.75071
48.4486 37.6822 0.848571
59.215 37.6822 0.280201
69.9813 37.6822 0.218586
5.38318 48.4486 0.775805
16.1495 48.4486 1.69364
26.9159 48.4486 2.27392
37.6822 48.4486 2.05262
48.4486 48.4486 1.47974
59.215 48.4486 1.08803
69.9813 48.4486 0.719633
5.38318 59.215 0.589119
16.1495 59.215 1.28002
26.9159 59.215 1.76264
37.6822 59.215 1.52402
48.4486 59.215 1.32195
59.215 59.215 1.29011
69.9813 59.215 0.949393
5.38318 69.9813 0.355921
16.1495 69.9813 0.837018
26.9159 69.9813 1.0735
37.6822 69.9813 0.83989
48.4486 69.9813 0.763084
59.215 69.9813 0.963688
69.9813 69.9813 0.82949
5.38318 80.7477 -0.107183
16.1495 80.7477 -0.107978
26.9159 80.7477 -0.188968
37.6822 80.7477 -0.348302
48.4486 80.7477 -0.39304
59.215 80.7477 -0.198066
69.9813 80.7477 0.104162
5.38318 91.514 -0.415988
16.1495 91.514 -0.647092
26.9159 91.514 -0.765168
37.6822 91.514 -0.906423
48.4486 91.514 -0.913647
59.215 91.514 -0.67844
69.9813 91.514 -0.263199
5.38318 102.28 -0.560542
16.1495 102.28 -0.90379
26.9159 102.28 -1.00355
37.6822 102.28 -1.03528
48.4486 102.28 -0.992806
59.215 102.28 -0.788278
69.9813 102.28 -0.341231
5.38318 113.047 -0.579487
16.1495 113.047 -0.926456
26.9159 113.047 -1.00345
37.6822 113.047 -1.0018
48.4486 113.047 -0.954099
59.215 113.047 -0.756018
69.9813 113.047 -0.331454
5.38318 123.813 -0.489576
16.1495 123.813 -0.765233
26.9159 123.813 -0.748782
37.6822 123.813 -0.761791
48.4486 123.813 -0.794801
59.215 123.813 -0.637057
69.9813 123.813 -0.29361
5.38318 134.579 -0.132114
16.1495 134.579 -0.214341
26.9159 134.579 -0.155304
37.6822 134.579 -0.21386
48.4486 134.579 -0.447083
59.215 134.579 -0.434942
69.9813 134.579 -0.229867
5.38318 145.346 0.901602
16.1495 145.346 1.32138
26.9159 145.346 1.53974
37.6822 145.346 1.36467
48.4486 145.346 0.345467
59.215 145.346 -0.064733
69.9813 145.346 -0.103626
5.38318 156.112 1.78979
16.1495 156.112 2.62375
26.9159 156.112 2.85277
37.6822 156.112 2.61477
48.4486 156.112 1.59985
59.215 156.112 0.904078
69.9813 156.112 0.350878
5.38318 166.879 1.9652
16.1495 166.879 2.9867
26.9159 166.879 3.36306
37.6822 166.879 3.20948
48.4486 166.879 2.43617
59.215 166.879 1.73524
69.9813 166.879 0.878361
5.38318 177.645 1.51353
16.1495 177.645 2.72155
26.9159 177.645 3.64671
37.6822 177.645 3.94891
48.4486 177.645 3.47691
59.215 177.645 2.63059
69.9813 177.645 1.53055
5.38318 188.411 1.05264
16.1495 188.411 2.32942
26.9159 188.411 3.72032
37.6822 188.411 4.4199
48.4486 188.411 3.96363
59.215 188.411 2.94458
69.9813 188.411 1.64922
5.38318 199.178 0.885882
16.1495 199.178 2.05388
26.9159 199.178 3.15221
37.6822 199.178 3.57179
48.4486 199.178 3.05963
59.215 199.178 2.29504
69.9813 199.178 1.32056
5.38318 209.944 0.412933
16.1495 209.944 0.954742
26.9159 209.944 1.25902
37.6822 209.944 1.35361
48.4486 209.944 1.13311
59.215 209.944 1.02755
69.9813 209.944 0.684249
