48 26
0 6 72 40
0 0 72 72
0 0 72 82
0 0 72 144
0 0 72 216
5.38318 5.38318 0.156847
16.1495 5.38318 0.456656
26.9159 5.38318 1.17894
37.6822 5.38318 1.60292
48.4486 5.38318 1.72949
59.215 5.38318 1.3921
69.9813 5.38318 0.863086
5.38318 16.1495 0.258617
16.1495 16.1495 1.05206
26.9159 16.1495 2.55121
37.6822 16.1495 3.41156
48.4486 16.1495 3.69832
59.215 16.1495 2.92151
69.9813 16.1495 1.80064
5.38318 26.9159 0.240742
16.1495 26.9159 1.19031
26.9159 26.9159 2.9755
37.6822 26.9159 4.2217
48.4486 26.9159 4.7453
59.215 26.9159 3.92339
69.9813 26.9159 2.47599
5.38318 37.6822 0.540217
16.1495 37.6822 1.55931
26.9159 37.6822 2.96069
37.6822 37.6822 3.94431
48.4486 37.6822 4.34992
59.215 37.6822 3.67105
69.9813 37.6822 2.40433
5.38318 48.4486 0.803094
16.1495 48.4486 1.76186
26.9159 48.4486 2.46486
37.6822 48.4486 2.79313
48.4486 48.4486 2.87717
59.215 48.4486 2.5643
69.9813 48.4486 1.82093
5.38318 59.215 0.923318
16.1495 59.215 1.7851
26.9159 59.215 2.0404
37.6822 59.215 1.75182
48.4486 59.215 1.39334
59.215 59.215 1.38224
69.9813 59.215 1.1944
5.38318 69.9813 0.685543
16.1495 69.9813 1.28875
26.9159 69.9813 1.36162
37.6822 69.9813 0.982615
48.4486 69.9813 0.707803
59.215 69.9813 1.03404
69.9813 69.9813 1.01804
5.38318 80.7477 0.1971
16.1495 80.7477 0.406185
26.9159 80.7477 0.444238
37.6822 80.7477 0.146574
48.4486 80.7477 -0.0522784
59.215 80.7477 0.367016
69.9813 80.7477 0.532795
5.38318 91.514 -0.174407
16.1495 91.514 -0.281835
26.9159 91.514 -0.279231
37.6822 91.514 -0.341489
48.4486 91.514 -0.353377
59.215 91.514 -0.187524
69.9813 91.514 -0.0106439
5.38318 102.28 -0.284198
16.1495 102.28 -0.431157
26.9159 102.28 -0.389908
37.6822 102.28 -0.361795
48.4486 102.28 -0.341004
59.215 102.28 -0.253699
69.9813 102.28 -0.100569
5.38318 113.047 -0.295013
16.1495 113.047 -0.442948
26.9159 113.047 -0.443006
37.6822 113.047 -0.434798
48.4486 113.047 -0.423164
59.215 113.047 -0.330886
69.9813 113.047 -0.147624
5.38318 123.813 -0.206081
16.1495 123.813 -0.271291
26.9159 123.813 -0.21307
37.6822 123.813 -0.229506
48.4486 123.813 -0.265785
59.215 123.813 -0.240135
69.9813 123.813 -0.102021
5.38318 134.579 -0.039679
16.1495 134.579 0.17873
26.9159 134.579 0.510105
37.6822 134.579 0.455573
48.4486 134.579 0.158208
59.215 134.579 -0.0244008
69.9813 134.579 0.0123512
5.38318 145.346 0.417115
16.1495 145.346 1.26591
26.9159 145.346 1.9048
37.6822 145.346 1.80932
48.4486 145.346 1.27793
59.215 145.346 0.685119
69.9813 145.346 0.394389
5.38318 156.112 0.772339
16.1495 156.112 1.99628
26.9159 156.112 2.89037
37.6822 156.112 2.86581
48.4486 156.112 2.17511
59.215 156.112 1.41738
69.9813 156.112 0.806384
5.38318 166.879 1.02157
16.1495 166.879 2.24607
26.9159 166.879 3.21563
37.6822 166.879 3.30974
48.4486 166.879 2.73948
59.215 166.879 1.91086
69.9813 166.879 1.1303
5.38318 177.645 1.14682
16.1495 177.645 2.0652
26.9159 177.645 2.75452
37.6822 177.645 2.87264
48.4486 177.645 2.56913
59.215 177.645 1.95563
69.9813 177.645 1.193
5.38318 188.411 1.18662
16.1495 188.411 1.98954
26.9159 188.411 2.46572
37.6822 188.411 2.51269
48.4486 188.411 2.27886
59.215 188.411 1.87536
69.9813 188.411 1.19836
5.38318 199.178 1.05157
16.1495 199.178 1.70837
26.9159 199.178 1.93803
37.6822 199.178 1.70203
48.4486 199.178 1.3029
59.215 199.178 1.11668
69.9813 199.178 0.840539
5.38318 209.944 0.642205
16.1495 209.944 1.04376
26.9159 209.944 1.06941
37.6822 209.944 0.793079
48.4486 209.944 0.498116
59.215 209.944 0.532512
69.9813 209.944 0.53346
