48 59
0 39 72 40
0 23 72 72
0 18 72 82
0 0 72 144
0 0 72 216
5.38318 5.38318 0.175956
16.1495 5.38318 0.4275
26.9159 5.38318 1.09541
37.6822 5.38318 1.51414
48.4486 5.38318 1.50694
59.215 5.38318 1.30813
69.9813 5.38318 0.738023
5.38318 16.1495 0.155598
16.1495 16.1495 0.71021
26.9159 16.1495 1.83041
37.6822 16.1495 2.35347
48.4486 16.1495 2.31523
59.215 16.1495 1.97096
69.9813 16.1495 1.15656
5.38318 26.9159 -0.0824253
16.1495 26.9159 0.296872
26.9159 26.9159 1.64086
37.6822 26.9159 2.16699
48.4486 26.9159 1.99451
59.215 26.9159 1.62931
69.9813 26.9159 0.971737
5.38318 37.6822 -0.0790851
16.1495 37.6822 0.323932
26.9159 37.6822 1.55665
37.6822 37.6822 1.84619
48.4486 37.6822 1.45181
59.215 37.6822 0.983993
69.9813 37.6822 0.620744
5.38318 48.4486 -0.114849
16.1495 48.4486 0.419478
26.9159 48.4486 1.89467
37.6822 48.4486 2.32254
48.4486 48.4486 2.11961
59.215 48.4486 1.47971
69.9813 48.4486 0.906143
5.38318 59.215 -0.28359
16.1495 59.215 -0.0155168
26.9159 59.215 1.50611
37.6822 59.215 2.49101
48.4486 59.215 2.51606
59.215 59.215 2.16258
69.9813 59.215 1.34518
5.38318 69.9813 -0.461553
16.1495 69.9813 -0.39324
26.9159 69.9813 0.436342
37.6822 69.9813 1.73084
48.4486 69.9813 1.97688
59.215 69.9813 2.00636
69.9813 69.9813 1.30049
5.38318 80.7477 -0.54954
16.1495 80.7477 -0.759232
26.9159 80.7477 -0.527651
37.6822 80.7477 -0.0223288
48.4486 80.7477 0.307636
59.215 80.7477 0.853821
69.9813 80.7477 0.611499
5.38318 91.514 -0.581546
16.1495 91.514 -0.895837
26.9159 91.514 -0.943906
37.6822 91.514 -0.798932
48.4486 91.514 -0.779105
59.215 91.514 -0.457346
69.9813 91.514 -0.207081
5.38318 102.28 -0.586541
16.1495 102.28 -0.94318
26.9159 102.28 -1.03633
37.6822 102.28 -1.03664
48.4486 102.28 -1.00033
59.215 102.28 -0.787988
69.9813 102.28 -0.363973
5.38318 113.047 -0.583873
16.1495 113.047 -0.933875
26.9159 113.047 -1.01318
37.6822 113.047 -1.01222
48.4486 113.047 -0.960713
59.215 113.047 -0.754532
69.9813 113.047 -0.326845
5.38318 123.813 -0.569077
16.1495 123.813 -0.884449
26.9159 123.813 -0.896059
37.6822 123.813 -0.818786
48.4486 123.813 -0.735072
59.215 123.813 -0.53402
69.9813 123.813 -0.212091
5.38318 134.579 -0.531398
16.1495 134.579 -0.792533
26.9159 134.579 -0.602217
37.6822 134.579 -0.411788
48.4486 134.579 -0.312108
59.215 134.579 -0.180757
69.9813 134.579 -0.0182494
5.38318 145.346 -0.436623
16.1495 145.346 -0.512847
26.9159 145.346 -0.0466749
37.6822 145.346 0.700646
48.4486 145.346 0.916217
59.215 145.346 0.815787
69.9813 145.346 0.54875
5.38318 156.112 -0.193083
16.1495 156.112 -0.096602
26.9159 156.112 0.972012
37.6822 156.112 1.6606
48.4486 156.112 1.7712
59.215 156.112 1.4712
69.9813 156.112 0.860601
5.38318 166.879 0.178651
16.1495 166.879 0.609058
26.9159 166.879 1.36258
37.6822 166.879 1.59435
48.4486 166.879 1.50322
59.215 166.879 1.15436
69.9813 166.879 0.717394
5.38318 177.645 0.866506
16.1495 177.645 1.45011
26.9159 177.645 1.42224
37.6822 177.645 0.842482
48.4486 177.645 0.247054
59.215 177.645 0.0973097
69.9813 177.645 0.212758
5.38318 188.411 1.0297
16.1495 188.411 1.58955
26.9159 188.411 1.29216
37.6822 188.411 0.342563
48.4486 188.411 -0.261026
59.215 188.411 -0.276788
69.9813 188.411 -0.0734112
5.38318 199.178 0.670381
16.1495 199.178 1.11927
26.9159 199.178 0.885302
37.6822 199.178 0.185798
48.4486 199.178 -0.211208
59.215 199.178 -0.20217
69.9813 199.178 -0.00851732
5.38318 209.944 0.0219783
16.1495 209.944 0.174029
26.9159 209.944 0.183088
37.6822 209.944 -0.0172785
48.4486 209.944 -0.0632037
59.215 209.944 -0.0191204
69.9813 209.944 0.225627
