48 37
0 17 72 40
0 1 72 72
0 0 72 82
0 0 72 144
0 0 72 216
5.38318 5.38318 0.209174
16.1495 5.38318 0.474557
26.9159 5.38318 1.21711
37.6822 5.38318 1.56007
48.4486 5.38318 1.68454
59.215 5.38318 1.30601
69.9813 5.38318 0.775737
5.38318 16.1495 0.256268
16.1495 16.1495 0.964647
26.9159 16.1495 2.46623
37.6822 16.1495 3.37425
48.4486 16.1495 3.70085
59.215 16.1495 2.81201
69.9813 16.1495 1.61073
5.38318 26.9159 -0.00611076
16.1495 26.9159 0.943695
26.9159 26.9159 3.10706
37.6822 26.9159 4.72964
48.4486 26.9159 5.25466
59.215 26.9159 4.01236
69.9813 26.9159 2.19487
5.38318 37.6822 0.0967358
16.1495 37.6822 1.04157
26.9159 37.6822 3.14748
37.6822 37.6822 4.83974
48.4486 37.6822 5.27786
59.215 37.6822 3.98201
69.9813 37.6822 2.11674
5.38318 48.4486 0.184245
16.1495 48.4486 0.819536
26.9159 48.4486 2.33324
37.6822 48.4486 3.34194
48.4486 48.4486 3.65306
59.215 48.4486 2.98773
69.9813 48.4486 1.75015
5.38318 59.215 0.361207
16.1495 59.215 0.632789
26.9159 59.215 1.27276
37.6822 59.215 1.36887
48.4486 59.215 1.78463
59.215 59.215 1.81902
69.9813 59.215 1.39602
5.38318 69.9813 0.0271567
16.1495 69.9813 -0.0592124
26.9159 69.9813 0.298202
37.6822 69.9813 0.224864
48.4486 69.9813 0.945225
59.215 69.9813 1.32101
69.9813 69.9813 1.22136
5.38318 80.7477 -0.282857
16.1495 80.7477 -0.490988
26.9159 80.7477 -0.403587
37.6822 80.7477 -0.430293
48.4486 80.7477 -0.177993
59.215 80.7477 0.269891
69.9813 80.7477 0.6147
5.38318 91.514 -0.541689
16.1495 91.514 -0.896964
26.9159 91.514 -0.964891
37.6822 91.514 -0.950591
48.4486 91.514 -0.764348
59.215 91.514 -0.465783
69.9813 91.514 -0.106814
5.38318 102.28 -0.581653
16.1495 102.28 -0.931181
26.9159 102.28 -1.00288
37.6822 102.28 -0.988778
48.4486 102.28 -0.920892
59.215 102.28 -0.685904
69.9813 102.28 -0.282069
5.38318 113.047 -0.580799
16.1495 113.047 -0.925467
26.9159 113.047 -1.00173
37.6822 113.047 -0.997897
48.4486 113.047 -0.945536
59.215 113.047 -0.738873
69.9813 113.047 -0.317912
5.38318 123.813 -0.546087
16.1495 123.813 -0.850963
26.9159 123.813 -0.861549
37.6822 123.813 -0.840033
48.4486 123.813 -0.778949
59.215 123.813 -0.599277
69.9813 123.813 -0.244936
5.38318 134.579 -0.427992
16.1495 134.579 -0.626567
26.9159 134.579 -0.497281
37.6822 134.579 -0.459051
48.4486 134.579 -0.375186
59.215 134.579 -0.311308
69.9813 134.579 -0.085695
5.38318 145.346 -0.108679
16.1495 145.346 -0.0584694
26.9159 145.346 0.482445
37.6822 145.346 0.583997
48.4486 145.346 0.71958
59.215 145.346 0.418121
69.9813 145.346 0.432714
5.38318 156.112 0.527056
16.1495 156.112 1.14387
26.9159 156.112 1.84023
37.6822 156.112 1.91473
48.4486 156.112 1.99192
59.215 156.112 1.47452
69.9813 156.112 1.01914
5.38318 166.879 1.16797
16.1495 166.879 2.09114
26.9159 166.879 2.50992
37.6822 166.879 2.41844
48.4486 166.879 2.30429
59.215 166.879 1.93282
69.9813 166.879 1.2988
5.38318 177.645 1.27676
16.1495 177.645 2.22244
26.9159 177.645 2.47089
37.6822 177.645 2.32535
48.4486 177.645 2.13808
59.215 177.645 2.00428
69.9813 177.645 1.36088
5.38318 188.411 1.03073
16.1495 188.411 1.92584
26.9159 188.411 2.0338
37.6822 188.411 1.97809
48.4486 188.411 1.50803
59.215 188.411 1.66253
69.9813 188.411 1.07505
5.38318 199.178 0.429794
16.1495 199.178 1.1279
26.9159 199.178 1.21745
37.6822 199.178 1.3638
48.4486 199.178 0.904669
59.215 199.178 1.12817
69.9813 199.178 0.729785
5.38318 209.944 0.160772
16.1495 209.944 0.561529
26.9159 209.944 0.558176
37.6822 209.944 0.645116
48.4486 209.944 0.266893
59.215 209.944 0.524346
69.9813 209.944 0.364664
