37 48
0 28 72 40
0 12 72 72
0 7 72 82
0 0 72 144
0 0 72 216
5.38318 5.38318 0.362646
16.1495 5.38318 0.500349
26.9159 5.38318 0.658798
37.6822 5.38318 0.591838
48.4486 5.38318 0.687564
59.215 5.38318 0.595369
69.9813 5.38318 0.439801
5.38318 16.1495 0.67473
16.1495 16.1495 1.34669
26.9159 16.1495 2.0086
37.6822 16.1495 2.04714
48.4486 16.1495 2.14647
59.215 16.1495 1.66698
69.9813 16.1495 1.1135
5.38318 26.9159 0.523495
16.1495 26.9159 1.49091
26.9159 26.9159 2.76651
37.6822 26.9159 2.95149
48.4486 26.9159 2.9472
59.215 26.9159 2.15646
69.9813 26.9159 1.43807
5.38318 37.6822 0.857534
16.1495 37.6822 2.55382
26.9159 37.6822 4.49504
37.6822 37.6822 4.99776
48.4486 37.6822 4.68669
59.215 37.6822 3.11027
69.9813 37.6822 1.8239
5.38318 48.4486 0.747916
16.1495 48.4486 2.6545
26.9159 48.4486 5.0069
37.6822 48.4486 5.76527
48.4486 48.4486 5.21523
59.215 48.4486 3.2857
69.9813 48.4486 1.79791
5.38318 59.215 0.680285
16.1495 59.215 2.21042
26.9159 59.215 4.09433
37.6822 59.215 4.5771
48.4486 59.215 4.11451
59.215 59.215 2.62292
69.9813 59.215 1.4919
5.38318 69.9813 -0.0316402
16.1495 69.9813 0.344725
26.9159 69.9813 1.45516
37.6822 69.9813 1.55918
48.4486 69.9813 1.38778
59.215 69.9813 0.74278
69.9813 69.9813 0.590197
5.38318 80.7477 -0.173297
16.1495 80.7477 -0.172256
26.9159 80.7477 0.397611
37.6822 80.7477 0.432981
48.4486 80.7477 0.436932
59.215 80.7477 0.160552
69.9813 80.7477 0.334867
5.38318 91.514 -0.302273
16.1495 91.514 -0.402796
26.9159 91.514 -0.193244
37.6822 91.514 -0.161913
48.4486 91.514 -0.123537
59.215 91.514 -0.195432
69.9813 91.514 -0.0425676
5.38318 102.28 -0.281636
16.1495 102.28 -0.38349
26.9159 102.28 -0.280737
37.6822 102.28 -0.275798
48.4486 102.28 -0.285606
59.215 102.28 -0.259202
69.9813 102.28 -0.0982647
5.38318 113.047 -0.288629
16.1495 113.047 -0.43075
26.9159 113.047 -0.412469
37.6822 113.047 -0.407852
48.4486 113.047 -0.402238
59.215 113.047 -0.32264
69.9813 113.047 -0.140964
5.38318 123.813 -0.246801
16.1495 123.813 -0.379256
26.9159 123.813 -0.347028
37.6822 123.813 -0.348425
48.4486 123.813 -0.34482
59.215 123.813 -0.272412
69.9813 123.813 -0.116035
5.38318 134.579 -0.107486
16.1495 134.579 -0.16543
26.9159 134.579 -0.116012
37.6822 134.579 -0.151036
48.4486 134.579 -0.195669
59.215 134.579 -0.15904
69.9813 134.579 -0.0593437
5.38318 145.346 0.156851
16.1495 145.346 0.275839
26.9159 145.346 0.440137
37.6822 145.346 0.414735
48.4486 145.346 0.216438
59.215 145.346 0.232393
69.9813 145.346 0.189523
5.38318 156.112 0.943637
16.1495 156.112 1.61744
26.9159 156.112 1.79395
37.6822 156.112 1.54909
48.4486 156.112 1.01743
59.215 156.112 0.767903
69.9813 156.112 0.448828
5.38318 166.879 1.5586
16.1495 166.879 2.66469
26.9159 166.879 2.84628
37.6822 166.879 2.43622
48.4486 166.879 1.76018
59.215 166.879 1.2727
69.9813 166.879 0.749841
5.38318 177.645 2.22879
16.1495 177.645 3.82316
26.9159 177.645 4.00961
37.6822 177.645 3.13253
48.4486 177.645 2.07513
59.215 177.645 1.40191
69.9813 177.645 0.841775
5.38318 188.411 2.0653
16.1495 188.411 3.60505
26.9159 188.411 3.84084
37.6822 188.411 2.82296
48.4486 188.411 1.70084
59.215 188.411 1.01406
69.9813 188.411 0.683742
5.38318 199.178 1.12282
16.1495 199.178 1.95323
26.9159 199.178 2.13244
37.6822 199.178 1.49789
48.4486 199.178 0.6958
59.215 199.178 0.469947
69.9813 199.178 0.40779
5.38318 209.944 0.0620012
16.1495 209.944 0.157231
26.9159 209.944 0.303467
37.6822 209.944 0.0498713
48.4486 209.944 -0.0927208
59.215 209.944 -0.0158826
69.9813 209.944 0.133329
