16 177
0 157 72 40
0 141 72 72
0 134 72 82
0 72 72 144
0 0 72 216
5.38318 5.38318 0.970011
16.1495 5.38318 1.31999
26.9159 5.38318 1.18637
37.6822 5.38318 0.985541
48.4486 5.38318 0.668611
59.215 5.38318 0.582359
69.9813 5.38318 0.351984
5.38318 16.1495 2.298
16.1495 16.1495 3.16932
26.9159 16.1495 2.80914
37.6822 16.1495 2.38066
48.4486 16.1495 1.86275
59.215 16.1495 1.54725
69.9813 16.1495 0.885597
5.38318 26.9159 3.49635
16.1495 26.9159 4.86921
26.9159 26.9159 4.1188
37.6822 26.9159 3.30095
48.4486 26.9159 2.41497
59.215 26.9159 2.08297
69.9813 26.9159 1.17034
5.38318 37.6822 3.70924
16.1495 37.6822 5.3026
26.9159 37.6822 4.71145
37.6822 37.6822 3.8599
48.4486 37.6822 2.98998
59.215 37.6822 2.51586
69.9813 37.6822 1.39151
5.38318 48.4486 2.36022
16.1495 48.4486 3.60031
26.9159 48.4486 3.49592
37.6822 48.4486 3.15674
48.4486 48.4486 2.6703
59.215 48.4486 2.36646
69.9813 48.4486 1.42761
5.38318 59.215 1.24102
16.1495 59.215 2.08009
26.9159 59.215 2.35795
37.6822 59.215 2.17072
48.4486 59.215 2.00869
59.215 59.215 1.94091
69.9813 59.215 1.33018
5.38318 69.9813 0.518461
16.1495 69.9813 0.867983
26.9159 69.9813 1.23151
37.6822 69.9813 0.903532
48.4486 69.9813 0.955337
59.215 69.9813 1.11494
69.9813 69.9813 1.01218
5.38318 80.7477 0.0253323
16.1495 80.7477 0.135222
26.9159 80.7477 0.492182
37.6822 80.7477 0.142914
48.4486 80.7477 0.0030761
59.215 80.7477 0.189424
69.9813 80.7477 0.431714
5.38318 91.514 -0.194944
16.1495 91.514 -0.272927
26.9159 91.514 -0.189517
37.6822 91.514 -0.263124
48.4486 91.514 -0.294557
59.215 91.514 -0.228365
69.9813 91.514 -0.0423921
5.38318 102.28 -0.243713
16.1495 102.28 -0.344177
26.9159 102.28 -0.258671
37.6822 102.28 -0.255376
48.4486 102.28 -0.262777
59.215 102.28 -0.213132
69.9813 102.28 -0.0739484
5.38318 113.047 -0.293838
16.1495 113.047 -0.442382
26.9159 113.047 -0.435504
37.6822 113.047 -0.427245
48.4486 113.047 -0.415056
59.215 113.047 -0.326755
69.9813 113.047 -0.143273
5.38318 123.813 -0.292769
16.1495 123.813 -0.444181
26.9159 123.813 -0.433176
37.6822 123.813 -0.422553
48.4486 123.813 -0.399366
59.215 123.813 -0.296655
69.9813 123.813 -0.122516
5.38318 134.579 -0.174169
16.1495 134.579 -0.269416
26.9159 134.579 -0.265522
37.6822 134.579 -0.276142
48.4486 134.579 -0.276537
59.215 134.579 -0.17146
69.9813 134.579 -0.0565384
5.38318 145.346 0.320207
16.1495 145.346 0.473889
26.9159 145.346 0.421669
37.6822 145.346 0.390246
48.4486 145.346 0.226217
59.215 145.346 0.367499
69.9813 145.346 0.290893
5.38318 156.112 1.63248
16.1495 156.112 2.27621
26.9159 156.112 2.08423
37.6822 156.112 1.88494
48.4486 156.112 1.51697
59.215 156.112 1.36251
69.9813 156.112 0.799207
5.38318 166.879 3.1069
16.1495 166.879 4.36159
26.9159 166.879 3.94902
37.6822 166.879 3.49431
48.4486 166.879 2.88292
59.215 166.879 2.35736
69.9813 166.879 1.29188
5.38318 177.645 3.75875
16.1495 177.645 5.32055
26.9159 177.645 5.00605
37.6822 177.645 4.54314
48.4486 177.645 3.93946
59.215 177.645 3.12578
69.9813 177.645 1.63207
5.38318 188.411 2.97167
16.1495 188.411 4.43421
26.9159 188.411 4.546
37.6822 188.411 4.35982
48.4486 188.411 3.76836
59.215 188.411 2.9028
69.9813 188.411 1.53268
5.38318 199.178 1.25341
16.1495 199.178 2.1108
26.9159 199.178 2.49215
37.6822 199.178 2.49764
48.4486 199.178 2.24369
59.215 199.178 1.84429
69.9813 199.178 1.11679
5.38318 209.944 0.548699
16.1495 209.944 1.03676
26.9159 209.944 1.28285
37.6822 209.944 0.966561
48.4486 209.944 0.767955
59.215 209.944 0.671057
69.9813 209.944 0.6019
