37 188
0 168 72 40
0 144 72 72
0 134 72 82
0 72 72 144
0 0 72 216
5.38318 5.38318 0.00974634
16.1495 5.38318 -0.0271602
26.9159 5.38318 0.24928
37.6822 5.38318 0.398326
48.4486 5.38318 0.640968
59.215 5.38318 0.57579
69.9813 5.38318 0.392028
5.38318 16.1495 0.239113
16.1495 16.1495 0.589875
26.9159 16.1495 1.18231
37.6822 16.1495 1.41227
48.4486 16.1495 1.54289
59.215 16.1495 1.27296
69.9813 16.1495 0.799064
5.38318 26.9159 0.395565
16.1495 26.9159 0.821458
26.9159 26.9159 1.50163
37.6822 26.9159 1.74452
48.4486 26.9159 1.79342
59.215 26.9159 1.56387
69.9813 26.9159 1.05201
5.38318 37.6822 1.21604
16.1495 37.6822 2.08236
26.9159 37.6822 2.72957
37.6822 37.6822 2.8914
48.4486 37.6822 2.66494
59.215 37.6822 2.19417
69.9813 37.6822 1.36075
5.38318 48.4486 1.38703
16.1495 48.4486 2.23477
26.9159 48.4486 2.78235
37.6822 48.4486 3.0643
48.4486 48.4486 3.1643
59.215 48.4486 2.89377
69.9813 48.4486 1.88574
5.38318 59.215 0.923681
16.1495 59.215 1.36899
26.9159 59.215 1.74244
37.6822 59.215 2.14019
48.4486 59.215 2.68745
59.215 59.215 2.90188
69.9813 59.215 2.05918
5.38318 69.9813 -0.204335
16.1495 69.9813 -0.368401
26.9159 69.9813 -0.307233
37.6822 69.9813 -0.0516096
48.4486 69.9813 0.870063
59.215 69.9813 1.67428
69.9813 69.9813 1.38305
5.38318 80.7477 -0.436047
16.1495 80.7477 -0.746454
26.9159 80.7477 -0.757361
37.6822 80.7477 -0.719011
48.4486 80.7477 -0.570578
59.215 80.7477 -0.255799
69.9813 80.7477 0.0656123
5.38318 91.514 -0.528294
16.1495 91.514 -0.862744
26.9159 91.514 -0.94286
37.6822 91.514 -0.969707
48.4486 91.514 -0.932642
59.215 91.514 -0.700214
69.9813 91.514 -0.288678
5.38318 102.28 -0.541728
16.1495 102.28 -0.867186
26.9159 102.28 -0.943477
37.6822 102.28 -0.964394
48.4486 102.28 -0.933654
59.215 102.28 -0.72382
69.9813 102.28 -0.308922
5.38318 113.047 -0.567292
16.1495 113.047 -0.904803
26.9159 113.047 -0.974193
37.6822 113.047 -0.973632
48.4486 113.047 -0.922199
59.215 113.047 -0.707396
69.9813 113.047 -0.29818
5.38318 123.813 -0.535719
16.1495 123.813 -0.844149
26.9159 123.813 -0.858656
37.6822 123.813 -0.836113
48.4486 123.813 -0.768044
59.215 123.813 -0.557878
69.9813 123.813 -0.216196
5.38318 134.579 -0.395878
16.1495 134.579 -0.578053
26.9159 134.579 -0.522148
37.6822 134.579 -0.469391
48.4486 134.579 -0.416162
59.215 134.579 -0.24293
69.9813 134.579 -0.0319825
5.38318 145.346 -0.204873
16.1495 145.346 -0.185443
26.9159 145.346 0.0184419
37.6822 145.346 0.475832
48.4486 145.346 0.636399
59.215 145.346 0.695993
69.9813 145.346 0.546959
5.38318 156.112 0.267148
16.1495 156.112 0.863885
26.9159 156.112 1.59447
37.6822 156.112 2.16482
48.4486 156.112 2.23131
59.215 156.112 1.83129
69.9813 156.112 1.13933
5.38318 166.879 0.694368
16.1495 166.879 1.73748
26.9159 166.879 2.99266
37.6822 166.879 3.57706
48.4486 166.879 3.66619
59.215 166.879 2.59166
69.9813 166.879 1.52352
5.38318 177.645 1.12129
16.1495 177.645 2.40807
26.9159 177.645 4.15229
37.6822 177.645 4.619
48.4486 177.645 4.55256
59.215 177.645 2.96863
69.9813 177.645 1.69643
5.38318 188.411 0.991824
16.1495 188.411 2.32213
26.9159 188.411 4.18347
37.6822 188.411 4.63554
48.4486 188.411 4.42841
59.215 188.411 2.76355
69.9813 188.411 1.55091
5.38318 199.178 0.656479
16.1495 199.178 1.70831
26.9159 199.178 3.00743
37.6822 199.178 3.2397
48.4486 199.178 2.87943
59.215 199.178 1.85418
69.9813 199.178 1.01382
5.38318 209.944 0.193942
16.1495 209.944 0.607861
26.9159 209.944 1.13178
37.6822 209.944 1.18723
48.4486 209.944 0.879794
59.215 209.944 0.624717
69.9813 209.944 0.38255
