48 166
0 146 72 40
0 130 72 72
0 125 72 82
0 72 72 144
0 0 72 216
5.38318 5.38318 0.334762
16.1495 5.38318 1.07672
26.9159 5.38318 2.27458
37.6822 5.38318 2.55223
48.4486 5.38318 1.92513
59.215 5.38318 0.937236
69.9813 5.38318 0.309961
5.38318 16.1495 0.372009
16.1495 16.1495 1.62708
26.9159 16.1495 3.7228
37.6822 16.1495 4.2641
48.4486 16.1495 3.33165
59.215 16.1495 1.6899
69.9813 16.1495 0.630626
5.38318 26.9159 0.0544181
16.1495 26.9159 1.28143
26.9159 26.9159 3.66418
37.6822 26.9159 4.19833
48.4486 26.9159 3.2693
59.215 26.9159 1.39398
69.9813 26.9159 0.47743
5.38318 37.6822 -0.112067
16.1495 37.6822 0.453811
26.9159 37.6822 2.26589
37.6822 37.6822 2.51027
48.4486 37.6822 1.83876
59.215 37.6822 0.469636
69.9813 37.6822 0.100135
5.38318 48.4486 -0.146486
16.1495 48.4486 0.170727
26.9159 48.4486 1.64847
37.6822 48.4486 1.68802
48.4486 48.4486 1.00819
59.215 48.4486 -0.0614793
69.9813 48.4486 -0.0677992
5.38318 59.215 -0.223135
16.1495 59.215 -0.00540158
26.9159 59.215 1.30519
37.6822 59.215 1.43118
48.4486 59.215 0.593333
59.215 59.215 -0.177901
69.9813 59.215 -0.147291
5.38318 69.9813 -0.285236
16.1495 69.9813 -0.133844
26.9159 69.9813 1.09019
37.6822 69.9813 1.21375
48.4486 69.9813 0.419837
59.215 69.9813 -0.259898
69.9813 69.9813 -0.191782
5.38318 80.7477 -0.440302
16.1495 80.7477 -0.47043
26.9159 80.7477 -0.029615
37.6822 80.7477 0.133923
48.4486 80.7477 -0.217621
59.215 80.7477 -0.425934
69.9813 80.7477 -0.256366
5.38318 91.514 -0.527365
16.1495 91.514 -0.784904
26.9159 91.514 -0.667686
37.6822 91.514 -0.683206
48.4486 91.514 -0.765494
59.215 91.514 -0.706474
69.9813 91.514 -0.348371
5.38318 102.28 -0.575969
16.1495 102.28 -0.916057
26.9159 102.28 -0.994731
37.6822 102.28 -1.00625
48.4486 102.28 -0.970312
59.215 102.28 -0.788001
69.9813 102.28 -0.352354
5.38318 113.047 -0.583311
16.1495 113.047 -0.92315
26.9159 113.047 -0.992301
37.6822 113.047 -0.976311
48.4486 113.047 -0.928051
59.215 113.047 -0.719179
69.9813 113.047 -0.313032
5.38318 123.813 -0.568159
16.1495 123.813 -0.832518
26.9159 123.813 -0.727334
37.6822 123.813 -0.547102
48.4486 123.813 -0.551186
59.215 123.813 -0.446134
69.9813 123.813 -0.202321
5.38318 134.579 -0.544141
16.1495 134.579 -0.630492
26.9159 134.579 -0.180322
37.6822 134.579 0.802784
48.4486 134.579 0.797258
59.215 134.579 0.536868
69.9813 134.579 0.33085
5.38318 145.346 -0.492673
16.1495 145.346 -0.250581
26.9159 145.346 1.50768
37.6822 145.346 3.23001
48.4486 145.346 3.34177
59.215 145.346 2.44475
69.9813 145.346 1.30457
5.38318 156.112 -0.344741
16.1495 156.112 0.0892984
26.9159 156.112 2.46754
37.6822 156.112 4.54724
48.4486 156.112 5.13025
59.215 156.112 4.01884
69.9813 156.112 2.23389
5.38318 166.879 -0.0852339
16.1495 166.879 0.776904
26.9159 166.879 2.7179
37.6822 166.879 4.46084
48.4486 166.879 5.28422
59.215 166.879 4.43034
69.9813 166.879 2.67266
5.38318 177.645 0.630981
16.1495 177.645 1.62486
26.9159 177.645 2.76734
37.6822 177.645 3.5904
48.4486 177.645 4.22164
59.215 177.645 3.78258
69.9813 177.645 2.4865
5.38318 188.411 1.25096
16.1495 188.411 2.55777
26.9159 188.411 3.71797
37.6822 188.411 3.95878
48.4486 188.411 3.92841
59.215 188.411 3.23858
69.9813 188.411 2.02188
5.38318 199.178 1.49236
16.1495 199.178 2.87241
26.9159 199.178 3.87238
37.6822 199.178 3.95077
48.4486 199.178 3.61387
59.215 199.178 2.90772
69.9813 199.178 1.75197
5.38318 209.944 1.00816
16.1495 209.944 1.90483
26.9159 209.944 2.69481
37.6822 209.944 2.88165
48.4486 209.944 2.74082
59.215 209.944 2.20059
69.9813 209.944 1.29832
