16 48
0 28 72 40
0 12 72 72
0 7 72 82
0 0 72 144
0 0 72 216
5.38318 5.38318 0.463348
16.1495 5.38318 0.9643
26.9159 5.38318 1.33878
37.6822 5.38318 1.27427
48.4486 5.38318 0.841527
59.215 5.38318 0.421173
69.9813 5.38318 0.179999
5.38318 16.1495 0.897944
16.1495 16.1495 1.864
26.9159 16.1495 2.51507
37.6822 16.1495 2.37144
48.4486 16.1495 1.68379
59.215 16.1495 0.952289
69.9813 16.1495 0.470023
5.38318 26.9159 1.4103
16.1495 26.9159 2.55312
26.9159 26.9159 3.06755
37.6822 26.9159 2.75458
48.4486 26.9159 1.95034
59.215 26.9159 1.16914
69.9813 26.9159 0.600286
5.38318 37.6822 2.09134
16.1495 37.6822 3.36373
26.9159 37.6822 3.49716
37.6822 37.6822 2.90081
48.4486 37.6822 2.20014
59.215 37.6822 1.60428
69.9813 37.6822 0.952875
5.38318 48.4486 2.36487
16.1495 48.4486 3.66722
26.9159 48.4486 3.65625
37.6822 48.4486 2.97425
48.4486 48.4486 2.5706
59.215 48.4486 2.20512
69.9813 48.4486 1.46403
5.38318 59.215 1.77288
16.1495 59.215 2.92327
26.9159 59.215 3.18431
37.6822 59.215 2.85943
48.4486 59.215 2.75954
59.215 59.215 2.68225
69.9813 59.215 1.85292
5.38318 69.9813 0.633911
16.1495 69.9813 1.47327
26.9159 69.9813 1.99202
37.6822 69.9813 2.10847
48.4486 69.9813 2.29019
59.215 69.9813 2.46175
69.9813 69.9813 1.80983
5.38318 80.7477 0.0137399
16.1495 80.7477 0.481699
26.9159 80.7477 0.913308
37.6822 80.7477 1.0098
48.4486 80.7477 1.1163
59.215 80.7477 1.3564
69.9813 80.7477 1.06098
5.38318 91.514 -0.207286
16.1495 91.514 -0.240022
26.9159 91.514 -0.162759
37.6822 91.514 -0.156283
48.4486 91.514 -0.230958
59.215 91.514 -0.172012
69.9813 91.514 -0.0613693
5.38318 102.28 -0.283747
16.1495 102.28 -0.430711
26.9159 102.28 -0.419979
37.6822 102.28 -0.420337
48.4486 102.28 -0.454796
59.215 102.28 -0.35369
69.9813 102.28 -0.169394
5.38318 113.047 -0.298748
16.1495 113.047 -0.449112
26.9159 113.047 -0.435829
37.6822 113.047 -0.406065
48.4486 113.047 -0.378692
59.215 113.047 -0.280803
69.9813 113.047 -0.118988
5.38318 123.813 -0.274404
16.1495 123.813 -0.37021
26.9159 123.813 -0.249751
37.6822 123.813 -0.137338
48.4486 123.813 -0.0823569
59.215 123.813 -0.013049
69.9813 123.813 0.126682
5.38318 134.579 -0.17189
16.1495 134.579 -0.144952
26.9159 134.579 0.274538
37.6822 134.579 0.687027
48.4486 134.579 0.858333
59.215 134.579 0.849136
69.9813 134.579 0.641269
5.38318 145.346 0.00140688
16.1495 145.346 0.488519
26.9159 145.346 1.42329
37.6822 145.346 2.10124
48.4486 145.346 2.32409
59.215 145.346 2.13651
69.9813 145.346 1.41679
5.38318 156.112 0.480029
16.1495 156.112 1.3458
26.9159 156.112 2.4127
37.6822 156.112 3.08262
48.4486 156.112 3.23714
59.215 156.112 2.84404
69.9813 156.112 1.87714
5.38318 166.879 0.94293
16.1495 166.879 1.90409
26.9159 166.879 2.92492
37.6822 166.879 3.36464
48.4486 166.879 3.40754
59.215 166.879 2.89476
69.9813 166.879 1.90641
5.38318 177.645 1.06416
16.1495 177.645 1.85978
26.9159 177.645 2.50555
37.6822 177.645 2.44975
48.4486 177.645 2.35454
59.215 177.645 1.93723
69.9813 177.645 1.37023
5.38318 188.411 0.929082
16.1495 188.411 1.3945
26.9159 188.411 1.87633
37.6822 188.411 1.38584
48.4486 188.411 1.42378
59.215 188.411 1.18554
69.9813 188.411 1.03174
5.38318 199.178 0.346713
16.1495 199.178 0.493632
26.9159 199.178 0.888119
37.6822 199.178 0.501892
48.4486 199.178 0.625531
59.215 199.178 0.603983
69.9813 199.178 0.668212
5.38318 209.944 -0.0114604
16.1495 209.944 -0.017834
26.9159 209.944 0.214312
37.6822 209.944 -0.0599247
48.4486 209.944 0.0229503
59.215 209.944 0.0445639
69.9813 209.944 0.319296
