37 188
0 168 72 40
0 144 72 72
0 134 72 82
0 72 72 144
0 0 72 216
5.38318 5.38318 0.213608
16.1495 5.38318 0.605761
26.9159 5.38318 1.28042
37.6822 5.38318 1.43461
48.4486 5.38318 1.17791
59.215 5.38318 0.623659
69.9813 5.38318 0.249548
5.38318 16.1495 0.382595
16.1495 16.1495 1.3284
26.9159 16.1495 2.48795
37.6822 16.1495 2.88725
48.4486 16.1495 2.36027
59.215 16.1495 1.36129
69.9813 16.1495 0.60712
5.38318 26.9159 0.456655
16.1495 26.9159 1.55225
26.9159 26.9159 2.91267
37.6822 26.9159 3.41546
48.4486 26.9159 2.82126
59.215 26.9159 1.59482
69.9813 26.9159 0.714699
5.38318 37.6822 0.793952
16.1495 37.6822 1.89152
26.9159 37.6822 2.9193
37.6822 37.6822 3.22708
48.4486 37.6822 2.69601
59.215 37.6822 1.64062
69.9813 37.6822 0.896889
5.38318 48.4486 1.02752
16.1495 48.4486 1.91945
26.9159 48.4486 2.58158
37.6822 48.4486 2.65302
48.4486 48.4486 2.49406
59.215 48.4486 1.74919
69.9813 48.4486 1.13824
5.38318 59.215 0.889962
16.1495 59.215 1.68226
26.9159 59.215 2.33155
37.6822 59.215 2.39526
48.4486 59.215 2.44807
59.215 59.215 1.79755
69.9813 59.215 1.19012
5.38318 69.9813 0.466978
16.1495 69.9813 0.945572
26.9159 69.9813 1.44712
37.6822 69.9813 1.52834
48.4486 69.9813 1.71574
59.215 69.9813 1.32369
69.9813 69.9813 0.932186
5.38318 80.7477 -0.0385699
16.1495 80.7477 0.034281
26.9159 80.7477 0.318265
37.6822 80.7477 0.291874
48.4486 80.7477 0.502578
59.215 80.7477 0.341201
69.9813 80.7477 0.394037
5.38318 91.514 -0.224147
16.1495 91.514 -0.323552
26.9159 91.514 -0.317355
37.6822 91.514 -0.323217
48.4486 91.514 -0.275791
59.215 91.514 -0.217833
69.9813 91.514 -0.0613237
5.38318 102.28 -0.292757
16.1495 102.28 -0.447268
26.9159 102.28 -0.442741
37.6822 102.28 -0.412393
48.4486 102.28 -0.372677
59.215 102.28 -0.292475
69.9813 102.28 -0.122676
5.38318 113.047 -0.277292
16.1495 113.047 -0.424981
26.9159 113.047 -0.409434
37.6822 113.047 -0.405525
48.4486 113.047 -0.385387
59.215 113.047 -0.298742
69.9813 113.047 -0.127274
5.38318 123.813 -0.214279
16.1495 123.813 -0.335653
26.9159 123.813 -0.301193
37.6822 123.813 -0.306043
48.4486 123.813 -0.277143
59.215 123.813 -0.201352
69.9813 123.813 -0.0681072
5.38318 134.579 -0.0272165
16.1495 134.579 -0.0765714
26.9159 134.579 -0.0138882
37.6822 134.579 -0.062622
48.4486 134.579 -0.043529
59.215 134.579 -0.000411295
69.9813 134.579 0.164498
5.38318 145.346 0.101673
16.1495 145.346 0.0698463
26.9159 145.346 0.345451
37.6822 145.346 0.354982
48.4486 145.346 0.569953
59.215 145.346 0.643183
69.9813 145.346 0.570103
5.38318 156.112 0.527028
16.1495 156.112 0.971381
26.9159 156.112 1.50656
37.6822 156.112 1.5251
48.4486 156.112 1.62508
59.215 156.112 1.4553
69.9813 156.112 1.0264
5.38318 166.879 0.631459
16.1495 166.879 1.29948
26.9159 166.879 2.14892
37.6822 166.879 2.26899
48.4486 166.879 2.38137
59.215 166.879 1.99549
69.9813 166.879 1.34336
5.38318 177.645 1.09023
16.1495 177.645 2.30579
26.9159 177.645 3.40023
37.6822 177.645 3.48071
48.4486 177.645 3.27672
59.215 177.645 2.43308
69.9813 177.645 1.52165
5.38318 188.411 1.24309
16.1495 188.411 2.53529
26.9159 188.411 3.82381
37.6822 188.411 3.95924
48.4486 188.411 3.71406
59.215 188.411 2.68129
69.9813 188.411 1.65227
5.38318 199.178 1.16306
16.1495 199.178 2.23787
26.9159 199.178 3.28902
37.6822 199.178 3.27947
48.4486 199.178 3.13568
59.215 199.178 2.32628
69.9813 199.178 1.52909
5.38318 209.944 0.453956
16.1495 209.944 0.832604
26.9159 209.944 1.33839
37.6822 209.944 1.39569
48.4486 209.944 1.73658
59.215 209.944 1.57264
69.9813 209.944 1.22503
