48 37
0 17 72 40
0 1 72 72
0 0 72 82
0 0 72 144
0 0 72 216
5.38318 5.38318 0.298263
16.1495 5.38318 0.539622
26.9159 5.38318 1.10185
37.6822 5.38318 1.22942
48.4486 5.38318 1.27605
59.215 5.38318 1.06447
69.9813 5.38318 0.682153
5.38318 16.1495 0.598972
16.1495 16.1495 1.48905
26.9159 16.1495 2.5027
37.6822 16.1495 2.88944
48.4486 16.1495 2.9884
59.215 16.1495 2.40862
69.9813 16.1495 1.49799
5.38318 26.9159 0.83884
16.1495 26.9159 2.0623
26.9159 26.9159 3.68306
37.6822 26.9159 4.57085
48.4486 26.9159 4.78715
59.215 26.9159 3.86046
69.9813 26.9159 2.28873
5.38318 37.6822 1.18881
16.1495 37.6822 2.63319
26.9159 37.6822 4.29695
37.6822 37.6822 5.45669
48.4486 37.6822 5.66851
59.215 37.6822 4.50316
69.9813 37.6822 2.60175
5.38318 48.4486 1.33192
16.1495 48.4486 2.51279
26.9159 48.4486 3.76396
37.6822 48.4486 4.5401
48.4486 48.4486 4.53765
59.215 48.4486 3.54143
69.9813 48.4486 2.01529
5.38318 59.215 0.917642
16.1495 59.215 1.57136
26.9159 59.215 1.98619
37.6822 59.215 2.09233
48.4486 59.215 1.80306
59.215 59.215 1.37721
69.9813 59.215 0.861484
5.38318 69.9813 0.142033
16.1495 69.9813 0.281537
26.9159 69.9813 0.387105
37.6822 69.9813 0.174659
48.4486 69.9813 -0.0812822
59.215 69.9813 -0.0750976
69.9813 69.9813 0.131752
5.38318 80.7477 -0.289446
16.1495 80.7477 -0.472187
26.9159 80.7477 -0.563907
37.6822 80.7477 -0.629712
48.4486 80.7477 -0.709597
59.215 80.7477 -0.514474
69.9813 80.7477 -0.201675
5.38318 91.514 -0.527767
16.1495 91.514 -0.865029
26.9159 91.514 -0.98884
37.6822 91.514 -1.00309
48.4486 91.514 -0.986796
59.215 91.514 -0.740771
69.9813 91.514 -0.31948
5.38318 102.28 -0.586131
16.1495 102.28 -0.946727
26.9159 102.28 -1.04815
37.6822 102.28 -1.04353
48.4486 102.28 -0.996018
59.215 102.28 -0.77192
69.9813 102.28 -0.334977
5.38318 113.047 -0.582634
16.1495 113.047 -0.928058
26.9159 113.047 -0.998956
37.6822 113.047 -0.986937
48.4486 113.047 -0.927357
59.215 113.047 -0.709241
69.9813 113.047 -0.301121
5.38318 123.813 -0.559424
16.1495 123.813 -0.857951
26.9159 123.813 -0.811631
37.6822 123.813 -0.701895
48.4486 123.813 -0.596609
59.215 123.813 -0.465258
69.9813 123.813 -0.17451
5.38318 134.579 -0.46029
16.1495 134.579 -0.587862
26.9159 134.579 -0.254
37.6822 134.579 0.0371945
48.4486 134.579 0.341981
59.215 134.579 0.112444
69.9813 134.579 0.23144
5.38318 145.346 -0.180923
16.1495 145.346 -0.0225184
26.9159 145.346 1.37447
37.6822 145.346 2.37461
48.4486 145.346 2.59956
59.215 145.346 1.78981
69.9813 145.346 1.02998
5.38318 156.112 0.457285
16.1495 156.112 1.26723
26.9159 156.112 2.79231
37.6822 156.112 3.76794
48.4486 156.112 3.90803
59.215 156.112 2.77654
69.9813 156.112 1.54118
5.38318 166.879 1.05747
16.1495 166.879 2.12046
26.9159 166.879 3.48662
37.6822 166.879 4.17051
48.4486 166.879 4.12448
59.215 166.879 2.98188
69.9813 166.879 1.72302
5.38318 177.645 1.14876
16.1495 177.645 2.15711
26.9159 177.645 3.18985
37.6822 177.645 3.2767
48.4486 177.645 3.12403
59.215 177.645 2.48505
69.9813 177.645 1.66555
5.38318 188.411 0.784165
16.1495 188.411 1.57703
26.9159 188.411 2.37474
37.6822 188.411 2.35446
48.4486 188.411 2.38654
59.215 188.411 2.22053
69.9813 188.411 1.67135
5.38318 199.178 0.442118
16.1495 199.178 0.743541
26.9159 199.178 1.26377
37.6822 199.178 1.17464
48.4486 199.178 1.41868
59.215 199.178 1.69885
69.9813 199.178 1.41239
5.38318 209.944 0.440192
16.1495 209.944 0.64411
26.9159 209.944 0.741488
37.6822 209.944 0.486281
48.4486 209.944 0.570588
59.215 209.944 0.893997
69.9813 209.944 0.860817
