26 166
0 146 72 40
0 130 72 72
0 125 72 82
0 72 72 144
0 0 72 216
5.38318 5.38318 0.0275369
16.1495 5.38318 0.0885795
26.9159 5.38318 0.28347
37.6822 5.38318 0.481048
48.4486 5.38318 0.549142
59.215 5.38318 0.384916
69.9813 5.38318 0.315107
5.38318 16.1495 0.095901
16.1495 16.1495 0.453321
26.9159 16.1495 0.843429
37.6822 16.1495 1.27494
48.4486 16.1495 1.37701
59.215 16.1495 1.0779
69.9813 16.1495 0.773735
5.38318 26.9159 0.074758
16.1495 26.9159 0.576795
26.9159 26.9159 0.945402
37.6822 26.9159 1.39334
48.4486 26.9159 1.2928
59.215 26.9159 0.990663
69.9813 26.9159 0.678094
5.38318 37.6822 0.426371
16.1495 37.6822 1.21643
26.9159 37.6822 1.54028
37.6822 37.6822 1.71953
48.4486 37.6822 1.23008
59.215 37.6822 0.948219
69.9813 37.6822 0.573842
5.38318 48.4486 0.462946
16.1495 48.4486 1.22901
26.9159 48.4486 1.4545
37.6822 48.4486 1.47315
48.4486 48.4486 0.869726
59.215 48.4486 0.690361
69.9813 48.4486 0.40459
5.38318 59.215 0.153401
16.1495 59.215 0.714072
26.9159 59.215 1.04285
37.6822 59.215 1.37136
48.4486 59.215 1.11601
59.215 59.215 0.943331
69.9813 59.215 0.532953
5.38318 69.9813 -0.0987735
16.1495 69.9813 0.000141077
26.9159 69.9813 0.239358
37.6822 69.9813 0.542947
48.4486 69.9813 0.406994
59.215 69.9813 0.403483
69.9813 69.9813 0.25578
5.38318 80.7477 -0.199167
16.1495 80.7477 -0.243917
26.9159 80.7477 -0.21788
37.6822 80.7477 -0.165135
48.4486 80.7477 -0.182218
59.215 80.7477 -0.1152
69.9813 80.7477 -0.0322155
5.38318 91.514 -0.267494
16.1495 91.514 -0.399399
26.9159 91.514 -0.432574
37.6822 91.514 -0.448855
48.4486 91.514 -0.460495
59.215 91.514 -0.361172
69.9813 91.514 -0.167151
5.38318 102.28 -0.294492
16.1495 102.28 -0.447639
26.9159 102.28 -0.461693
37.6822 102.28 -0.463448
48.4486 102.28 -0.437735
59.215 102.28 -0.342921
69.9813 102.28 -0.146286
5.38318 113.047 -0.284303
16.1495 113.047 -0.42701
26.9159 113.047 -0.415867
37.6822 113.047 -0.416016
48.4486 113.047 -0.409765
59.215 113.047 -0.327941
69.9813 113.047 -0.147976
5.38318 123.813 -0.147975
16.1495 123.813 -0.18442
26.9159 123.813 -0.161839
37.6822 123.813 -0.214716
48.4486 123.813 -0.300227
59.215 123.813 -0.286369
69.9813 123.813 -0.135346
5.38318 134.579 0.318916
16.1495 134.579 0.696898
26.9159 134.579 0.885949
37.6822 134.579 0.536862
48.4486 134.579 -0.0077746
59.215 134.579 -0.144279
69.9813 134.579 -0.0787817
5.38318 145.346 1.24721
16.1495 145.346 2.35188
26.9159 145.346 2.74096
37.6822 145.346 2.05671
48.4486 145.346 1.09565
59.215 145.346 0.374602
69.9813 145.346 0.19532
5.38318 156.112 2.09322
16.1495 156.112 3.90911
26.9159 156.112 4.61299
37.6822 156.112 3.53216
48.4486 156.112 2.19468
59.215 156.112 1.15766
69.9813 156.112 0.654568
5.38318 166.879 2.35165
16.1495 166.879 4.44225
26.9159 166.879 5.27452
37.6822 166.879 4.35885
48.4486 166.879 3.05002
59.215 166.879 2.04969
69.9813 166.879 1.2455
5.38318 177.645 1.97451
16.1495 177.645 3.59684
26.9159 177.645 4.2231
37.6822 177.645 3.84882
48.4486 177.645 3.19429
59.215 177.645 2.56844
69.9813 177.645 1.66355
5.38318 188.411 1.24051
16.1495 188.411 2.28524
26.9159 188.411 2.76715
37.6822 188.411 2.96182
48.4486 188.411 2.85221
59.215 188.411 2.56463
69.9813 188.411 1.69029
5.38318 199.178 0.821653
16.1495 199.178 1.69652
26.9159 199.178 2.16614
37.6822 199.178 2.37231
48.4486 199.178 2.1851
59.215 199.178 1.87449
69.9813 199.178 1.26087
5.38318 209.944 0.257329
16.1495 209.944 0.662381
26.9159 209.944 1.0462
37.6822 209.944 1.1873
48.4486 209.944 1.11079
59.215 209.944 0.874433
69.9813 209.944 0.689264
