48 177
0 157 72 40
0 141 72 72
0 134 72 82
0 72 72 144
0 0 72 216
5.38318 5.38318 0.630778
16.1495 5.38318 1.04847
26.9159 5.38318 1.17619
37.6822 5.38318 1.18857
48.4486 5.38318 1.12711
59.215 5.38318 1.00797
69.9813 5.38318 0.704879
5.38318 16.1495 1.18194
16.1495 16.1495 1.98857
26.9159 16.1495 2.18901
37.6822 16.1495 2.27167
48.4486 16.1495 2.28231
59.215 16.1495 2.1316
69.9813 16.1495 1.51473
5.38318 26.9159 1.78452
16.1495 26.9159 2.82926
26.9159 26.9159 2.79035
37.6822 26.9159 2.81526
48.4486 26.9159 2.97998
59.215 26.9159 3.13933
69.9813 26.9159 2.2669
5.38318 37.6822 1.97462
16.1495 37.6822 3.01861
26.9159 37.6822 2.85171
37.6822 37.6822 2.74731
48.4486 37.6822 3.10553
59.215 37.6822 3.45824
69.9813 37.6822 2.57616
5.38318 48.4486 1.67049
16.1495 48.4486 2.54305
26.9159 48.4486 2.51561
37.6822 48.4486 2.50033
48.4486 48.4486 2.80764
59.215 48.4486 2.96153
69.9813 48.4486 2.17413
5.38318 59.215 0.752516
16.1495 59.215 1.40336
26.9159 59.215 1.82701
37.6822 59.215 1.96536
48.4486 59.215 2.101
59.215 59.215 1.84234
69.9813 59.215 1.3441
5.38318 69.9813 0.359962
16.1495 69.9813 0.758323
26.9159 69.9813 1.3533
37.6822 69.9813 1.52289
48.4486 69.9813 1.78615
59.215 69.9813 1.49444
69.9813 69.9813 1.13587
5.38318 80.7477 0.0622787
16.1495 80.7477 0.198942
26.9159 80.7477 0.654881
37.6822 80.7477 0.668144
48.4486 80.7477 0.919418
59.215 80.7477 0.87043
69.9813 80.7477 0.806315
5.38318 91.514 -0.181601
16.1495 91.514 -0.279654
26.9159 91.514 -0.201275
37.6822 91.514 -0.247934
48.4486 91.514 -0.1824
59.215 91.514 -0.0932679
69.9813 91.514 0.182981
5.38318 102.28 -0.235258
16.1495 102.28 -0.363731
26.9159 102.28 -0.341543
37.6822 102.28 -0.384517
48.4486 102.28 -0.353914
59.215 102.28 -0.245386
69.9813 102.28 -0.0612421
5.38318 113.047 -0.290056
16.1495 113.047 -0.436016
26.9159 113.047 -0.416127
37.6822 113.047 -0.409542
48.4486 113.047 -0.39597
59.215 113.047 -0.309703
69.9813 113.047 -0.133099
5.38318 123.813 -0.264382
16.1495 123.813 -0.384985
26.9159 123.813 -0.317803
37.6822 123.813 -0.288717
48.4486 123.813 -0.27348
59.215 123.813 -0.189922
69.9813 123.813 -0.0737521
5.38318 134.579 -0.202251
16.1495 134.579 -0.257074
26.9159 134.579 -0.0960296
37.6822 134.579 -0.0227515
48.4486 134.579 -0.00178828
59.215 134.579 0.0997542
69.9813 134.579 0.127262
5.38318 145.346 -0.114589
16.1495 145.346 -0.0275654
26.9159 145.346 0.675326
37.6822 145.346 1.10724
48.4486 145.346 1.25151
59.215 145.346 1.01369
69.9813 145.346 0.62336
5.38318 156.112 -0.0363539
16.1495 156.112 0.463578
26.9159 156.112 1.70723
37.6822 156.112 2.41079
48.4486 156.112 2.56615
59.215 156.112 1.89831
69.9813 156.112 1.08933
5.38318 166.879 0.0106502
16.1495 166.879 0.8168
26.9159 166.879 2.49241
37.6822 166.879 3.70762
48.4486 166.879 3.97937
59.215 166.879 2.8672
69.9813 166.879 1.55701
5.38318 177.645 0.130758
16.1495 177.645 0.901184
26.9159 177.645 2.66673
37.6822 177.645 3.95892
48.4486 177.645 4.23848
59.215 177.645 3.06869
69.9813 177.645 1.61313
5.38318 188.411 0.0884401
16.1495 188.411 0.635681
26.9159 188.411 2.16483
37.6822 188.411 3.06185
48.4486 188.411 3.28417
59.215 188.411 2.49591
69.9813 188.411 1.37742
5.38318 199.178 0.268437
16.1495 199.178 0.587807
26.9159 199.178 1.40497
37.6822 199.178 1.41298
48.4486 199.178 1.49957
59.215 199.178 1.25356
69.9813 199.178 0.898692
5.38318 209.944 0.322786
16.1495 209.944 0.613904
26.9159 209.944 1.15363
37.6822 209.944 0.975213
48.4486 209.944 1.00781
59.215 209.944 0.90497
69.9813 209.944 0.707433
