26 166
0 146 72 40
0 130 72 72
0 125 72 82
0 72 72 144
0 0 72 216
5.38318 5.38318 0.624997
16.1495 5.38318 0.805628
26.9159 5.38318 0.857782
37.6822 5.38318 0.834225
48.4486 5.38318 0.721488
59.215 5.38318 0.704818
69.9813 5.38318 0.462209
5.38318 16.1495 0.912921
16.1495 16.1495 1.48749
26.9159 16.1495 1.62848
37.6822 16.1495 1.53543
48.4486 16.1495 1.37551
59.215 16.1495 1.47136
69.9813 16.1495 1.01709
5.38318 26.9159 0.748954
16.1495 26.9159 1.26452
26.9159 26.9159 1.40579
37.6822 26.9159 1.26968
48.4486 26.9159 1.12244
59.215 26.9159 1.48844
69.9813 26.9159 1.12888
5.38318 37.6822 0.440565
16.1495 37.6822 0.713142
26.9159 37.6822 0.797422
37.6822 37.6822 0.626103
48.4486 37.6822 0.464123
59.215 37.6822 1.00533
69.9813 37.6822 0.854208
5.38318 48.4486 0.33661
16.1495 48.4486 0.384014
26.9159 48.4486 0.592934
37.6822 48.4486 0.523361
48.4486 48.4486 0.27588
59.215 48.4486 0.687743
69.9813 48.4486 0.585169
5.38318 59.215 0.54148
16.1495 59.215 0.683058
26.9159 59.215 1.02637
37.6822 59.215 0.999766
48.4486 59.215 0.689759
59.215 59.215 0.939837
69.9813 59.215 0.669931
5.38318 69.9813 0.236322
16.1495 69.9813 0.209977
26.9159 69.9813 0.64133
37.6822 69.9813 0.608189
48.4486 69.9813 0.304954
59.215 69.9813 0.626715
69.9813 69.9813 0.440601
5.38318 80.7477 -0.196759
16.1495 80.7477 -0.331644
26.9159 80.7477 -0.193004
37.6822 80.7477 -0.178859
48.4486 80.7477 -0.215822
59.215 80.7477 -0.0706825
69.9813 80.7477 -0.0037133
5.38318 91.514 -0.321281
16.1495 91.514 -0.500742
26.9159 91.514 -0.460912
37.6822 91.514 -0.4409
48.4486 91.514 -0.4511
59.215 91.514 -0.325266
69.9813 91.514 -0.156401
5.38318 102.28 -0.301558
16.1495 102.28 -0.45621
26.9159 102.28 -0.459381
37.6822 102.28 -0.44397
48.4486 102.28 -0.430436
59.215 102.28 -0.33034
69.9813 102.28 -0.146004
5.38318 113.047 -0.267962
16.1495 113.047 -0.42003
26.9159 113.047 -0.41494
37.6822 113.047 -0.430619
48.4486 113.047 -0.425668
59.215 113.047 -0.34127
69.9813 113.047 -0.153459
5.38318 123.813 -0.085738
16.1495 123.813 -0.150121
26.9159 123.813 -0.154983
37.6822 123.813 -0.254581
48.4486 123.813 -0.333541
59.215 123.813 -0.285912
69.9813 123.813 -0.121139
5.38318 134.579 0.537755
16.1495 134.579 0.704913
26.9159 134.579 0.644614
37.6822 134.579 0.127575
48.4486 134.579 -0.149397
59.215 134.579 -0.159579
69.9813 134.579 -0.05864
5.38318 145.346 1.4264
16.1495 145.346 2.10396
26.9159 145.346 2.04466
37.6822 145.346 1.2718
48.4486 145.346 0.627839
59.215 145.346 0.361535
69.9813 145.346 0.278174
5.38318 156.112 2.17079
16.1495 156.112 3.16732
26.9159 156.112 3.13177
37.6822 156.112 2.31241
48.4486 156.112 1.70595
59.215 156.112 1.2284
69.9813 156.112 0.74539
5.38318 166.879 2.37636
16.1495 166.879 3.54362
26.9159 166.879 3.65924
37.6822 166.879 3.16526
48.4486 166.879 2.74836
59.215 166.879 2.09755
69.9813 166.879 1.23279
5.38318 177.645 1.98283
16.1495 177.645 2.94745
26.9159 177.645 3.35137
37.6822 177.645 3.40855
48.4486 177.645 3.39354
59.215 177.645 2.70788
69.9813 177.645 1.55851
5.38318 188.411 1.48443
16.1495 188.411 2.30552
26.9159 188.411 2.87942
37.6822 188.411 3.13389
48.4486 188.411 3.34899
59.215 188.411 2.80724
69.9813 188.411 1.68703
5.38318 199.178 0.69209
16.1495 199.178 1.32686
26.9159 199.178 1.97021
37.6822 199.178 2.16694
48.4486 199.178 2.45358
59.215 199.178 2.26068
69.9813 199.178 1.51133
5.38318 209.944 0.433331
16.1495 209.944 1.00594
26.9159 209.944 1.49969
37.6822 209.944 1.46732
48.4486 209.944 1.64148
59.215 209.944 1.52463
69.9813 209.944 1.12595
