37 177
0 157 72 40
0 141 72 72
0 134 72 82
0 72 72 144
0 0 72 216
5.38318 5.38318 0.253541
16.1495 5.38318 0.340765
26.9159 5.38318 0.56052
37.6822 5.38318 0.628047
48.4486 5.38318 0.684407
59.215 5.38318 0.560221
69.9813 5.38318 0.390528
5.38318 16.1495 0.468188
16.1495 16.1495 0.971946
26.9159 16.1495 1.5447
37.6822 16.1495 1.57615
48.4486 16.1495 1.58291
59.215 16.1495 1.30209
69.9813 16.1495 0.895421
5.38318 26.9159 0.50064
16.1495 26.9159 1.21798
26.9159 26.9159 2.0151
37.6822 26.9159 2.10832
48.4486 26.9159 2.06977
59.215 26.9159 1.58933
69.9813 26.9159 1.05762
5.38318 37.6822 0.774277
16.1495 37.6822 1.76134
26.9159 37.6822 2.69064
37.6822 37.6822 2.76094
48.4486 37.6822 2.54905
59.215 37.6822 1.83444
69.9813 37.6822 1.16097
5.38318 48.4486 0.814762
16.1495 48.4486 1.78227
26.9159 48.4486 2.70652
37.6822 48.4486 2.78159
48.4486 48.4486 2.4677
59.215 48.4486 1.68483
69.9813 48.4486 0.999053
5.38318 59.215 0.461214
16.1495 59.215 1.10287
26.9159 59.215 1.85279
37.6822 59.215 1.89292
48.4486 59.215 1.62574
59.215 59.215 1.06484
69.9813 59.215 0.611551
5.38318 69.9813 -0.0214296
16.1495 69.9813 0.0766397
26.9159 69.9813 0.447769
37.6822 69.9813 0.408238
48.4486 69.9813 0.2542
59.215 69.9813 0.0991875
69.9813 69.9813 0.0964239
5.38318 80.7477 -0.17981
16.1495 80.7477 -0.249798
26.9159 80.7477 -0.220629
37.6822 80.7477 -0.234201
48.4486 80.7477 -0.246447
59.215 80.7477 -0.2227
69.9813 80.7477 -0.0918199
5.38318 91.514 -0.273657
16.1495 91.514 -0.428138
26.9159 91.514 -0.45775
37.6822 91.514 -0.484439
48.4486 91.514 -0.455323
59.215 91.514 -0.370904
69.9813 91.514 -0.155839
5.38318 102.28 -0.294704
16.1495 102.28 -0.442725
26.9159 102.28 -0.4361
37.6822 102.28 -0.425089
48.4486 102.28 -0.40323
59.215 102.28 -0.327095
69.9813 102.28 -0.142571
5.38318 113.047 -0.274663
16.1495 113.047 -0.421869
26.9159 113.047 -0.405378
37.6822 113.047 -0.401791
48.4486 113.047 -0.385016
59.215 113.047 -0.30136
69.9813 113.047 -0.130599
5.38318 123.813 -0.173267
16.1495 123.813 -0.236969
26.9159 123.813 -0.201507
37.6822 123.813 -0.201343
48.4486 123.813 -0.220567
59.215 123.813 -0.164017
69.9813 123.813 -0.050905
5.38318 134.579 0.0217983
16.1495 134.579 0.12869
26.9159 134.579 0.430877
37.6822 134.579 0.390039
48.4486 134.579 0.263448
59.215 134.579 0.191996
69.9813 134.579 0.21925
5.38318 145.346 0.483424
16.1495 145.346 1.06626
26.9159 145.346 1.81401
37.6822 145.346 1.90539
48.4486 145.346 1.57946
59.215 145.346 1.08744
69.9813 145.346 0.649779
5.38318 156.112 0.834734
16.1495 156.112 1.92361
26.9159 156.112 3.19569
37.6822 156.112 3.26238
48.4486 156.112 2.75678
59.215 156.112 1.78609
69.9813 156.112 0.990006
5.38318 166.879 0.887478
16.1495 166.879 2.4368
26.9159 166.879 4.40457
37.6822 166.879 4.61665
48.4486 166.879 3.85971
59.215 166.879 2.24792
69.9813 166.879 1.15157
5.38318 177.645 0.587469
16.1495 177.645 2.19948
26.9159 177.645 4.41962
37.6822 177.645 4.6805
48.4486 177.645 3.83799
59.215 177.645 2.00172
69.9813 177.645 0.946387
5.38318 188.411 -0.00458713
16.1495 188.411 1.15276
26.9159 188.411 3.14167
37.6822 188.411 3.36421
48.4486 188.411 2.69235
59.215 188.411 1.06158
69.9813 188.411 0.48689
5.38318 199.178 -0.217274
16.1495 199.178 -0.0786005
26.9159 199.178 1.02115
37.6822 199.178 1.10537
48.4486 199.178 0.685006
59.215 199.178 -0.0300909
69.9813 199.178 0.0761014
5.38318 209.944 -0.189952
16.1495 209.944 -0.18594
26.9159 209.944 -0.0371296
37.6822 209.944 -0.0766625
48.4486 209.944 -0.163338
59.215 209.944 -0.160933
69.9813 209.944 0.00694598
