37 177
0 157 72 40
0 141 72 72
0 134 72 82
0 72 72 144
0 0 72 216
5.38318 5.38318 0.0378317
16.1495 5.38318 0.295404
26.9159 5.38318 1.1508
37.6822 5.38318 1.72512
48.4486 5.38318 1.63759
59.215 5.38318 1.13305
69.9813 5.38318 0.518621
5.38318 16.1495 0.135787
16.1495 16.1495 0.791498
26.9159 16.1495 2.24708
37.6822 16.1495 3.09343
48.4486 16.1495 2.90823
59.215 16.1495 2.00286
69.9813 16.1495 0.971464
5.38318 26.9159 0.0792182
16.1495 26.9159 1.05565
26.9159 26.9159 2.69506
37.6822 26.9159 3.48438
48.4486 26.9159 3.07271
59.215 26.9159 2.00767
69.9813 26.9159 0.958714
5.38318 37.6822 0.66217
16.1495 37.6822 1.88479
26.9159 37.6822 3.14441
37.6822 37.6822 3.24768
48.4486 37.6822 2.6113
59.215 37.6822 1.58774
69.9813 37.6822 0.872005
5.38318 48.4486 0.955395
16.1495 48.4486 2.2825
26.9159 48.4486 3.30282
37.6822 48.4486 3.26999
48.4486 48.4486 2.7661
59.215 48.4486 1.89988
69.9813 48.4486 1.22176
5.38318 59.215 1.09034
16.1495 59.215 2.00645
26.9159 59.215 2.93222
37.6822 59.215 3.1406
48.4486 59.215 3.27954
59.215 59.215 2.75006
69.9813 59.215 1.81916
5.38318 69.9813 0.842609
16.1495 69.9813 1.12692
26.9159 69.9813 1.96861
37.6822 69.9813 2.30841
48.4486 69.9813 2.82325
59.215 69.9813 2.70922
69.9813 69.9813 1.82805
5.38318 80.7477 0.216348
16.1495 80.7477 0.0215358
26.9159 80.7477 0.862158
37.6822 80.7477 1.04223
48.4486 80.7477 1.49691
59.215 80.7477 1.62854
69.9813 80.7477 1.12699
5.38318 91.514 -0.370774
16.1495 91.514 -0.655275
26.9159 91.514 -0.494116
37.6822 91.514 -0.567172
48.4486 91.514 -0.576373
59.215 91.514 -0.369732
69.9813 91.514 -0.171777
5.38318 102.28 -0.569915
16.1495 102.28 -0.927376
26.9159 102.28 -0.974097
37.6822 102.28 -0.976845
48.4486 102.28 -0.932117
59.215 102.28 -0.709502
69.9813 102.28 -0.32187
5.38318 113.047 -0.590338
16.1495 113.047 -0.947941
26.9159 113.047 -1.03164
37.6822 113.047 -1.03222
48.4486 113.047 -0.9759
59.215 113.047 -0.772641
69.9813 113.047 -0.336664
5.38318 123.813 -0.567814
16.1495 123.813 -0.903721
26.9159 123.813 -0.97798
37.6822 123.813 -0.977496
48.4486 123.813 -0.930768
59.215 123.813 -0.72508
69.9813 123.813 -0.308512
5.38318 134.579 -0.52741
16.1495 134.579 -0.813789
26.9159 134.579 -0.788893
37.6822 134.579 -0.771166
48.4486 134.579 -0.744056
59.215 134.579 -0.587396
69.9813 134.579 -0.247312
5.38318 145.346 -0.35666
16.1495 145.346 -0.43203
26.9159 145.346 -0.232574
37.6822 145.346 -0.194683
48.4486 145.346 -0.260547
59.215 145.346 -0.299317
69.9813 145.346 -0.115808
5.38318 156.112 -0.0964142
16.1495 156.112 0.370464
26.9159 156.112 1.45271
37.6822 156.112 1.84599
48.4486 156.112 1.35362
59.215 156.112 0.563984
69.9813 156.112 0.212361
5.38318 166.879 0.388843
16.1495 166.879 1.74538
26.9159 166.879 3.32186
37.6822 166.879 3.9216
48.4486 166.879 3.08592
59.215 166.879 1.69384
69.9813 166.879 0.642529
5.38318 177.645 0.695492
16.1495 177.645 2.37463
26.9159 177.645 4.58136
37.6822 177.645 5.38045
48.4486 177.645 4.39151
59.215 177.645 2.39777
69.9813 177.645 0.926828
5.38318 188.411 0.722404
16.1495 188.411 2.28423
26.9159 188.411 4.27663
37.6822 188.411 4.91944
48.4486 188.411 3.95236
59.215 188.411 2.16903
69.9813 188.411 0.826972
5.38318 199.178 0.377804
16.1495 199.178 1.37125
26.9159 199.178 2.45287
37.6822 199.178 2.75005
48.4486 199.178 2.20532
59.215 199.178 1.36299
69.9813 199.178 0.647951
5.38318 209.944 0.172992
16.1495 209.944 0.551976
26.9159 209.944 0.717608
37.6822 209.944 0.747059
48.4486 209.944 0.486993
59.215 209.944 0.488478
69.9813 209.944 0.382789
