37 177
0 157 72 40
0 141 72 72
0 134 72 82
0 72 72 144
0 0 72 216
5.38318 5.38318 0.0131349
16.1495 5.38318 -0.0268569
26.9159 5.38318 0.25586
37.6822 5.38318 0.209434
48.4486 5.38318 0.0676411
59.215 5.38318 -0.0136378
69.9813 5.38318 0.026146
5.38318 16.1495 -0.0786398
16.1495 16.1495 -0.0658264
26.9159 16.1495 0.42817
37.6822 16.1495 0.301463
48.4486 16.1495 0.107709
59.215 16.1495 -0.0131621
69.9813 16.1495 0.140924
5.38318 26.9159 -0.268658
16.1495 26.9159 -0.36059
26.9159 26.9159 -0.208549
37.6822 26.9159 -0.274348
48.4486 26.9159 -0.339029
59.215 26.9159 -0.307953
69.9813 26.9159 -0.0779467
5.38318 37.6822 -0.101669
16.1495 37.6822 -0.116196
26.9159 37.6822 -0.0864773
37.6822 37.6822 -0.169423
48.4486 37.6822 -0.171614
59.215 37.6822 -0.0615941
69.9813 37.6822 0.243116
5.38318 48.4486 0.402542
16.1495 48.4486 0.740323
26.9159 48.4486 0.655501
37.6822 48.4486 0.651232
48.4486 48.4486 0.813332
59.215 48.4486 1.01868
69.9813 48.4486 0.881542
5.38318 59.215 0.927684
16.1495 59.215 1.52721
26.9159 59.215 1.46246
37.6822 59.215 1.5832
48.4486 59.215 1.95777
59.215 59.215 2.07844
69.9813 59.215 1.43595
5.38318 69.9813 0.819716
16.1495 69.9813 1.34606
26.9159 69.9813 1.2552
37.6822 69.9813 1.49688
48.4486 69.9813 2.03799
59.215 69.9813 2.23246
69.9813 69.9813 1.52012
5.38318 80.7477 0.0168768
16.1495 80.7477 0.104589
26.9159 80.7477 -0.021872
37.6822 80.7477 0.209867
48.4486 80.7477 0.732988
59.215 80.7477 1.16461
69.9813 80.7477 0.978688
5.38318 91.514 -0.424774
16.1495 91.514 -0.68995
26.9159 91.514 -0.79331
37.6822 91.514 -0.831796
48.4486 91.514 -0.715515
59.215 91.514 -0.426518
69.9813 91.514 -0.102969
5.38318 102.28 -0.582325
16.1495 102.28 -0.944365
26.9159 102.28 -1.04298
37.6822 102.28 -1.05943
48.4486 102.28 -0.994838
59.215 102.28 -0.781922
69.9813 102.28 -0.329503
5.38318 113.047 -0.586652
16.1495 113.047 -0.940171
26.9159 113.047 -1.02395
37.6822 113.047 -1.0254
48.4486 113.047 -0.970027
59.215 113.047 -0.768993
69.9813 113.047 -0.332266
5.38318 123.813 -0.575264
16.1495 123.813 -0.916608
26.9159 123.813 -0.986236
37.6822 123.813 -0.983189
48.4486 123.813 -0.929988
59.215 123.813 -0.724007
69.9813 123.813 -0.308571
5.38318 134.579 -0.534296
16.1495 134.579 -0.829683
26.9159 134.579 -0.784769
37.6822 134.579 -0.770008
48.4486 134.579 -0.732703
59.215 134.579 -0.583179
69.9813 134.579 -0.246576
5.38318 145.346 -0.335447
16.1495 145.346 -0.437943
26.9159 145.346 -0.171158
37.6822 145.346 -0.160282
48.4486 145.346 -0.193837
59.215 145.346 -0.265116
69.9813 145.346 -0.106085
5.38318 156.112 0.166144
16.1495 156.112 0.706941
26.9159 156.112 1.85747
37.6822 156.112 1.97597
48.4486 156.112 1.58701
59.215 156.112 0.734189
69.9813 156.112 0.38385
5.38318 166.879 1.15782
16.1495 166.879 2.2755
26.9159 166.879 3.64597
37.6822 166.879 3.85181
48.4486 166.879 3.28589
59.215 166.879 1.97407
69.9813 166.879 0.953434
5.38318 177.645 1.97246
16.1495 177.645 3.44176
26.9159 177.645 4.66291
37.6822 177.645 4.82047
48.4486 177.645 4.10811
59.215 177.645 2.63258
69.9813 177.645 1.37713
5.38318 188.411 2.31518
16.1495 188.411 3.61365
26.9159 188.411 4.1967
37.6822 188.411 4.11105
48.4486 188.411 3.55988
59.215 188.411 2.46265
69.9813 188.411 1.40265
5.38318 199.178 1.93368
16.1495 199.178 2.87596
26.9159 199.178 2.84395
37.6822 199.178 2.64477
48.4486 199.178 2.3543
59.215 199.178 1.89709
69.9813 199.178 1.26425
5.38318 209.944 1.00015
16.1495 209.944 1.60545
26.9159 209.944 1.51893
37.6822 209.944 1.47198
48.4486 209.944 1.37401
59.215 209.944 1.22534
69.9813 209.944 0.899866
