37 26
0 6 72 40
0 0 72 72
0 0 72 82
0 0 72 144
0 0 72 216
5.38318 5.38318 0.448349
16.1495 5.38318 0.887255
26.9159 5.38318 1.45288
37.6822 5.38318 1.57201
48.4486 5.38318 1.38501
59.215 5.38318 0.901354
69.9813 5.38318 0.46059
5.38318 16.1495 0.681983
16.1495 16.1495 1.7334
26.9159 16.1495 2.90708
37.6822 16.1495 3.23873
48.4486 16.1495 2.86704
59.215 16.1495 1.83251
69.9813 16.1495 0.939467
5.38318 26.9159 0.704228
16.1495 26.9159 2.06325
26.9159 26.9159 3.78948
37.6822 26.9159 4.24538
48.4486 26.9159 3.66803
59.215 26.9159 2.19668
69.9813 26.9159 1.05419
5.38318 37.6822 0.616647
16.1495 37.6822 1.93848
26.9159 37.6822 3.57349
37.6822 37.6822 3.95907
48.4486 37.6822 3.32784
59.215 37.6822 1.9263
69.9813 37.6822 0.898856
5.38318 48.4486 0.528949
16.1495 48.4486 1.51877
26.9159 48.4486 2.57233
37.6822 48.4486 2.64761
48.4486 48.4486 2.13642
59.215 48.4486 1.1676
69.9813 48.4486 0.685178
5.38318 59.215 0.35518
16.1495 59.215 0.901743
26.9159 59.215 1.12381
37.6822 59.215 1.10764
48.4486 59.215 0.841245
59.215 59.215 0.726936
69.9813 59.215 0.643076
5.38318 69.9813 0.0101307
16.1495 69.9813 0.254035
26.9159 69.9813 0.134126
37.6822 69.9813 0.125615
48.4486 69.9813 0.029549
59.215 69.9813 0.363284
69.9813 69.9813 0.588445
5.38318 80.7477 -0.194682
16.1495 80.7477 -0.272822
26.9159 80.7477 -0.34801
37.6822 80.7477 -0.359257
48.4486 80.7477 -0.344234
59.215 80.7477 -0.155346
69.9813 80.7477 0.192136
5.38318 91.514 -0.49765
16.1495 91.514 -0.802342
26.9159 91.514 -0.878872
37.6822 91.514 -0.865352
48.4486 91.514 -0.825347
59.215 91.514 -0.58564
69.9813 91.514 -0.226033
5.38318 102.28 -0.565686
16.1495 102.28 -0.903772
26.9159 102.28 -0.986743
37.6822 102.28 -0.977315
48.4486 102.28 -0.929237
59.215 102.28 -0.714408
69.9813 102.28 -0.308532
5.38318 113.047 -0.584087
16.1495 113.047 -0.93493
26.9159 113.047 -1.01751
37.6822 113.047 -1.01678
48.4486 113.047 -0.961765
59.215 113.047 -0.754935
69.9813 113.047 -0.323889
5.38318 123.813 -0.570707
16.1495 123.813 -0.910352
26.9159 123.813 -0.973371
37.6822 123.813 -0.966889
48.4486 123.813 -0.913546
59.215 123.813 -0.692009
69.9813 123.813 -0.291687
5.38318 134.579 -0.53677
16.1495 134.579 -0.840311
26.9159 134.579 -0.805585
37.6822 134.579 -0.768554
48.4486 134.579 -0.706718
59.215 134.579 -0.511275
69.9813 134.579 -0.194853
5.38318 145.346 -0.445657
16.1495 145.346 -0.606691
26.9159 145.346 -0.372832
37.6822 145.346 -0.253255
48.4486 145.346 -0.207336
59.215 145.346 -0.13834
69.9813 145.346 0.0217683
5.38318 156.112 -0.267273
16.1495 156.112 -0.178649
26.9159 156.112 0.719394
37.6822 156.112 1.24361
48.4486 156.112 1.2165
59.215 156.112 0.922475
69.9813 156.112 0.58586
5.38318 166.879 -0.0209153
16.1495 166.879 0.74812
26.9159 166.879 2.13892
37.6822 166.879 2.81517
48.4486 166.879 2.73336
59.215 166.879 2.07192
69.9813 166.879 1.17292
5.38318 177.645 0.386106
16.1495 177.645 1.48668
26.9159 177.645 2.72505
37.6822 177.645 3.48821
48.4486 177.645 3.38053
59.215 177.645 2.58649
69.9813 177.645 1.45549
5.38318 188.411 0.866898
16.1495 188.411 1.99312
26.9159 188.411 2.94177
37.6822 188.411 3.40034
48.4486 188.411 3.29831
59.215 188.411 2.70687
69.9813 188.411 1.66323
5.38318 199.178 0.935871
16.1495 199.178 1.83255
26.9159 199.178 2.32934
37.6822 199.178 2.35115
48.4486 199.178 2.38259
59.215 199.178 2.31081
69.9813 199.178 1.64148
5.38318 209.944 0.796522
16.1495 209.944 1.50324
26.9159 209.944 1.8091
37.6822 209.944 1.58675
48.4486 209.944 1.63588
59.215 209.944 1.74967
69.9813 209.944 1.37897
