37 37
0 17 72 40
0 1 72 72
0 0 72 82
0 0 72 144
0 0 72 216
5.38318 5.38318 0.305811
16.1495 5.38318 0.556074
26.9159 5.38318 1.02741
37.6822 5.38318 1.05242
48.4486 5.38318 1.01956
59.215 5.38318 0.59464
69.9813 5.38318 0.368803
5.38318 16.1495 0.533674
16.1495 16.1495 1.32665
26.9159 16.1495 2.3403
37.6822 16.1495 2.36499
48.4486 16.1495 2.17793
59.215 16.1495 1.33905
69.9813 16.1495 0.804392
5.38318 26.9159 0.615966
16.1495 26.9159 1.78629
26.9159 26.9159 3.3445
37.6822 26.9159 3.45763
48.4486 26.9159 3.12059
59.215 26.9159 1.76366
69.9813 26.9159 0.974305
5.38318 37.6822 0.812214
16.1495 37.6822 2.05274
26.9159 37.6822 3.71228
37.6822 37.6822 3.94096
48.4486 37.6822 3.47363
59.215 37.6822 1.98058
69.9813 37.6822 1.02613
5.38318 48.4486 1.07607
16.1495 48.4486 2.15201
26.9159 48.4486 3.33826
37.6822 48.4486 3.41231
48.4486 48.4486 2.87931
59.215 48.4486 1.7833
69.9813 48.4486 0.971255
5.38318 59.215 0.972162
16.1495 59.215 1.73942
26.9159 59.215 2.10027
37.6822 59.215 2.05932
48.4486 59.215 1.75096
59.215 59.215 1.46212
69.9813 59.215 0.932725
5.38318 69.9813 0.728387
16.1495 69.9813 1.31015
26.9159 69.9813 1.3491
37.6822 69.9813 1.32184
48.4486 69.9813 1.10228
59.215 69.9813 1.22538
69.9813 69.9813 0.900714
5.38318 80.7477 0.0644866
16.1495 80.7477 0.381881
26.9159 80.7477 0.497136
37.6822 80.7477 0.542246
48.4486 80.7477 0.487381
59.215 80.7477 0.685346
69.9813 80.7477 0.595097
5.38318 91.514 -0.261887
16.1495 91.514 -0.324944
26.9159 91.514 -0.254347
37.6822 91.514 -0.171733
48.4486 91.514 -0.156973
59.215 91.514 -0.0486356
69.9813 91.514 0.109387
5.38318 102.28 -0.303243
16.1495 102.28 -0.422507
26.9159 102.28 -0.351928
37.6822 102.28 -0.301542
48.4486 102.28 -0.313056
59.215 102.28 -0.250148
69.9813 102.28 -0.11211
5.38318 113.047 -0.293308
16.1495 113.047 -0.440704
26.9159 113.047 -0.432723
37.6822 113.047 -0.424086
48.4486 113.047 -0.412904
59.215 113.047 -0.324012
69.9813 113.047 -0.145529
5.38318 123.813 -0.183141
16.1495 123.813 -0.252709
26.9159 123.813 -0.219005
37.6822 123.813 -0.267962
48.4486 123.813 -0.333529
59.215 123.813 -0.303395
69.9813 123.813 -0.144562
5.38318 134.579 0.0190092
16.1495 134.579 0.239817
26.9159 134.579 0.42852
37.6822 134.579 0.238154
48.4486 134.579 -0.0951707
59.215 134.579 -0.159489
69.9813 134.579 -0.0893315
5.38318 145.346 0.655975
16.1495 145.346 1.43325
26.9159 145.346 1.75318
37.6822 145.346 1.4582
48.4486 145.346 0.678988
59.215 145.346 0.229681
69.9813 145.346 0.0639176
5.38318 156.112 1.1178
16.1495 156.112 2.30005
26.9159 156.112 2.84991
37.6822 156.112 2.586
48.4486 156.112 1.69047
59.215 156.112 0.988075
69.9813 156.112 0.47704
5.38318 166.879 1.36341
16.1495 166.879 2.74363
26.9159 166.879 3.49371
37.6822 166.879 3.4199
48.4486 166.879 2.55732
59.215 166.879 1.74185
69.9813 166.879 0.939891
5.38318 177.645 1.51632
16.1495 177.645 2.80249
26.9159 177.645 3.60791
37.6822 177.645 3.75199
48.4486 177.645 3.21134
59.215 177.645 2.36157
69.9813 177.645 1.30998
5.38318 188.411 1.56494
16.1495 188.411 2.71508
26.9159 188.411 3.43999
37.6822 188.411 3.67719
48.4486 188.411 3.45449
59.215 188.411 2.71578
69.9813 188.411 1.58938
5.38318 199.178 1.62532
16.1495 199.178 2.72841
26.9159 199.178 3.10684
37.6822 199.178 3.14199
48.4486 199.178 2.99311
59.215 199.178 2.53513
69.9813 199.178 1.62224
5.38318 209.944 1.10808
16.1495 209.944 1.86137
26.9159 209.944 2.0258
37.6822 209.944 1.97822
48.4486 209.944 2.00237
59.215 209.944 1.8141
69.9813 209.944 1.26048
