37 177
0 157 72 40
0 141 72 72
0 134 72 82
0 72 72 144
0 0 72 216
5.38318 5.38318 0.590595
16.1495 5.38318 0.820569
26.9159 5.38318 0.84348
37.6822 5.38318 0.854391
48.4486 5.38318 1.01171
59.215 5.38318 0.943339
69.9813 5.38318 0.671774
5.38318 16.1495 0.970197
16.1495 16.1495 1.61104
26.9159 16.1495 1.83371
37.6822 16.1495 1.88154
48.4486 16.1495 1.9949
59.215 16.1495 1.78258
69.9813 16.1495 1.25686
5.38318 26.9159 0.802315
16.1495 26.9159 1.54759
26.9159 26.9159 1.97084
37.6822 26.9159 2.18866
48.4486 26.9159 2.33086
59.215 26.9159 2.09426
69.9813 26.9159 1.44726
5.38318 37.6822 0.904622
16.1495 37.6822 1.85119
26.9159 37.6822 2.44167
37.6822 37.6822 2.6805
48.4486 37.6822 2.47333
59.215 37.6822 1.99749
69.9813 37.6822 1.26384
5.38318 48.4486 0.948154
16.1495 48.4486 1.87957
26.9159 48.4486 2.50061
37.6822 48.4486 2.55004
48.4486 48.4486 2.03955
59.215 48.4486 1.51556
69.9813 48.4486 0.868733
5.38318 59.215 0.52404
16.1495 59.215 1.0853
26.9159 59.215 1.53771
37.6822 59.215 1.32829
48.4486 59.215 0.721306
59.215 59.215 0.513515
69.9813 59.215 0.35695
5.38318 69.9813 -0.164392
16.1495 69.9813 -0.253933
26.9159 69.9813 -0.223479
37.6822 69.9813 -0.349399
48.4486 69.9813 -0.513415
59.215 69.9813 -0.369128
69.9813 69.9813 -0.173096
5.38318 80.7477 -0.45817
16.1495 80.7477 -0.756195
26.9159 80.7477 -0.822177
37.6822 80.7477 -0.924758
48.4486 80.7477 -0.963982
59.215 80.7477 -0.728507
69.9813 80.7477 -0.338
5.38318 91.514 -0.567967
16.1495 91.514 -0.926245
26.9159 91.514 -1.04445
37.6822 91.514 -1.07331
48.4486 91.514 -1.04254
59.215 91.514 -0.821795
69.9813 91.514 -0.378027
5.38318 102.28 -0.584675
16.1495 102.28 -0.93933
26.9159 102.28 -1.03722
37.6822 102.28 -1.04514
48.4486 102.28 -0.999146
59.215 102.28 -0.787985
69.9813 102.28 -0.351078
5.38318 113.047 -0.57498
16.1495 113.047 -0.918285
26.9159 113.047 -0.996015
37.6822 113.047 -0.9954
48.4486 113.047 -0.943736
59.215 113.047 -0.738541
69.9813 113.047 -0.315807
5.38318 123.813 -0.546912
16.1495 123.813 -0.857822
26.9159 123.813 -0.894271
37.6822 123.813 -0.877645
48.4486 123.813 -0.824179
59.215 123.813 -0.61885
69.9813 123.813 -0.255648
5.38318 134.579 -0.433781
16.1495 134.579 -0.604608
26.9159 134.579 -0.506178
37.6822 134.579 -0.445249
48.4486 134.579 -0.431545
59.215 134.579 -0.344385
69.9813 134.579 -0.121816
5.38318 145.346 -0.178438
16.1495 145.346 -0.0646198
26.9159 145.346 0.645744
37.6822 145.346 1.01964
48.4486 145.346 0.890999
59.215 145.346 0.443863
69.9813 145.346 0.31812
5.38318 156.112 0.344277
16.1495 156.112 1.32319
26.9159 156.112 2.63934
37.6822 156.112 3.17776
48.4486 156.112 2.77739
59.215 156.112 1.72245
69.9813 156.112 0.84797
5.38318 166.879 0.94359
16.1495 166.879 2.51712
26.9159 166.879 4.44245
37.6822 166.879 5.15029
48.4486 166.879 4.35472
59.215 166.879 2.59263
69.9813 166.879 1.22725
5.38318 177.645 1.13175
16.1495 177.645 2.84485
26.9159 177.645 4.97936
37.6822 177.645 5.66948
48.4486 177.645 4.67349
59.215 177.645 2.79465
69.9813 177.645 1.29369
5.38318 188.411 1.07299
16.1495 188.411 2.63176
26.9159 188.411 4.33967
37.6822 188.411 4.77166
48.4486 188.411 3.81409
59.215 188.411 2.35525
69.9813 188.411 1.12791
5.38318 199.178 0.835422
16.1495 199.178 2.00049
26.9159 199.178 2.8388
37.6822 199.178 3.24468
48.4486 199.178 2.78209
59.215 199.178 2.16145
69.9813 199.178 1.25579
5.38318 209.944 0.642854
16.1495 209.944 1.5435
26.9159 209.944 2.03667
37.6822 209.944 2.4558
48.4486 209.944 2.23875
59.215 209.944 1.86224
69.9813 209.944 1.10606
