37 26
0 6 72 40
0 0 72 72
0 0 72 82
0 0 72 144
0 0 72 216
5.38318 5.38318 0.30489
16.1495 5.38318 0.682953
26.9159 5.38318 1.27745
37.6822 5.38318 1.43066
48.4486 5.38318 1.31249
59.215 5.38318 0.818431
69.9813 5.38318 0.445814
5.38318 16.1495 0.566939
16.1495 16.1495 1.57253
26.9159 16.1495 2.71946
37.6822 16.1495 3.12211
48.4486 16.1495 2.9002
59.215 16.1495 1.89975
69.9813 16.1495 1.05028
5.38318 26.9159 0.916044
16.1495 26.9159 2.25614
26.9159 26.9159 3.80891
37.6822 26.9159 4.36153
48.4486 26.9159 4.04802
59.215 26.9159 2.65265
69.9813 26.9159 1.41082
5.38318 37.6822 1.19746
16.1495 37.6822 2.47816
26.9159 37.6822 3.79385
37.6822 37.6822 4.34986
48.4486 37.6822 4.10483
59.215 37.6822 2.88956
69.9813 37.6822 1.59884
5.38318 48.4486 1.47304
16.1495 48.4486 2.42493
26.9159 48.4486 3.04157
37.6822 48.4486 3.08723
48.4486 48.4486 2.91893
59.215 48.4486 2.37405
69.9813 48.4486 1.48856
5.38318 59.215 1.13297
16.1495 59.215 1.61612
26.9159 59.215 1.53961
37.6822 59.215 1.41706
48.4486 59.215 1.48424
59.215 59.215 1.71692
69.9813 59.215 1.32166
5.38318 69.9813 0.795945
16.1495 69.9813 1.04267
26.9159 69.9813 0.881878
37.6822 69.9813 0.651171
48.4486 69.9813 0.72538
59.215 69.9813 1.25417
69.9813 69.9813 1.08044
5.38318 80.7477 0.0530862
16.1495 80.7477 0.0566823
26.9159 80.7477 0.109323
37.6822 80.7477 0.0577158
48.4486 80.7477 0.158417
59.215 80.7477 0.541765
69.9813 80.7477 0.580713
5.38318 91.514 -0.265552
16.1495 91.514 -0.362621
26.9159 91.514 -0.302309
37.6822 91.514 -0.239615
48.4486 91.514 -0.217981
59.215 91.514 -0.121402
69.9813 91.514 0.0345922
5.38318 102.28 -0.296432
16.1495 102.28 -0.412959
26.9159 102.28 -0.329343
37.6822 102.28 -0.275466
48.4486 102.28 -0.267406
59.215 102.28 -0.214529
69.9813 102.28 -0.0866038
5.38318 113.047 -0.294044
16.1495 113.047 -0.435888
26.9159 113.047 -0.397765
37.6822 113.047 -0.37218
48.4486 113.047 -0.362574
59.215 113.047 -0.293924
69.9813 113.047 -0.129075
5.38318 123.813 -0.199875
16.1495 123.813 -0.21542
26.9159 123.813 -0.0995812
37.6822 123.813 -0.0156171
48.4486 123.813 -0.0758534
59.215 123.813 -0.100193
69.9813 123.813 -0.0389674
5.38318 134.579 -0.0673608
16.1495 134.579 0.177981
26.9159 134.579 0.721593
37.6822 134.579 1.1051
48.4486 134.579 0.853359
59.215 134.579 0.544479
69.9813 134.579 0.301224
5.38318 145.346 0.283875
16.1495 145.346 1.09127
26.9159 145.346 1.9622
37.6822 145.346 2.62805
48.4486 145.346 2.31693
59.215 145.346 1.64974
69.9813 145.346 0.843671
5.38318 156.112 0.418049
16.1495 156.112 1.3974
26.9159 156.112 2.46504
37.6822 156.112 3.41915
48.4486 156.112 3.2697
59.215 156.112 2.41769
69.9813 156.112 1.26484
5.38318 166.879 0.489736
16.1495 166.879 1.46698
26.9159 166.879 2.48168
37.6822 166.879 3.4873
48.4486 166.879 3.54216
59.215 166.879 2.68525
69.9813 166.879 1.48194
5.38318 177.645 0.251348
16.1495 177.645 0.886361
26.9159 177.645 1.71655
37.6822 177.645 2.47528
48.4486 177.645 2.74828
59.215 177.645 2.16554
69.9813 177.645 1.3357
5.38318 188.411 0.123685
16.1495 188.411 0.714971
26.9159 188.411 1.51338
37.6822 188.411 2.17223
48.4486 188.411 2.2049
59.215 188.411 1.58513
69.9813 188.411 0.96652
5.38318 199.178 -0.040047
16.1495 199.178 0.405838
26.9159 199.178 1.16319
37.6822 199.178 1.80341
48.4486 199.178 1.63558
59.215 199.178 1.00465
69.9813 199.178 0.563354
5.38318 209.944 -0.0506074
16.1495 209.944 0.338017
26.9159 209.944 0.987301
37.6822 209.944 1.48141
48.4486 209.944 1.2774
59.215 209.944 0.782342
69.9813 209.944 0.379528
