48 177
0 157 72 40
0 141 72 72
0 134 72 82
0 72 72 144
0 0 72 216
5.38318 5.38318 0.263373
16.1495 5.38318 0.2939
26.9159 5.38318 0.441443
37.6822 5.38318 0.300434
48.4486 5.38318 0.343866
59.215 5.38318 0.313964
69.9813 5.38318 0.264639
5.38318 16.1495 0.406317
16.1495 16.1495 0.842762
26.9159 16.1495 1.48909
37.6822 16.1495 1.31542
48.4486 16.1495 1.40082
59.215 16.1495 1.06036
69.9813 16.1495 0.752053
5.38318 26.9159 0.107855
16.1495 26.9159 0.649682
26.9159 26.9159 1.79817
37.6822 26.9159 1.7046
48.4486 26.9159 1.80841
59.215 26.9159 1.19991
69.9813 26.9159 0.861978
5.38318 37.6822 0.426675
16.1495 37.6822 1.47082
26.9159 37.6822 3.09205
37.6822 37.6822 3.17349
48.4486 37.6822 3.03078
59.215 37.6822 1.92864
69.9813 37.6822 1.17538
5.38318 48.4486 0.440386
16.1495 48.4486 1.5885
26.9159 48.4486 3.23492
37.6822 48.4486 3.493
48.4486 48.4486 3.21775
59.215 48.4486 1.99055
69.9813 48.4486 1.19666
5.38318 59.215 0.607175
16.1495 59.215 1.52821
26.9159 59.215 2.74371
37.6822 59.215 2.81905
48.4486 59.215 2.55628
59.215 59.215 1.6373
69.9813 59.215 1.07003
5.38318 69.9813 0.0418003
16.1495 69.9813 0.246832
26.9159 69.9813 0.89614
37.6822 69.9813 0.771184
48.4486 69.9813 0.753005
59.215 69.9813 0.528262
69.9813 69.9813 0.621642
5.38318 80.7477 -0.1298
16.1495 80.7477 -0.133516
26.9159 80.7477 0.245286
37.6822 80.7477 0.0694477
48.4486 80.7477 0.139051
59.215 80.7477 0.0316557
69.9813 80.7477 0.382881
5.38318 91.514 -0.298083
16.1495 91.514 -0.419674
26.9159 91.514 -0.261549
37.6822 91.514 -0.236417
48.4486 91.514 -0.163599
59.215 91.514 -0.176972
69.9813 91.514 0.0221682
5.38318 102.28 -0.295007
16.1495 102.28 -0.413383
26.9159 102.28 -0.308869
37.6822 102.28 -0.29017
48.4486 102.28 -0.282944
59.215 102.28 -0.257381
69.9813 102.28 -0.0976045
5.38318 113.047 -0.281732
16.1495 113.047 -0.417648
26.9159 113.047 -0.398633
37.6822 113.047 -0.388934
48.4486 113.047 -0.37433
59.215 113.047 -0.283612
69.9813 113.047 -0.114928
5.38318 123.813 -0.201516
16.1495 123.813 -0.295115
26.9159 123.813 -0.253769
37.6822 123.813 -0.275557
48.4486 123.813 -0.267269
59.215 123.813 -0.198587
69.9813 123.813 -0.0586697
5.38318 134.579 -0.0252518
16.1495 134.579 0.069589
26.9159 134.579 0.322397
37.6822 134.579 0.193263
48.4486 134.579 0.173547
59.215 134.579 0.140973
69.9813 134.579 0.284201
5.38318 145.346 0.311794
16.1495 145.346 0.848755
26.9159 145.346 1.38745
37.6822 145.346 1.31581
48.4486 145.346 1.29938
59.215 145.346 1.01014
69.9813 145.346 0.826779
5.38318 156.112 0.593235
16.1495 156.112 1.60705
26.9159 156.112 2.55205
37.6822 156.112 2.70669
48.4486 156.112 2.63815
59.215 156.112 2.03094
69.9813 156.112 1.39106
5.38318 166.879 0.626507
16.1495 166.879 1.72515
26.9159 166.879 3.01953
37.6822 166.879 3.59329
48.4486 166.879 3.68172
59.215 166.879 2.89607
69.9813 166.879 1.8297
5.38318 177.645 0.740412
16.1495 177.645 1.63037
26.9159 177.645 2.99298
37.6822 177.645 3.7441
48.4486 177.645 3.99791
59.215 177.645 3.21213
69.9813 177.645 1.92222
5.38318 188.411 0.943274
16.1495 188.411 1.80791
26.9159 188.411 2.82584
37.6822 188.411 3.2435
48.4486 188.411 3.28592
59.215 188.411 2.62189
69.9813 188.411 1.55505
5.38318 199.178 1.10989
16.1495 199.178 1.82868
26.9159 199.178 2.27144
37.6822 199.178 2.10004
48.4486 199.178 1.92452
59.215 199.178 1.65932
69.9813 199.178 1.09924
5.38318 209.944 0.750085
16.1495 209.944 1.27308
26.9159 209.944 1.45771
37.6822 209.944 1.13902
48.4486 209.944 0.952812
59.215 209.944 0.871202
69.9813 209.944 0.724014
