37 177
0 157 72 40
0 141 72 72
0 134 72 82
0 72 72 144
0 0 72 216
5.38318 5.38318 0.195121
16.1495 5.38318 0.494224
26.9159 5.38318 1.23031
37.6822 5.38318 1.68216
48.4486 5.38318 1.61469
59.215 5.38318 1.36854
69.9813 5.38318 0.744813
5.38318 16.1495 0.215892
16.1495 16.1495 0.840824
26.9159 16.1495 2.08981
37.6822 16.1495 2.70523
48.4486 16.1495 2.58079
59.215 16.1495 2.13819
69.9813 16.1495 1.18817
5.38318 26.9159 -0.0536561
16.1495 26.9159 0.415624
26.9159 26.9159 1.801
37.6822 26.9159 2.42655
48.4486 26.9159 2.15646
59.215 26.9159 1.71342
69.9813 26.9159 0.943829
5.38318 37.6822 -0.0772916
16.1495 37.6822 0.253709
26.9159 37.6822 1.48296
37.6822 37.6822 1.82014
48.4486 37.6822 1.419
59.215 37.6822 0.913373
69.9813 37.6822 0.516017
5.38318 48.4486 -0.151602
16.1495 48.4486 0.124693
26.9159 48.4486 1.43711
37.6822 48.4486 1.91803
48.4486 48.4486 1.68667
59.215 48.4486 1.13662
69.9813 48.4486 0.693802
5.38318 59.215 -0.334123
16.1495 59.215 -0.214503
26.9159 59.215 0.951016
37.6822 59.215 1.93423
48.4486 59.215 2.03242
59.215 59.215 1.73979
69.9813 59.215 1.07812
5.38318 69.9813 -0.492048
16.1495 69.9813 -0.51919
26.9159 69.9813 -0.0332412
37.6822 69.9813 1.17293
48.4486 69.9813 1.44411
59.215 69.9813 1.54485
69.9813 69.9813 1.02779
5.38318 80.7477 -0.551549
16.1495 80.7477 -0.788951
26.9159 80.7477 -0.58177
37.6822 80.7477 -0.189444
48.4486 80.7477 -0.0379932
59.215 80.7477 0.405859
69.9813 80.7477 0.387414
5.38318 91.514 -0.582485
16.1495 91.514 -0.901697
26.9159 91.514 -0.947863
37.6822 91.514 -0.838359
48.4486 91.514 -0.809551
59.215 91.514 -0.541823
69.9813 91.514 -0.244582
5.38318 102.28 -0.582409
16.1495 102.28 -0.93521
26.9159 102.28 -1.02599
37.6822 102.28 -1.03232
48.4486 102.28 -0.99963
59.215 102.28 -0.798888
69.9813 102.28 -0.372217
5.38318 113.047 -0.556018
16.1495 113.047 -0.892385
26.9159 113.047 -0.97727
37.6822 113.047 -0.991102
48.4486 113.047 -0.950281
59.215 113.047 -0.751668
69.9813 113.047 -0.325233
5.38318 123.813 -0.427055
16.1495 123.813 -0.679062
26.9159 123.813 -0.719854
37.6822 123.813 -0.771503
48.4486 123.813 -0.776186
59.215 123.813 -0.598071
69.9813 123.813 -0.242712
5.38318 134.579 -0.15965
16.1495 134.579 -0.247115
26.9159 134.579 -0.242529
37.6822 134.579 -0.298544
48.4486 134.579 -0.365345
59.215 134.579 -0.311464
69.9813 134.579 -0.0944089
5.38318 145.346 0.570754
16.1495 145.346 1.0817
26.9159 145.346 1.44099
37.6822 145.346 1.36588
48.4486 145.346 1.03779
59.215 145.346 0.574106
69.9813 145.346 0.437297
5.38318 156.112 1.0779
16.1495 156.112 1.95096
26.9159 156.112 2.81372
37.6822 156.112 3.02358
48.4486 156.112 2.70461
59.215 156.112 1.80735
69.9813 156.112 0.996609
5.38318 166.879 1.14297
16.1495 166.879 2.37145
26.9159 166.879 3.98825
37.6822 166.879 4.50976
48.4486 166.879 4.03882
59.215 166.879 2.58064
69.9813 166.879 1.33136
5.38318 177.645 0.694232
16.1495 177.645 1.88106
26.9159 177.645 3.81661
37.6822 177.645 4.524
48.4486 177.645 4.10278
59.215 177.645 2.60439
69.9813 177.645 1.33979
5.38318 188.411 0.628337
16.1495 188.411 1.74108
26.9159 188.411 3.34153
37.6822 188.411 3.59334
48.4486 188.411 3.0577
59.215 188.411 1.90389
69.9813 188.411 1.00087
5.38318 199.178 0.324431
16.1495 199.178 0.836064
26.9159 199.178 1.68838
37.6822 199.178 1.51366
48.4486 199.178 1.3727
59.215 199.178 0.88142
69.9813 199.178 0.746308
5.38318 209.944 0.15969
16.1495 209.944 0.490578
26.9159 209.944 0.833271
37.6822 209.944 0.62632
48.4486 209.944 0.587327
59.215 209.944 0.483453
69.9813 209.944 0.529675
