37 188
0 168 72 40
0 144 72 72
0 134 72 82
0 72 72 144
0 0 72 216
5.38318 5.38318 0.648186
16.1495 5.38318 1.32583
26.9159 5.38318 1.72122
37.6822 5.38318 1.39086
48.4486 5.38318 0.685758
59.215 5.38318 0.130114
69.9813 5.38318 -0.0064281
5.38318 16.1495 0.950405
16.1495 16.1495 2.18484
26.9159 16.1495 2.90119
37.6822 16.1495 2.38646
48.4486 16.1495 1.27128
59.215 16.1495 0.249215
69.9813 16.1495 0.0853286
5.38318 26.9159 0.967929
16.1495 26.9159 2.23435
26.9159 26.9159 2.9803
37.6822 26.9159 2.36915
48.4486 26.9159 1.02663
59.215 26.9159 -0.0950286
69.9813 26.9159 -0.0804182
5.38318 37.6822 0.817874
16.1495 37.6822 1.81549
26.9159 37.6822 2.39958
37.6822 37.6822 1.83351
48.4486 37.6822 0.934517
59.215 37.6822 0.161766
69.9813 37.6822 0.189569
5.38318 48.4486 0.782172
16.1495 48.4486 1.73371
26.9159 48.4486 2.3695
37.6822 48.4486 2.03105
48.4486 48.4486 1.50818
59.215 48.4486 0.964128
69.9813 48.4486 0.689643
5.38318 59.215 0.599999
16.1495 59.215 1.2733
26.9159 59.215 1.77734
37.6822 59.215 1.47445
48.4486 59.215 1.32582
59.215 59.215 1.17194
69.9813 59.215 0.89398
5.38318 69.9813 0.329092
16.1495 69.9813 0.716743
26.9159 69.9813 0.884679
37.6822 69.9813 0.551127
48.4486 69.9813 0.541955
59.215 69.9813 0.785025
69.9813 69.9813 0.732717
5.38318 80.7477 -0.126089
16.1495 80.7477 -0.189867
26.9159 80.7477 -0.298566
37.6822 80.7477 -0.459263
48.4486 80.7477 -0.486077
59.215 80.7477 -0.260922
69.9813 80.7477 0.012543
5.38318 91.514 -0.463207
16.1495 91.514 -0.737733
26.9159 91.514 -0.878831
37.6822 91.514 -0.966485
48.4486 91.514 -0.942746
59.215 91.514 -0.693344
69.9813 91.514 -0.272451
5.38318 102.28 -0.576458
16.1495 102.28 -0.931859
26.9159 102.28 -1.03369
37.6822 102.28 -1.05637
48.4486 102.28 -1.00365
59.215 102.28 -0.791608
69.9813 102.28 -0.34138
5.38318 113.047 -0.586334
16.1495 113.047 -0.937948
26.9159 113.047 -1.01746
37.6822 113.047 -1.01316
48.4486 113.047 -0.956753
59.215 113.047 -0.75255
69.9813 113.047 -0.323991
5.38318 123.813 -0.562761
16.1495 123.813 -0.88998
26.9159 123.813 -0.949595
37.6822 123.813 -0.939205
48.4486 123.813 -0.887593
59.215 123.813 -0.663102
69.9813 123.813 -0.276406
5.38318 134.579 -0.50622
16.1495 134.579 -0.781512
26.9159 134.579 -0.754525
37.6822 134.579 -0.733024
48.4486 134.579 -0.683579
59.215 134.579 -0.499439
69.9813 134.579 -0.18865
5.38318 145.346 -0.33938
16.1495 145.346 -0.44858
26.9159 145.346 -0.358868
37.6822 145.346 -0.316893
48.4486 145.346 -0.311945
59.215 145.346 -0.210691
69.9813 145.346 -0.0300486
5.38318 156.112 -0.0635303
16.1495 156.112 0.146811
26.9159 156.112 0.743947
37.6822 156.112 0.863925
48.4486 156.112 0.840041
59.215 156.112 0.656262
69.9813 156.112 0.535831
5.38318 166.879 0.466718
16.1495 166.879 1.17636
26.9159 166.879 2.08887
37.6822 166.879 2.22106
48.4486 166.879 2.1735
59.215 166.879 1.61674
69.9813 166.879 1.05248
5.38318 177.645 0.885997
16.1495 177.645 1.95624
26.9159 177.645 3.31429
37.6822 177.645 3.58493
48.4486 177.645 3.49426
59.215 177.645 2.33908
69.9813 177.645 1.39232
5.38318 188.411 0.977513
16.1495 188.411 2.22788
26.9159 188.411 3.9448
37.6822 188.411 4.39728
48.4486 188.411 4.21985
59.215 188.411 2.73525
69.9813 188.411 1.55927
5.38318 199.178 0.679648
16.1495 199.178 1.79935
26.9159 199.178 3.3868
37.6822 199.178 3.86737
48.4486 199.178 3.61395
59.215 199.178 2.29612
69.9813 199.178 1.29896
5.38318 209.944 0.322195
16.1495 209.944 0.893852
26.9159 209.944 1.71131
37.6822 209.944 1.88596
48.4486 209.944 1.72438
59.215 209.944 1.12243
69.9813 209.944 0.684855
