37 188
0 168 72 40
0 144 72 72
0 134 72 82
0 72 72 144
0 0 72 216
5.38318 5.38318 0.158479
16.1495 5.38318 0.600537
26.9159 5.38318 1.4943
37.6822 5.38318 1.69055
48.4486 5.38318 1.14918
59.215 5.38318 0.503353
69.9813 5.38318 0.115376
5.38318 16.1495 0.0900082
16.1495 16.1495 0.951807
26.9159 16.1495 2.48345
37.6822 16.1495 2.8295
48.4486 16.1495 2.0765
59.215 16.1495 0.966584
69.9813 16.1495 0.315129
5.38318 26.9159 -0.165913
16.1495 26.9159 0.384679
26.9159 26.9159 2.0147
37.6822 26.9159 2.29555
48.4486 26.9159 1.37176
59.215 26.9159 0.217096
69.9813 26.9159 -0.092008
5.38318 37.6822 -0.203683
16.1495 37.6822 -0.0345418
26.9159 37.6822 1.02894
37.6822 37.6822 1.07758
48.4486 37.6822 0.477208
59.215 37.6822 -0.172008
69.9813 37.6822 -0.0953314
5.38318 48.4486 -0.168851
16.1495 48.4486 -0.0111601
26.9159 48.4486 0.974238
37.6822 48.4486 0.897469
48.4486 48.4486 0.453821
59.215 48.4486 -0.181821
69.9813 48.4486 -0.0361381
5.38318 59.215 -0.187729
16.1495 59.215 0.00577575
26.9159 59.215 1.14309
37.6822 59.215 1.14791
48.4486 59.215 0.683287
59.215 59.215 -0.123437
69.9813 59.215 -0.0229842
5.38318 69.9813 -0.239312
16.1495 69.9813 -0.107097
26.9159 69.9813 1.01818
37.6822 69.9813 1.06772
48.4486 69.9813 0.603875
59.215 69.9813 -0.158412
69.9813 69.9813 -0.0775741
5.38318 80.7477 -0.374443
16.1495 80.7477 -0.376835
26.9159 80.7477 0.147011
37.6822 80.7477 0.188634
48.4486 80.7477 -0.161679
59.215 80.7477 -0.371507
69.9813 80.7477 -0.200625
5.38318 91.514 -0.512152
16.1495 91.514 -0.754084
26.9159 91.514 -0.601944
37.6822 91.514 -0.608249
48.4486 91.514 -0.670576
59.215 91.514 -0.628813
69.9813 91.514 -0.306298
5.38318 102.28 -0.562725
16.1495 102.28 -0.886486
26.9159 102.28 -0.941281
37.6822 102.28 -0.952152
48.4486 102.28 -0.93948
59.215 102.28 -0.776584
69.9813 102.28 -0.359818
5.38318 113.047 -0.570057
16.1495 113.047 -0.91299
26.9159 113.047 -0.987241
37.6822 113.047 -0.986204
48.4486 113.047 -0.930086
59.215 113.047 -0.715103
69.9813 113.047 -0.302983
5.38318 123.813 -0.533333
16.1495 123.813 -0.84019
26.9159 123.813 -0.860607
37.6822 123.813 -0.842146
48.4486 123.813 -0.774571
59.215 123.813 -0.558858
69.9813 123.813 -0.217092
5.38318 134.579 -0.368958
16.1495 134.579 -0.543112
26.9159 134.579 -0.493778
37.6822 134.579 -0.476769
48.4486 134.579 -0.427114
59.215 134.579 -0.262927
69.9813 134.579 -0.0472718
5.38318 145.346 -0.165726
16.1495 145.346 -0.154303
26.9159 145.346 0.0313273
37.6822 145.346 0.248605
48.4486 145.346 0.317458
59.215 145.346 0.471756
69.9813 145.346 0.447963
5.38318 156.112 0.361199
16.1495 156.112 0.936929
26.9159 156.112 1.59988
37.6822 156.112 1.80758
48.4486 156.112 1.7631
59.215 156.112 1.47321
69.9813 156.112 0.973185
5.38318 166.879 0.711637
16.1495 166.879 1.49325
26.9159 166.879 2.46566
37.6822 166.879 2.66511
48.4486 166.879 2.6262
59.215 166.879 2.02283
69.9813 166.879 1.26448
5.38318 177.645 1.01678
16.1495 177.645 1.90814
26.9159 177.645 3.17889
37.6822 177.645 3.24377
48.4486 177.645 3.1751
59.215 177.645 2.20894
69.9813 177.645 1.37455
5.38318 188.411 0.831415
16.1495 188.411 1.77796
26.9159 188.411 3.20838
37.6822 188.411 3.24699
48.4486 188.411 3.17195
59.215 188.411 2.01289
69.9813 188.411 1.25468
5.38318 199.178 0.480431
16.1495 199.178 1.21758
26.9159 199.178 2.4723
37.6822 199.178 2.45945
48.4486 199.178 2.39028
59.215 199.178 1.32306
69.9813 199.178 0.868387
5.38318 209.944 0.0806838
16.1495 209.944 0.373959
26.9159 209.944 1.05709
37.6822 209.944 0.921822
48.4486 209.944 0.900016
59.215 209.944 0.358944
69.9813 209.944 0.377788
