37 188
0 168 72 40
0 144 72 72
0 134 72 82
0 72 72 144
0 0 72 216
5.38318 5.38318 0.160765
16.1495 5.38318 0.328543
26.9159 5.38318 0.793269
37.6822 5.38318 1.10341
48.4486 5.38318 1.08631
59.215 5.38318 0.770763
69.9813 5.38318 0.414227
5.38318 16.1495 0.3272
16.1495 16.1495 0.817486
26.9159 16.1495 1.62794
37.6822 16.1495 2.08147
48.4486 16.1495 2.04476
59.215 16.1495 1.52314
69.9813 16.1495 0.825717
5.38318 26.9159 0.386654
16.1495 26.9159 1.02078
26.9159 26.9159 1.74357
37.6822 26.9159 2.11057
48.4486 26.9159 1.92104
59.215 26.9159 1.39924
69.9813 26.9159 0.746045
5.38318 37.6822 0.650882
16.1495 37.6822 1.49459
26.9159 37.6822 1.91944
37.6822 37.6822 1.84815
48.4486 37.6822 1.25932
59.215 37.6822 0.872849
69.9813 37.6822 0.487903
5.38318 48.4486 0.585513
16.1495 48.4486 1.36496
26.9159 48.4486 1.60714
37.6822 48.4486 1.42321
48.4486 48.4486 0.781899
59.215 48.4486 0.589132
69.9813 48.4486 0.369325
5.38318 59.215 0.0947185
16.1495 59.215 0.642724
26.9159 59.215 0.96756
37.6822 59.215 1.20609
48.4486 59.215 0.85586
59.215 59.215 0.774118
69.9813 59.215 0.450194
5.38318 69.9813 -0.154946
16.1495 69.9813 -0.0885388
26.9159 69.9813 0.0340491
37.6822 69.9813 0.365793
48.4486 69.9813 0.191026
59.215 69.9813 0.327693
69.9813 69.9813 0.210134
5.38318 80.7477 -0.242634
16.1495 80.7477 -0.318671
26.9159 80.7477 -0.302089
37.6822 80.7477 -0.247443
48.4486 80.7477 -0.251632
59.215 80.7477 -0.139729
69.9813 80.7477 -0.0416971
5.38318 91.514 -0.280933
16.1495 91.514 -0.418171
26.9159 91.514 -0.454632
37.6822 91.514 -0.46466
48.4486 91.514 -0.474009
59.215 91.514 -0.3647
69.9813 91.514 -0.168853
5.38318 102.28 -0.295499
16.1495 102.28 -0.4491
26.9159 102.28 -0.464033
37.6822 102.28 -0.465522
48.4486 102.28 -0.439538
59.215 102.28 -0.343954
69.9813 102.28 -0.146582
5.38318 113.047 -0.299434
16.1495 113.047 -0.453625
26.9159 113.047 -0.460251
37.6822 113.047 -0.443285
48.4486 113.047 -0.426572
59.215 113.047 -0.337275
69.9813 113.047 -0.150294
5.38318 123.813 -0.297398
16.1495 123.813 -0.45386
26.9159 123.813 -0.463369
37.6822 123.813 -0.451212
48.4486 123.813 -0.428094
59.215 123.813 -0.325065
69.9813 123.813 -0.137242
5.38318 134.579 -0.293585
16.1495 134.579 -0.447151
26.9159 134.579 -0.407899
37.6822 134.579 -0.382081
48.4486 134.579 -0.33147
59.215 134.579 -0.239116
69.9813 134.579 -0.0882567
5.38318 145.346 -0.211561
16.1495 145.346 -0.307298
26.9159 145.346 -0.195063
37.6822 145.346 -0.122887
48.4486 145.346 -0.031753
59.215 145.346 0.000882573
69.9813 145.346 0.116401
5.38318 156.112 -0.0330166
16.1495 156.112 0.0119033
26.9159 156.112 0.707389
37.6822 156.112 1.14145
48.4486 156.112 1.31366
59.215 156.112 0.974882
69.9813 156.112 0.563839
5.38318 166.879 0.530913
16.1495 166.879 1.05703
26.9159 166.879 2.12899
37.6822 166.879 2.79544
48.4486 166.879 2.8551
59.215 166.879 2.02312
69.9813 166.879 1.04329
5.38318 177.645 1.12385
16.1495 177.645 1.92799
26.9159 177.645 3.26147
37.6822 177.645 4.27425
48.4486 177.645 4.32081
59.215 177.645 2.99371
69.9813 177.645 1.42379
5.38318 188.411 1.36094
16.1495 188.411 2.25107
26.9159 188.411 3.47625
37.6822 188.411 4.33117
48.4486 188.411 4.26762
59.215 188.411 2.9541
69.9813 188.411 1.40458
5.38318 199.178 1.0071
16.1495 199.178 1.60064
26.9159 199.178 2.34345
37.6822 199.178 2.63467
48.4486 199.178 2.60458
59.215 199.178 1.97039
69.9813 199.178 1.05665
5.38318 209.944 0.414135
16.1495 209.944 0.714036
26.9159 209.944 0.994389
37.6822 209.944 0.823428
48.4486 209.944 0.869762
59.215 209.944 0.85327
69.9813 209.944 0.652608
