37 37
0 17 72 40
0 1 72 72
0 0 72 82
0 0 72 144
0 0 72 216
5.38318 5.38318 0.563833
16.1495 5.38318 1.07954
26.9159 5.38318 1.72453
37.6822 5.38318 1.86152
48.4486 5.38318 1.45775
59.215 5.38318 0.893841
69.9813 5.38318 0.385228
5.38318 16.1495 1.02055
16.1495 16.1495 2.27178
26.9159 16.1495 3.7634
37.6822 16.1495 4.19147
48.4486 16.1495 3.35011
59.215 16.1495 2.09018
69.9813 16.1495 0.927623
5.38318 26.9159 1.36505
16.1495 26.9159 3.29427
26.9159 26.9159 5.69273
37.6822 26.9159 6.41043
48.4486 26.9159 4.88494
59.215 26.9159 2.8191
69.9813 26.9159 1.09687
5.38318 37.6822 1.39729
16.1495 37.6822 3.62673
26.9159 37.6822 6.44222
37.6822 37.6822 7.23032
48.4486 37.6822 5.64783
59.215 37.6822 3.20364
69.9813 37.6822 1.329
5.38318 48.4486 1.2375
16.1495 48.4486 3.13135
26.9159 48.4486 5.36237
37.6822 48.4486 5.92041
48.4486 48.4486 4.51904
59.215 48.4486 2.58866
69.9813 48.4486 1.09895
5.38318 59.215 0.723008
16.1495 59.215 1.74874
26.9159 59.215 2.68467
37.6822 59.215 2.93467
48.4486 59.215 2.44492
59.215 59.215 1.66298
69.9813 59.215 0.997131
5.38318 69.9813 0.345111
16.1495 69.9813 0.71968
26.9159 69.9813 0.94462
37.6822 69.9813 0.982653
48.4486 69.9813 0.689331
59.215 69.9813 0.672957
69.9813 69.9813 0.58463
5.38318 80.7477 -0.119582
16.1495 80.7477 -0.193876
26.9159 80.7477 -0.215529
37.6822 80.7477 -0.252238
48.4486 80.7477 -0.274524
59.215 80.7477 -0.150081
69.9813 80.7477 0.0863889
5.38318 91.514 -0.4621
16.1495 91.514 -0.749377
26.9159 91.514 -0.804658
37.6822 91.514 -0.815666
48.4486 91.514 -0.799991
59.215 91.514 -0.569453
69.9813 91.514 -0.235345
5.38318 102.28 -0.562569
16.1495 102.28 -0.900704
26.9159 102.28 -0.979888
37.6822 102.28 -0.981159
48.4486 102.28 -0.94019
59.215 102.28 -0.716868
69.9813 102.28 -0.31443
5.38318 113.047 -0.560793
16.1495 113.047 -0.888472
26.9159 113.047 -0.950748
37.6822 113.047 -0.948505
48.4486 113.047 -0.903862
59.215 113.047 -0.687756
69.9813 113.047 -0.292324
5.38318 123.813 -0.454603
16.1495 123.813 -0.659661
26.9159 123.813 -0.55968
37.6822 123.813 -0.549504
48.4486 123.813 -0.536372
59.215 123.813 -0.443395
69.9813 123.813 -0.166013
5.38318 134.579 -0.184029
16.1495 134.579 -0.175812
26.9159 134.579 0.24731
37.6822 134.579 0.247569
48.4486 134.579 0.208941
59.215 134.579 0.0129119
69.9813 134.579 0.224573
5.38318 145.346 0.347522
16.1495 145.346 1.01114
26.9159 145.346 2.08054
37.6822 145.346 2.12236
48.4486 145.346 2.00472
59.215 145.346 1.32875
69.9813 145.346 0.901106
5.38318 156.112 0.930358
16.1495 156.112 1.96259
26.9159 156.112 2.91365
37.6822 156.112 2.96082
48.4486 156.112 2.87621
59.215 156.112 2.15799
69.9813 156.112 1.42268
5.38318 166.879 1.47866
16.1495 166.879 2.55707
26.9159 166.879 3.21567
37.6822 166.879 3.09526
48.4486 166.879 3.12043
59.215 166.879 2.56234
69.9813 166.879 1.78478
5.38318 177.645 2.21533
16.1495 177.645 3.32815
26.9159 177.645 3.31725
37.6822 177.645 2.90105
48.4486 177.645 3.17412
59.215 177.645 3.02308
69.9813 177.645 2.19437
5.38318 188.411 2.54603
16.1495 188.411 3.82027
26.9159 188.411 3.57384
37.6822 188.411 2.99093
48.4486 188.411 3.36029
59.215 188.411 3.38032
69.9813 188.411 2.46652
5.38318 199.178 2.08441
16.1495 199.178 3.03909
26.9159 199.178 2.83729
37.6822 199.178 2.42383
48.4486 199.178 2.79909
59.215 199.178 2.88008
69.9813 199.178 2.09362
5.38318 209.944 0.747253
16.1495 209.944 1.09542
26.9159 209.944 1.1124
37.6822 209.944 0.953927
48.4486 209.944 1.16419
59.215 209.944 1.17037
69.9813 209.944 0.901901
