26 177
0 157 72 40
0 141 72 72
0 134 72 82
0 72 72 144
0 0 72 216
5.38318 5.38318 0.54955
16.1495 5.38318 0.86467
26.9159 5.38318 1.16954
37.6822 5.38318 1.28163
48.4486 5.38318 1.26226
59.215 5.38318 0.953681
69.9813 5.38318 0.587311
5.38318 16.1495 1.0331
16.1495 16.1495 1.95841
26.9159 16.1495 2.61423
37.6822 16.1495 2.83845
48.4486 16.1495 2.65438
59.215 16.1495 1.9752
69.9813 16.1495 1.18812
5.38318 26.9159 1.29412
16.1495 26.9159 2.37522
26.9159 26.9159 3.20543
37.6822 26.9159 3.46535
48.4486 26.9159 3.13633
59.215 26.9159 2.34701
69.9813 26.9159 1.35503
5.38318 37.6822 1.32712
16.1495 37.6822 2.50612
26.9159 37.6822 3.54735
37.6822 37.6822 3.80868
48.4486 37.6822 3.27974
59.215 37.6822 2.33182
69.9813 37.6822 1.29189
5.38318 48.4486 1.13191
16.1495 48.4486 2.1873
26.9159 48.4486 3.13856
37.6822 48.4486 3.33749
48.4486 48.4486 2.73578
59.215 48.4486 1.94322
69.9813 48.4486 1.05211
5.38318 59.215 0.584034
16.1495 59.215 1.29748
26.9159 59.215 1.98249
37.6822 59.215 2.21181
48.4486 59.215 1.83113
59.215 59.215 1.50381
69.9813 59.215 0.927496
5.38318 69.9813 0.278356
16.1495 69.9813 0.754574
26.9159 69.9813 0.883339
37.6822 69.9813 1.15281
48.4486 69.9813 0.819801
59.215 69.9813 1.031
69.9813 69.9813 0.768667
5.38318 80.7477 -0.155231
16.1495 80.7477 -0.0887525
26.9159 80.7477 -0.0677349
37.6822 80.7477 0.144167
48.4486 80.7477 -0.0638065
59.215 80.7477 0.325595
69.9813 80.7477 0.391182
5.38318 91.514 -0.326156
16.1495 91.514 -0.4359
26.9159 91.514 -0.406437
37.6822 91.514 -0.342662
48.4486 91.514 -0.387187
59.215 91.514 -0.242982
69.9813 91.514 -0.0751718
5.38318 102.28 -0.326601
16.1495 102.28 -0.479212
26.9159 102.28 -0.420295
37.6822 102.28 -0.370397
48.4486 102.28 -0.360882
59.215 102.28 -0.267727
69.9813 102.28 -0.1036
5.38318 113.047 -0.294574
16.1495 113.047 -0.443484
26.9159 113.047 -0.432167
37.6822 113.047 -0.42649
48.4486 113.047 -0.413719
59.215 113.047 -0.329452
69.9813 113.047 -0.144376
5.38318 123.813 -0.235153
16.1495 123.813 -0.361303
26.9159 123.813 -0.323761
37.6822 123.813 -0.330398
48.4486 123.813 -0.332034
59.215 123.813 -0.267048
69.9813 123.813 -0.114767
5.38318 134.579 -0.0669239
16.1495 134.579 -0.109143
26.9159 134.579 -0.050206
37.6822 134.579 -0.107453
48.4486 134.579 -0.171625
59.215 134.579 -0.145319
69.9813 134.579 -0.0567467
5.38318 145.346 0.311224
16.1495 145.346 0.505281
26.9159 145.346 0.666146
37.6822 145.346 0.580274
48.4486 145.346 0.309244
59.215 145.346 0.295921
69.9813 145.346 0.206879
5.38318 156.112 1.14293
16.1495 156.112 1.92181
26.9159 156.112 2.10347
37.6822 156.112 1.80929
48.4486 156.112 1.16388
59.215 156.112 0.894542
69.9813 156.112 0.506385
5.38318 166.879 1.74875
16.1495 166.879 2.98326
26.9159 166.879 3.15984
37.6822 166.879 2.70246
48.4486 166.879 1.91663
59.215 166.879 1.4082
69.9813 166.879 0.82653
5.38318 177.645 2.36147
16.1495 177.645 4.06755
26.9159 177.645 4.26079
37.6822 177.645 3.3774
48.4486 177.645 2.24572
59.215 177.645 1.58288
69.9813 177.645 0.954517
5.38318 188.411 2.14327
16.1495 188.411 3.7589
26.9159 188.411 3.98993
37.6822 188.411 2.97222
48.4486 188.411 1.75649
59.215 188.411 1.09217
69.9813 188.411 0.725788
5.38318 199.178 1.14929
16.1495 199.178 2.00776
26.9159 199.178 2.18243
37.6822 199.178 1.58383
48.4486 199.178 0.701847
59.215 199.178 0.527936
69.9813 199.178 0.420885
5.38318 209.944 0.057891
16.1495 209.944 0.176819
26.9159 209.944 0.309731
37.6822 209.944 0.105253
48.4486 209.944 -0.117924
59.215 209.944 -0.0286661
69.9813 209.944 0.0841877
