37 199
0 176 72 40
0 144 72 72
0 134 72 82
0 72 72 144
0 0 72 216
5.38318 5.38318 0.198448
16.1495 5.38318 0.658918
26.9159 5.38318 1.35727
37.6822 5.38318 1.46233
48.4486 5.38318 1.14629
59.215 5.38318 0.465953
69.9813 5.38318 0.1775
5.38318 16.1495 0.290385
16.1495 16.1495 1.25373
26.9159 16.1495 2.44966
37.6822 16.1495 2.73396
48.4486 16.1495 2.1515
59.215 16.1495 1.03405
69.9813 16.1495 0.416853
5.38318 26.9159 0.141172
16.1495 26.9159 1.17906
26.9159 26.9159 2.63056
37.6822 26.9159 2.95068
48.4486 26.9159 2.29506
59.215 26.9159 0.913497
69.9813 26.9159 0.299465
5.38318 37.6822 0.193825
16.1495 37.6822 0.99987
26.9159 37.6822 2.15977
37.6822 37.6822 2.41075
48.4486 37.6822 1.86965
59.215 37.6822 0.789566
69.9813 37.6822 0.275601
5.38318 48.4486 0.190759
16.1495 48.4486 0.806243
26.9159 48.4486 1.79392
37.6822 48.4486 1.95478
48.4486 48.4486 1.60403
59.215 48.4486 0.669391
69.9813 48.4486 0.313086
5.38318 59.215 0.116373
16.1495 59.215 0.839159
26.9159 59.215 1.80145
37.6822 59.215 2.11189
48.4486 59.215 1.78734
59.215 59.215 0.884547
69.9813 59.215 0.423682
5.38318 69.9813 0.0511807
16.1495 69.9813 0.750645
26.9159 69.9813 1.59938
37.6822 69.9813 1.87197
48.4486 69.9813 1.58904
59.215 69.9813 0.663422
69.9813 69.9813 0.363193
5.38318 80.7477 -0.109114
16.1495 80.7477 0.191788
26.9159 80.7477 0.864676
37.6822 80.7477 1.12993
48.4486 80.7477 0.924285
59.215 80.7477 0.254702
69.9813 80.7477 0.139629
5.38318 91.514 -0.196914
16.1495 91.514 -0.196394
26.9159 91.514 -0.0737476
37.6822 91.514 -0.0683789
48.4486 91.514 -0.136739
59.215 91.514 -0.254211
69.9813 91.514 -0.11072
5.38318 102.28 -0.288829
16.1495 102.28 -0.434872
26.9159 102.28 -0.405682
37.6822 102.28 -0.404963
48.4486 102.28 -0.394181
59.215 102.28 -0.36004
69.9813 102.28 -0.16111
5.38318 113.047 -0.300658
16.1495 113.047 -0.453208
26.9159 113.047 -0.457692
37.6822 113.047 -0.432436
48.4486 113.047 -0.403939
59.215 113.047 -0.304496
69.9813 113.047 -0.131445
5.38318 123.813 -0.300038
16.1495 123.813 -0.433771
26.9159 123.813 -0.348008
37.6822 123.813 -0.23405
48.4486 123.813 -0.137579
59.215 123.813 -0.0720502
69.9813 123.813 0.0505433
5.38318 134.579 -0.296698
16.1495 134.579 -0.375909
26.9159 134.579 -0.171851
37.6822 134.579 0.321742
48.4486 134.579 0.767672
59.215 134.579 0.768584
69.9813 134.579 0.595419
5.38318 145.346 -0.247634
16.1495 145.346 -0.205555
26.9159 145.346 0.41649
37.6822 145.346 1.54571
48.4486 145.346 2.23246
59.215 145.346 2.03017
69.9813 145.346 1.3026
5.38318 156.112 -0.0906454
16.1495 156.112 0.163643
26.9159 156.112 1.16437
37.6822 156.112 2.4039
48.4486 156.112 3.22074
59.215 156.112 2.84904
69.9813 156.112 1.75754
5.38318 166.879 0.340654
16.1495 166.879 1.01056
26.9159 166.879 2.00163
37.6822 166.879 2.8608
48.4486 166.879 3.28366
59.215 166.879 2.73608
69.9813 166.879 1.6252
5.38318 177.645 0.939524
16.1495 177.645 2.02145
26.9159 177.645 2.97607
37.6822 177.645 3.14448
48.4486 177.645 2.78929
59.215 177.645 1.94461
69.9813 177.645 1.07452
5.38318 188.411 1.23776
16.1495 188.411 2.63874
26.9159 188.411 3.7628
37.6822 188.411 3.75681
48.4486 188.411 3.12519
59.215 188.411 2.03031
69.9813 188.411 1.07028
5.38318 199.178 1.25982
16.1495 199.178 2.65752
26.9159 199.178 3.96827
37.6822 199.178 4.32514
48.4486 199.178 3.97085
59.215 199.178 2.83165
69.9813 199.178 1.50374
5.38318 209.944 0.707958
16.1495 209.944 1.61609
26.9159 209.944 2.85468
37.6822 209.944 3.57757
48.4486 209.944 3.69228
59.215 209.944 2.84389
69.9813 209.944 1.54109
