48 188
0 168 72 40
0 144 72 72
0 134 72 82
0 72 72 144
0 0 72 216
5.38318 5.38318 0.356642
16.1495 5.38318 0.529741
26.9159 5.38318 0.749075
37.6822 5.38318 1.05879
48.4486 5.38318 1.39625
59.215 5.38318 1.36047
69.9813 5.38318 0.932779
5.38318 16.1495 0.522682
16.1495 16.1495 0.866992
26.9159 16.1495 1.30941
37.6822 16.1495 1.86087
48.4486 16.1495 2.53898
59.215 16.1495 2.56651
69.9813 16.1495 1.83201
5.38318 26.9159 0.333906
16.1495 26.9159 0.736216
26.9159 26.9159 1.36515
37.6822 26.9159 2.13368
48.4486 26.9159 3.08706
59.215 26.9159 3.16484
69.9813 26.9159 2.28587
5.38318 37.6822 0.264466
16.1495 37.6822 0.655534
26.9159 37.6822 1.21769
37.6822 37.6822 1.89762
48.4486 37.6822 2.72952
59.215 37.6822 2.7233
69.9813 37.6822 1.971
5.38318 48.4486 0.406889
16.1495 48.4486 0.792438
26.9159 48.4486 1.14253
37.6822 48.4486 1.59755
48.4486 48.4486 2.24388
59.215 48.4486 2.21163
69.9813 48.4486 1.64499
5.38318 59.215 0.726811
16.1495 59.215 1.12283
26.9159 59.215 1.2172
37.6822 59.215 1.46586
48.4486 59.215 1.86205
59.215 59.215 1.90185
69.9813 59.215 1.4065
5.38318 69.9813 0.559371
16.1495 69.9813 0.744046
26.9159 69.9813 0.788083
37.6822 69.9813 0.926148
48.4486 69.9813 1.27609
59.215 69.9813 1.44078
69.9813 69.9813 1.06775
5.38318 80.7477 0.252446
16.1495 80.7477 0.327563
26.9159 80.7477 0.426768
37.6822 80.7477 0.469238
48.4486 80.7477 0.602254
59.215 80.7477 0.768852
69.9813 80.7477 0.62139
5.38318 91.514 -0.164502
16.1495 91.514 -0.244866
26.9159 91.514 -0.172687
37.6822 91.514 -0.153205
48.4486 91.514 -0.14426
59.215 91.514 -0.0156247
69.9813 91.514 0.111035
5.38318 102.28 -0.229612
16.1495 102.28 -0.326099
26.9159 102.28 -0.277432
37.6822 102.28 -0.293632
48.4486 102.28 -0.325466
59.215 102.28 -0.254034
69.9813 102.28 -0.109016
5.38318 113.047 -0.262772
16.1495 113.047 -0.405777
26.9159 113.047 -0.393932
37.6822 113.047 -0.407253
48.4486 113.047 -0.409756
59.215 113.047 -0.32432
69.9813 113.047 -0.142939
5.38318 123.813 -0.0855366
16.1495 123.813 -0.147374
26.9159 123.813 -0.153029
37.6822 123.813 -0.250855
48.4486 123.813 -0.34038
59.215 123.813 -0.288
69.9813 123.813 -0.126657
5.38318 134.579 0.535689
16.1495 134.579 0.706421
26.9159 134.579 0.626757
37.6822 134.579 0.103885
48.4486 134.579 -0.170514
59.215 134.579 -0.167476
69.9813 134.579 -0.0665928
5.38318 145.346 1.41175
16.1495 145.346 2.08379
26.9159 145.346 2.02039
37.6822 145.346 1.25885
48.4486 145.346 0.600464
59.215 145.346 0.370511
69.9813 145.346 0.280184
5.38318 156.112 2.13098
16.1495 156.112 3.12645
26.9159 156.112 3.10347
37.6822 156.112 2.37276
48.4486 156.112 1.8395
59.215 156.112 1.33285
69.9813 156.112 0.831637
5.38318 166.879 2.31501
16.1495 166.879 3.53602
26.9159 166.879 3.83857
37.6822 166.879 3.59273
48.4486 166.879 3.28225
59.215 166.879 2.46746
69.9813 166.879 1.42899
5.38318 177.645 1.8988
16.1495 177.645 2.96541
26.9159 177.645 3.71466
37.6822 177.645 4.23588
48.4486 177.645 4.38815
59.215 177.645 3.4258
69.9813 177.645 1.92103
5.38318 188.411 1.42664
16.1495 188.411 2.39789
26.9159 188.411 3.41475
37.6822 188.411 4.17358
48.4486 188.411 4.40858
59.215 188.411 3.46302
69.9813 188.411 1.92311
5.38318 199.178 0.658095
16.1495 199.178 1.30363
26.9159 199.178 2.15392
37.6822 199.178 2.58805
48.4486 199.178 2.85029
59.215 199.178 2.45072
69.9813 199.178 1.53029
5.38318 209.944 0.445367
16.1495 209.944 1.00031
26.9159 209.944 1.46724
37.6822 209.944 1.38042
48.4486 209.944 1.47546
59.215 209.944 1.29385
69.9813 209.944 0.983456
