37 177
0 157 72 40
0 141 72 72
0 134 72 82
0 72 72 144
0 0 72 216
5.38318 5.38318 -0.101951
16.1495 5.38318 -0.118992
26.9159 5.38318 0.343074
37.6822 5.38318 1.04419
48.4486 5.38318 1.37977
59.215 5.38318 1.11729
69.9813 5.38318 0.676346
5.38318 16.1495 -0.255432
16.1495 16.1495 -0.187599
26.9159 16.1495 0.779729
37.6822 16.1495 2.08641
48.4486 16.1495 2.7015
59.215 16.1495 2.2468
69.9813 16.1495 1.38397
5.38318 26.9159 -0.504451
16.1495 26.9159 -0.507546
26.9159 26.9159 0.473713
37.6822 26.9159 2.32252
48.4486 26.9159 3.07781
59.215 26.9159 2.50172
69.9813 26.9159 1.51536
5.38318 37.6822 -0.415272
16.1495 37.6822 -0.345644
26.9159 37.6822 0.703579
37.6822 37.6822 2.33576
48.4486 37.6822 2.91193
59.215 37.6822 2.31101
69.9813 37.6822 1.42922
5.38318 48.4486 -0.198526
16.1495 48.4486 -0.0351786
26.9159 48.4486 1.10705
37.6822 48.4486 2.35135
48.4486 48.4486 2.5843
59.215 48.4486 1.92171
69.9813 48.4486 1.12887
5.38318 59.215 -0.0298824
16.1495 59.215 0.368349
26.9159 59.215 0.958823
37.6822 59.215 1.44056
48.4486 59.215 1.36515
59.215 59.215 0.906941
69.9813 59.215 0.666631
5.38318 69.9813 -0.0281343
16.1495 69.9813 0.163655
26.9159 69.9813 0.275235
37.6822 69.9813 0.107357
48.4486 69.9813 -0.250804
59.215 69.9813 -0.268956
69.9813 69.9813 -0.095171
5.38318 80.7477 -0.235777
16.1495 80.7477 -0.330548
26.9159 80.7477 -0.417689
37.6822 80.7477 -0.559339
48.4486 80.7477 -0.77848
59.215 80.7477 -0.663371
69.9813 80.7477 -0.312535
5.38318 91.514 -0.484323
16.1495 91.514 -0.756505
26.9159 91.514 -0.824846
37.6822 91.514 -0.90233
48.4486 91.514 -0.979898
59.215 91.514 -0.80484
69.9813 91.514 -0.377329
5.38318 102.28 -0.555619
16.1495 102.28 -0.877977
26.9159 102.28 -0.956605
37.6822 102.28 -0.973954
48.4486 102.28 -0.963764
59.215 102.28 -0.787684
69.9813 102.28 -0.358783
5.38318 113.047 -0.561128
16.1495 113.047 -0.900291
26.9159 113.047 -0.985952
37.6822 113.047 -0.985133
48.4486 113.047 -0.927753
59.215 113.047 -0.68215
69.9813 113.047 -0.277302
5.38318 123.813 -0.376253
16.1495 123.813 -0.640857
26.9159 123.813 -0.728581
37.6822 123.813 -0.757277
48.4486 123.813 -0.667297
59.215 123.813 -0.368794
69.9813 123.813 -0.0672614
5.38318 134.579 0.0422245
16.1495 134.579 -0.0508527
26.9159 134.579 -0.180388
37.6822 134.579 -0.219461
48.4486 134.579 -0.0340864
59.215 134.579 0.621508
69.9813 134.579 0.743642
5.38318 145.346 1.26459
16.1495 145.346 1.8347
26.9159 145.346 1.52625
37.6822 145.346 1.34083
48.4486 145.346 1.74434
59.215 145.346 2.17706
69.9813 145.346 1.64498
5.38318 156.112 1.72265
16.1495 156.112 2.61711
26.9159 156.112 2.596
37.6822 156.112 2.47783
48.4486 156.112 2.77157
59.215 156.112 2.93143
69.9813 156.112 2.10489
5.38318 166.879 1.52445
16.1495 166.879 2.57926
26.9159 166.879 2.97716
37.6822 166.879 3.09422
48.4486 166.879 3.10045
59.215 166.879 2.89432
69.9813 166.879 1.88865
5.38318 177.645 0.944544
16.1495 177.645 2.00802
26.9159 177.645 2.86979
37.6822 177.645 3.15717
48.4486 177.645 2.75852
59.215 177.645 2.04746
69.9813 177.645 1.19102
5.38318 188.411 0.629327
16.1495 188.411 1.62397
26.9159 188.411 2.58181
37.6822 188.411 2.89262
48.4486 188.411 2.42863
59.215 188.411 1.72844
69.9813 188.411 0.993476
5.38318 199.178 0.506984
16.1495 199.178 1.26362
26.9159 199.178 1.92683
37.6822 199.178 2.05715
48.4486 199.178 1.63743
59.215 199.178 1.23514
69.9813 199.178 0.740342
5.38318 209.944 0.229915
16.1495 209.944 0.542073
26.9159 209.944 0.849756
37.6822 209.944 0.891514
48.4486 209.944 0.748713
59.215 209.944 0.746954
69.9813 209.944 0.565011
