37 188
0 168 72 40
0 144 72 72
0 134 72 82
0 72 72 144
0 0 72 216
5.38318 5.38318 1.07022
16.1495 5.38318 1.61822
26.9159 5.38318 1.65767
37.6822 5.38318 1.45604
48.4486 5.38318 1.18032
59.215 5.38318 0.927793
69.9813 5.38318 0.551984
5.38318 16.1495 1.93206
16.1495 16.1495 3.11515
26.9159 16.1495 3.36498
37.6822 16.1495 3.06526
48.4486 16.1495 2.49298
59.215 16.1495 1.91545
69.9813 16.1495 1.12939
5.38318 26.9159 2.16643
16.1495 26.9159 3.6529
26.9159 26.9159 4.17396
37.6822 26.9159 4.05908
48.4486 26.9159 3.35782
59.215 26.9159 2.53132
69.9813 26.9159 1.38799
5.38318 37.6822 1.57885
16.1495 37.6822 2.80216
26.9159 37.6822 3.58815
37.6822 37.6822 4.01178
48.4486 37.6822 3.55783
59.215 37.6822 2.65049
69.9813 37.6822 1.39026
5.38318 48.4486 0.666718
16.1495 48.4486 1.51794
26.9159 48.4486 2.42668
37.6822 48.4486 3.18852
48.4486 48.4486 2.98392
59.215 48.4486 2.16777
69.9813 48.4486 1.14703
5.38318 59.215 0.103542
16.1495 59.215 0.74091
26.9159 59.215 1.75264
37.6822 59.215 2.67647
48.4486 59.215 2.57582
59.215 59.215 1.75704
69.9813 59.215 0.948041
5.38318 69.9813 -0.168681
16.1495 69.9813 0.108351
26.9159 69.9813 1.28818
37.6822 69.9813 2.3697
48.4486 69.9813 2.33333
59.215 69.9813 1.33697
69.9813 69.9813 0.727499
5.38318 80.7477 -0.415712
16.1495 80.7477 -0.44836
26.9159 80.7477 0.0341036
37.6822 80.7477 1.12362
48.4486 80.7477 1.15337
59.215 80.7477 0.444986
69.9813 80.7477 0.239407
5.38318 91.514 -0.550723
16.1495 91.514 -0.834245
26.9159 91.514 -0.786277
37.6822 91.514 -0.644326
48.4486 91.514 -0.605879
59.215 91.514 -0.54354
69.9813 91.514 -0.231078
5.38318 102.28 -0.579516
16.1495 102.28 -0.922041
26.9159 102.28 -1.00614
37.6822 102.28 -1.00015
48.4486 102.28 -0.963574
59.215 102.28 -0.776242
69.9813 102.28 -0.345405
5.38318 113.047 -0.571232
16.1495 113.047 -0.911694
26.9159 113.047 -0.990114
37.6822 113.047 -0.990335
48.4486 113.047 -0.94362
59.215 113.047 -0.73122
69.9813 113.047 -0.315796
5.38318 123.813 -0.521654
16.1495 123.813 -0.808932
26.9159 123.813 -0.777654
37.6822 123.813 -0.754796
48.4486 123.813 -0.711014
59.215 123.813 -0.53679
69.9813 123.813 -0.211406
5.38318 134.579 -0.318395
16.1495 134.579 -0.447307
26.9159 134.579 -0.35068
37.6822 134.579 -0.336338
48.4486 134.579 -0.307124
59.215 134.579 -0.224254
69.9813 134.579 -0.0240574
5.38318 145.346 -0.017025
16.1495 145.346 0.208755
26.9159 145.346 0.75714
37.6822 145.346 0.872284
48.4486 145.346 0.962708
59.215 145.346 0.733237
69.9813 145.346 0.625027
5.38318 156.112 0.737899
16.1495 156.112 1.55602
26.9159 156.112 2.17715
37.6822 156.112 2.31664
48.4486 156.112 2.35143
59.215 156.112 1.84359
69.9813 156.112 1.2239
5.38318 166.879 1.19071
16.1495 166.879 2.31526
26.9159 166.879 3.16668
37.6822 166.879 3.46671
48.4486 166.879 3.40402
59.215 166.879 2.56633
69.9813 166.879 1.59812
5.38318 177.645 1.51919
16.1495 177.645 2.98319
26.9159 177.645 4.1644
37.6822 177.645 4.51001
48.4486 177.645 4.21388
59.215 177.645 3.03736
69.9813 177.645 1.78211
5.38318 188.411 1.51551
16.1495 188.411 3.14895
26.9159 188.411 4.50717
37.6822 188.411 4.92232
48.4486 188.411 4.46343
59.215 188.411 3.1597
69.9813 188.411 1.78955
5.38318 199.178 1.46057
16.1495 199.178 2.79039
26.9159 199.178 3.79163
37.6822 199.178 3.98235
48.4486 199.178 3.66346
59.215 199.178 2.73368
69.9813 199.178 1.61341
5.38318 209.944 0.911755
16.1495 209.944 1.52627
26.9159 209.944 1.80458
37.6822 209.944 1.82718
48.4486 209.944 1.83346
59.215 209.944 1.68664
69.9813 209.944 1.13483
