48 177
0 157 72 40
0 141 72 72
0 134 72 82
0 72 72 144
0 0 72 216
5.38318 5.38318 0.590595
16.1495 5.38318 0.820569
26.9159 5.38318 0.84348
37.6822 5.38318 0.854391
48.4486 5.38318 1.01171
59.215 5.38318 0.943339
69.9813 5.38318 0.671774
5.38318 16.1495 0.970197
16.1495 16.1495 1.61104
26.9159 16.1495 1.83371
37.6822 16.1495 1.88154
48.4486 16.1495 1.9949
59.215 16.1495 1.78258
69.9813 16.1495 1.25686
5.38318 26.9159 0.802315
16.1495 26.9159 1.54759
26.9159 26.9159 1.97084
37.6822 26.9159 2.18866
48.4486 26.9159 2.33086
59.215 26.9159 2.09426
69.9813 26.9159 1.44726
5.38318 37.6822 0.904622
16.1495 37.6822 1.85119
26.9159 37.6822 2.44167
37.6822 37.6822 2.6805
48.4486 37.6822 2.47333
59.215 37.6822 1.99749
69.9813 37.6822 1.26384
5.38318 48.4486 0.948154
16.1495 48.4486 1.87957
26.9159 48.4486 2.50061
37.6822 48.4486 2.55004
48.4486 48.4486 2.03955
59.215 48.4486 1.51556
69.9813 48.4486 0.868733
5.38318 59.215 0.524041
16.1495 59.215 1.0853
26.9159 59.215 1.53771
37.6822 59.215 1.32829
48.4486 59.215 0.721306
59.215 59.215 0.513515
69.9813 59.215 0.35695
5.38318 69.9813 -0.164391
16.1495 69.9813 -0.253933
26.9159 69.9813 -0.223479
37.6822 69.9813 -0.349399
48.4486 69.9813 -0.513415
59.215 69.9813 -0.369128
69.9813 69.9813 -0.173096
5.38318 80.7477 -0.45817
16.1495 80.7477 -0.756195
26.9159 80.7477 -0.822177
37.6822 80.7477 -0.924758
48.4486 80.7477 -0.963982
59.215 80.7477 -0.728507
69.9813 80.7477 -0.337999
5.38318 91.514 -0.567967
16.1495 91.514 -0.926245
26.9159 91.514 -1.04445
37.6822 91.514 -1.07331
48.4486 91.514 -1.04254
59.215 91.514 -0.821795
69.9813 91.514 -0.378027
5.38318 102.28 -0.584832
16.1495 102.28 -0.940562
26.9159 102.28 -1.0398
37.6822 102.28 -1.0487
48.4486 102.28 -1.00234
59.215 102.28 -0.789972
69.9813 102.28 -0.352498
5.38318 113.047 -0.583174
16.1495 113.047 -0.933279
26.9159 113.047 -1.01525
37.6822 113.047 -1.01566
48.4486 113.047 -0.961271
59.215 113.047 -0.756341
69.9813 113.047 -0.325519
5.38318 123.813 -0.577426
16.1495 123.813 -0.921706
26.9159 123.813 -0.995069
37.6822 123.813 -0.987353
48.4486 123.813 -0.9314
59.215 123.813 -0.704012
69.9813 123.813 -0.296523
5.38318 134.579 -0.557595
16.1495 134.579 -0.870237
26.9159 134.579 -0.880561
37.6822 134.579 -0.806292
48.4486 134.579 -0.732493
59.215 134.579 -0.503479
69.9813 134.579 -0.197528
5.38318 145.346 -0.502976
16.1495 145.346 -0.707353
26.9159 145.346 -0.478284
37.6822 145.346 -0.263798
48.4486 145.346 -0.190061
59.215 145.346 -0.0613582
69.9813 145.346 0.0695865
5.38318 156.112 -0.351102
16.1495 156.112 -0.33029
26.9159 156.112 0.626311
37.6822 156.112 1.60436
48.4486 156.112 1.79114
59.215 156.112 1.44411
69.9813 156.112 0.826731
5.38318 166.879 -0.0514907
16.1495 166.879 0.591163
26.9159 166.879 2.32879
37.6822 166.879 3.49521
48.4486 166.879 3.56087
59.215 166.879 2.70417
69.9813 166.879 1.42834
5.38318 177.645 0.644886
16.1495 177.645 1.60551
26.9159 177.645 3.12078
37.6822 177.645 4.27698
48.4486 177.645 4.30334
59.215 177.645 3.26358
69.9813 177.645 1.74246
5.38318 188.411 1.5355
16.1495 188.411 2.59237
26.9159 188.411 3.45402
37.6822 188.411 3.90515
48.4486 188.411 3.62761
59.215 188.411 2.8191
69.9813 188.411 1.54759
5.38318 199.178 1.94152
16.1495 199.178 2.84077
26.9159 199.178 2.8855
37.6822 199.178 2.52881
48.4486 199.178 2.22669
59.215 199.178 2.04999
69.9813 199.178 1.35767
5.38318 209.944 1.58782
16.1495 209.944 2.29694
26.9159 209.944 2.20712
37.6822 209.944 1.76737
48.4486 209.944 1.59928
59.215 209.944 1.61538
69.9813 209.944 1.15053
