37 59
0 39 72 40
0 23 72 72
0 18 72 82
0 0 72 144
0 0 72 216
5.38318 5.38318 0.0671772
16.1495 5.38318 0.199935
26.9159 5.38318 0.565758
37.6822 5.38318 1.11145
48.4486 5.38318 1.32307
59.215 5.38318 1.27858
69.9813 5.38318 0.782232
5.38318 16.1495 0.210499
16.1495 16.1495 0.738168
26.9159 16.1495 1.48881
37.6822 16.1495 2.13665
48.4486 16.1495 2.38033
59.215 16.1495 2.16364
69.9813 16.1495 1.34949
5.38318 26.9159 0.458222
16.1495 26.9159 1.26087
26.9159 26.9159 2.17434
37.6822 26.9159 2.70313
48.4486 26.9159 2.76515
59.215 26.9159 2.35531
69.9813 26.9159 1.41657
5.38318 37.6822 0.991742
16.1495 37.6822 2.187
26.9159 37.6822 3.21561
37.6822 37.6822 3.36858
48.4486 37.6822 2.90726
59.215 37.6822 1.99408
69.9813 37.6822 1.09649
5.38318 48.4486 1.31251
16.1495 48.4486 2.76006
26.9159 48.4486 3.92527
37.6822 48.4486 3.90792
48.4486 48.4486 3.36184
59.215 48.4486 2.27643
69.9813 48.4486 1.28321
5.38318 59.215 1.15343
16.1495 59.215 2.52714
26.9159 59.215 4.01936
37.6822 59.215 4.54789
48.4486 59.215 4.45341
59.215 59.215 3.31699
69.9813 59.215 1.9101
5.38318 69.9813 0.637532
16.1495 69.9813 1.68862
26.9159 69.9813 3.1235
37.6822 69.9813 3.91488
48.4486 69.9813 4.20549
59.215 69.9813 3.35103
69.9813 69.9813 2.00943
5.38318 80.7477 -0.0123437
16.1495 80.7477 0.440679
26.9159 80.7477 1.54307
37.6822 80.7477 2.14148
48.4486 80.7477 2.4472
59.215 80.7477 2.06262
69.9813 80.7477 1.30908
5.38318 91.514 -0.219894
16.1495 91.514 -0.284283
26.9159 91.514 -0.144404
37.6822 91.514 -0.120925
48.4486 91.514 -0.129331
59.215 91.514 -0.129075
69.9813 91.514 -0.0134218
5.38318 102.28 -0.289893
16.1495 102.28 -0.439501
26.9159 102.28 -0.423746
37.6822 102.28 -0.425281
48.4486 102.28 -0.422283
59.215 102.28 -0.339225
69.9813 102.28 -0.150362
5.38318 113.047 -0.300283
16.1495 113.047 -0.455514
26.9159 113.047 -0.46204
37.6822 113.047 -0.447017
48.4486 113.047 -0.432158
59.215 113.047 -0.345326
69.9813 113.047 -0.154233
5.38318 123.813 -0.297504
16.1495 123.813 -0.455097
26.9159 123.813 -0.462491
37.6822 123.813 -0.45262
48.4486 123.813 -0.422376
59.215 123.813 -0.317172
69.9813 123.813 -0.133929
5.38318 134.579 -0.259103
16.1495 134.579 -0.388602
26.9159 134.579 -0.341749
37.6822 134.579 -0.316032
48.4486 134.579 -0.280223
59.215 134.579 -0.201828
69.9813 134.579 -0.0694141
5.38318 145.346 -0.0941361
16.1495 145.346 -0.104037
26.9159 145.346 0.115956
37.6822 145.346 0.281119
48.4486 145.346 0.328304
59.215 145.346 0.264496
69.9813 145.346 0.235716
5.38318 156.112 0.389403
16.1495 156.112 0.865272
26.9159 156.112 1.60896
37.6822 156.112 1.86716
48.4486 156.112 1.72718
59.215 156.112 1.20035
69.9813 156.112 0.711181
5.38318 166.879 1.10799
16.1495 166.879 2.13544
26.9159 166.879 3.2479
37.6822 166.879 3.51334
48.4486 166.879 3.07567
59.215 166.879 2.06555
69.9813 166.879 1.11941
5.38318 177.645 1.45104
16.1495 177.645 2.79385
26.9159 177.645 4.27421
37.6822 177.645 4.54439
48.4486 177.645 3.89096
59.215 177.645 2.49571
69.9813 177.645 1.31464
5.38318 188.411 1.40527
16.1495 188.411 2.6681
26.9159 188.411 4.05589
37.6822 188.411 4.12903
48.4486 188.411 3.33717
59.215 188.411 2.05797
69.9813 188.411 1.08233
5.38318 199.178 0.693806
16.1495 199.178 1.30286
26.9159 199.178 2.10565
37.6822 199.178 2.05896
48.4486 199.178 1.69352
59.215 199.178 1.02777
69.9813 199.178 0.727755
5.38318 209.944 0.341373
16.1495 209.944 0.637936
26.9159 209.944 0.880769
37.6822 209.944 0.755349
48.4486 209.944 0.592921
59.215 209.944 0.488703
69.9813 209.944 0.485992
