37 166
0 146 72 40
0 130 72 72
0 125 72 82
0 72 72 144
0 0 72 216
5.38318 5.38318 0.213725
16.1495 5.38318 0.39964
26.9159 5.38318 0.948936
37.6822 5.38318 1.21021
48.4486 5.38318 1.24488
59.215 5.38318 1.03406
69.9813 5.38318 0.649153
5.38318 16.1495 0.450535
16.1495 16.1495 1.07972
26.9159 16.1495 2.07368
37.6822 16.1495 2.55352
48.4486 16.1495 2.65773
59.215 16.1495 2.17593
69.9813 16.1495 1.35188
5.38318 26.9159 0.478759
16.1495 26.9159 1.29438
26.9159 26.9159 2.59056
37.6822 26.9159 3.43027
48.4486 26.9159 3.65462
59.215 26.9159 2.97864
69.9813 26.9159 1.80326
5.38318 37.6822 0.966976
16.1495 37.6822 1.94231
26.9159 37.6822 3.08184
37.6822 37.6822 3.96402
48.4486 37.6822 4.14719
59.215 37.6822 3.30855
69.9813 37.6822 1.93832
5.38318 48.4486 1.16441
16.1495 48.4486 2.10457
26.9159 48.4486 2.95617
37.6822 48.4486 3.56441
48.4486 48.4486 3.55401
59.215 48.4486 2.83137
69.9813 48.4486 1.64331
5.38318 59.215 1.05629
16.1495 59.215 1.72648
26.9159 59.215 2.19407
37.6822 59.215 2.26596
48.4486 59.215 2.25505
59.215 59.215 1.96701
69.9813 59.215 1.28301
5.38318 69.9813 0.329888
16.1495 69.9813 0.512053
26.9159 69.9813 0.884681
37.6822 69.9813 0.855518
48.4486 69.9813 0.930901
59.215 69.9813 0.985647
69.9813 69.9813 0.785332
5.38318 80.7477 -0.186873
16.1495 80.7477 -0.344932
26.9159 80.7477 -0.289548
37.6822 80.7477 -0.305673
48.4486 80.7477 -0.186064
59.215 80.7477 0.118349
69.9813 80.7477 0.376863
5.38318 91.514 -0.485035
16.1495 91.514 -0.810981
26.9159 91.514 -0.859
37.6822 91.514 -0.8469
48.4486 91.514 -0.728003
59.215 91.514 -0.471948
69.9813 91.514 -0.153716
5.38318 102.28 -0.566851
16.1495 102.28 -0.924356
26.9159 102.28 -1.01634
37.6822 102.28 -1.01129
48.4486 102.28 -0.939202
59.215 102.28 -0.679206
69.9813 102.28 -0.270584
5.38318 113.047 -0.549933
16.1495 113.047 -0.896742
26.9159 113.047 -0.999444
37.6822 113.047 -1.00451
48.4486 113.047 -0.935836
59.215 113.047 -0.664224
69.9813 113.047 -0.2546
5.38318 123.813 -0.350989
16.1495 123.813 -0.64035
26.9159 123.813 -0.753152
37.6822 123.813 -0.772524
48.4486 123.813 -0.648579
59.215 123.813 -0.314835
69.9813 123.813 0.00628836
5.38318 134.579 0.187517
16.1495 134.579 0.0477156
26.9159 134.579 -0.0618616
37.6822 134.579 -0.0583187
48.4486 134.579 0.218078
59.215 134.579 0.870564
69.9813 134.579 0.98936
5.38318 145.346 1.35404
16.1495 145.346 2.0158
26.9159 145.346 2.22473
37.6822 145.346 2.23945
48.4486 145.346 2.38677
59.215 145.346 2.60164
69.9813 145.346 2.01387
5.38318 156.112 1.83625
16.1495 156.112 3.17621
26.9159 156.112 4.13829
37.6822 156.112 4.26709
48.4486 156.112 4.05065
59.215 156.112 3.62263
69.9813 156.112 2.51577
5.38318 166.879 1.53284
16.1495 166.879 3.06915
26.9159 166.879 4.80884
37.6822 166.879 5.13853
48.4486 166.879 4.46667
59.215 166.879 3.28218
69.9813 166.879 2.00366
5.38318 177.645 0.671658
16.1495 177.645 2.07365
26.9159 177.645 3.92229
37.6822 177.645 4.28971
48.4486 177.645 3.36289
59.215 177.645 1.80654
69.9813 177.645 0.869987
5.38318 188.411 0.179613
16.1495 188.411 1.03334
26.9159 188.411 2.45712
37.6822 188.411 2.65968
48.4486 188.411 1.94752
59.215 188.411 0.687939
69.9813 188.411 0.269305
5.38318 199.178 -0.080809
16.1495 199.178 0.493384
26.9159 199.178 1.7049
37.6822 199.178 1.92629
48.4486 199.178 1.22557
59.215 199.178 0.23622
69.9813 199.178 0.071912
5.38318 209.944 -0.119715
16.1495 209.944 0.267724
26.9159 209.944 1.21176
37.6822 209.944 1.47453
48.4486 209.944 1.03029
59.215 209.944 0.348014
69.9813 209.944 0.121615
