26 26
0 6 72 40
0 0 72 72
0 0 72 82
0 0 72 144
0 0 72 216
5.38318 5.38318 1.10744
16.1495 5.38318 1.59484
26.9159 5.38318 1.79209
37.6822 5.38318 1.70453
48.4486 5.38318 1.76609
59.215 5.38318 1.44238
69.9813 5.38318 0.9119
5.38318 16.1495 1.95323
16.1495 16.1495 3.0919
26.9159 16.1495 3.48054
37.6822 16.1495 3.27658
48.4486 16.1495 3.35841
59.215 16.1495 2.80101
69.9813 16.1495 1.79128
5.38318 26.9159 2.22896
16.1495 26.9159 3.72419
26.9159 26.9159 4.16438
37.6822 26.9159 3.87001
48.4486 26.9159 3.82348
59.215 26.9159 3.23696
69.9813 26.9159 2.08602
5.38318 37.6822 1.93896
16.1495 37.6822 3.25705
26.9159 37.6822 3.65436
37.6822 37.6822 3.34868
48.4486 37.6822 3.07782
59.215 37.6822 2.5946
69.9813 37.6822 1.66893
5.38318 48.4486 1.41949
16.1495 48.4486 2.46027
26.9159 48.4486 2.88077
37.6822 48.4486 2.59343
48.4486 48.4486 2.23099
59.215 48.4486 1.95255
69.9813 48.4486 1.29491
5.38318 59.215 1.27734
16.1495 59.215 2.27297
26.9159 59.215 2.74022
37.6822 59.215 2.43383
48.4486 59.215 2.06873
59.215 59.215 1.85143
69.9813 59.215 1.28909
5.38318 69.9813 0.958747
16.1495 69.9813 1.72569
26.9159 69.9813 2.10434
37.6822 69.9813 1.74006
48.4486 69.9813 1.40702
59.215 69.9813 1.33282
69.9813 69.9813 1.03481
5.38318 80.7477 0.178655
16.1495 80.7477 0.368543
26.9159 80.7477 0.520118
37.6822 80.7477 0.213856
48.4486 80.7477 0.000684001
59.215 80.7477 0.126419
69.9813 80.7477 0.307762
5.38318 91.514 -0.180997
16.1495 91.514 -0.271987
26.9159 91.514 -0.270115
37.6822 91.514 -0.329291
48.4486 91.514 -0.363195
59.215 91.514 -0.269796
69.9813 91.514 -0.0909803
5.38318 102.28 -0.285529
16.1495 102.28 -0.436118
26.9159 102.28 -0.425585
37.6822 102.28 -0.444188
48.4486 102.28 -0.445353
59.215 102.28 -0.34756
69.9813 102.28 -0.151969
5.38318 113.047 -0.30002
16.1495 113.047 -0.455975
26.9159 113.047 -0.45911
37.6822 113.047 -0.445004
48.4486 113.047 -0.427342
59.215 113.047 -0.333701
69.9813 113.047 -0.146525
5.38318 123.813 -0.291099
16.1495 123.813 -0.416603
26.9159 123.813 -0.33483
37.6822 123.813 -0.282757
48.4486 123.813 -0.279136
59.215 123.813 -0.235075
69.9813 123.813 -0.108879
5.38318 134.579 -0.259665
16.1495 134.579 -0.289036
26.9159 134.579 -0.0617421
37.6822 134.579 0.180774
48.4486 134.579 0.129225
59.215 134.579 -0.00947867
69.9813 134.579 -0.00525498
5.38318 145.346 -0.19961
16.1495 145.346 -0.0733723
26.9159 145.346 0.814518
37.6822 145.346 1.39439
48.4486 145.346 1.2181
59.215 145.346 0.706714
69.9813 145.346 0.296897
5.38318 156.112 -0.0638469
16.1495 156.112 0.493522
26.9159 156.112 1.74471
37.6822 156.112 2.38423
48.4486 156.112 2.08473
59.215 156.112 1.30296
69.9813 156.112 0.504281
5.38318 166.879 0.197193
16.1495 166.879 1.01168
26.9159 166.879 2.17642
37.6822 166.879 2.74928
48.4486 166.879 2.31824
59.215 166.879 1.48853
69.9813 166.879 0.574454
5.38318 177.645 0.67969
16.1495 177.645 1.64923
26.9159 177.645 2.45019
37.6822 177.645 2.6035
48.4486 177.645 2.05788
59.215 177.645 1.3767
69.9813 177.645 0.610409
5.38318 188.411 1.00262
16.1495 188.411 2.01935
26.9159 188.411 2.4956
37.6822 188.411 2.40865
48.4486 188.411 1.93888
59.215 188.411 1.46114
69.9813 188.411 0.848689
5.38318 199.178 1.10061
16.1495 199.178 2.00243
26.9159 199.178 2.35831
37.6822 199.178 2.30541
48.4486 199.178 2.08696
59.215 199.178 1.70759
69.9813 199.178 1.10136
5.38318 209.944 0.729129
16.1495 209.944 1.2622
26.9159 209.944 1.44067
37.6822 209.944 1.54481
48.4486 209.944 1.63772
59.215 209.944 1.44962
69.9813 209.944 0.97962
