37 188
0 168 72 40
0 144 72 72
0 134 72 82
0 72 72 144
0 0 72 216
5.38318 5.38318 0.927651
16.1495 5.38318 1.56682
26.9159 5.38318 1.77675
37.6822 5.38318 1.41399
48.4486 5.38318 1.07154
59.215 5.38318 0.773448
69.9813 5.38318 0.505726
5.38318 16.1495 1.42236
16.1495 16.1495 2.62545
26.9159 16.1495 3.058
37.6822 16.1495 2.60567
48.4486 16.1495 2.05451
59.215 16.1495 1.54189
69.9813 16.1495 1.03806
5.38318 26.9159 1.4866
16.1495 26.9159 2.71022
26.9159 26.9159 3.27367
37.6822 26.9159 2.92046
48.4486 26.9159 2.46514
59.215 26.9159 1.89789
69.9813 26.9159 1.28598
5.38318 37.6822 1.22334
16.1495 37.6822 2.12532
26.9159 37.6822 2.60398
37.6822 37.6822 2.63713
48.4486 37.6822 2.57949
59.215 37.6822 2.07724
69.9813 37.6822 1.37653
5.38318 48.4486 1.07919
16.1495 48.4486 1.91589
26.9159 48.4486 2.49743
37.6822 48.4486 2.72589
48.4486 48.4486 2.84812
59.215 48.4486 2.25907
69.9813 48.4486 1.48628
5.38318 59.215 1.09851
16.1495 59.215 1.92912
26.9159 59.215 2.44938
37.6822 59.215 2.5347
48.4486 59.215 2.65081
59.215 59.215 2.11956
69.9813 59.215 1.43421
5.38318 69.9813 0.417298
16.1495 69.9813 0.827186
26.9159 69.9813 1.33047
37.6822 69.9813 1.48058
48.4486 69.9813 1.71682
59.215 69.9813 1.33354
69.9813 69.9813 1.0043
5.38318 80.7477 -0.175695
16.1495 80.7477 -0.27005
26.9159 80.7477 -0.15049
37.6822 80.7477 -0.188482
48.4486 80.7477 -0.0891449
59.215 80.7477 -0.0261309
69.9813 80.7477 0.283555
5.38318 91.514 -0.462693
16.1495 91.514 -0.737893
26.9159 91.514 -0.693793
37.6822 91.514 -0.734893
48.4486 91.514 -0.693637
59.215 91.514 -0.532271
69.9813 91.514 -0.204544
5.38318 102.28 -0.5311
16.1495 102.28 -0.840796
26.9159 102.28 -0.853535
37.6822 102.28 -0.905199
48.4486 102.28 -0.872784
59.215 102.28 -0.646484
69.9813 102.28 -0.252073
5.38318 113.047 -0.578343
16.1495 113.047 -0.919677
26.9159 113.047 -0.988722
37.6822 113.047 -0.978456
48.4486 113.047 -0.921472
59.215 113.047 -0.697833
69.9813 113.047 -0.292656
5.38318 123.813 -0.558192
16.1495 123.813 -0.857686
26.9159 123.813 -0.812426
37.6822 123.813 -0.699396
48.4486 123.813 -0.591305
59.215 123.813 -0.456609
69.9813 123.813 -0.169088
5.38318 134.579 -0.43425
16.1495 134.579 -0.554125
26.9159 134.579 -0.249334
37.6822 134.579 0.0741124
48.4486 134.579 0.388258
59.215 134.579 0.19719
69.9813 134.579 0.298538
5.38318 145.346 -0.116957
16.1495 145.346 0.135712
26.9159 145.346 1.39397
37.6822 145.346 2.42959
48.4486 145.346 2.65107
59.215 145.346 1.86685
69.9813 145.346 1.08424
5.38318 156.112 0.636375
16.1495 156.112 1.51399
26.9159 156.112 2.94912
37.6822 156.112 4.01344
48.4486 156.112 4.07219
59.215 156.112 2.9121
69.9813 156.112 1.59323
5.38318 166.879 1.33398
16.1495 166.879 2.76271
26.9159 166.879 4.51196
37.6822 166.879 5.26815
48.4486 166.879 4.74361
59.215 166.879 3.20519
69.9813 166.879 1.68954
5.38318 177.645 1.56531
16.1495 177.645 3.4417
26.9159 177.645 5.5754
37.6822 177.645 5.8548
48.4486 177.645 4.72151
59.215 177.645 2.95461
69.9813 177.645 1.55201
5.38318 188.411 1.40298
16.1495 188.411 3.38533
26.9159 188.411 5.68578
37.6822 188.411 5.92641
48.4486 188.411 4.6088
59.215 188.411 2.86517
69.9813 188.411 1.48457
5.38318 199.178 0.977183
16.1495 199.178 2.38029
26.9159 199.178 3.85321
37.6822 199.178 3.86572
48.4486 199.178 2.98444
59.215 199.178 1.99889
69.9813 199.178 1.16707
5.38318 209.944 0.641143
16.1495 209.944 1.23033
26.9159 209.944 1.5092
37.6822 209.944 1.35388
48.4486 209.944 1.0507
59.215 209.944 0.954076
69.9813 209.944 0.71793
