37 166
0 146 72 40
0 130 72 72
0 125 72 82
0 72 72 144
0 0 72 216
5.38318 5.38318 0.269119
16.1495 5.38318 0.721384
26.9159 5.38318 1.56687
37.6822 5.38318 1.91447
48.4486 5.38318 1.72244
59.215 5.38318 1.21519
69.9813 5.38318 0.673529
5.38318 16.1495 0.441274
16.1495 16.1495 1.3721
26.9159 16.1495 2.78752
37.6822 16.1495 3.35821
48.4486 16.1495 3.03428
59.215 16.1495 2.13721
69.9813 16.1495 1.18966
5.38318 26.9159 0.218781
16.1495 26.9159 1.15046
26.9159 26.9159 2.80093
37.6822 26.9159 3.3454
48.4486 26.9159 2.98902
59.215 26.9159 2.11107
69.9813 26.9159 1.24313
5.38318 37.6822 0.229286
16.1495 37.6822 0.833218
26.9159 37.6822 2.04209
37.6822 37.6822 2.14281
48.4486 37.6822 1.84978
59.215 37.6822 1.3081
69.9813 37.6822 0.891206
5.38318 48.4486 -0.0209788
16.1495 48.4486 0.0412876
26.9159 48.4486 0.93238
37.6822 48.4486 0.79418
48.4486 48.4486 0.822866
59.215 48.4486 0.678291
69.9813 48.4486 0.649593
5.38318 59.215 -0.205976
16.1495 59.215 -0.334584
26.9159 59.215 -0.103039
37.6822 59.215 -0.191154
48.4486 59.215 -0.102797
59.215 59.215 -0.0244237
69.9813 59.215 0.318064
5.38318 69.9813 -0.3566
16.1495 69.9813 -0.621427
26.9159 69.9813 -0.534045
37.6822 69.9813 -0.614686
48.4486 69.9813 -0.539831
59.215 69.9813 -0.394201
69.9813 69.9813 -0.104757
5.38318 80.7477 -0.418672
16.1495 80.7477 -0.713401
26.9159 80.7477 -0.704692
37.6822 80.7477 -0.751717
48.4486 80.7477 -0.688843
59.215 80.7477 -0.449629
69.9813 80.7477 -0.135286
5.38318 91.514 -0.496895
16.1495 91.514 -0.81414
26.9159 91.514 -0.833963
37.6822 91.514 -0.872781
48.4486 91.514 -0.813078
59.215 91.514 -0.560409
69.9813 91.514 -0.200286
5.38318 102.28 -0.530812
16.1495 102.28 -0.850298
26.9159 102.28 -0.919359
37.6822 102.28 -0.931385
48.4486 102.28 -0.885221
59.215 102.28 -0.642131
69.9813 102.28 -0.253031
5.38318 113.047 -0.57545
16.1495 113.047 -0.915824
26.9159 113.047 -0.985663
37.6822 113.047 -0.983291
48.4486 113.047 -0.936137
59.215 113.047 -0.733085
69.9813 113.047 -0.316865
5.38318 123.813 -0.521468
16.1495 123.813 -0.773229
26.9159 123.813 -0.672541
37.6822 123.813 -0.604497
48.4486 123.813 -0.608971
59.215 123.813 -0.488783
69.9813 123.813 -0.208983
5.38318 134.579 -0.34463
16.1495 134.579 -0.356849
26.9159 134.579 -0.00106899
37.6822 134.579 0.403897
48.4486 134.579 0.160481
59.215 134.579 -0.0330121
69.9813 134.579 0.00816534
5.38318 145.346 0.0294529
16.1495 145.346 0.907976
26.9159 145.346 2.27267
37.6822 145.346 2.80297
48.4486 145.346 2.31012
59.215 145.346 1.39584
69.9813 145.346 0.702503
5.38318 156.112 0.676961
16.1495 156.112 2.13228
26.9159 156.112 3.69955
37.6822 156.112 4.32576
48.4486 156.112 3.69993
59.215 156.112 2.37089
69.9813 156.112 1.2441
5.38318 166.879 1.19943
16.1495 166.879 3.00662
26.9159 166.879 4.69488
37.6822 166.879 5.17647
48.4486 166.879 4.35654
59.215 166.879 2.72613
69.9813 166.879 1.4487
5.38318 177.645 1.27097
16.1495 177.645 2.89329
26.9159 177.645 4.35481
37.6822 177.645 4.63123
48.4486 177.645 4.10617
59.215 177.645 2.61001
69.9813 177.645 1.51906
5.38318 188.411 1.41499
16.1495 188.411 2.77418
26.9159 188.411 3.92637
37.6822 188.411 4.03196
48.4486 188.411 3.70395
59.215 188.411 2.49239
69.9813 188.411 1.51547
5.38318 199.178 1.52771
16.1495 199.178 2.41652
26.9159 199.178 2.87704
37.6822 199.178 2.77491
48.4486 199.178 2.99153
59.215 199.178 2.44508
69.9813 199.178 1.71597
5.38318 209.944 1.24907
16.1495 209.944 1.83602
26.9159 209.944 1.90166
37.6822 209.944 1.62216
48.4486 209.944 1.89634
59.215 209.944 1.79216
69.9813 209.944 1.37375
