37 37
0 17 72 40
0 1 72 72
0 0 72 82
0 0 72 144
0 0 72 216
5.38318 5.38318 0.185219
16.1495 5.38318 0.456433
26.9159 5.38318 0.952938
37.6822 5.38318 1.14286
48.4486 5.38318 1.04524
59.215 5.38318 0.647521
69.9813 5.38318 0.351625
5.38318 16.1495 0.35435
16.1495 16.1495 1.20448
26.9159 16.1495 2.24698
37.6822 16.1495 2.60349
48.4486 16.1495 2.32307
59.215 16.1495 1.5033
69.9813 16.1495 0.808424
5.38318 26.9159 0.511914
16.1495 26.9159 1.69381
26.9159 26.9159 3.05603
37.6822 26.9159 3.5411
48.4486 26.9159 3.10879
59.215 26.9159 1.97891
69.9813 26.9159 0.998259
5.38318 37.6822 0.792887
16.1495 37.6822 1.95815
26.9159 37.6822 3.21347
37.6822 37.6822 3.60363
48.4486 37.6822 3.10509
59.215 37.6822 1.99544
69.9813 37.6822 1.01248
5.38318 48.4486 0.932485
16.1495 48.4486 1.80589
26.9159 48.4486 2.54586
37.6822 48.4486 2.58459
48.4486 48.4486 2.21604
59.215 48.4486 1.55547
69.9813 48.4486 0.920295
5.38318 59.215 0.78074
16.1495 59.215 1.43313
26.9159 59.215 1.63884
37.6822 59.215 1.44448
48.4486 59.215 1.24685
59.215 59.215 1.0334
69.9813 59.215 0.812657
5.38318 69.9813 0.541065
16.1495 69.9813 1.03063
26.9159 69.9813 1.04873
37.6822 69.9813 0.887634
48.4486 69.9813 0.807192
59.215 69.9813 0.847207
69.9813 69.9813 0.77757
5.38318 80.7477 -0.00184724
16.1495 80.7477 0.231567
26.9159 80.7477 0.346242
37.6822 80.7477 0.316546
48.4486 80.7477 0.279144
59.215 80.7477 0.423192
69.9813 80.7477 0.472203
5.38318 91.514 -0.257539
16.1495 91.514 -0.332897
26.9159 91.514 -0.266485
37.6822 91.514 -0.200095
48.4486 91.514 -0.194102
59.215 91.514 -0.112336
69.9813 91.514 0.0190995
5.38318 102.28 -0.295819
16.1495 102.28 -0.41361
26.9159 102.28 -0.334126
37.6822 102.28 -0.277693
48.4486 102.28 -0.26962
59.215 102.28 -0.21032
69.9813 102.28 -0.0845062
5.38318 113.047 -0.277713
16.1495 113.047 -0.409202
26.9159 113.047 -0.374038
37.6822 113.047 -0.358086
48.4486 113.047 -0.34099
59.215 113.047 -0.267218
69.9813 113.047 -0.111744
5.38318 123.813 -0.103724
16.1495 123.813 -0.0915207
26.9159 123.813 -0.00849617
37.6822 123.813 0.0354462
48.4486 123.813 -0.00946775
59.215 123.813 -0.0314139
69.9813 123.813 0.0586756
5.38318 134.579 0.38236
16.1495 134.579 0.784067
26.9159 134.579 1.10814
37.6822 134.579 1.24777
48.4486 134.579 1.17012
59.215 134.579 0.84111
69.9813 134.579 0.58542
5.38318 145.346 1.09976
16.1495 145.346 1.99045
26.9159 145.346 2.48692
37.6822 145.346 2.68653
48.4486 145.346 2.57586
59.215 145.346 1.95377
69.9813 145.346 1.21307
5.38318 156.112 1.36234
16.1495 156.112 2.39107
26.9159 156.112 3.05634
37.6822 156.112 3.30717
48.4486 156.112 3.27683
59.215 156.112 2.60012
69.9813 156.112 1.57961
5.38318 166.879 1.21765
16.1495 166.879 2.17441
26.9159 166.879 2.87097
37.6822 166.879 2.989
48.4486 166.879 2.91978
59.215 166.879 2.38208
69.9813 166.879 1.5103
5.38318 177.645 0.584888
16.1495 177.645 1.23038
26.9159 177.645 2.13826
37.6822 177.645 2.2505
48.4486 177.645 2.02932
59.215 177.645 1.59616
69.9813 177.645 1.04408
5.38318 188.411 0.315228
16.1495 188.411 0.846259
26.9159 188.411 1.96826
37.6822 188.411 2.12382
48.4486 188.411 1.74296
59.215 188.411 1.12733
69.9813 188.411 0.657725
5.38318 199.178 0.135346
16.1495 199.178 0.550765
26.9159 199.178 1.50694
37.6822 199.178 1.55122
48.4486 199.178 1.20759
59.215 199.178 0.728826
69.9813 199.178 0.520887
5.38318 209.944 0.103467
16.1495 209.944 0.343548
26.9159 209.944 0.891233
37.6822 209.944 0.761962
48.4486 209.944 0.626223
59.215 209.944 0.453241
69.9813 209.944 0.450403
