37 26
0 6 72 40
0 0 72 72
0 0 72 82
0 0 72 144
0 0 72 216
5.38318 5.38318 0.994391
16.1495 5.38318 1.71559
26.9159 5.38318 2.36432
37.6822 5.38318 2.4945
48.4486 5.38318 2.21519
59.215 5.38318 1.51617
69.9813 5.38318 0.827244
5.38318 16.1495 1.50124
16.1495 16.1495 2.83323
26.9159 16.1495 4.10902
37.6822 16.1495 4.41293
48.4486 16.1495 3.88717
59.215 16.1495 2.6258
69.9813 16.1495 1.39562
5.38318 26.9159 1.45695
16.1495 26.9159 3.04498
26.9159 26.9159 4.63802
37.6822 26.9159 5.09626
48.4486 26.9159 4.29893
59.215 26.9159 2.79137
69.9813 26.9159 1.3558
5.38318 37.6822 0.805431
16.1495 37.6822 1.92787
26.9159 37.6822 3.05142
37.6822 37.6822 3.33595
48.4486 37.6822 2.62369
59.215 37.6822 1.57289
69.9813 37.6822 0.660026
5.38318 48.4486 0.255056
16.1495 48.4486 0.923665
26.9159 48.4486 1.74489
37.6822 48.4486 2.08448
48.4486 48.4486 1.607
59.215 48.4486 0.873225
69.9813 48.4486 0.326779
5.38318 59.215 -0.016686
16.1495 59.215 0.568598
26.9159 59.215 1.55887
37.6822 59.215 2.07892
48.4486 59.215 1.70967
59.215 59.215 0.830092
69.9813 59.215 0.276756
5.38318 69.9813 -0.113058
16.1495 69.9813 0.191986
26.9159 69.9813 1.33674
37.6822 69.9813 1.91968
48.4486 69.9813 1.5891
59.215 69.9813 0.706323
69.9813 69.9813 0.140583
5.38318 80.7477 -0.214583
16.1495 80.7477 -0.173781
26.9159 80.7477 0.375152
37.6822 80.7477 0.808829
48.4486 80.7477 0.546402
59.215 80.7477 0.0208798
69.9813 80.7477 -0.0821906
5.38318 91.514 -0.292267
16.1495 91.514 -0.409179
26.9159 91.514 -0.320139
37.6822 91.514 -0.274261
48.4486 91.514 -0.306047
59.215 91.514 -0.299678
69.9813 91.514 -0.167343
5.38318 102.28 -0.294798
16.1495 102.28 -0.4489
26.9159 102.28 -0.451295
37.6822 102.28 -0.453258
48.4486 102.28 -0.468334
59.215 102.28 -0.381683
69.9813 102.28 -0.18696
5.38318 113.047 -0.290279
16.1495 113.047 -0.441896
26.9159 113.047 -0.43346
37.6822 113.047 -0.428522
48.4486 113.047 -0.403213
59.215 113.047 -0.318331
69.9813 113.047 -0.135553
5.38318 123.813 -0.231916
16.1495 123.813 -0.353004
26.9159 123.813 -0.287265
37.6822 123.813 -0.285228
48.4486 123.813 -0.25788
59.215 123.813 -0.218531
69.9813 123.813 -0.0827261
5.38318 134.579 -0.0990415
16.1495 134.579 -0.0936377
26.9159 134.579 0.154045
37.6822 134.579 0.236776
48.4486 134.579 0.27711
59.215 134.579 0.137615
69.9813 134.579 0.175059
5.38318 145.346 0.243342
16.1495 145.346 0.651374
26.9159 145.346 1.22687
37.6822 145.346 1.5717
48.4486 145.346 1.55142
59.215 145.346 1.10703
69.9813 145.346 0.655818
5.38318 156.112 0.857555
16.1495 156.112 1.91663
26.9159 156.112 2.81362
37.6822 156.112 3.29808
48.4486 156.112 3.0241
59.215 156.112 2.11862
69.9813 156.112 1.17846
5.38318 166.879 1.41791
16.1495 166.879 2.73698
26.9159 166.879 3.73605
37.6822 166.879 4.33988
48.4486 166.879 3.94934
59.215 166.879 2.79361
69.9813 166.879 1.51178
5.38318 177.645 1.65299
16.1495 177.645 3.0528
26.9159 177.645 3.99464
37.6822 177.645 4.32891
48.4486 177.645 3.86322
59.215 177.645 2.69681
69.9813 177.645 1.48927
5.38318 188.411 1.44652
16.1495 188.411 2.66604
26.9159 188.411 3.30237
37.6822 188.411 3.46521
48.4486 188.411 2.8877
59.215 188.411 2.09842
69.9813 188.411 1.17902
5.38318 199.178 0.846011
16.1495 199.178 1.66478
26.9159 199.178 1.90386
37.6822 199.178 2.00598
48.4486 199.178 1.48807
59.215 199.178 1.23233
69.9813 199.178 0.756576
5.38318 209.944 0.526141
16.1495 209.944 1.07172
26.9159 209.944 0.967366
37.6822 209.944 1.06837
48.4486 209.944 0.640866
59.215 209.944 0.828439
69.9813 209.944 0.593002
