37 188
0 168 72 40
0 144 72 72
0 134 72 82
0 72 72 144
0 0 72 216
5.38318 5.38318 0.869467
16.1495 5.38318 1.48128
26.9159 5.38318 1.9645
37.6822 5.38318 2.11217
48.4486 5.38318 1.93859
59.215 5.38318 1.41206
69.9813 5.38318 0.80843
5.38318 16.1495 1.32457
16.1495 16.1495 2.49724
26.9159 16.1495 3.49109
37.6822 16.1495 3.79705
48.4486 16.1495 3.42884
59.215 16.1495 2.43468
69.9813 16.1495 1.37297
5.38318 26.9159 1.33768
16.1495 26.9159 2.77783
26.9159 26.9159 4.05915
37.6822 26.9159 4.46872
48.4486 26.9159 3.8029
59.215 26.9159 2.51994
69.9813 26.9159 1.30896
5.38318 37.6822 0.855672
16.1495 37.6822 1.95964
26.9159 37.6822 2.94438
37.6822 37.6822 3.19332
48.4486 37.6822 2.4838
59.215 37.6822 1.45882
69.9813 37.6822 0.66622
5.38318 48.4486 0.411116
16.1495 48.4486 1.18509
26.9159 48.4486 1.94774
37.6822 48.4486 2.18744
48.4486 48.4486 1.66152
59.215 48.4486 0.821422
69.9813 48.4486 0.339007
5.38318 59.215 0.124236
16.1495 59.215 0.818144
26.9159 59.215 1.87331
37.6822 59.215 2.28779
48.4486 59.215 1.83111
59.215 59.215 0.863185
69.9813 59.215 0.2964
5.38318 69.9813 -0.0702253
16.1495 69.9813 0.406853
26.9159 69.9813 1.55201
37.6822 69.9813 2.04056
48.4486 69.9813 1.68354
59.215 69.9813 0.719671
69.9813 69.9813 0.188938
5.38318 80.7477 -0.163616
16.1495 80.7477 -0.0523348
26.9159 80.7477 0.701121
37.6822 80.7477 0.952129
48.4486 80.7477 0.657905
59.215 80.7477 0.0192463
69.9813 80.7477 -0.0594305
5.38318 91.514 -0.264399
16.1495 91.514 -0.35963
26.9159 91.514 -0.238669
37.6822 91.514 -0.231177
48.4486 91.514 -0.271369
59.215 91.514 -0.298737
69.9813 91.514 -0.159303
5.38318 102.28 -0.288824
16.1495 102.28 -0.439767
26.9159 102.28 -0.420543
37.6822 102.28 -0.441145
48.4486 102.28 -0.465518
59.215 102.28 -0.394645
69.9813 102.28 -0.192864
5.38318 113.047 -0.300531
16.1495 113.047 -0.45576
26.9159 113.047 -0.463215
37.6822 113.047 -0.44804
48.4486 113.047 -0.432195
59.215 113.047 -0.344583
69.9813 113.047 -0.153658
5.38318 123.813 -0.29383
16.1495 123.813 -0.44569
26.9159 123.813 -0.442872
37.6822 123.813 -0.438261
48.4486 123.813 -0.417095
59.215 123.813 -0.31997
69.9813 123.813 -0.135977
5.38318 134.579 -0.273059
16.1495 134.579 -0.40896
26.9159 134.579 -0.362377
37.6822 134.579 -0.341591
48.4486 134.579 -0.30994
59.215 134.579 -0.222835
69.9813 134.579 -0.0834113
5.38318 145.346 -0.171956
16.1495 145.346 -0.223091
26.9159 145.346 -0.0742015
37.6822 145.346 0.0256992
48.4486 145.346 0.150348
59.215 145.346 0.181387
69.9813 145.346 0.197605
5.38318 156.112 0.019812
16.1495 156.112 0.253161
26.9159 156.112 0.995477
37.6822 156.112 1.49152
48.4486 156.112 1.6143
59.215 156.112 1.21239
69.9813 156.112 0.688348
5.38318 166.879 0.589509
16.1495 166.879 1.27757
26.9159 166.879 2.56684
37.6822 166.879 3.40987
48.4486 166.879 3.45031
59.215 166.879 2.45178
69.9813 166.879 1.24656
5.38318 177.645 1.12423
16.1495 177.645 2.07492
26.9159 177.645 3.78834
37.6822 177.645 5.10366
48.4486 177.645 5.14513
59.215 177.645 3.54742
69.9813 177.645 1.65972
5.38318 188.411 1.30812
16.1495 188.411 2.31762
26.9159 188.411 3.97027
37.6822 188.411 5.20208
48.4486 188.411 5.15372
59.215 188.411 3.51825
69.9813 188.411 1.6156
5.38318 199.178 0.979214
16.1495 199.178 1.64719
26.9159 199.178 2.64043
37.6822 199.178 3.14665
48.4486 199.178 3.09201
59.215 199.178 2.23498
69.9813 199.178 1.13696
5.38318 209.944 0.412418
16.1495 209.944 0.721011
26.9159 209.944 0.985165
37.6822 209.944 0.852288
48.4486 209.944 0.862199
59.215 209.944 0.817411
69.9813 209.944 0.627089
