37 48
0 28 72 40
0 12 72 72
0 7 72 82
0 0 72 144
0 0 72 216
5.38318 5.38318 1.08232
16.1495 5.38318 1.37127
26.9159 5.38318 1.29772
37.6822 5.38318 1.09934
48.4486 5.38318 0.681272
59.215 5.38318 0.483749
69.9813 5.38318 0.269922
5.38318 16.1495 1.7627
16.1495 16.1495 2.47614
26.9159 16.1495 2.61209
37.6822 16.1495 2.38459
48.4486 16.1495 1.93493
59.215 16.1495 1.47575
69.9813 16.1495 0.92332
5.38318 26.9159 1.81531
16.1495 26.9159 2.91879
26.9159 26.9159 3.48539
37.6822 26.9159 3.50789
48.4486 26.9159 3.03311
59.215 26.9159 2.2526
69.9813 26.9159 1.37761
5.38318 37.6822 1.35603
16.1495 37.6822 2.83979
26.9159 37.6822 4.27038
37.6822 37.6822 4.93185
48.4486 37.6822 4.68548
59.215 37.6822 3.51973
69.9813 37.6822 2.0982
5.38318 48.4486 1.09322
16.1495 48.4486 2.6561
26.9159 48.4486 4.3478
37.6822 48.4486 5.24814
48.4486 48.4486 4.94256
59.215 48.4486 3.6513
69.9813 48.4486 2.05064
5.38318 59.215 1.05165
16.1495 59.215 2.2256
26.9159 59.215 3.34201
37.6822 59.215 3.68593
48.4486 59.215 3.30471
59.215 59.215 2.57249
69.9813 59.215 1.49285
5.38318 69.9813 0.341995
16.1495 69.9813 0.595183
26.9159 69.9813 0.821533
37.6822 69.9813 0.676197
48.4486 69.9813 0.331579
59.215 69.9813 0.534435
69.9813 69.9813 0.416732
5.38318 80.7477 -0.144311
16.1495 80.7477 -0.26298
26.9159 80.7477 -0.246369
37.6822 80.7477 -0.331022
48.4486 80.7477 -0.3146
59.215 80.7477 -0.098697
69.9813 80.7477 0.160813
5.38318 91.514 -0.487423
16.1495 91.514 -0.822101
26.9159 91.514 -0.824956
37.6822 91.514 -0.865185
48.4486 91.514 -0.790803
59.215 91.514 -0.55031
69.9813 91.514 -0.215947
5.38318 102.28 -0.563104
16.1495 102.28 -0.912076
26.9159 102.28 -0.975676
37.6822 102.28 -0.973198
48.4486 102.28 -0.909123
59.215 102.28 -0.680511
69.9813 102.28 -0.287789
5.38318 113.047 -0.579787
16.1495 113.047 -0.925773
26.9159 113.047 -1.00134
37.6822 113.047 -0.992819
48.4486 113.047 -0.934628
59.215 113.047 -0.700435
69.9813 113.047 -0.293535
5.38318 123.813 -0.510977
16.1495 123.813 -0.788112
26.9159 123.813 -0.733226
37.6822 123.813 -0.704544
48.4486 123.813 -0.652405
59.215 123.813 -0.433596
69.9813 123.813 -0.148716
5.38318 134.579 -0.301095
16.1495 134.579 -0.325685
26.9159 134.579 -0.0747643
37.6822 134.579 -0.0427873
48.4486 134.579 -0.048781
59.215 134.579 0.140006
69.9813 134.579 0.286077
5.38318 145.346 0.173542
16.1495 145.346 0.998692
26.9159 145.346 2.00475
37.6822 145.346 2.06244
48.4486 145.346 1.88397
59.215 145.346 1.68539
69.9813 145.346 1.151
5.38318 156.112 0.734374
16.1495 156.112 2.09113
26.9159 156.112 3.18521
37.6822 156.112 3.26912
48.4486 156.112 3.09282
59.215 156.112 2.60285
69.9813 156.112 1.72354
5.38318 166.879 1.09009
16.1495 166.879 2.40096
26.9159 166.879 3.35084
37.6822 166.879 3.76926
48.4486 166.879 3.8849
59.215 166.879 3.27947
69.9813 166.879 2.1237
5.38318 177.645 1.14847
16.1495 177.645 2.17825
26.9159 177.645 2.81953
37.6822 177.645 3.39178
48.4486 177.645 3.69232
59.215 177.645 3.15956
69.9813 177.645 2.01427
5.38318 188.411 1.159
16.1495 188.411 2.16002
26.9159 188.411 2.74336
37.6822 188.411 3.39874
48.4486 188.411 3.59811
59.215 188.411 3.09029
69.9813 188.411 1.88899
5.38318 199.178 0.698938
16.1495 199.178 1.57679
26.9159 199.178 2.08993
37.6822 199.178 2.38288
48.4486 199.178 2.18249
59.215 199.178 1.82879
69.9813 199.178 1.15701
5.38318 209.944 0.322836
16.1495 209.944 0.871325
26.9159 209.944 1.20262
37.6822 209.944 1.24045
48.4486 209.944 1.03453
59.215 209.944 0.862622
69.9813 209.944 0.639189
