37 177
0 157 72 40
0 141 72 72
0 134 72 82
0 72 72 144
0 0 72 216
5.38318 5.38318 0.453242
16.1495 5.38318 0.846632
26.9159 5.38318 1.30352
37.6822 5.38318 1.47128
48.4486 5.38318 1.33134
59.215 5.38318 0.894579
69.9813 5.38318 0.506274
5.38318 16.1495 0.799376
16.1495 16.1495 1.7281
26.9159 16.1495 2.70597
37.6822 16.1495 3.08872
48.4486 16.1495 2.7841
59.215 16.1495 1.85268
69.9813 16.1495 1.02527
5.38318 26.9159 1.014
16.1495 26.9159 2.19966
26.9159 26.9159 3.67899
37.6822 26.9159 4.21469
48.4486 26.9159 3.68622
59.215 26.9159 2.32606
69.9813 26.9159 1.1845
5.38318 37.6822 1.11777
16.1495 37.6822 2.29309
26.9159 37.6822 3.77034
37.6822 37.6822 4.14936
48.4486 37.6822 3.50516
59.215 37.6822 2.18412
69.9813 37.6822 1.06181
5.38318 48.4486 1.05411
16.1495 48.4486 1.93541
26.9159 48.4486 2.91323
37.6822 48.4486 2.90429
48.4486 48.4486 2.40301
59.215 48.4486 1.55417
69.9813 48.4486 0.833568
5.38318 59.215 0.568998
16.1495 59.215 0.90163
26.9159 59.215 1.11577
37.6822 59.215 0.862126
48.4486 59.215 0.714493
59.215 59.215 0.695323
69.9813 59.215 0.626579
5.38318 69.9813 -0.013643
16.1495 69.9813 -0.0605429
26.9159 69.9813 -0.0782179
37.6822 69.9813 -0.216952
48.4486 69.9813 -0.174328
59.215 69.9813 0.079657
69.9813 69.9813 0.413875
5.38318 80.7477 -0.364695
16.1495 80.7477 -0.632127
26.9159 80.7477 -0.65703
37.6822 80.7477 -0.726618
48.4486 80.7477 -0.631361
59.215 80.7477 -0.393359
69.9813 80.7477 -0.102173
5.38318 91.514 -0.551692
16.1495 91.514 -0.916004
26.9159 91.514 -1.01613
37.6822 91.514 -1.03788
48.4486 91.514 -0.974138
59.215 91.514 -0.703662
69.9813 91.514 -0.292241
5.38318 102.28 -0.589566
16.1495 102.28 -0.949392
26.9159 102.28 -1.0318
37.6822 102.28 -1.03112
48.4486 102.28 -0.973657
59.215 102.28 -0.759516
69.9813 102.28 -0.331277
5.38318 113.047 -0.581836
16.1495 113.047 -0.92949
26.9159 113.047 -1.01218
37.6822 113.047 -1.01132
48.4486 113.047 -0.957646
59.215 113.047 -0.750278
69.9813 113.047 -0.321325
5.38318 123.813 -0.559918
16.1495 123.813 -0.892526
26.9159 123.813 -0.954186
37.6822 123.813 -0.951473
48.4486 123.813 -0.893888
59.215 123.813 -0.667646
69.9813 123.813 -0.27652
5.38318 134.579 -0.480855
16.1495 134.579 -0.721936
26.9159 134.579 -0.645168
37.6822 134.579 -0.630841
48.4486 134.579 -0.564285
59.215 134.579 -0.432623
69.9813 134.579 -0.147917
5.38318 145.346 -0.248248
16.1495 145.346 -0.265775
26.9159 145.346 -0.00798611
37.6822 145.346 0.230852
48.4486 145.346 0.263135
59.215 145.346 0.126392
69.9813 145.346 0.23153
5.38318 156.112 0.203859
16.1495 156.112 0.917132
26.9159 156.112 1.92
37.6822 156.112 2.42046
48.4486 156.112 2.22189
59.215 156.112 1.48971
69.9813 156.112 0.868076
5.38318 166.879 0.825161
16.1495 166.879 2.17902
26.9159 166.879 3.55658
37.6822 166.879 4.21251
48.4486 166.879 3.68649
59.215 166.879 2.50371
69.9813 166.879 1.30587
5.38318 177.645 1.18729
16.1495 177.645 2.6665
26.9159 177.645 4.30193
37.6822 177.645 4.93613
48.4486 177.645 4.21174
59.215 177.645 2.74904
69.9813 177.645 1.39942
5.38318 188.411 1.10532
16.1495 188.411 2.42989
26.9159 188.411 3.91152
37.6822 188.411 4.22762
48.4486 188.411 3.40544
59.215 188.411 2.1489
69.9813 188.411 1.05427
5.38318 199.178 0.615987
16.1495 199.178 1.36767
26.9159 199.178 2.11086
37.6822 199.178 2.15305
48.4486 199.178 1.71793
59.215 199.178 1.09148
69.9813 199.178 0.787093
5.38318 209.944 0.246738
16.1495 209.944 0.60441
26.9159 209.944 0.795938
37.6822 209.944 0.768329
48.4486 209.944 0.626112
59.215 209.944 0.542572
69.9813 209.944 0.553091
