26 26
0 6 72 40
0 0 72 72
0 0 72 82
0 0 72 144
0 0 72 216
5.38318 5.38318 0.637828
16.1495 5.38318 1.31326
26.9159 5.38318 1.6895
37.6822 5.38318 1.36961
48.4486 5.38318 0.642467
59.215 5.38318 0.108631
69.9813 5.38318 -0.0137273
5.38318 16.1495 0.932809
16.1495 16.1495 2.14515
26.9159 16.1495 2.85072
37.6822 16.1495 2.34496
48.4486 16.1495 1.17984
59.215 16.1495 0.215137
69.9813 16.1495 0.0519762
5.38318 26.9159 0.839253
16.1495 26.9159 2.09046
26.9159 26.9159 2.89709
37.6822 26.9159 2.34151
48.4486 26.9159 0.932665
59.215 26.9159 -0.115009
69.9813 26.9159 -0.107696
5.38318 37.6822 0.66165
16.1495 37.6822 1.5869
26.9159 37.6822 2.31227
37.6822 37.6822 1.79647
48.4486 37.6822 0.855967
59.215 37.6822 0.178958
69.9813 37.6822 0.144863
5.38318 48.4486 0.576314
16.1495 48.4486 1.40007
26.9159 48.4486 2.204
37.6822 48.4486 1.90708
48.4486 48.4486 1.45174
59.215 48.4486 1.05156
69.9813 48.4486 0.719868
5.38318 59.215 0.466884
16.1495 59.215 1.07862
26.9159 59.215 1.65431
37.6822 59.215 1.40948
48.4486 59.215 1.39776
59.215 59.215 1.41476
69.9813 59.215 1.07289
5.38318 69.9813 0.192074
16.1495 69.9813 0.511924
26.9159 69.9813 0.756477
37.6822 69.9813 0.452911
48.4486 69.9813 0.665944
59.215 69.9813 1.00024
69.9813 69.9813 0.920909
5.38318 80.7477 -0.168026
16.1495 80.7477 -0.245597
26.9159 80.7477 -0.324008
37.6822 80.7477 -0.473996
48.4486 80.7477 -0.436569
59.215 80.7477 -0.188273
69.9813 80.7477 0.1867
5.38318 91.514 -0.478514
16.1495 91.514 -0.764953
26.9159 91.514 -0.885423
37.6822 91.514 -0.973884
48.4486 91.514 -0.94262
59.215 91.514 -0.697828
69.9813 91.514 -0.270678
5.38318 102.28 -0.578994
16.1495 102.28 -0.935232
26.9159 102.28 -1.0347
37.6822 102.28 -1.05671
48.4486 102.28 -1.00349
59.215 102.28 -0.792797
69.9813 102.28 -0.341904
5.38318 113.047 -0.588216
16.1495 113.047 -0.937632
26.9159 113.047 -1.01563
37.6822 113.047 -1.00905
48.4486 113.047 -0.956184
59.215 113.047 -0.752751
69.9813 113.047 -0.325695
5.38318 123.813 -0.576543
16.1495 123.813 -0.892663
26.9159 123.813 -0.923002
37.6822 123.813 -0.848554
48.4486 123.813 -0.778152
59.215 123.813 -0.589552
69.9813 123.813 -0.244129
5.38318 134.579 -0.553105
16.1495 134.579 -0.813813
26.9159 134.579 -0.627348
37.6822 134.579 -0.42243
48.4486 134.579 -0.349729
59.215 134.579 -0.29862
69.9813 134.579 -0.100341
5.38318 145.346 -0.510332
16.1495 145.346 -0.604501
26.9159 145.346 -0.161353
37.6822 145.346 0.651346
48.4486 145.346 0.843052
59.215 145.346 0.449805
69.9813 145.346 0.348513
5.38318 156.112 -0.350875
16.1495 156.112 -0.271234
26.9159 156.112 0.764881
37.6822 156.112 1.79856
48.4486 156.112 1.87339
59.215 156.112 1.17845
69.9813 156.112 0.637895
5.38318 166.879 -0.14319
16.1495 166.879 0.19627
26.9159 166.879 1.24892
37.6822 166.879 1.97752
48.4486 166.879 1.81711
59.215 166.879 1.19205
69.9813 166.879 0.616682
5.38318 177.645 0.282398
16.1495 177.645 1.0689
26.9159 177.645 1.6745
37.6822 177.645 1.82558
48.4486 177.645 1.16531
59.215 177.645 0.679765
69.9813 177.645 0.298662
5.38318 188.411 0.559766
16.1495 188.411 1.46615
26.9159 188.411 1.86355
37.6822 188.411 1.77793
48.4486 188.411 0.813153
59.215 188.411 0.339959
69.9813 188.411 0.0734029
5.38318 199.178 0.490703
16.1495 199.178 1.21171
26.9159 199.178 1.498
37.6822 199.178 1.30673
48.4486 199.178 0.414281
59.215 199.178 0.0299502
69.9813 199.178 -0.00228685
5.38318 209.944 0.215495
16.1495 209.944 0.539004
26.9159 209.944 0.618409
37.6822 209.944 0.469387
48.4486 209.944 -0.0304714
59.215 209.944 -0.0841536
69.9813 209.944 0.00631281
