37 26
0 6 72 40
0 0 72 72
0 0 72 82
0 0 72 144
0 0 72 216
5.38318 5.38318 0.0794887
16.1495 5.38318 0.407069
26.9159 5.38318 1.19144
37.6822 5.38318 1.63287
48.4486 5.38318 1.45216
59.215 5.38318 0.914666
69.9813 5.38318 0.373153
5.38318 16.1495 0.236575
16.1495 16.1495 1.01015
26.9159 16.1495 2.25624
37.6822 16.1495 3.01076
48.4486 16.1495 2.66473
59.215 16.1495 1.70009
69.9813 16.1495 0.747107
5.38318 26.9159 0.317089
16.1495 26.9159 1.34544
26.9159 26.9159 2.69406
37.6822 26.9159 3.54898
48.4486 26.9159 3.06043
59.215 26.9159 1.91926
69.9813 26.9159 0.809439
5.38318 37.6822 0.800817
16.1495 37.6822 1.94032
26.9159 37.6822 2.87305
37.6822 37.6822 3.22017
48.4486 37.6822 2.59349
59.215 37.6822 1.66068
69.9813 37.6822 0.763897
5.38318 48.4486 1.05427
16.1495 48.4486 2.18471
26.9159 48.4486 2.73807
37.6822 48.4486 2.83967
48.4486 48.4486 2.37853
59.215 48.4486 1.70266
69.9813 48.4486 0.997508
5.38318 59.215 1.08966
16.1495 59.215 1.98573
26.9159 59.215 2.3989
37.6822 59.215 2.52055
48.4486 59.215 2.4361
59.215 59.215 1.95107
69.9813 59.215 1.22777
5.38318 69.9813 0.681473
16.1495 69.9813 1.17023
26.9159 69.9813 1.57433
37.6822 69.9813 1.84158
48.4486 69.9813 2.03864
59.215 69.9813 1.75407
69.9813 69.9813 1.12438
5.38318 80.7477 0.16463
16.1495 80.7477 0.199323
26.9159 80.7477 0.637249
37.6822 80.7477 0.745385
48.4486 80.7477 0.961313
59.215 80.7477 0.818162
69.9813 80.7477 0.557615
5.38318 91.514 -0.183163
16.1495 91.514 -0.330464
26.9159 91.514 -0.24078
37.6822 91.514 -0.300444
48.4486 91.514 -0.277932
59.215 91.514 -0.222721
69.9813 91.514 -0.1016
5.38318 102.28 -0.270052
16.1495 102.28 -0.436518
26.9159 102.28 -0.409548
37.6822 102.28 -0.429911
48.4486 102.28 -0.417306
59.215 102.28 -0.329706
69.9813 102.28 -0.153538
5.38318 113.047 -0.286574
16.1495 113.047 -0.43232
26.9159 113.047 -0.422038
37.6822 113.047 -0.416251
48.4486 113.047 -0.398013
59.215 113.047 -0.302612
69.9813 113.047 -0.127906
5.38318 123.813 -0.198413
16.1495 123.813 -0.288467
26.9159 123.813 -0.251693
37.6822 123.813 -0.279401
48.4486 123.813 -0.285829
59.215 123.813 -0.223009
69.9813 123.813 -0.0778111
5.38318 134.579 -0.0275559
16.1495 134.579 0.0556312
26.9159 134.579 0.276943
37.6822 134.579 0.128174
48.4486 134.579 0.0333747
59.215 134.579 0.00475843
69.9813 134.579 0.186672
5.38318 145.346 0.298012
16.1495 145.346 0.807861
26.9159 145.346 1.28733
37.6822 145.346 1.14494
48.4486 145.346 1.0195
59.215 145.346 0.735495
69.9813 145.346 0.60281
5.38318 156.112 0.530662
16.1495 156.112 1.45359
26.9159 156.112 2.33775
37.6822 156.112 2.35419
48.4486 156.112 2.19146
59.215 156.112 1.58583
69.9813 156.112 1.10195
5.38318 166.879 0.511827
16.1495 166.879 1.50209
26.9159 166.879 2.66145
37.6822 166.879 3.01534
48.4486 166.879 3.00446
59.215 166.879 2.26948
69.9813 166.879 1.45999
5.38318 177.645 0.532634
16.1495 177.645 1.25258
26.9159 177.645 2.42153
37.6822 177.645 2.9707
48.4486 177.645 3.14565
59.215 177.645 2.45601
69.9813 177.645 1.50829
5.38318 188.411 0.760963
16.1495 188.411 1.47483
26.9159 188.411 2.37059
37.6822 188.411 2.73926
48.4486 188.411 2.77725
59.215 188.411 2.19756
69.9813 188.411 1.34246
5.38318 199.178 0.973094
16.1495 199.178 1.61145
26.9159 199.178 2.09486
37.6822 199.178 1.9904
48.4486 199.178 1.82063
59.215 199.178 1.51752
69.9813 199.178 1.00831
5.38318 209.944 0.743084
16.1495 209.944 1.26816
26.9159 209.944 1.54516
37.6822 209.944 1.21681
48.4486 209.944 1.00137
59.215 209.944 0.828017
69.9813 209.944 0.678948
