37 37
0 17 72 40
0 1 72 72
0 0 72 82
0 0 72 144
0 0 72 216
5.38318 5.38318 0.247232
16.1495 5.38318 0.568348
26.9159 5.38318 1.06724
37.6822 5.38318 1.21442
48.4486 5.38318 1.10464
59.215 5.38318 0.674468
69.9813 5.38318 0.367555
5.38318 16.1495 0.490847
16.1495 16.1495 1.39467
26.9159 16.1495 2.37695
37.6822 16.1495 2.72777
48.4486 16.1495 2.49733
59.215 16.1495 1.64551
69.9813 16.1495 0.913202
5.38318 26.9159 0.855059
16.1495 26.9159 2.0441
26.9159 26.9159 3.35842
37.6822 26.9159 3.82992
48.4486 26.9159 3.4789
59.215 26.9159 2.26886
69.9813 26.9159 1.19666
5.38318 37.6822 1.19424
16.1495 37.6822 2.34657
26.9159 37.6822 3.42681
37.6822 37.6822 3.85961
48.4486 37.6822 3.57226
59.215 37.6822 2.53369
69.9813 37.6822 1.41008
5.38318 48.4486 1.46881
16.1495 48.4486 2.31087
26.9159 48.4486 2.72704
37.6822 48.4486 2.72695
48.4486 48.4486 2.55571
59.215 48.4486 2.12167
69.9813 48.4486 1.35015
5.38318 59.215 1.17104
16.1495 59.215 1.63135
26.9159 59.215 1.53999
37.6822 59.215 1.4175
48.4486 59.215 1.47407
59.215 59.215 1.6604
69.9813 59.215 1.28301
5.38318 69.9813 0.787702
16.1495 69.9813 1.02448
26.9159 69.9813 0.863334
37.6822 69.9813 0.680074
48.4486 69.9813 0.745643
59.215 69.9813 1.21278
69.9813 69.9813 1.0483
5.38318 80.7477 0.0538235
16.1495 80.7477 0.0561772
26.9159 80.7477 0.129847
37.6822 80.7477 0.0858738
48.4486 80.7477 0.191787
59.215 80.7477 0.53775
69.9813 80.7477 0.579496
5.38318 91.514 -0.267591
16.1495 91.514 -0.366327
26.9159 91.514 -0.301872
37.6822 91.514 -0.240771
48.4486 91.514 -0.219053
59.215 91.514 -0.127987
69.9813 91.514 0.0217393
5.38318 102.28 -0.296612
16.1495 102.28 -0.412905
26.9159 102.28 -0.32944
37.6822 102.28 -0.276756
48.4486 102.28 -0.268752
59.215 102.28 -0.214384
69.9813 102.28 -0.0860943
5.38318 113.047 -0.292219
16.1495 113.047 -0.43743
26.9159 113.047 -0.398406
37.6822 113.047 -0.388438
48.4486 113.047 -0.37653
59.215 113.047 -0.30642
69.9813 113.047 -0.136831
5.38318 123.813 -0.235735
16.1495 123.813 -0.325405
26.9159 123.813 -0.21487
37.6822 123.813 -0.194067
48.4486 123.813 -0.219791
59.215 123.813 -0.210141
69.9813 123.813 -0.104624
5.38318 134.579 -0.141246
16.1495 134.579 -0.137229
26.9159 134.579 0.159509
37.6822 134.579 0.246968
48.4486 134.579 0.0900275
59.215 134.579 -0.0346111
69.9813 134.579 -0.0301886
5.38318 145.346 -0.0469328
16.1495 145.346 0.149094
26.9159 145.346 0.823461
37.6822 145.346 1.01298
48.4486 145.346 0.790424
59.215 145.346 0.427403
69.9813 145.346 0.174207
5.38318 156.112 -0.0171913
16.1495 156.112 0.258566
26.9159 156.112 0.957783
37.6822 156.112 1.19883
48.4486 156.112 1.03771
59.215 156.112 0.628398
69.9813 156.112 0.327947
5.38318 166.879 -0.0683548
16.1495 166.879 -0.0335457
26.9159 166.879 0.375637
37.6822 166.879 0.637101
48.4486 166.879 0.841479
59.215 166.879 0.630305
69.9813 166.879 0.455977
5.38318 177.645 0.0311078
16.1495 177.645 -0.035213
26.9159 177.645 -0.143014
37.6822 177.645 -0.166883
48.4486 177.645 0.212111
59.215 177.645 0.526277
69.9813 177.645 0.641629
5.38318 188.411 0.456333
16.1495 188.411 0.494927
26.9159 188.411 -0.000692837
37.6822 188.411 -0.0594026
48.4486 188.411 0.543705
59.215 188.411 1.00999
69.9813 188.411 1.05322
5.38318 199.178 1.06931
16.1495 199.178 1.56012
26.9159 199.178 1.03355
37.6822 199.178 0.753529
48.4486 199.178 1.11566
59.215 199.178 1.62149
69.9813 199.178 1.33004
5.38318 209.944 1.05232
16.1495 209.944 1.677
26.9159 209.944 1.38375
37.6822 209.944 1.07686
48.4486 209.944 1.34776
59.215 209.944 1.63373
69.9813 209.944 1.27399
