37 48
0 28 72 40
0 12 72 72
0 7 72 82
0 0 72 144
0 0 72 216
5.38318 5.38318 1.04771
16.1495 5.38318 1.29317
26.9159 5.38318 1.15505
37.6822 5.38318 0.856285
48.4486 5.38318 0.590602
59.215 5.38318 0.509609
69.9813 5.38318 0.344467
5.38318 16.1495 1.7534
16.1495 16.1495 2.48153
26.9159 16.1495 2.50462
37.6822 16.1495 2.20326
48.4486 16.1495 1.82934
59.215 16.1495 1.4622
69.9813 16.1495 0.906676
5.38318 26.9159 1.89111
16.1495 26.9159 2.91744
26.9159 26.9159 2.93992
37.6822 26.9159 2.79761
48.4486 26.9159 2.48492
59.215 26.9159 2.09638
69.9813 26.9159 1.33767
5.38318 37.6822 1.48295
16.1495 37.6822 2.8009
26.9159 37.6822 3.32422
37.6822 37.6822 3.68484
48.4486 37.6822 3.4894
59.215 37.6822 2.83661
69.9813 37.6822 1.74341
5.38318 48.4486 1.17489
16.1495 48.4486 2.62423
26.9159 48.4486 3.35915
37.6822 48.4486 3.79158
48.4486 48.4486 3.50483
59.215 48.4486 2.71887
69.9813 48.4486 1.65295
5.38318 59.215 0.972209
16.1495 59.215 2.2146
26.9159 59.215 2.76534
37.6822 59.215 2.73964
48.4486 59.215 2.3505
59.215 59.215 1.85727
69.9813 59.215 1.21346
5.38318 69.9813 0.239076
16.1495 69.9813 0.720841
26.9159 69.9813 0.941941
37.6822 69.9813 0.739911
48.4486 69.9813 0.606471
59.215 69.9813 0.690983
69.9813 69.9813 0.654484
5.38318 80.7477 -0.151545
16.1495 80.7477 -0.179602
26.9159 80.7477 -0.0358108
37.6822 80.7477 -0.100679
48.4486 80.7477 -0.045763
59.215 80.7477 0.201394
69.9813 80.7477 0.362751
5.38318 91.514 -0.258865
16.1495 91.514 -0.364026
26.9159 91.514 -0.262827
37.6822 91.514 -0.292428
48.4486 91.514 -0.294312
59.215 91.514 -0.188168
69.9813 91.514 -0.0564328
5.38318 102.28 -0.234409
16.1495 102.28 -0.331024
26.9159 102.28 -0.259509
37.6822 102.28 -0.271788
48.4486 102.28 -0.30161
59.215 102.28 -0.243406
69.9813 102.28 -0.110334
5.38318 113.047 -0.294725
16.1495 113.047 -0.438906
26.9159 113.047 -0.430294
37.6822 113.047 -0.413048
48.4486 113.047 -0.400538
59.215 113.047 -0.310033
69.9813 113.047 -0.134006
5.38318 123.813 -0.251593
16.1495 123.813 -0.347348
26.9159 123.813 -0.30195
37.6822 123.813 -0.270552
48.4486 123.813 -0.274671
59.215 123.813 -0.21593
69.9813 123.813 -0.0840245
5.38318 134.579 -0.128153
16.1495 134.579 -0.143526
26.9159 134.579 -0.0490946
37.6822 134.579 0.00982141
48.4486 134.579 -0.00201419
59.215 134.579 0.00688476
69.9813 134.579 0.108426
5.38318 145.346 0.262706
16.1495 145.346 0.523285
26.9159 145.346 0.815894
37.6822 145.346 0.919967
48.4486 145.346 0.88913
59.215 145.346 0.718265
69.9813 145.346 0.516472
5.38318 156.112 0.852168
16.1495 156.112 1.40587
26.9159 156.112 1.80662
37.6822 156.112 1.85896
48.4486 156.112 1.85403
59.215 156.112 1.53739
69.9813 156.112 1.02246
5.38318 166.879 1.41634
16.1495 166.879 2.23628
26.9159 166.879 2.50009
37.6822 166.879 2.44559
48.4486 166.879 2.34947
59.215 166.879 2.04308
69.9813 166.879 1.32908
5.38318 177.645 1.61894
16.1495 177.645 2.61071
26.9159 177.645 2.84115
37.6822 177.645 2.83536
48.4486 177.645 2.67246
59.215 177.645 2.37041
69.9813 177.645 1.50772
5.38318 188.411 1.39899
16.1495 188.411 2.42062
26.9159 188.411 2.53933
37.6822 188.411 2.68215
48.4486 188.411 2.27267
59.215 188.411 2.11336
69.9813 188.411 1.25246
5.38318 199.178 0.698158
16.1495 199.178 1.52653
26.9159 199.178 1.62265
37.6822 199.178 1.93248
48.4486 199.178 1.52208
59.215 199.178 1.52023
69.9813 199.178 0.891107
5.38318 209.944 0.262956
16.1495 209.944 0.791356
26.9159 209.944 0.76635
37.6822 209.944 0.921256
48.4486 209.944 0.536097
59.215 209.944 0.719716
69.9813 209.944 0.443054
