37 177
0 157 72 40
0 141 72 72
0 134 72 82
0 72 72 144
0 0 72 216
5.38318 5.38318 0.451614
16.1495 5.38318 0.547705
26.9159 5.38318 0.688008
37.6822 5.38318 0.722562
48.4486 5.38318 0.915011
59.215 5.38318 0.877423
69.9813 5.38318 0.648888
5.38318 16.1495 0.824054
16.1495 16.1495 1.50911
26.9159 16.1495 1.97961
37.6822 16.1495 1.92635
48.4486 16.1495 2.02681
59.215 16.1495 1.78348
69.9813 16.1495 1.28884
5.38318 26.9159 0.645508
16.1495 26.9159 1.43902
26.9159 26.9159 2.2796
37.6822 26.9159 2.42014
48.4486 26.9159 2.62259
59.215 26.9159 2.27305
69.9813 26.9159 1.58895
5.38318 37.6822 1.09038
16.1495 37.6822 2.29341
26.9159 37.6822 3.31279
37.6822 37.6822 3.46657
48.4486 37.6822 3.31324
59.215 37.6822 2.56176
69.9813 37.6822 1.62665
5.38318 48.4486 1.17544
16.1495 48.4486 2.38753
26.9159 48.4486 3.54138
37.6822 48.4486 3.72114
48.4486 48.4486 3.4244
59.215 48.4486 2.51384
69.9813 48.4486 1.52426
5.38318 59.215 0.852064
16.1495 59.215 1.70111
26.9159 59.215 2.5999
37.6822 59.215 2.69221
48.4486 59.215 2.6396
59.215 59.215 2.07775
69.9813 59.215 1.41475
5.38318 69.9813 0.0454631
16.1495 69.9813 0.0820472
26.9159 69.9813 0.657542
37.6822 69.9813 0.764523
48.4486 69.9813 1.21204
59.215 69.9813 1.19601
69.9813 69.9813 1.09193
5.38318 80.7477 -0.177499
16.1495 80.7477 -0.298636
26.9159 80.7477 -0.162765
37.6822 80.7477 -0.113551
48.4486 80.7477 0.287725
59.215 80.7477 0.380125
69.9813 80.7477 0.592682
5.38318 91.514 -0.265189
16.1495 91.514 -0.430517
26.9159 91.514 -0.423391
37.6822 91.514 -0.42868
48.4486 91.514 -0.385121
59.215 91.514 -0.315821
69.9813 91.514 -0.108587
5.38318 102.28 -0.290848
16.1495 102.28 -0.437048
26.9159 102.28 -0.442402
37.6822 102.28 -0.446759
48.4486 102.28 -0.452988
59.215 102.28 -0.367642
69.9813 102.28 -0.168062
5.38318 113.047 -0.29066
16.1495 113.047 -0.437165
26.9159 113.047 -0.42279
37.6822 113.047 -0.413015
48.4486 113.047 -0.399962
59.215 113.047 -0.317994
69.9813 113.047 -0.141068
5.38318 123.813 -0.263363
16.1495 123.813 -0.386826
26.9159 123.813 -0.346367
37.6822 123.813 -0.328199
48.4486 123.813 -0.308026
59.215 123.813 -0.241885
69.9813 123.813 -0.0932856
5.38318 134.579 -0.195775
16.1495 134.579 -0.238942
26.9159 134.579 -0.161705
37.6822 134.579 -0.11409
48.4486 134.579 -0.106866
59.215 134.579 -0.0914832
69.9813 134.579 -0.000616993
5.38318 145.346 -0.0843687
16.1495 145.346 0.0381526
26.9159 145.346 0.523375
37.6822 145.346 0.786251
48.4486 145.346 0.772626
59.215 145.346 0.486109
69.9813 145.346 0.343144
5.38318 156.112 0.235142
16.1495 156.112 0.941143
26.9159 156.112 1.90978
37.6822 156.112 2.23291
48.4486 156.112 2.01176
59.215 156.112 1.247
69.9813 156.112 0.691945
5.38318 166.879 0.677011
16.1495 166.879 1.92135
26.9159 166.879 3.39199
37.6822 166.879 3.86107
48.4486 166.879 3.39614
59.215 166.879 2.00459
69.9813 166.879 1.00695
5.38318 177.645 1.05016
16.1495 177.645 2.50415
26.9159 177.645 4.40539
37.6822 177.645 4.88444
48.4486 177.645 4.23182
59.215 177.645 2.44715
69.9813 177.645 1.18856
5.38318 188.411 1.11569
16.1495 188.411 2.46965
26.9159 188.411 4.09705
37.6822 188.411 4.43284
48.4486 188.411 3.78041
59.215 188.411 2.20051
69.9813 188.411 1.11311
5.38318 199.178 0.742432
16.1495 199.178 1.55599
26.9159 199.178 2.3229
37.6822 199.178 2.31956
48.4486 199.178 2.07274
59.215 199.178 1.2938
69.9813 199.178 0.877159
5.38318 209.944 0.490581
16.1495 209.944 1.0591
26.9159 209.944 1.21961
37.6822 209.944 1.06271
48.4486 209.944 0.885983
59.215 209.944 0.699462
69.9813 209.944 0.650504
