48 37
0 17 72 40
0 1 72 72
0 0 72 82
0 0 72 144
0 0 72 216
5.38318 5.38318 0.107782
16.1495 5.38318 0.267331
26.9159 5.38318 0.821225
37.6822 5.38318 1.19733
48.4486 5.38318 1.29646
59.215 5.38318 1.0255
69.9813 5.38318 0.598805
5.38318 16.1495 0.304436
16.1495 16.1495 0.843541
26.9159 16.1495 1.90817
37.6822 16.1495 2.58358
48.4486 16.1495 2.79052
59.215 16.1495 2.17605
69.9813 16.1495 1.27927
5.38318 26.9159 0.347295
16.1495 26.9159 1.10574
26.9159 26.9159 2.54765
37.6822 26.9159 3.7029
48.4486 26.9159 4.06988
59.215 26.9159 3.15203
69.9813 26.9159 1.78269
5.38318 37.6822 0.962929
16.1495 37.6822 1.93992
26.9159 37.6822 3.15474
37.6822 37.6822 4.22698
48.4486 37.6822 4.49036
59.215 37.6822 3.46771
69.9813 37.6822 1.93041
5.38318 48.4486 1.3159
16.1495 48.4486 2.38985
26.9159 48.4486 3.25996
37.6822 48.4486 3.81687
48.4486 48.4486 3.77898
59.215 48.4486 2.95857
69.9813 48.4486 1.67048
5.38318 59.215 1.39691
16.1495 59.215 2.28652
26.9159 59.215 2.59463
37.6822 59.215 2.33705
48.4486 59.215 2.25477
59.215 59.215 2.01307
69.9813 59.215 1.38689
5.38318 69.9813 0.7901
16.1495 69.9813 1.30373
26.9159 69.9813 1.56367
37.6822 69.9813 1.20972
48.4486 69.9813 1.37757
59.215 69.9813 1.42332
69.9813 69.9813 1.17705
5.38318 80.7477 0.0673389
16.1495 80.7477 0.234177
26.9159 80.7477 0.532965
37.6822 80.7477 0.389062
48.4486 80.7477 0.741068
59.215 80.7477 0.884172
69.9813 80.7477 0.895941
5.38318 91.514 -0.261098
16.1495 91.514 -0.352728
26.9159 91.514 -0.270605
37.6822 91.514 -0.246629
48.4486 91.514 -0.16227
59.215 91.514 -0.0591965
69.9813 91.514 0.257826
5.38318 102.28 -0.283282
16.1495 102.28 -0.391167
26.9159 102.28 -0.32272
37.6822 102.28 -0.293118
48.4486 102.28 -0.260372
59.215 102.28 -0.188836
69.9813 102.28 -0.0289205
5.38318 113.047 -0.291063
16.1495 113.047 -0.438508
26.9159 113.047 -0.422536
37.6822 113.047 -0.41466
48.4486 113.047 -0.394887
59.215 113.047 -0.310538
69.9813 113.047 -0.131107
5.38318 123.813 -0.217956
16.1495 123.813 -0.336716
26.9159 123.813 -0.294647
37.6822 123.813 -0.308601
48.4486 123.813 -0.285572
59.215 123.813 -0.212291
69.9813 123.813 -0.0722074
5.38318 134.579 -0.0860801
16.1495 134.579 -0.145373
26.9159 134.579 -0.0893118
37.6822 134.579 -0.127541
48.4486 134.579 -0.0796852
59.215 134.579 -0.0187116
69.9813 134.579 0.145918
5.38318 145.346 0.200119
16.1495 145.346 0.312646
26.9159 145.346 0.568545
37.6822 145.346 0.493936
48.4486 145.346 0.650102
59.215 145.346 0.618404
69.9813 145.346 0.547617
5.38318 156.112 0.503593
16.1495 156.112 0.941707
26.9159 156.112 1.45683
37.6822 156.112 1.41938
48.4486 156.112 1.56973
59.215 156.112 1.31972
69.9813 156.112 0.953634
5.38318 166.879 0.689423
16.1495 166.879 1.4687
26.9159 166.879 2.36576
37.6822 166.879 2.36953
48.4486 166.879 2.34847
59.215 166.879 1.77815
69.9813 166.879 1.19175
5.38318 177.645 0.754975
16.1495 177.645 1.9137
26.9159 177.645 3.30507
37.6822 177.645 3.40961
48.4486 177.645 3.13346
59.215 177.645 2.10815
69.9813 177.645 1.28486
5.38318 188.411 0.732866
16.1495 188.411 2.06616
26.9159 188.411 3.74532
37.6822 188.411 3.96588
48.4486 188.411 3.53217
59.215 188.411 2.16341
69.9813 188.411 1.23544
5.38318 199.178 0.705108
16.1495 199.178 1.8149
26.9159 199.178 3.23674
37.6822 199.178 3.37019
48.4486 199.178 2.88144
59.215 199.178 1.73789
69.9813 199.178 0.999676
5.38318 209.944 0.409004
16.1495 209.944 0.942993
26.9159 209.944 1.67033
37.6822 209.944 1.62325
48.4486 209.944 1.35012
59.215 209.944 0.815368
69.9813 209.944 0.553905
