37 37
0 17 72 40
0 1 72 72
0 0 72 82
0 0 72 144
0 0 72 216
5.38318 5.38318 0.825917
16.1495 5.38318 1.20288
26.9159 5.38318 1.28938
37.6822 5.38318 1.26597
48.4486 5.38318 1.30456
59.215 5.38318 1.21018
69.9813 5.38318 0.767195
5.38318 16.1495 1.31288
16.1495 16.1495 2.08472
26.9159 16.1495 2.44895
37.6822 16.1495 2.4592
48.4486 16.1495 2.4712
59.215 16.1495 2.17358
69.9813 16.1495 1.37392
5.38318 26.9159 1.15992
16.1495 26.9159 2.16057
26.9159 26.9159 2.91993
37.6822 26.9159 3.07456
48.4486 26.9159 2.93358
59.215 26.9159 2.38815
69.9813 26.9159 1.47743
5.38318 37.6822 0.921696
16.1495 37.6822 2.02438
26.9159 37.6822 3.18701
37.6822 37.6822 3.40935
48.4486 37.6822 2.99737
59.215 37.6822 2.04018
69.9813 37.6822 1.18462
5.38318 48.4486 0.661087
16.1495 48.4486 1.66716
26.9159 48.4486 2.81731
37.6822 48.4486 3.05845
48.4486 48.4486 2.69236
59.215 48.4486 1.80981
69.9813 48.4486 1.09696
5.38318 59.215 0.656411
16.1495 59.215 1.33013
26.9159 59.215 2.17266
37.6822 59.215 2.18816
48.4486 59.215 1.93713
59.215 59.215 1.46287
69.9813 59.215 1.01416
5.38318 69.9813 0.21939
16.1495 69.9813 0.239055
26.9159 69.9813 0.449531
37.6822 69.9813 0.357514
48.4486 69.9813 0.426161
59.215 69.9813 0.762259
69.9813 69.9813 0.753057
5.38318 80.7477 -0.16552
16.1495 80.7477 -0.309867
26.9159 80.7477 -0.296753
37.6822 80.7477 -0.361716
48.4486 80.7477 -0.327998
59.215 80.7477 -0.088271
69.9813 80.7477 0.232017
5.38318 91.514 -0.477481
16.1495 91.514 -0.802984
26.9159 91.514 -0.843224
37.6822 91.514 -0.882922
48.4486 91.514 -0.818107
59.215 91.514 -0.555377
69.9813 91.514 -0.204598
5.38318 102.28 -0.570817
16.1495 102.28 -0.923699
26.9159 102.28 -1.0041
37.6822 102.28 -1.00708
48.4486 102.28 -0.954929
59.215 102.28 -0.729126
69.9813 102.28 -0.315653
5.38318 113.047 -0.555124
16.1495 113.047 -0.886445
26.9159 113.047 -0.962025
37.6822 113.047 -0.9634
48.4486 113.047 -0.914439
59.215 113.047 -0.689356
69.9813 113.047 -0.28926
5.38318 123.813 -0.48716
16.1495 123.813 -0.752836
26.9159 123.813 -0.755256
37.6822 123.813 -0.743939
48.4486 123.813 -0.687124
59.215 123.813 -0.485756
69.9813 123.813 -0.172732
5.38318 134.579 -0.188742
16.1495 134.579 -0.28631
26.9159 134.579 -0.267309
37.6822 134.579 -0.285485
48.4486 134.579 -0.249075
59.215 134.579 -0.0991413
69.9813 134.579 0.172209
5.38318 145.346 0.176217
16.1495 145.346 0.406469
26.9159 145.346 0.711962
37.6822 145.346 0.774131
48.4486 145.346 0.916479
59.215 145.346 0.952422
69.9813 145.346 0.813189
5.38318 156.112 0.897363
16.1495 156.112 1.60622
26.9159 156.112 2.04014
37.6822 156.112 2.06279
48.4486 156.112 2.08794
59.215 156.112 1.85729
69.9813 156.112 1.28237
5.38318 166.879 0.964673
16.1495 166.879 1.80916
26.9159 166.879 2.35507
37.6822 166.879 2.53142
48.4486 166.879 2.552
59.215 166.879 2.14311
69.9813 166.879 1.40034
5.38318 177.645 1.09464
16.1495 177.645 2.10231
26.9159 177.645 2.7095
37.6822 177.645 2.86003
48.4486 177.645 2.5441
59.215 177.645 1.98759
69.9813 177.645 1.23486
5.38318 188.411 1.02277
16.1495 188.411 2.02241
26.9159 188.411 2.71974
37.6822 188.411 2.83644
48.4486 188.411 2.28197
59.215 188.411 1.68103
69.9813 188.411 0.942378
5.38318 199.178 0.837842
16.1495 199.178 1.71267
26.9159 199.178 2.29301
37.6822 199.178 2.19141
48.4486 199.178 1.47057
59.215 199.178 1.02278
69.9813 199.178 0.591877
5.38318 209.944 0.35357
16.1495 209.944 0.732134
26.9159 209.944 1.06847
37.6822 209.944 0.941691
48.4486 209.944 0.546273
59.215 209.944 0.470195
69.9813 209.944 0.315548
