48 37
0 17 72 40
0 1 72 72
0 0 72 82
0 0 72 144
0 0 72 216
5.38318 5.38318 0.260215
16.1495 5.38318 0.479105
26.9159 5.38318 0.996998
37.6822 5.38318 1.19381
48.4486 5.38318 1.23188
59.215 5.38318 1.02893
69.9813 5.38318 0.654673
5.38318 16.1495 0.517589
16.1495 16.1495 1.28469
26.9159 16.1495 2.25501
37.6822 16.1495 2.69892
48.4486 16.1495 2.81574
59.215 16.1495 2.32865
69.9813 16.1495 1.43864
5.38318 26.9159 0.625706
16.1495 26.9159 1.6441
26.9159 26.9159 3.05259
37.6822 26.9159 3.928
48.4486 26.9159 4.21365
59.215 26.9159 3.56353
69.9813 26.9159 2.14543
5.38318 37.6822 1.05496
16.1495 37.6822 2.17679
26.9159 37.6822 3.44048
37.6822 37.6822 4.37022
48.4486 37.6822 4.6318
59.215 37.6822 3.89865
69.9813 37.6822 2.33299
5.38318 48.4486 1.16986
16.1495 48.4486 2.04515
26.9159 48.4486 2.8533
37.6822 48.4486 3.29182
48.4486 48.4486 3.2388
59.215 48.4486 2.68937
69.9813 48.4486 1.63686
5.38318 59.215 0.769893
16.1495 59.215 1.20931
26.9159 59.215 1.31244
37.6822 59.215 1.1641
48.4486 59.215 0.782368
59.215 59.215 0.621641
69.9813 59.215 0.50548
5.38318 69.9813 -0.0362661
16.1495 69.9813 -0.0670067
26.9159 69.9813 -0.111381
37.6822 69.9813 -0.200215
48.4486 69.9813 -0.32938
59.215 69.9813 -0.249332
69.9813 69.9813 -0.0606128
5.38318 80.7477 -0.3439
16.1495 80.7477 -0.568715
26.9159 80.7477 -0.669049
37.6822 80.7477 -0.698915
48.4486 80.7477 -0.730675
59.215 80.7477 -0.498967
69.9813 80.7477 -0.187697
5.38318 91.514 -0.529589
16.1495 91.514 -0.866014
26.9159 91.514 -0.978986
37.6822 91.514 -0.987401
48.4486 91.514 -0.96861
59.215 91.514 -0.728053
69.9813 91.514 -0.319321
5.38318 102.28 -0.584295
16.1495 102.28 -0.942876
26.9159 102.28 -1.03759
37.6822 102.28 -1.03588
48.4486 102.28 -0.991463
59.215 102.28 -0.776174
69.9813 102.28 -0.340924
5.38318 113.047 -0.574237
16.1495 113.047 -0.918313
26.9159 113.047 -0.995557
37.6822 113.047 -0.996186
48.4486 113.047 -0.942548
59.215 113.047 -0.734131
69.9813 113.047 -0.312897
5.38318 123.813 -0.538224
16.1495 123.813 -0.833921
26.9159 123.813 -0.823871
37.6822 123.813 -0.79473
48.4486 123.813 -0.731022
59.215 123.813 -0.553904
69.9813 123.813 -0.217716
5.38318 134.579 -0.387093
16.1495 134.579 -0.518237
26.9159 134.579 -0.364336
37.6822 134.579 -0.294641
48.4486 134.579 -0.272602
59.215 134.579 -0.231518
69.9813 134.579 -0.0514492
5.38318 145.346 -0.132618
16.1495 145.346 0.0942756
26.9159 145.346 0.930486
37.6822 145.346 1.37665
48.4486 145.346 1.22551
59.215 145.346 0.787655
69.9813 145.346 0.512569
5.38318 156.112 0.352016
16.1495 156.112 1.31645
26.9159 156.112 2.36275
37.6822 156.112 2.87178
48.4486 156.112 2.54586
59.215 156.112 1.80089
69.9813 156.112 0.982903
5.38318 166.879 0.705491
16.1495 166.879 1.97401
26.9159 166.879 3.20199
37.6822 166.879 3.7752
48.4486 166.879 3.23678
59.215 166.879 2.20261
69.9813 166.879 1.1623
5.38318 177.645 0.854529
16.1495 177.645 2.05862
26.9159 177.645 3.25553
37.6822 177.645 3.65356
48.4486 177.645 3.08364
59.215 177.645 2.10941
69.9813 177.645 1.13129
5.38318 188.411 0.910346
16.1495 188.411 1.97987
26.9159 188.411 2.9909
37.6822 188.411 3.0875
48.4486 188.411 2.49125
59.215 188.411 1.68002
69.9813 188.411 0.89219
5.38318 199.178 0.906621
16.1495 199.178 1.67123
26.9159 199.178 2.00623
37.6822 199.178 1.94284
48.4486 199.178 1.72871
59.215 199.178 1.48513
69.9813 199.178 1.04128
5.38318 209.944 0.786197
16.1495 209.944 1.35443
26.9159 209.944 1.40372
37.6822 209.944 1.23524
48.4486 209.944 1.17486
59.215 209.944 1.12945
69.9813 209.944 0.840189
