26 166
0 146 72 40
0 130 72 72
0 125 72 82
0 72 72 144
0 0 72 216
5.38318 5.38318 0.447066
16.1495 5.38318 0.791536
26.9159 5.38318 1.28791
37.6822 5.38318 1.50371
48.4486 5.38318 1.58585
59.215 5.38318 1.34514
69.9813 5.38318 0.83771
5.38318 16.1495 0.799456
16.1495 16.1495 1.48195
26.9159 16.1495 2.28705
37.6822 16.1495 2.5125
48.4486 16.1495 2.63925
59.215 16.1495 2.21468
69.9813 16.1495 1.4265
5.38318 26.9159 0.835448
16.1495 26.9159 1.57961
26.9159 26.9159 2.57643
37.6822 26.9159 2.67253
48.4486 26.9159 2.69637
59.215 26.9159 2.25249
69.9813 26.9159 1.46474
5.38318 37.6822 0.755755
16.1495 37.6822 1.42765
26.9159 37.6822 2.40406
37.6822 37.6822 2.41563
48.4486 37.6822 2.2899
59.215 37.6822 1.73549
69.9813 37.6822 1.07762
5.38318 48.4486 0.309132
16.1495 48.4486 0.929419
26.9159 48.4486 2.10925
37.6822 48.4486 2.52752
48.4486 48.4486 2.52396
59.215 48.4486 1.87726
69.9813 48.4486 1.09718
5.38318 59.215 -0.0804266
16.1495 59.215 0.346049
26.9159 59.215 1.52875
37.6822 59.215 2.37558
48.4486 59.215 2.57766
59.215 59.215 2.0809
69.9813 59.215 1.23483
5.38318 69.9813 -0.237661
16.1495 69.9813 -0.157572
26.9159 69.9813 0.684645
37.6822 69.9813 1.77201
48.4486 69.9813 2.07109
59.215 69.9813 1.87928
69.9813 69.9813 1.15706
5.38318 80.7477 -0.270187
16.1495 80.7477 -0.316287
26.9159 80.7477 -0.125677
37.6822 80.7477 0.504055
48.4486 80.7477 0.706434
59.215 80.7477 0.888055
69.9813 80.7477 0.602935
5.38318 91.514 -0.292295
16.1495 91.514 -0.425441
26.9159 91.514 -0.383978
37.6822 91.514 -0.279054
48.4486 91.514 -0.312181
59.215 91.514 -0.156653
69.9813 91.514 -0.0718854
5.38318 102.28 -0.299964
16.1495 102.28 -0.450991
26.9159 102.28 -0.466657
37.6822 102.28 -0.448769
48.4486 102.28 -0.464568
59.215 102.28 -0.364436
69.9813 102.28 -0.181106
5.38318 113.047 -0.29636
16.1495 113.047 -0.446062
26.9159 113.047 -0.450795
37.6822 113.047 -0.437693
48.4486 113.047 -0.425913
59.215 113.047 -0.336685
69.9813 113.047 -0.153056
5.38318 123.813 -0.237853
16.1495 123.813 -0.332719
26.9159 123.813 -0.277763
37.6822 123.813 -0.301021
48.4486 123.813 -0.331198
59.215 123.813 -0.301875
69.9813 123.813 -0.139379
5.38318 134.579 -0.0780466
16.1495 134.579 -0.00188382
26.9159 134.579 0.293849
37.6822 134.579 0.110774
48.4486 134.579 -0.112406
59.215 134.579 -0.209287
69.9813 134.579 -0.108315
5.38318 145.346 0.354901
16.1495 145.346 1.06117
26.9159 145.346 1.58838
37.6822 145.346 1.24539
48.4486 145.346 0.549279
59.215 145.346 -0.0533643
69.9813 145.346 -0.0549186
5.38318 156.112 0.893624
16.1495 156.112 2.02394
26.9159 156.112 2.68987
37.6822 156.112 2.20408
48.4486 156.112 1.197
59.215 156.112 0.23801
69.9813 156.112 0.0314465
5.38318 166.879 1.14385
16.1495 166.879 2.40466
26.9159 166.879 3.10365
37.6822 166.879 2.58431
48.4486 166.879 1.56307
59.215 166.879 0.545665
69.9813 166.879 0.248734
5.38318 177.645 1.24966
16.1495 177.645 2.34676
26.9159 177.645 2.93832
37.6822 177.645 2.49748
48.4486 177.645 1.79789
59.215 177.645 0.89838
69.9813 177.645 0.527045
5.38318 188.411 1.01742
16.1495 188.411 1.95028
26.9159 188.411 2.51811
37.6822 188.411 2.45835
48.4486 188.411 2.19782
59.215 188.411 1.51776
69.9813 188.411 0.97343
5.38318 199.178 0.767194
16.1495 199.178 1.64336
26.9159 199.178 2.29791
37.6822 199.178 2.55648
48.4486 199.178 2.61885
59.215 199.178 2.05816
69.9813 199.178 1.3493
5.38318 209.944 0.437129
16.1495 209.944 1.07115
26.9159 209.944 1.61498
37.6822 209.944 1.99585
48.4486 209.944 2.24966
59.215 209.944 1.91467
69.9813 209.944 1.26957
