37 166
0 146 72 40
0 130 72 72
0 125 72 82
0 72 72 144
0 0 72 216
5.38318 5.38318 0.492259
16.1495 5.38318 0.951532
26.9159 5.38318 1.52776
37.6822 5.38318 1.68887
48.4486 5.38318 1.50662
59.215 5.38318 1.04268
69.9813 5.38318 0.53955
5.38318 16.1495 0.840674
16.1495 16.1495 1.89396
26.9159 16.1495 3.12234
37.6822 16.1495 3.50348
48.4486 16.1495 3.16032
59.215 16.1495 2.09933
69.9813 16.1495 1.10968
5.38318 26.9159 1.06313
16.1495 26.9159 2.33876
26.9159 26.9159 4.10204
37.6822 26.9159 4.55372
48.4486 26.9159 4.08068
59.215 26.9159 2.59862
69.9813 26.9159 1.34464
5.38318 37.6822 1.11852
16.1495 37.6822 2.29882
26.9159 37.6822 3.89312
37.6822 37.6822 4.13363
48.4486 37.6822 3.65549
59.215 37.6822 2.30689
69.9813 37.6822 1.25163
5.38318 48.4486 1.02885
16.1495 48.4486 1.77282
26.9159 48.4486 2.57905
37.6822 48.4486 2.4183
48.4486 48.4486 2.19497
59.215 48.4486 1.56458
69.9813 48.4486 1.07222
5.38318 59.215 0.601873
16.1495 59.215 0.909977
26.9159 59.215 0.946687
37.6822 59.215 0.800061
48.4486 59.215 0.864291
59.215 59.215 1.06455
69.9813 59.215 0.951657
5.38318 69.9813 -0.0094146
16.1495 69.9813 -0.0432511
26.9159 69.9813 -0.131358
37.6822 69.9813 -0.109489
48.4486 69.9813 0.07055
59.215 69.9813 0.645599
69.9813 69.9813 0.748429
5.38318 80.7477 -0.22866
16.1495 80.7477 -0.37749
26.9159 80.7477 -0.403033
37.6822 80.7477 -0.390779
48.4486 80.7477 -0.326634
59.215 80.7477 -0.0771838
69.9813 80.7477 0.248686
5.38318 91.514 -0.499111
16.1495 91.514 -0.808392
26.9159 91.514 -0.838508
37.6822 91.514 -0.840352
48.4486 91.514 -0.796317
59.215 91.514 -0.560911
69.9813 91.514 -0.223654
5.38318 102.28 -0.563379
16.1495 102.28 -0.89788
26.9159 102.28 -0.962646
37.6822 102.28 -0.954487
48.4486 102.28 -0.903117
59.215 102.28 -0.675016
69.9813 102.28 -0.28331
5.38318 113.047 -0.548847
16.1495 113.047 -0.892932
26.9159 113.047 -0.991057
37.6822 113.047 -0.99568
48.4486 113.047 -0.928079
59.215 113.047 -0.657922
69.9813 113.047 -0.252093
5.38318 123.813 -0.350086
16.1495 123.813 -0.629254
26.9159 123.813 -0.739118
37.6822 123.813 -0.749915
48.4486 123.813 -0.635483
59.215 123.813 -0.301747
69.9813 123.813 0.0138992
5.38318 134.579 0.247835
16.1495 134.579 0.162269
26.9159 134.579 0.0371306
37.6822 134.579 0.0304223
48.4486 134.579 0.382371
59.215 134.579 0.9478
69.9813 134.579 1.02029
5.38318 145.346 1.40285
16.1495 145.346 2.13885
26.9159 145.346 2.38651
37.6822 145.346 2.37852
48.4486 145.346 2.51503
59.215 145.346 2.72487
69.9813 145.346 2.08993
5.38318 156.112 1.92383
16.1495 156.112 3.28141
26.9159 156.112 4.24466
37.6822 156.112 4.27689
48.4486 156.112 4.12212
59.215 156.112 3.73237
69.9813 156.112 2.59926
5.38318 166.879 1.51176
16.1495 166.879 2.97356
26.9159 166.879 4.56917
37.6822 166.879 4.81764
48.4486 166.879 4.26179
59.215 166.879 3.31875
69.9813 166.879 2.05628
5.38318 177.645 0.455614
16.1495 177.645 1.67256
26.9159 177.645 3.24099
37.6822 177.645 3.43125
48.4486 177.645 2.6601
59.215 177.645 1.43143
69.9813 177.645 0.726082
5.38318 188.411 -0.117548
16.1495 188.411 0.266283
26.9159 188.411 1.41105
37.6822 188.411 1.5959
48.4486 188.411 0.942292
59.215 188.411 0.155676
69.9813 188.411 0.00568122
5.38318 199.178 -0.254513
16.1495 199.178 -0.139635
26.9159 199.178 0.66032
37.6822 199.178 0.867844
48.4486 199.178 0.347306
59.215 199.178 -0.117336
69.9813 199.178 -0.0461655
5.38318 209.944 -0.20338
16.1495 209.944 -0.0895122
26.9159 209.944 0.627234
37.6822 209.944 0.925384
48.4486 209.944 0.614892
59.215 209.944 0.17076
69.9813 209.944 0.116954
