37 188
0 168 72 40
0 144 72 72
0 134 72 82
0 72 72 144
0 0 72 216
5.38318 5.38318 0.470924
16.1495 5.38318 0.897446
26.9159 5.38318 1.37792
37.6822 5.38318 1.54642
48.4486 5.38318 1.45259
59.215 5.38318 0.995209
69.9813 5.38318 0.566933
5.38318 16.1495 0.807204
16.1495 16.1495 1.78827
26.9159 16.1495 2.8397
37.6822 16.1495 3.27868
48.4486 16.1495 3.10957
59.215 16.1495 2.1038
69.9813 16.1495 1.1775
5.38318 26.9159 1.0093
16.1495 26.9159 2.32813
26.9159 26.9159 4.02905
37.6822 26.9159 4.61318
48.4486 26.9159 4.24992
59.215 26.9159 2.75604
69.9813 26.9159 1.45805
5.38318 37.6822 1.07815
16.1495 37.6822 2.44358
26.9159 37.6822 4.26495
37.6822 37.6822 4.74973
48.4486 37.6822 4.22247
59.215 37.6822 2.66636
69.9813 37.6822 1.39887
5.38318 48.4486 0.966014
16.1495 48.4486 2.1234
26.9159 48.4486 3.47204
37.6822 48.4486 3.57831
48.4486 48.4486 3.01973
59.215 48.4486 1.94655
69.9813 48.4486 1.05662
5.38318 59.215 0.601072
16.1495 59.215 1.23659
26.9159 59.215 1.62253
37.6822 59.215 1.45247
48.4486 59.215 1.16677
59.215 59.215 0.966523
69.9813 59.215 0.771873
5.38318 69.9813 0.13045
16.1495 69.9813 0.422425
26.9159 69.9813 0.406623
37.6822 69.9813 0.272239
48.4486 69.9813 0.164563
59.215 69.9813 0.518375
69.9813 69.9813 0.628753
5.38318 80.7477 -0.24978
16.1495 80.7477 -0.38576
26.9159 80.7477 -0.452342
37.6822 80.7477 -0.487883
48.4486 80.7477 -0.385217
59.215 80.7477 -0.105433
69.9813 80.7477 0.290917
5.38318 91.514 -0.551462
16.1495 91.514 -0.908293
26.9159 91.514 -1.01382
37.6822 91.514 -1.00953
48.4486 91.514 -0.916476
59.215 91.514 -0.610865
69.9813 91.514 -0.223992
5.38318 102.28 -0.590528
16.1495 102.28 -0.953143
26.9159 102.28 -1.04383
37.6822 102.28 -1.03858
48.4486 102.28 -0.981142
59.215 102.28 -0.765479
69.9813 102.28 -0.334498
5.38318 113.047 -0.57256
16.1495 113.047 -0.91368
26.9159 113.047 -0.983244
37.6822 113.047 -0.980315
48.4486 113.047 -0.925072
59.215 113.047 -0.708943
69.9813 113.047 -0.298441
5.38318 123.813 -0.526904
16.1495 123.813 -0.827941
26.9159 123.813 -0.780885
37.6822 123.813 -0.770427
48.4486 123.813 -0.689282
59.215 123.813 -0.525833
69.9813 123.813 -0.19628
5.38318 134.579 -0.331006
16.1495 134.579 -0.458688
26.9159 134.579 -0.282406
37.6822 134.579 -0.264373
48.4486 134.579 -0.207657
59.215 134.579 -0.176877
69.9813 134.579 -0.00216598
5.38318 145.346 -0.0705148
16.1495 145.346 0.200628
26.9159 145.346 1.02887
37.6822 145.346 1.23792
48.4486 145.346 1.22682
59.215 145.346 0.760977
69.9813 145.346 0.560429
5.38318 156.112 0.480479
16.1495 156.112 1.55773
26.9159 156.112 2.70634
37.6822 156.112 3.10541
48.4486 156.112 2.79687
59.215 156.112 1.92385
69.9813 156.112 1.07592
5.38318 166.879 0.876004
16.1495 166.879 2.36583
26.9159 166.879 3.83422
37.6822 166.879 4.38091
48.4486 166.879 3.79492
59.215 166.879 2.45374
69.9813 166.879 1.31814
5.38318 177.645 1.24947
16.1495 177.645 2.85126
26.9159 177.645 4.51542
37.6822 177.645 5.09203
48.4486 177.645 4.38764
59.215 177.645 2.91824
69.9813 177.645 1.54817
5.38318 188.411 1.78897
16.1495 188.411 3.55932
26.9159 188.411 4.96305
37.6822 188.411 5.23289
48.4486 188.411 4.51326
59.215 188.411 3.16672
69.9813 188.411 1.78457
5.38318 199.178 2.29205
16.1495 199.178 4.00014
26.9159 199.178 4.44048
37.6822 199.178 4.40285
48.4486 199.178 4.11245
59.215 199.178 3.64556
69.9813 199.178 2.34368
5.38318 209.944 1.99281
16.1495 209.944 3.33238
26.9159 209.944 3.29147
37.6822 209.944 2.98169
48.4486 209.944 2.92462
59.215 209.944 2.93228
69.9813 209.944 2.04681
