37 48
0 28 72 40
0 12 72 72
0 7 72 82
0 0 72 144
0 0 72 216
5.38318 5.38318 1.09307
16.1495 5.38318 1.37075
26.9159 5.38318 1.27033
37.6822 5.38318 1.06211
48.4486 5.38318 0.642976
59.215 5.38318 0.471023
69.9813 5.38318 0.268313
5.38318 16.1495 1.76186
16.1495 16.1495 2.43459
26.9159 16.1495 2.51779
37.6822 16.1495 2.28351
48.4486 16.1495 1.84373
59.215 16.1495 1.44232
69.9813 16.1495 0.908947
5.38318 26.9159 1.79314
16.1495 26.9159 2.73519
26.9159 26.9159 3.12503
37.6822 26.9159 3.07073
48.4486 26.9159 2.70914
59.215 26.9159 2.13732
69.9813 26.9159 1.35764
5.38318 37.6822 1.27642
16.1495 37.6822 2.48889
26.9159 37.6822 3.60769
37.6822 37.6822 4.14411
48.4486 37.6822 4.11803
59.215 37.6822 3.3135
69.9813 37.6822 2.05259
5.38318 48.4486 1.02289
16.1495 48.4486 2.28956
26.9159 48.4486 3.57394
37.6822 48.4486 4.31238
48.4486 48.4486 4.26139
59.215 48.4486 3.37208
69.9813 48.4486 2.0048
5.38318 59.215 0.96353
16.1495 59.215 2.00913
26.9159 59.215 2.88902
37.6822 59.215 3.18319
48.4486 59.215 2.92907
59.215 59.215 2.39769
69.9813 59.215 1.44788
5.38318 69.9813 0.260785
16.1495 69.9813 0.54197
26.9159 69.9813 0.744494
37.6822 69.9813 0.631666
48.4486 69.9813 0.300148
59.215 69.9813 0.480225
69.9813 69.9813 0.406767
5.38318 80.7477 -0.184843
16.1495 80.7477 -0.304182
26.9159 80.7477 -0.27035
37.6822 80.7477 -0.330046
48.4486 80.7477 -0.30562
59.215 80.7477 -0.108328
69.9813 80.7477 0.140399
5.38318 91.514 -0.506134
16.1495 91.514 -0.836708
26.9159 91.514 -0.842382
37.6822 91.514 -0.87456
48.4486 91.514 -0.790206
59.215 91.514 -0.554548
69.9813 91.514 -0.217695
5.38318 102.28 -0.567202
16.1495 102.28 -0.918167
26.9159 102.28 -0.981841
37.6822 102.28 -0.978952
48.4486 102.28 -0.913714
59.215 102.28 -0.688047
69.9813 102.28 -0.292144
5.38318 113.047 -0.58867
16.1495 113.047 -0.944712
26.9159 113.047 -1.02973
37.6822 113.047 -1.03009
48.4486 113.047 -0.97198
59.215 113.047 -0.766728
69.9813 113.047 -0.329715
5.38318 123.813 -0.585466
16.1495 123.813 -0.93333
26.9159 123.813 -1.0038
37.6822 123.813 -0.988785
48.4486 123.813 -0.922749
59.215 123.813 -0.705255
69.9813 123.813 -0.295837
5.38318 134.579 -0.582606
16.1495 134.579 -0.916405
26.9159 134.579 -0.950083
37.6822 134.579 -0.875428
48.4486 134.579 -0.735756
59.215 134.579 -0.539806
69.9813 134.579 -0.199214
5.38318 145.346 -0.560175
16.1495 145.346 -0.845725
26.9159 145.346 -0.721948
37.6822 145.346 -0.503291
48.4486 145.346 -0.304339
59.215 145.346 -0.243706
69.9813 145.346 -0.0110173
5.38318 156.112 -0.474696
16.1495 156.112 -0.605109
26.9159 156.112 -0.283369
37.6822 156.112 0.251083
48.4486 156.112 0.755259
59.215 156.112 0.490282
69.9813 156.112 0.51034
5.38318 166.879 -0.269904
16.1495 166.879 -0.201046
26.9159 166.879 0.539534
37.6822 166.879 1.31703
48.4486 166.879 1.44749
59.215 166.879 0.985486
69.9813 166.879 0.691852
5.38318 177.645 -0.00863526
16.1495 177.645 0.640153
26.9159 177.645 1.49352
37.6822 177.645 1.86385
48.4486 177.645 1.51023
59.215 177.645 0.958051
69.9813 177.645 0.581226
5.38318 188.411 0.271171
16.1495 188.411 1.03192
26.9159 188.411 1.65975
37.6822 188.411 1.69078
48.4486 188.411 1.00148
59.215 188.411 0.608001
69.9813 188.411 0.346954
5.38318 199.178 0.16521
16.1495 199.178 0.698783
26.9159 199.178 1.05862
37.6822 199.178 1.02967
48.4486 199.178 0.633566
59.215 199.178 0.374644
69.9813 199.178 0.348025
5.38318 209.944 -0.0235174
16.1495 209.944 0.172766
26.9159 209.944 0.362312
37.6822 209.944 0.368801
48.4486 209.944 0.300117
59.215 209.944 0.230621
69.9813 209.944 0.325111
