26 26
0 6 72 40
0 0 72 72
0 0 72 82
0 0 72 144
0 0 72 216
5.38318 5.38318 1.34543
16.1495 5.38318 2.4847
26.9159 5.38318 2.75214
37.6822 5.38318 2.11003
48.4486 5.38318 1.3242
59.215 5.38318 0.759979
69.9813 5.38318 0.448524
5.38318 16.1495 2.2158
16.1495 16.1495 4.31675
26.9159 16.1495 5.00894
37.6822 16.1495 4.04642
48.4486 16.1495 2.76258
59.215 16.1495 1.73042
69.9813 16.1495 1.0555
5.38318 26.9159 2.46783
16.1495 26.9159 4.70325
26.9159 26.9159 5.45396
37.6822 26.9159 4.63923
48.4486 26.9159 3.45996
59.215 26.9159 2.51952
69.9813 26.9159 1.56359
5.38318 37.6822 1.83159
16.1495 37.6822 3.28049
26.9159 37.6822 3.85292
37.6822 37.6822 3.69539
48.4486 37.6822 3.33172
59.215 37.6822 2.81691
69.9813 37.6822 1.82563
5.38318 48.4486 1.24554
16.1495 48.4486 2.21451
26.9159 48.4486 2.64298
37.6822 48.4486 2.79703
48.4486 48.4486 2.64345
59.215 48.4486 2.3643
69.9813 48.4486 1.52541
5.38318 59.215 0.693903
16.1495 59.215 1.50311
26.9159 59.215 2.05303
37.6822 59.215 2.19881
48.4486 59.215 1.86861
59.215 59.215 1.47188
69.9813 59.215 0.968607
5.38318 69.9813 -0.0350081
16.1495 69.9813 0.114462
26.9159 69.9813 0.500235
37.6822 69.9813 0.633889
48.4486 69.9813 0.459988
59.215 69.9813 0.288651
69.9813 69.9813 0.322654
5.38318 80.7477 -0.203893
16.1495 80.7477 -0.260913
26.9159 80.7477 -0.184861
37.6822 80.7477 -0.149087
48.4486 80.7477 -0.191223
59.215 80.7477 -0.198785
69.9813 80.7477 -0.061509
5.38318 91.514 -0.280594
16.1495 91.514 -0.414785
26.9159 91.514 -0.409054
37.6822 91.514 -0.382301
48.4486 91.514 -0.377652
59.215 91.514 -0.315234
69.9813 91.514 -0.131212
5.38318 102.28 -0.297312
16.1495 102.28 -0.437282
26.9159 102.28 -0.423418
37.6822 102.28 -0.386295
48.4486 102.28 -0.361312
59.215 102.28 -0.295809
69.9813 102.28 -0.123899
5.38318 113.047 -0.296522
16.1495 113.047 -0.44878
26.9159 113.047 -0.450024
37.6822 113.047 -0.436099
48.4486 113.047 -0.412318
59.215 113.047 -0.319814
69.9813 113.047 -0.138709
5.38318 123.813 -0.292105
16.1495 123.813 -0.443681
26.9159 123.813 -0.421453
37.6822 123.813 -0.402287
48.4486 123.813 -0.371448
59.215 123.813 -0.266125
69.9813 123.813 -0.107309
5.38318 134.579 -0.267386
16.1495 134.579 -0.386737
26.9159 134.579 -0.314793
37.6822 134.579 -0.257683
48.4486 134.579 -0.213041
59.215 134.579 -0.112336
69.9813 134.579 -0.0168368
5.38318 145.346 -0.240441
16.1495 145.346 -0.292756
26.9159 145.346 -0.0606133
37.6822 145.346 0.361775
48.4486 145.346 0.613438
59.215 145.346 0.633633
69.9813 145.346 0.421689
5.38318 156.112 -0.173353
16.1495 156.112 -0.0945762
26.9159 156.112 0.854583
37.6822 156.112 1.7008
48.4486 156.112 1.93015
59.215 156.112 1.54942
69.9813 156.112 0.88961
5.38318 166.879 -0.145874
16.1495 166.879 0.0925189
26.9159 166.879 1.73513
37.6822 166.879 2.93349
48.4486 166.879 3.31354
59.215 166.879 2.53847
69.9813 166.879 1.36135
5.38318 177.645 -0.0391765
16.1495 177.645 0.488247
26.9159 177.645 2.1449
37.6822 177.645 3.38208
48.4486 177.645 3.70189
59.215 177.645 2.77921
69.9813 177.645 1.48197
5.38318 188.411 -0.0241427
16.1495 188.411 0.370244
26.9159 188.411 1.7943
37.6822 188.411 2.74789
48.4486 188.411 3.0636
59.215 188.411 2.45928
69.9813 188.411 1.3915
5.38318 199.178 0.187486
16.1495 199.178 0.503323
26.9159 199.178 1.28662
37.6822 199.178 1.4708
48.4486 199.178 1.69158
59.215 199.178 1.53641
69.9813 199.178 1.0633
5.38318 209.944 0.30871
16.1495 209.944 0.589732
26.9159 209.944 1.09105
37.6822 209.944 1.00571
48.4486 209.944 1.17311
59.215 209.944 1.14508
69.9813 209.944 0.861409
