48 16
0 0 72 40
0 0 72 72
0 0 72 82
0 0 72 144
0 0 72 216
5.38318 5.38318 0.327649
16.1495 5.38318 0.603656
26.9159 5.38318 1.09774
37.6822 5.38318 1.37855
48.4486 5.38318 1.4791
59.215 5.38318 1.31042
69.9813 5.38318 0.850866
5.38318 16.1495 0.672703
16.1495 16.1495 1.2937
26.9159 16.1495 2.12972
37.6822 16.1495 2.46491
48.4486 16.1495 2.61752
59.215 16.1495 2.28589
69.9813 16.1495 1.52999
5.38318 26.9159 0.809192
16.1495 26.9159 1.41343
26.9159 26.9159 2.31806
37.6822 26.9159 2.42083
48.4486 26.9159 2.59303
59.215 26.9159 2.1844
69.9813 26.9159 1.54187
5.38318 37.6822 0.965763
16.1495 37.6822 1.52865
26.9159 37.6822 2.26523
37.6822 37.6822 1.93913
48.4486 37.6822 2.1539
59.215 37.6822 1.69111
69.9813 37.6822 1.29196
5.38318 48.4486 0.704069
16.1495 48.4486 1.0369
26.9159 48.4486 1.59376
37.6822 48.4486 1.14411
48.4486 48.4486 1.53666
59.215 48.4486 1.26586
69.9813 48.4486 1.1238
5.38318 59.215 0.196269
16.1495 59.215 0.258108
26.9159 59.215 0.666863
37.6822 59.215 0.374906
48.4486 59.215 0.880026
59.215 59.215 0.903775
69.9813 59.215 0.95738
5.38318 69.9813 -0.126851
16.1495 69.9813 -0.25253
26.9159 69.9813 -0.197964
37.6822 69.9813 -0.250807
48.4486 69.9813 -0.00882889
59.215 69.9813 0.312988
69.9813 69.9813 0.590394
5.38318 80.7477 -0.147537
16.1495 80.7477 -0.2301
26.9159 80.7477 -0.135
37.6822 80.7477 -0.135903
48.4486 80.7477 -0.00884656
59.215 80.7477 0.327388
69.9813 80.7477 0.499247
5.38318 91.514 -0.198342
16.1495 91.514 -0.276378
26.9159 91.514 -0.191676
37.6822 91.514 -0.17816
48.4486 91.514 -0.116294
59.215 91.514 0.0409452
69.9813 91.514 0.27592
5.38318 102.28 -0.207418
16.1495 102.28 -0.278491
26.9159 102.28 -0.201078
37.6822 102.28 -0.187384
48.4486 102.28 -0.174635
59.215 102.28 -0.109535
69.9813 102.28 0.0384629
5.38318 113.047 -0.291949
16.1495 113.047 -0.435623
26.9159 113.047 -0.417934
37.6822 113.047 -0.402262
48.4486 113.047 -0.390882
59.215 113.047 -0.3044
69.9813 113.047 -0.131866
5.38318 123.813 -0.289266
16.1495 123.813 -0.425271
26.9159 123.813 -0.365732
37.6822 123.813 -0.324133
48.4486 123.813 -0.305693
59.215 123.813 -0.222955
69.9813 123.813 -0.0889033
5.38318 134.579 -0.245299
16.1495 134.579 -0.31378
26.9159 134.579 -0.183622
37.6822 134.579 -0.125984
48.4486 134.579 -0.122265
59.215 134.579 -0.0785927
69.9813 134.579 -0.00381954
5.38318 145.346 -0.177958
16.1495 145.346 -0.190753
26.9159 145.346 0.0302476
37.6822 145.346 0.26647
48.4486 145.346 0.297044
59.215 145.346 0.328267
69.9813 145.346 0.271674
5.38318 156.112 -0.112664
16.1495 156.112 -0.0851265
26.9159 156.112 0.331484
37.6822 156.112 0.650853
48.4486 156.112 0.676852
59.215 156.112 0.623475
69.9813 156.112 0.416508
5.38318 166.879 -0.0680841
16.1495 166.879 -0.0527584
26.9159 166.879 0.173119
37.6822 166.879 0.401227
48.4486 166.879 0.412217
59.215 166.879 0.444895
69.9813 166.879 0.381238
5.38318 177.645 -0.121878
16.1495 177.645 -0.166751
26.9159 177.645 -0.193292
37.6822 177.645 -0.172182
48.4486 177.645 -0.187375
59.215 177.645 -0.0612971
69.9813 177.645 0.162583
5.38318 188.411 -0.108385
16.1495 188.411 -0.152757
26.9159 188.411 -0.246014
37.6822 188.411 -0.303662
48.4486 188.411 -0.332994
59.215 188.411 -0.163838
69.9813 188.411 0.0991741
5.38318 199.178 -0.178429
16.1495 199.178 -0.238728
26.9159 199.178 -0.267158
37.6822 199.178 -0.264865
48.4486 199.178 -0.255782
59.215 199.178 -0.0181387
69.9813 199.178 0.288532
5.38318 209.944 -0.0961726
16.1495 209.944 -0.0864105
26.9159 209.944 -0.09544
37.6822 209.944 -0.115314
48.4486 209.944 -0.118793
59.215 209.944 0.173062
69.9813 209.944 0.32147
