37 26
0 6 72 40
0 0 72 72
0 0 72 82
0 0 72 144
0 0 72 216
5.38318 5.38318 0.35677
16.1495 5.38318 1.12962
26.9159 5.38318 2.11964
37.6822 5.38318 2.29762
48.4486 5.38318 1.5731
59.215 5.38318 0.727141
69.9813 5.38318 0.180368
5.38318 16.1495 0.497139
16.1495 16.1495 1.84478
26.9159 16.1495 3.67102
37.6822 16.1495 4.11795
48.4486 16.1495 2.95281
59.215 16.1495 1.44462
69.9813 16.1495 0.447478
5.38318 26.9159 0.306824
16.1495 26.9159 1.72134
26.9159 26.9159 3.65484
37.6822 26.9159 4.2397
48.4486 26.9159 3.04959
59.215 26.9159 1.42471
69.9813 26.9159 0.303326
5.38318 37.6822 0.241256
16.1495 37.6822 1.16019
26.9159 37.6822 2.48313
37.6822 37.6822 2.8639
48.4486 37.6822 2.19809
59.215 37.6822 1.03064
69.9813 37.6822 0.295278
5.38318 48.4486 0.191411
16.1495 48.4486 0.885047
26.9159 48.4486 1.93676
37.6822 48.4486 2.18351
48.4486 48.4486 1.77601
59.215 48.4486 0.786371
69.9813 48.4486 0.323834
5.38318 59.215 0.196217
16.1495 59.215 0.944826
26.9159 59.215 2.01143
37.6822 59.215 2.33053
48.4486 59.215 1.95703
59.215 59.215 0.937675
69.9813 59.215 0.413437
5.38318 69.9813 0.00221634
16.1495 69.9813 0.628242
26.9159 69.9813 1.63804
37.6822 69.9813 1.90309
48.4486 69.9813 1.69075
59.215 69.9813 0.706688
69.9813 69.9813 0.367572
5.38318 80.7477 -0.127683
16.1495 80.7477 0.0531258
26.9159 80.7477 0.812931
37.6822 80.7477 1.00944
48.4486 80.7477 0.892975
59.215 80.7477 0.209228
69.9813 80.7477 0.159122
5.38318 91.514 -0.242027
16.1495 91.514 -0.295305
26.9159 91.514 -0.174019
37.6822 91.514 -0.175555
48.4486 91.514 -0.172027
59.215 91.514 -0.278312
69.9813 91.514 -0.107214
5.38318 102.28 -0.295969
16.1495 102.28 -0.446076
26.9159 102.28 -0.441518
37.6822 102.28 -0.44311
48.4486 102.28 -0.429678
59.215 102.28 -0.375318
69.9813 102.28 -0.165289
5.38318 113.047 -0.30042
16.1495 113.047 -0.456425
26.9159 113.047 -0.463093
37.6822 113.047 -0.445389
48.4486 113.047 -0.425487
59.215 113.047 -0.328263
69.9813 113.047 -0.143859
5.38318 123.813 -0.299363
16.1495 123.813 -0.448853
26.9159 123.813 -0.411625
37.6822 123.813 -0.357181
48.4486 123.813 -0.298162
59.215 123.813 -0.214327
69.9813 123.813 -0.0751059
5.38318 134.579 -0.298385
16.1495 134.579 -0.43466
26.9159 134.579 -0.321189
37.6822 134.579 -0.182526
48.4486 134.579 -0.0548234
59.215 134.579 0.0900614
69.9813 134.579 0.210894
5.38318 145.346 -0.292206
16.1495 145.346 -0.348071
26.9159 145.346 -0.0985358
37.6822 145.346 0.479359
48.4486 145.346 0.874003
59.215 145.346 0.899193
69.9813 145.346 0.665646
5.38318 156.112 -0.284476
16.1495 156.112 -0.265746
26.9159 156.112 0.281358
37.6822 156.112 1.32414
48.4486 156.112 1.87135
59.215 156.112 1.74294
69.9813 156.112 1.11029
5.38318 166.879 -0.232943
16.1495 166.879 -0.143633
26.9159 166.879 0.681488
37.6822 166.879 1.82937
48.4486 166.879 2.3229
59.215 166.879 2.0558
69.9813 166.879 1.26719
5.38318 177.645 -0.138415
16.1495 177.645 -0.0219377
26.9159 177.645 0.807177
37.6822 177.645 1.78411
48.4486 177.645 2.13258
59.215 177.645 1.8655
69.9813 177.645 1.14842
5.38318 188.411 0.00636257
16.1495 188.411 0.388402
26.9159 188.411 0.978215
37.6822 188.411 1.66109
48.4486 188.411 1.76324
59.215 188.411 1.5734
69.9813 188.411 1.01009
5.38318 199.178 0.248431
16.1495 199.178 0.712616
26.9159 199.178 1.07515
37.6822 199.178 1.4404
48.4486 199.178 1.35182
59.215 199.178 1.26144
69.9813 199.178 0.823239
5.38318 209.944 0.353697
16.1495 209.944 0.807415
26.9159 209.944 0.990261
37.6822 209.944 0.976728
48.4486 209.944 0.728736
59.215 209.944 0.674143
69.9813 209.944 0.450904
