48 37
0 17 72 40
0 1 72 72
0 0 72 82
0 0 72 144
0 0 72 216
5.38318 5.38318 0.130951
16.1495 5.38318 0.340304
26.9159 5.38318 0.916233
37.6822 5.38318 1.32628
48.4486 5.38318 1.42402
59.215 5.38318 1.13133
69.9813 5.38318 0.667974
5.38318 16.1495 0.36388
16.1495 16.1495 1.01085
26.9159 16.1495 2.09675
37.6822 16.1495 2.88237
48.4486 16.1495 3.05964
59.215 16.1495 2.40176
69.9813 16.1495 1.40299
5.38318 26.9159 0.434482
16.1495 26.9159 1.30552
26.9159 26.9159 2.81023
37.6822 26.9159 4.08424
48.4486 26.9159 4.42302
59.215 26.9159 3.42388
69.9813 26.9159 1.9321
5.38318 37.6822 0.995287
16.1495 37.6822 2.01058
26.9159 37.6822 3.4145
37.6822 37.6822 4.6849
48.4486 37.6822 4.91904
59.215 37.6822 3.75001
69.9813 37.6822 2.02404
5.38318 48.4486 1.26934
16.1495 48.4486 2.28659
26.9159 48.4486 3.33215
37.6822 48.4486 4.09049
48.4486 48.4486 4.12546
59.215 48.4486 3.16405
69.9813 48.4486 1.75785
5.38318 59.215 1.22051
16.1495 59.215 1.99811
26.9159 59.215 2.40697
37.6822 59.215 2.3673
48.4486 59.215 2.29439
59.215 59.215 1.97945
69.9813 59.215 1.31972
5.38318 69.9813 0.523072
16.1495 69.9813 0.932047
26.9159 69.9813 1.30801
37.6822 69.9813 1.19918
48.4486 69.9813 1.28567
59.215 69.9813 1.25501
69.9813 69.9813 1.03885
5.38318 80.7477 -0.0979209
16.1495 80.7477 -0.0468781
26.9159 80.7477 0.308813
37.6822 80.7477 0.396308
48.4486 80.7477 0.557609
59.215 80.7477 0.658367
69.9813 80.7477 0.670997
5.38318 91.514 -0.313802
16.1495 91.514 -0.429487
26.9159 91.514 -0.318262
37.6822 91.514 -0.265338
48.4486 91.514 -0.222854
59.215 91.514 -0.155495
69.9813 91.514 0.0450273
5.38318 102.28 -0.310204
16.1495 102.28 -0.435932
26.9159 102.28 -0.362077
37.6822 102.28 -0.317638
48.4486 102.28 -0.302607
59.215 102.28 -0.237767
69.9813 102.28 -0.0789154
5.38318 113.047 -0.297918
16.1495 113.047 -0.444727
26.9159 113.047 -0.425475
37.6822 113.047 -0.410666
48.4486 113.047 -0.398727
59.215 113.047 -0.322301
69.9813 113.047 -0.143299
5.38318 123.813 -0.220109
16.1495 123.813 -0.294307
26.9159 123.813 -0.220945
37.6822 123.813 -0.20457
48.4486 123.813 -0.22822
59.215 123.813 -0.213789
69.9813 123.813 -0.0927813
5.38318 134.579 -0.0424827
16.1495 134.579 0.0486234
26.9159 134.579 0.4114
37.6822 134.579 0.487944
48.4486 134.579 0.334711
59.215 134.579 0.101514
69.9813 134.579 0.112833
5.38318 145.346 0.527041
16.1495 145.346 1.12026
26.9159 145.346 1.70083
37.6822 145.346 1.79307
48.4486 145.346 1.52288
59.215 145.346 0.927548
69.9813 145.346 0.547259
5.38318 156.112 0.965638
16.1495 156.112 1.80712
26.9159 156.112 2.46678
37.6822 156.112 2.62304
48.4486 156.112 2.38564
59.215 156.112 1.69219
69.9813 156.112 0.985057
5.38318 166.879 1.09533
16.1495 166.879 1.93503
26.9159 166.879 2.4541
37.6822 166.879 2.58745
48.4486 166.879 2.56572
59.215 166.879 2.02775
69.9813 166.879 1.2703
5.38318 177.645 0.726144
16.1495 177.645 1.15365
26.9159 177.645 1.33567
37.6822 177.645 1.47141
48.4486 177.645 1.88316
59.215 177.645 1.8989
69.9813 177.645 1.35378
5.38318 188.411 0.27974
16.1495 188.411 0.413303
26.9159 188.411 0.473338
37.6822 188.411 0.651701
48.4486 188.411 1.23087
59.215 188.411 1.58391
69.9813 188.411 1.23901
5.38318 199.178 0.24582
16.1495 199.178 0.346577
26.9159 199.178 0.510749
37.6822 199.178 0.690144
48.4486 199.178 1.03017
59.215 199.178 1.33269
69.9813 199.178 1.0165
5.38318 209.944 0.299305
16.1495 209.944 0.448235
26.9159 209.944 0.509757
37.6822 209.944 0.481673
48.4486 209.944 0.464706
59.215 209.944 0.503524
69.9813 209.944 0.420182
