37 37
0 17 72 40
0 1 72 72
0 0 72 82
0 0 72 144
0 0 72 216
5.38318 5.38318 0.137621
16.1495 5.38318 0.331956
26.9159 5.38318 0.708092
37.6822 5.38318 0.862028
48.4486 5.38318 0.784378
59.215 5.38318 0.455886
69.9813 5.38318 0.253713
5.38318 16.1495 0.269068
16.1495 16.1495 0.973939
26.9159 16.1495 1.90831
37.6822 16.1495 2.21541
48.4486 16.1495 1.99619
59.215 16.1495 1.27157
69.9813 16.1495 0.655356
5.38318 26.9159 0.339658
16.1495 26.9159 1.31885
26.9159 26.9159 2.59524
37.6822 26.9159 3.03627
48.4486 26.9159 2.68491
59.215 26.9159 1.63626
69.9813 26.9159 0.781003
5.38318 37.6822 0.771142
16.1495 37.6822 1.87803
26.9159 37.6822 3.12966
37.6822 37.6822 3.54608
48.4486 37.6822 3.07949
59.215 37.6822 1.92856
69.9813 37.6822 0.969796
5.38318 48.4486 1.19527
16.1495 48.4486 2.16148
26.9159 48.4486 3.01134
37.6822 48.4486 3.04912
48.4486 48.4486 2.79524
59.215 48.4486 1.98741
69.9813 48.4486 1.23469
5.38318 59.215 1.52915
16.1495 59.215 2.43854
26.9159 59.215 2.65765
37.6822 59.215 2.43466
48.4486 59.215 2.46213
59.215 59.215 2.25863
69.9813 59.215 1.6487
5.38318 69.9813 1.50264
16.1495 69.9813 2.30182
26.9159 69.9813 2.38969
37.6822 69.9813 2.06562
48.4486 69.9813 2.31328
59.215 69.9813 2.3409
69.9813 69.9813 1.80813
5.38318 80.7477 0.699804
16.1495 80.7477 1.20718
26.9159 80.7477 1.42923
37.6822 80.7477 1.27098
48.4486 80.7477 1.42359
59.215 80.7477 1.57189
69.9813 80.7477 1.19499
5.38318 91.514 -0.19338
16.1495 91.514 -0.225214
26.9159 91.514 -0.0303008
37.6822 91.514 0.0627993
48.4486 91.514 0.0185134
59.215 91.514 0.0800109
69.9813 91.514 0.148935
5.38318 102.28 -0.291449
16.1495 102.28 -0.408052
26.9159 102.28 -0.288515
37.6822 102.28 -0.260601
48.4486 102.28 -0.275145
59.215 102.28 -0.248955
69.9813 102.28 -0.118248
5.38318 113.047 -0.295417
16.1495 113.047 -0.444872
26.9159 113.047 -0.432558
37.6822 113.047 -0.413927
48.4486 113.047 -0.400477
59.215 113.047 -0.312281
69.9813 113.047 -0.137924
5.38318 123.813 -0.24345
16.1495 123.813 -0.369003
26.9159 123.813 -0.313267
37.6822 123.813 -0.281905
48.4486 123.813 -0.277873
59.215 123.813 -0.217557
69.9813 123.813 -0.086767
5.38318 134.579 -0.133319
16.1495 134.579 -0.178824
26.9159 134.579 -0.0471176
37.6822 134.579 -0.0129062
48.4486 134.579 -0.0449599
59.215 134.579 -0.050836
69.9813 134.579 0.0311479
5.38318 145.346 0.125422
16.1495 145.346 0.336447
26.9159 145.346 0.729837
37.6822 145.346 0.802142
48.4486 145.346 0.649019
59.215 145.346 0.444999
69.9813 145.346 0.316207
5.38318 156.112 0.384811
16.1495 156.112 0.80783
26.9159 156.112 1.32168
37.6822 156.112 1.38546
48.4486 156.112 1.25194
59.215 156.112 0.899457
69.9813 156.112 0.531612
5.38318 166.879 0.438004
16.1495 166.879 0.920353
26.9159 166.879 1.47465
37.6822 166.879 1.45612
48.4486 166.879 1.39901
59.215 166.879 1.02442
69.9813 166.879 0.642065
5.38318 177.645 0.0618166
16.1495 177.645 0.39283
26.9159 177.645 0.990385
37.6822 177.645 0.998121
48.4486 177.645 1.22072
59.215 177.645 1.04115
69.9813 177.645 0.776614
5.38318 188.411 -0.0174777
16.1495 188.411 0.152678
26.9159 188.411 0.725965
37.6822 188.411 0.752984
48.4486 188.411 1.07187
59.215 188.411 1.07326
69.9813 188.411 0.875508
5.38318 199.178 -0.0186941
16.1495 199.178 0.00226954
26.9159 199.178 0.448602
37.6822 199.178 0.455247
48.4486 199.178 0.745327
59.215 199.178 0.91075
69.9813 199.178 0.796222
5.38318 209.944 0.121085
16.1495 209.944 0.226254
26.9159 209.944 0.397203
37.6822 209.944 0.255026
48.4486 209.944 0.319048
59.215 209.944 0.466736
69.9813 209.944 0.448101
