37 26
0 6 72 40
0 0 72 72
0 0 72 82
0 0 72 144
0 0 72 216
5.38318 5.38318 0.517317
16.1495 5.38318 0.973491
26.9159 5.38318 1.47306
37.6822 5.38318 1.58964
48.4486 5.38318 1.39728
59.215 5.38318 0.946604
69.9813 5.38318 0.517903
5.38318 16.1495 0.893608
16.1495 16.1495 1.98108
26.9159 16.1495 3.07472
37.6822 16.1495 3.38901
48.4486 16.1495 3.00359
59.215 16.1495 2.06839
69.9813 16.1495 1.14457
5.38318 26.9159 1.0879
16.1495 26.9159 2.48537
26.9159 26.9159 4.09425
37.6822 26.9159 4.48566
48.4486 26.9159 3.83217
59.215 26.9159 2.50124
69.9813 26.9159 1.30571
5.38318 37.6822 1.17782
16.1495 37.6822 2.57515
26.9159 37.6822 4.16062
37.6822 37.6822 4.43921
48.4486 37.6822 3.7468
59.215 37.6822 2.45944
69.9813 37.6822 1.32505
5.38318 48.4486 1.11844
16.1495 48.4486 2.25151
26.9159 48.4486 3.35624
37.6822 48.4486 3.31393
48.4486 48.4486 2.75315
59.215 48.4486 1.8605
69.9813 48.4486 1.12375
5.38318 59.215 0.799136
16.1495 59.215 1.46171
26.9159 59.215 1.86912
37.6822 59.215 1.75426
48.4486 59.215 1.6144
59.215 59.215 1.38621
69.9813 59.215 1.09262
5.38318 69.9813 0.405362
16.1495 69.9813 0.725124
26.9159 69.9813 0.763461
37.6822 69.9813 0.652408
48.4486 69.9813 0.719437
59.215 69.9813 0.90156
69.9813 69.9813 0.8648
5.38318 80.7477 -0.145697
16.1495 80.7477 -0.215293
26.9159 80.7477 -0.245502
37.6822 80.7477 -0.278116
48.4486 80.7477 -0.247415
59.215 80.7477 -0.0639145
69.9813 80.7477 0.256746
5.38318 91.514 -0.454553
16.1495 91.514 -0.719727
26.9159 91.514 -0.762589
37.6822 91.514 -0.775388
48.4486 91.514 -0.758349
59.215 91.514 -0.537532
69.9813 91.514 -0.209683
5.38318 102.28 -0.558526
16.1495 102.28 -0.882105
26.9159 102.28 -0.943605
37.6822 102.28 -0.941579
48.4486 102.28 -0.9104
59.215 102.28 -0.706384
69.9813 102.28 -0.313983
5.38318 113.047 -0.573522
16.1495 113.047 -0.913639
26.9159 113.047 -0.989078
37.6822 113.047 -0.986184
48.4486 113.047 -0.937489
59.215 113.047 -0.725314
69.9813 113.047 -0.310767
5.38318 123.813 -0.554463
16.1495 123.813 -0.877159
26.9159 123.813 -0.935258
37.6822 123.813 -0.91811
48.4486 123.813 -0.853473
59.215 123.813 -0.619722
69.9813 123.813 -0.251774
5.38318 134.579 -0.46062
16.1495 134.579 -0.69218
26.9159 134.579 -0.664332
37.6822 134.579 -0.630311
48.4486 134.579 -0.593833
59.215 134.579 -0.428056
69.9813 134.579 -0.151994
5.38318 145.346 -0.287151
16.1495 145.346 -0.374629
26.9159 145.346 -0.271154
37.6822 145.346 -0.182953
48.4486 145.346 -0.142541
59.215 145.346 -0.105982
69.9813 145.346 0.0533278
5.38318 156.112 -0.0352727
16.1495 156.112 0.236036
26.9159 156.112 0.616167
37.6822 156.112 0.813734
48.4486 156.112 0.654197
59.215 156.112 0.35042
69.9813 156.112 0.308629
5.38318 166.879 0.166946
16.1495 166.879 0.743937
26.9159 166.879 1.19426
37.6822 166.879 1.38134
48.4486 166.879 0.991744
59.215 166.879 0.470399
69.9813 166.879 0.306767
5.38318 177.645 0.077263
16.1495 177.645 0.598781
26.9159 177.645 1.08634
37.6822 177.645 1.17587
48.4486 177.645 0.50535
59.215 177.645 -0.0190936
69.9813 177.645 -0.0335535
5.38318 188.411 -0.14586
16.1495 188.411 -0.0229577
26.9159 188.411 0.696266
37.6822 188.411 0.835657
48.4486 188.411 0.204581
59.215 188.411 -0.112815
69.9813 188.411 -0.0860956
5.38318 199.178 -0.225581
16.1495 199.178 -0.171276
26.9159 199.178 0.522562
37.6822 199.178 0.589959
48.4486 199.178 0.188102
59.215 199.178 -0.0797387
69.9813 199.178 -0.0195256
5.38318 209.944 -0.166496
16.1495 209.944 -0.106068
26.9159 209.944 0.518925
37.6822 209.944 0.485249
48.4486 209.944 0.288933
59.215 209.944 -0.00756749
69.9813 209.944 0.116874
