37 166
0 146 72 40
0 130 72 72
0 125 72 82
0 72 72 144
0 0 72 216
5.38318 5.38318 0.389256
16.1495 5.38318 0.790253
26.9159 5.38318 1.23869
37.6822 5.38318 1.3839
48.4486 5.38318 1.19957
59.215 5.38318 0.765228
69.9813 5.38318 0.411592
5.38318 16.1495 0.644562
16.1495 16.1495 1.63374
26.9159 16.1495 2.55346
37.6822 16.1495 2.94479
48.4486 16.1495 2.58947
59.215 16.1495 1.73328
69.9813 16.1495 0.899478
5.38318 26.9159 0.721519
16.1495 26.9159 1.98022
26.9159 26.9159 3.29385
37.6822 26.9159 3.86457
48.4486 26.9159 3.33697
59.215 26.9159 2.19849
69.9813 26.9159 1.09981
5.38318 37.6822 0.930169
16.1495 37.6822 2.21063
26.9159 37.6822 3.52484
37.6822 37.6822 4.01737
48.4486 37.6822 3.44693
59.215 37.6822 2.36155
69.9813 37.6822 1.2878
5.38318 48.4486 1.21652
16.1495 48.4486 2.3242
26.9159 48.4486 3.17959
37.6822 48.4486 3.25698
48.4486 48.4486 2.97157
59.215 48.4486 2.2952
69.9813 48.4486 1.51186
5.38318 59.215 1.44496
16.1495 59.215 2.39817
26.9159 59.215 2.59808
37.6822 59.215 2.4376
48.4486 59.215 2.5633
59.215 59.215 2.55852
69.9813 59.215 1.95199
5.38318 69.9813 1.38292
16.1495 69.9813 2.11518
26.9159 69.9813 2.13689
37.6822 69.9813 1.71353
48.4486 69.9813 2.14969
59.215 69.9813 2.41823
69.9813 69.9813 2.01102
5.38318 80.7477 0.3391
16.1495 80.7477 0.44937
26.9159 80.7477 0.580823
37.6822 80.7477 0.458829
48.4486 80.7477 0.941335
59.215 80.7477 1.47845
69.9813 80.7477 1.33878
5.38318 91.514 -0.424176
16.1495 91.514 -0.714091
26.9159 91.514 -0.64916
37.6822 91.514 -0.659941
48.4486 91.514 -0.571728
59.215 91.514 -0.352934
69.9813 91.514 -0.0644257
5.38318 102.28 -0.560886
16.1495 102.28 -0.917366
26.9159 102.28 -0.97656
37.6822 102.28 -0.976039
48.4486 102.28 -0.909488
59.215 102.28 -0.675028
69.9813 102.28 -0.280959
5.38318 113.047 -0.547687
16.1495 113.047 -0.893085
26.9159 113.047 -0.992958
37.6822 113.047 -0.998969
48.4486 113.047 -0.92999
59.215 113.047 -0.656513
69.9813 113.047 -0.250059
5.38318 123.813 -0.340087
16.1495 123.813 -0.59703
26.9159 123.813 -0.696082
37.6822 123.813 -0.697739
48.4486 123.813 -0.59446
59.215 123.813 -0.276375
69.9813 123.813 0.0439045
5.38318 134.579 0.271683
16.1495 134.579 0.282453
26.9159 134.579 0.255012
37.6822 134.579 0.28718
48.4486 134.579 0.563606
59.215 134.579 1.01078
69.9813 134.579 1.03995
5.38318 145.346 1.4435
16.1495 145.346 2.28233
26.9159 145.346 2.6458
37.6822 145.346 2.6634
48.4486 145.346 2.73402
59.215 145.346 2.82071
69.9813 145.346 2.1097
5.38318 156.112 1.94581
16.1495 156.112 3.40768
26.9159 156.112 4.49257
37.6822 156.112 4.58418
48.4486 156.112 4.34204
59.215 156.112 3.81824
69.9813 156.112 2.6126
5.38318 166.879 1.54573
16.1495 166.879 3.04809
26.9159 166.879 4.65192
37.6822 166.879 4.94543
48.4486 166.879 4.29865
59.215 166.879 3.31489
69.9813 166.879 2.02091
5.38318 177.645 0.507591
16.1495 177.645 1.76998
26.9159 177.645 3.25768
37.6822 177.645 3.51917
48.4486 177.645 2.64401
59.215 177.645 1.44759
69.9813 177.645 0.712391
5.38318 188.411 -0.0871155
16.1495 188.411 0.341121
26.9159 188.411 1.43352
37.6822 188.411 1.62264
48.4486 188.411 0.854829
59.215 188.411 0.105202
69.9813 188.411 -0.0208094
5.38318 199.178 -0.20833
16.1495 199.178 -0.016361
26.9159 199.178 1.07729
37.6822 199.178 1.32113
48.4486 199.178 0.687342
59.215 199.178 -0.0207717
69.9813 199.178 -0.0211236
5.38318 209.944 -0.188427
16.1495 209.944 -0.0321611
26.9159 209.944 0.915296
37.6822 209.944 1.27541
48.4486 209.944 0.913467
59.215 209.944 0.342096
69.9813 209.944 0.158505
