37 37
0 17 72 40
0 1 72 72
0 0 72 82
0 0 72 144
0 0 72 216
5.38318 5.38318 0.645659
16.1495 5.38318 1.10576
26.9159 5.38318 1.38541
37.6822 5.38318 1.42719
48.4486 5.38318 1.33677
59.215 5.38318 1.02542
69.9813 5.38318 0.600764
5.38318 16.1495 1.29285
16.1495 16.1495 2.47049
26.9159 16.1495 3.11424
37.6822 16.1495 3.26511
48.4486 16.1495 2.95795
59.215 16.1495 2.22351
69.9813 16.1495 1.29258
5.38318 26.9159 1.68457
16.1495 26.9159 3.51418
26.9159 26.9159 4.746
37.6822 26.9159 5.04679
48.4486 26.9159 4.49947
59.215 26.9159 3.26751
69.9813 26.9159 1.82498
5.38318 37.6822 1.76264
16.1495 37.6822 3.81337
26.9159 37.6822 5.29609
37.6822 37.6822 5.75253
48.4486 37.6822 5.04275
59.215 37.6822 3.59743
69.9813 37.6822 1.97737
5.38318 48.4486 1.45969
16.1495 48.4486 3.25418
26.9159 48.4486 4.70757
37.6822 48.4486 5.08626
48.4486 48.4486 4.33755
59.215 48.4486 3.05848
69.9813 48.4486 1.6982
5.38318 59.215 0.937704
16.1495 59.215 2.06639
26.9159 59.215 2.8679
37.6822 59.215 2.99266
48.4486 59.215 2.63821
59.215 59.215 2.17799
69.9813 59.215 1.39778
5.38318 69.9813 0.740141
16.1495 69.9813 1.59048
26.9159 69.9813 2.17332
37.6822 69.9813 2.17903
48.4486 69.9813 1.88755
59.215 69.9813 1.79787
69.9813 69.9813 1.26659
5.38318 80.7477 -0.0132367
16.1495 80.7477 0.111312
26.9159 80.7477 0.33877
37.6822 80.7477 0.283258
48.4486 80.7477 0.240689
59.215 80.7477 0.58178
69.9813 80.7477 0.621798
5.38318 91.514 -0.460789
16.1495 91.514 -0.748785
26.9159 91.514 -0.803026
37.6822 91.514 -0.820432
48.4486 91.514 -0.823044
59.215 91.514 -0.557061
69.9813 91.514 -0.220359
5.38318 102.28 -0.581745
16.1495 102.28 -0.939593
26.9159 102.28 -1.03566
37.6822 102.28 -1.03375
48.4486 102.28 -0.98397
59.215 102.28 -0.756759
69.9813 102.28 -0.325089
5.38318 113.047 -0.586622
16.1495 113.047 -0.932203
26.9159 113.047 -1.01061
37.6822 113.047 -1.00249
48.4486 113.047 -0.951323
59.215 113.047 -0.742366
69.9813 113.047 -0.3197
5.38318 123.813 -0.568688
16.1495 123.813 -0.857472
26.9159 123.813 -0.828558
37.6822 123.813 -0.72386
48.4486 123.813 -0.717985
59.215 123.813 -0.566574
69.9813 123.813 -0.255617
5.38318 134.579 -0.537874
16.1495 134.579 -0.682021
26.9159 134.579 -0.32091
37.6822 134.579 0.0220233
48.4486 134.579 -0.0593579
59.215 134.579 -0.170782
69.9813 134.579 -0.0956052
5.38318 145.346 -0.472879
16.1495 145.346 -0.3187
26.9159 145.346 1.15621
37.6822 145.346 2.39389
48.4486 145.346 2.0497
59.215 145.346 1.00637
69.9813 145.346 0.371745
5.38318 156.112 -0.273008
16.1495 156.112 0.218182
26.9159 156.112 2.57222
37.6822 156.112 3.83477
48.4486 156.112 3.35672
59.215 156.112 1.92461
69.9813 156.112 0.703268
5.38318 166.879 -0.00890122
16.1495 166.879 1.1414
26.9159 166.879 3.18103
37.6822 166.879 4.02633
48.4486 166.879 3.29234
59.215 166.879 1.86888
69.9813 166.879 0.689901
5.38318 177.645 0.749872
16.1495 177.645 2.11513
26.9159 177.645 3.51019
37.6822 177.645 3.43088
48.4486 177.645 2.41247
59.215 177.645 1.24666
69.9813 177.645 0.589275
5.38318 188.411 1.08207
16.1495 188.411 2.57059
26.9159 188.411 3.70449
37.6822 188.411 3.389
48.4486 188.411 2.4109
59.215 188.411 1.46883
69.9813 188.411 0.866857
5.38318 199.178 1.11604
16.1495 199.178 2.21876
26.9159 199.178 3.04016
37.6822 199.178 3.03435
48.4486 199.178 2.66207
59.215 199.178 2.2034
69.9813 199.178 1.42027
5.38318 209.944 0.703013
16.1495 209.944 1.13017
26.9159 209.944 1.49466
37.6822 209.944 1.78726
48.4486 209.944 2.0835
59.215 209.944 2.01767
69.9813 209.944 1.35244
