26 166
0 146 72 40
0 130 72 72
0 125 72 82
0 72 72 144
0 0 72 216
5.38318 5.38318 0.246709
16.1495 5.38318 0.443169
26.9159 5.38318 0.599261
37.6822 5.38318 0.65066
48.4486 5.38318 0.546582
59.215 5.38318 0.33591
69.9813 5.38318 0.259662
5.38318 16.1495 0.410055
16.1495 16.1495 1.06343
26.9159 16.1495 1.5164
37.6822 16.1495 1.63025
48.4486 16.1495 1.42818
59.215 16.1495 0.986304
69.9813 16.1495 0.671651
5.38318 26.9159 0.328995
16.1495 26.9159 1.12472
26.9159 26.9159 1.75291
37.6822 26.9159 1.81385
48.4486 26.9159 1.38206
59.215 26.9159 0.829426
69.9813 26.9159 0.535693
5.38318 37.6822 0.300917
16.1495 37.6822 1.14934
26.9159 37.6822 1.8444
37.6822 37.6822 1.92957
48.4486 37.6822 1.42985
59.215 37.6822 0.818174
69.9813 37.6822 0.443468
5.38318 48.4486 0.0944253
16.1495 48.4486 0.65505
26.9159 48.4486 1.38424
37.6822 48.4486 1.58259
48.4486 48.4486 1.21765
59.215 48.4486 0.712168
69.9813 48.4486 0.355677
5.38318 59.215 0.0116345
16.1495 59.215 0.48429
26.9159 59.215 1.15639
37.6822 59.215 1.54538
48.4486 59.215 1.38854
59.215 59.215 0.93456
69.9813 59.215 0.454602
5.38318 69.9813 -0.0720223
16.1495 69.9813 0.105497
26.9159 69.9813 0.564754
37.6822 69.9813 0.825546
48.4486 69.9813 0.718937
59.215 69.9813 0.475783
69.9813 69.9813 0.244277
5.38318 80.7477 -0.184155
16.1495 80.7477 -0.216805
26.9159 80.7477 -0.161417
37.6822 80.7477 -0.110679
48.4486 80.7477 -0.13224
59.215 80.7477 -0.110447
69.9813 80.7477 -0.0409221
5.38318 91.514 -0.266613
16.1495 91.514 -0.401979
26.9159 91.514 -0.431153
37.6822 91.514 -0.450973
48.4486 91.514 -0.458921
59.215 91.514 -0.364851
69.9813 91.514 -0.169618
5.38318 102.28 -0.294629
16.1495 102.28 -0.447515
26.9159 102.28 -0.460005
37.6822 102.28 -0.458157
48.4486 102.28 -0.434647
59.215 102.28 -0.342708
69.9813 102.28 -0.14777
5.38318 113.047 -0.288881
16.1495 113.047 -0.433354
26.9159 113.047 -0.397223
37.6822 113.047 -0.386369
48.4486 113.047 -0.383095
59.215 113.047 -0.314576
69.9813 113.047 -0.14444
5.38318 123.813 -0.145939
16.1495 123.813 -0.221174
26.9159 123.813 -0.120628
37.6822 123.813 -0.132174
48.4486 123.813 -0.204831
59.215 123.813 -0.206196
69.9813 123.813 -0.112875
5.38318 134.579 0.276867
16.1495 134.579 0.400625
26.9159 134.579 0.832274
37.6822 134.579 0.712057
48.4486 134.579 0.354619
59.215 134.579 0.0333549
69.9813 134.579 -0.0263766
5.38318 145.346 1.20067
16.1495 145.346 1.76828
26.9159 145.346 2.22039
37.6822 145.346 1.98617
48.4486 145.346 1.36526
59.215 145.346 0.759137
69.9813 145.346 0.290902
5.38318 156.112 1.93711
16.1495 156.112 2.85289
26.9159 156.112 3.27956
37.6822 156.112 2.94859
48.4486 156.112 2.2767
59.215 156.112 1.47575
69.9813 156.112 0.721575
5.38318 166.879 2.30621
16.1495 166.879 3.46403
26.9159 166.879 3.72936
37.6822 166.879 3.44656
48.4486 166.879 2.91968
59.215 166.879 2.14522
69.9813 166.879 1.21637
5.38318 177.645 1.89759
16.1495 177.645 3.13471
26.9159 177.645 3.50877
37.6822 177.645 3.57768
48.4486 177.645 3.3934
59.215 177.645 2.74841
69.9813 177.645 1.71965
5.38318 188.411 1.27863
16.1495 188.411 2.54761
26.9159 188.411 3.29854
37.6822 188.411 3.72263
48.4486 188.411 3.59337
59.215 188.411 2.94765
69.9813 188.411 1.86578
5.38318 199.178 0.950963
16.1495 199.178 2.17263
26.9159 199.178 2.96071
37.6822 199.178 3.18394
48.4486 199.178 2.86794
59.215 199.178 2.32128
69.9813 199.178 1.48497
5.38318 209.944 0.369898
16.1495 209.944 1.04792
26.9159 209.944 1.397
37.6822 209.944 1.39948
48.4486 209.944 1.22022
59.215 209.944 1.08732
69.9813 209.944 0.772951
