26 166
0 146 72 40
0 130 72 72
0 125 72 82
0 72 72 144
0 0 72 216
5.38318 5.38318 0.463288
16.1495 5.38318 0.830321
26.9159 5.38318 1.16408
37.6822 5.38318 1.29613
48.4486 5.38318 1.18463
59.215 5.38318 0.879609
69.9813 5.38318 0.519488
5.38318 16.1495 0.751709
16.1495 16.1495 1.65389
26.9159 16.1495 2.34534
37.6822 16.1495 2.65781
48.4486 16.1495 2.36725
59.215 16.1495 1.72575
69.9813 16.1495 1.01158
5.38318 26.9159 0.859336
16.1495 26.9159 2.01419
26.9159 26.9159 3.03175
37.6822 26.9159 3.47173
48.4486 26.9159 3.0066
59.215 26.9159 2.14115
69.9813 26.9159 1.17797
5.38318 37.6822 0.96661
16.1495 37.6822 2.24137
26.9159 37.6822 3.41153
37.6822 37.6822 3.84639
48.4486 37.6822 3.17641
59.215 37.6822 2.11479
69.9813 37.6822 1.07763
5.38318 48.4486 1.05499
16.1495 48.4486 2.22696
26.9159 48.4486 3.18519
37.6822 48.4486 3.43838
48.4486 48.4486 2.8011
59.215 48.4486 1.9392
69.9813 48.4486 1.04152
5.38318 59.215 0.828331
16.1495 59.215 1.66462
26.9159 59.215 1.95916
37.6822 59.215 2.09926
48.4486 59.215 1.75402
59.215 59.215 1.46768
69.9813 59.215 0.983911
5.38318 69.9813 0.395821
16.1495 69.9813 0.841546
26.9159 69.9813 0.811436
37.6822 69.9813 0.876564
48.4486 69.9813 0.570571
59.215 69.9813 0.758569
69.9813 69.9813 0.639451
5.38318 80.7477 -0.180204
16.1495 80.7477 -0.218242
26.9159 80.7477 -0.257841
37.6822 80.7477 -0.223687
48.4486 80.7477 -0.337158
59.215 80.7477 -0.162026
69.9813 80.7477 -0.0178828
5.38318 91.514 -0.48517
16.1495 91.514 -0.780413
26.9159 91.514 -0.823664
37.6822 91.514 -0.834736
48.4486 91.514 -0.854596
59.215 91.514 -0.614341
69.9813 91.514 -0.283203
5.38318 102.28 -0.566241
16.1495 102.28 -0.906341
26.9159 102.28 -0.977823
37.6822 102.28 -0.973152
48.4486 102.28 -0.928987
59.215 102.28 -0.710591
69.9813 102.28 -0.312717
5.38318 113.047 -0.575398
16.1495 113.047 -0.921919
26.9159 113.047 -1.00739
37.6822 113.047 -1.01209
48.4486 113.047 -0.963388
59.215 113.047 -0.761338
69.9813 113.047 -0.330196
5.38318 123.813 -0.515494
16.1495 123.813 -0.808612
26.9159 123.813 -0.835107
37.6822 123.813 -0.8977
48.4486 123.813 -0.902612
59.215 123.813 -0.725992
69.9813 123.813 -0.32391
5.38318 134.579 -0.220151
16.1495 134.579 -0.258388
26.9159 134.579 -0.19986
37.6822 134.579 -0.407422
48.4486 134.579 -0.607961
59.215 134.579 -0.540649
69.9813 134.579 -0.242008
5.38318 145.346 0.490285
16.1495 145.346 1.36859
26.9159 145.346 1.91167
37.6822 145.346 1.1747
48.4486 145.346 0.168332
59.215 145.346 -0.0946153
69.9813 145.346 -0.0153344
5.38318 156.112 1.46341
16.1495 156.112 3.15094
26.9159 156.112 3.95597
37.6822 156.112 3.10723
48.4486 156.112 2.05531
59.215 156.112 1.30864
69.9813 156.112 0.874238
5.38318 166.879 1.72756
16.1495 166.879 3.68546
26.9159 166.879 4.58424
37.6822 166.879 3.99347
48.4486 166.879 3.24163
59.215 166.879 2.65009
69.9813 166.879 1.77638
5.38318 177.645 1.72306
16.1495 177.645 3.31994
26.9159 177.645 3.91834
37.6822 177.645 3.68469
48.4486 177.645 3.5828
59.215 177.645 3.34364
69.9813 177.645 2.35126
5.38318 188.411 1.34079
16.1495 188.411 2.42753
26.9159 188.411 2.80239
37.6822 188.411 2.94111
48.4486 188.411 3.1499
59.215 188.411 3.17899
69.9813 188.411 2.22133
5.38318 199.178 1.08736
16.1495 199.178 2.03418
26.9159 199.178 2.35768
37.6822 199.178 2.48722
48.4486 199.178 2.35588
59.215 199.178 2.25676
69.9813 199.178 1.51166
5.38318 209.944 0.537037
16.1495 209.944 1.0572
26.9159 209.944 1.26466
37.6822 209.944 1.36409
48.4486 209.944 1.29274
59.215 209.944 1.22329
69.9813 209.944 0.842431
