37 177
0 157 72 40
0 141 72 72
0 134 72 82
0 72 72 144
0 0 72 216
5.38318 5.38318 0.837483
16.1495 5.38318 1.33106
26.9159 5.38318 1.57451
37.6822 5.38318 1.51511
48.4486 5.38318 1.43014
59.215 5.38318 1.11156
69.9813 5.38318 0.709134
5.38318 16.1495 1.17753
16.1495 16.1495 2.03536
26.9159 16.1495 2.5399
37.6822 16.1495 2.50902
48.4486 16.1495 2.40879
59.215 16.1495 1.91654
69.9813 16.1495 1.24302
5.38318 26.9159 1.09671
16.1495 26.9159 1.89323
26.9159 26.9159 2.38333
37.6822 26.9159 2.24763
48.4486 26.9159 2.17285
59.215 26.9159 1.81864
69.9813 26.9159 1.24623
5.38318 37.6822 0.562717
16.1495 37.6822 1.12627
26.9159 37.6822 1.67476
37.6822 37.6822 1.73954
48.4486 37.6822 1.69227
59.215 37.6822 1.41104
69.9813 37.6822 0.944567
5.38318 48.4486 0.492459
16.1495 48.4486 0.967552
26.9159 48.4486 1.57092
37.6822 48.4486 1.6577
48.4486 48.4486 1.56097
59.215 48.4486 1.23415
69.9813 48.4486 0.799687
5.38318 59.215 0.364962
16.1495 59.215 0.684773
26.9159 59.215 1.18164
37.6822 59.215 1.1543
48.4486 59.215 1.08853
59.215 59.215 0.914269
69.9813 59.215 0.69185
5.38318 69.9813 0.125071
16.1495 69.9813 0.205373
26.9159 69.9813 0.597533
37.6822 69.9813 0.41317
48.4486 69.9813 0.475243
59.215 69.9813 0.502714
69.9813 69.9813 0.529397
5.38318 80.7477 -0.170718
16.1495 80.7477 -0.243222
26.9159 80.7477 -0.132883
37.6822 80.7477 -0.202678
48.4486 80.7477 -0.182357
59.215 80.7477 -0.105159
69.9813 80.7477 0.168052
5.38318 91.514 -0.310391
16.1495 91.514 -0.461306
26.9159 91.514 -0.423756
37.6822 91.514 -0.436446
48.4486 91.514 -0.4034
59.215 91.514 -0.294249
69.9813 91.514 -0.0805392
5.38318 102.28 -0.306807
16.1495 102.28 -0.462815
26.9159 102.28 -0.455146
37.6822 102.28 -0.453493
48.4486 102.28 -0.433491
59.215 102.28 -0.337552
69.9813 102.28 -0.13626
5.38318 113.047 -0.294455
16.1495 113.047 -0.448269
26.9159 113.047 -0.42593
37.6822 113.047 -0.415558
48.4486 113.047 -0.384829
59.215 113.047 -0.295101
69.9813 113.047 -0.120093
5.38318 123.813 -0.254858
16.1495 123.813 -0.419073
26.9159 123.813 -0.36717
37.6822 123.813 -0.336833
48.4486 123.813 -0.297729
59.215 123.813 -0.187633
69.9813 123.813 -0.0595431
5.38318 134.579 -0.17786
16.1495 134.579 -0.288911
26.9159 134.579 -0.144744
37.6822 134.579 -0.0424974
48.4486 134.579 -0.00683827
59.215 134.579 0.182856
69.9813 134.579 0.215968
5.38318 145.346 -0.0591437
16.1495 145.346 -0.0614636
26.9159 145.346 0.460529
37.6822 145.346 0.840455
48.4486 145.346 0.935506
59.215 145.346 0.956015
69.9813 145.346 0.62495
5.38318 156.112 0.207908
16.1495 156.112 0.690945
26.9159 156.112 1.66754
37.6822 156.112 2.33952
48.4486 156.112 2.35557
59.215 156.112 1.93659
69.9813 156.112 1.13242
5.38318 166.879 0.646619
16.1495 166.879 1.57127
26.9159 166.879 2.80794
37.6822 166.879 3.64813
48.4486 166.879 3.6026
59.215 166.879 2.72427
69.9813 166.879 1.50009
5.38318 177.645 0.985701
16.1495 177.645 2.11251
26.9159 177.645 3.40194
37.6822 177.645 4.27271
48.4486 177.645 4.1133
59.215 177.645 3.00664
69.9813 177.645 1.62642
5.38318 188.411 1.16176
16.1495 188.411 2.21623
26.9159 188.411 3.30877
37.6822 188.411 3.78068
48.4486 188.411 3.50681
59.215 188.411 2.57478
69.9813 188.411 1.4523
5.38318 199.178 1.04158
16.1495 199.178 1.8834
26.9159 199.178 2.59909
37.6822 199.178 2.67478
48.4486 199.178 2.4484
59.215 199.178 1.9257
69.9813 199.178 1.21416
5.38318 209.944 0.607864
16.1495 209.944 1.07649
26.9159 209.944 1.61452
37.6822 209.944 1.75718
48.4486 209.944 1.79954
59.215 209.944 1.5334
69.9813 209.944 1.01566
