37 48
0 28 72 40
0 12 72 72
0 7 72 82
0 0 72 144
0 0 72 216
5.38318 5.38318 0.144405
16.1495 5.38318 0.252677
26.9159 5.38318 0.445313
37.6822 5.38318 0.565462
48.4486 5.38318 0.573575
59.215 5.38318 0.42242
69.9813 5.38318 0.289302
5.38318 16.1495 0.425776
16.1495 16.1495 1.04306
26.9159 16.1495 1.7545
37.6822 16.1495 1.95072
48.4486 16.1495 1.839
59.215 16.1495 1.35536
69.9813 16.1495 0.847872
5.38318 26.9159 0.528952
16.1495 26.9159 1.58919
26.9159 26.9159 2.77669
37.6822 26.9159 3.24297
48.4486 26.9159 2.99765
59.215 26.9159 2.03799
69.9813 26.9159 1.15323
5.38318 37.6822 1.02621
16.1495 37.6822 2.5807
26.9159 37.6822 4.37141
37.6822 37.6822 4.94708
48.4486 37.6822 4.43118
59.215 37.6822 2.82933
69.9813 37.6822 1.4922
5.38318 48.4486 0.965691
16.1495 48.4486 2.58058
26.9159 48.4486 4.59886
37.6822 48.4486 5.28583
48.4486 48.4486 4.6518
59.215 48.4486 2.81628
69.9813 48.4486 1.40034
5.38318 59.215 0.635689
16.1495 59.215 1.91271
26.9159 59.215 3.57359
37.6822 59.215 4.09606
48.4486 59.215 3.43862
59.215 59.215 1.97048
69.9813 59.215 0.89565
5.38318 69.9813 0.0463698
16.1495 69.9813 0.52685
26.9159 69.9813 1.35147
37.6822 69.9813 1.58741
48.4486 69.9813 1.10775
59.215 69.9813 0.50023
69.9813 69.9813 0.143689
5.38318 80.7477 -0.187846
16.1495 80.7477 -0.208082
26.9159 80.7477 -0.135413
37.6822 80.7477 -0.0918644
48.4486 80.7477 -0.221344
59.215 80.7477 -0.220697
69.9813 80.7477 -0.129026
5.38318 91.514 -0.29188
16.1495 91.514 -0.449648
26.9159 91.514 -0.463999
37.6822 91.514 -0.492628
48.4486 91.514 -0.490426
59.215 91.514 -0.397799
69.9813 91.514 -0.184519
5.38318 102.28 -0.296919
16.1495 102.28 -0.446558
26.9159 102.28 -0.436913
37.6822 102.28 -0.4429
48.4486 102.28 -0.426309
59.215 102.28 -0.347295
69.9813 102.28 -0.152787
5.38318 113.047 -0.27568
16.1495 113.047 -0.405023
26.9159 113.047 -0.371495
37.6822 113.047 -0.350903
48.4486 113.047 -0.347241
59.215 113.047 -0.278237
69.9813 113.047 -0.121712
5.38318 123.813 -0.170933
16.1495 123.813 -0.219661
26.9159 123.813 -0.157515
37.6822 123.813 -0.16294
48.4486 123.813 -0.214829
59.215 123.813 -0.198198
69.9813 123.813 -0.0830235
5.38318 134.579 0.0698052
16.1495 134.579 0.358018
26.9159 134.579 0.601552
37.6822 134.579 0.52424
48.4486 134.579 0.243319
59.215 134.579 0.0283006
69.9813 134.579 0.0933795
5.38318 145.346 0.621757
16.1495 145.346 1.33452
26.9159 145.346 1.69938
37.6822 145.346 1.56513
48.4486 145.346 1.11234
59.215 145.346 0.751851
69.9813 145.346 0.502578
5.38318 156.112 1.19579
16.1495 156.112 2.16779
26.9159 156.112 2.51785
37.6822 156.112 2.42886
48.4486 156.112 2.07655
59.215 156.112 1.66922
69.9813 156.112 1.07807
5.38318 166.879 1.68997
16.1495 166.879 2.71202
26.9159 166.879 2.84197
37.6822 166.879 2.74695
48.4486 166.879 2.64039
59.215 166.879 2.46269
69.9813 166.879 1.65119
5.38318 177.645 1.78212
16.1495 177.645 2.66202
26.9159 177.645 2.47133
37.6822 177.645 2.37755
48.4486 177.645 2.55371
59.215 177.645 2.71423
69.9813 177.645 1.92311
5.38318 188.411 1.5276
16.1495 188.411 2.23673
26.9159 188.411 2.15087
37.6822 188.411 2.12543
48.4486 188.411 2.3721
59.215 188.411 2.51366
69.9813 188.411 1.82309
5.38318 199.178 0.720796
16.1495 199.178 1.26654
26.9159 199.178 1.52044
37.6822 199.178 1.68391
48.4486 199.178 1.7326
59.215 199.178 1.61831
69.9813 199.178 1.15255
5.38318 209.944 0.318101
16.1495 209.944 0.712214
26.9159 209.944 1.11798
37.6822 209.944 1.35633
48.4486 209.944 1.50247
59.215 209.944 1.2379
69.9813 209.944 0.858828
