37 166
0 146 72 40
0 130 72 72
0 125 72 82
0 72 72 144
0 0 72 216
5.38318 5.38318 0.426807
16.1495 5.38318 1.00498
26.9159 5.38318 1.64975
37.6822 5.38318 1.5864
48.4486 5.38318 1.04778
59.215 5.38318 0.426837
69.9813 5.38318 0.128335
5.38318 16.1495 0.754133
16.1495 16.1495 1.81952
26.9159 16.1495 2.84062
37.6822 16.1495 2.72223
48.4486 16.1495 1.9083
59.215 16.1495 0.869266
69.9813 16.1495 0.372081
5.38318 26.9159 1.12959
16.1495 26.9159 2.22795
26.9159 26.9159 3.05949
37.6822 26.9159 2.76538
48.4486 26.9159 1.74023
59.215 26.9159 0.71381
69.9813 26.9159 0.271339
5.38318 37.6822 1.66997
16.1495 37.6822 2.70529
26.9159 37.6822 2.87551
37.6822 37.6822 2.2976
48.4486 37.6822 1.36303
59.215 37.6822 0.861379
69.9813 37.6822 0.561826
5.38318 48.4486 1.93622
16.1495 48.4486 3.01634
26.9159 48.4486 3.11225
37.6822 48.4486 2.49826
48.4486 48.4486 1.75938
59.215 48.4486 1.37201
69.9813 48.4486 0.930075
5.38318 59.215 1.35408
16.1495 59.215 2.1537
26.9159 59.215 2.42031
37.6822 59.215 1.97323
48.4486 59.215 1.42197
59.215 59.215 1.29189
69.9813 59.215 0.971628
5.38318 69.9813 0.132716
16.1495 69.9813 0.555063
26.9159 69.9813 1.18844
37.6822 69.9813 1.03272
48.4486 69.9813 0.825737
59.215 69.9813 0.757
69.9813 69.9813 0.681144
5.38318 80.7477 -0.297453
16.1495 80.7477 -0.342569
26.9159 80.7477 -0.107065
37.6822 80.7477 -0.268266
48.4486 80.7477 -0.32109
59.215 80.7477 -0.274814
69.9813 80.7477 -0.0241613
5.38318 91.514 -0.501672
16.1495 91.514 -0.767951
26.9159 91.514 -0.716876
37.6822 91.514 -0.838422
48.4486 91.514 -0.864749
59.215 91.514 -0.696108
69.9813 91.514 -0.294562
5.38318 102.28 -0.563301
16.1495 102.28 -0.905818
26.9159 102.28 -0.987792
37.6822 102.28 -1.01632
48.4486 102.28 -0.987409
59.215 102.28 -0.786749
69.9813 102.28 -0.350747
5.38318 113.047 -0.548552
16.1495 113.047 -0.892082
26.9159 113.047 -0.991883
37.6822 113.047 -0.996675
48.4486 113.047 -0.929778
59.215 113.047 -0.6597
69.9813 113.047 -0.254045
5.38318 123.813 -0.34219
16.1495 123.813 -0.602494
26.9159 123.813 -0.704497
37.6822 123.813 -0.703961
48.4486 123.813 -0.601383
59.215 123.813 -0.279956
69.9813 123.813 0.0331461
5.38318 134.579 0.289054
16.1495 134.579 0.309671
26.9159 134.579 0.269624
37.6822 134.579 0.315574
48.4486 134.579 0.564457
59.215 134.579 1.00602
69.9813 134.579 1.02007
5.38318 145.346 1.46545
16.1495 145.346 2.36479
26.9159 145.346 2.77713
37.6822 145.346 2.82412
48.4486 145.346 2.85068
59.215 145.346 2.86317
69.9813 145.346 2.1075
5.38318 156.112 2.01011
16.1495 156.112 3.64563
26.9159 156.112 4.8977
37.6822 156.112 5.07005
48.4486 156.112 4.69588
59.215 156.112 3.97287
69.9813 156.112 2.63813
5.38318 166.879 1.62523
16.1495 166.879 3.40123
26.9159 166.879 5.36173
37.6822 166.879 5.81814
48.4486 166.879 4.98662
59.215 166.879 3.63498
69.9813 166.879 2.10728
5.38318 177.645 0.582968
16.1495 177.645 2.08345
26.9159 177.645 3.87975
37.6822 177.645 4.26247
48.4486 177.645 3.20757
59.215 177.645 1.73838
69.9813 177.645 0.766707
5.38318 188.411 -0.0727255
16.1495 188.411 0.540346
26.9159 188.411 1.73827
37.6822 188.411 2.01745
48.4486 188.411 1.19681
59.215 188.411 0.29475
69.9813 188.411 0.022466
5.38318 199.178 -0.232842
16.1495 199.178 -0.0584022
26.9159 199.178 0.829135
37.6822 199.178 1.06613
48.4486 199.178 0.477186
59.215 199.178 -0.0805166
69.9813 199.178 -0.034701
5.38318 209.944 -0.19872
16.1495 209.944 -0.0643246
26.9159 209.944 0.718018
37.6822 209.944 1.05981
48.4486 209.944 0.732277
59.215 209.944 0.263954
69.9813 209.944 0.155185
