26 166
0 146 72 40
0 130 72 72
0 125 72 82
0 72 72 144
0 0 72 216
5.38318 5.38318 0.0225948
16.1495 5.38318 0.102974
26.9159 5.38318 0.596079
37.6822 5.38318 0.940084
48.4486 5.38318 0.97133
59.215 5.38318 0.771774
69.9813 5.38318 0.436115
5.38318 16.1495 0.101635
16.1495 16.1495 0.513497
26.9159 16.1495 1.64265
37.6822 16.1495 2.21327
48.4486 16.1495 2.25178
59.215 16.1495 1.78361
69.9813 16.1495 1.00121
5.38318 26.9159 0.227307
16.1495 26.9159 0.81937
26.9159 26.9159 2.22494
37.6822 26.9159 3.05705
48.4486 26.9159 3.08307
59.215 26.9159 2.4321
69.9813 26.9159 1.31353
5.38318 37.6822 1.15154
16.1495 37.6822 1.95159
26.9159 37.6822 2.94192
37.6822 37.6822 3.48623
48.4486 37.6822 3.41605
59.215 37.6822 2.69261
69.9813 37.6822 1.49633
5.38318 48.4486 1.95489
16.1495 48.4486 2.91458
26.9159 48.4486 3.18011
37.6822 48.4486 3.00275
48.4486 48.4486 2.74382
59.215 48.4486 2.29334
69.9813 48.4486 1.40492
5.38318 59.215 2.24729
16.1495 59.215 3.21275
26.9159 59.215 3.18174
37.6822 59.215 2.59606
48.4486 59.215 2.38608
59.215 59.215 2.25254
69.9813 59.215 1.57486
5.38318 69.9813 1.44589
16.1495 69.9813 2.2182
26.9159 69.9813 2.3224
37.6822 69.9813 1.90338
48.4486 69.9813 1.85003
59.215 69.9813 2.04543
69.9813 69.9813 1.54021
5.38318 80.7477 0.069439
16.1495 80.7477 0.258636
26.9159 80.7477 0.593529
37.6822 80.7477 0.645889
48.4486 80.7477 0.851941
59.215 80.7477 1.28798
69.9813 80.7477 1.13939
5.38318 91.514 -0.419914
16.1495 91.514 -0.653625
26.9159 91.514 -0.663668
37.6822 91.514 -0.660888
48.4486 91.514 -0.595345
59.215 91.514 -0.314769
69.9813 91.514 -0.0189337
5.38318 102.28 -0.558489
16.1495 102.28 -0.896867
26.9159 102.28 -0.982372
37.6822 102.28 -0.984752
48.4486 102.28 -0.922179
59.215 102.28 -0.659817
69.9813 102.28 -0.252814
5.38318 113.047 -0.575042
16.1495 113.047 -0.920776
26.9159 113.047 -1.00399
37.6822 113.047 -1.00991
48.4486 113.047 -0.960521
59.215 113.047 -0.756926
69.9813 113.047 -0.32631
5.38318 123.813 -0.507407
16.1495 123.813 -0.787811
26.9159 123.813 -0.813058
37.6822 123.813 -0.878624
48.4486 123.813 -0.896869
59.215 123.813 -0.722852
69.9813 123.813 -0.321804
5.38318 134.579 -0.205271
16.1495 134.579 -0.215914
26.9159 134.579 -0.192223
37.6822 134.579 -0.365575
48.4486 134.579 -0.584691
59.215 134.579 -0.520931
69.9813 134.579 -0.234828
5.38318 145.346 0.530255
16.1495 145.346 1.39896
26.9159 145.346 1.72873
37.6822 145.346 1.14088
48.4486 145.346 0.139277
59.215 145.346 -0.0689873
69.9813 145.346 0.00451016
5.38318 156.112 1.38784
16.1495 156.112 2.85028
26.9159 156.112 3.39779
37.6822 156.112 2.76949
48.4486 156.112 1.85618
59.215 156.112 1.27823
69.9813 156.112 0.869051
5.38318 166.879 1.67313
16.1495 166.879 3.25963
26.9159 166.879 3.86798
37.6822 166.879 3.37261
48.4486 166.879 2.85185
59.215 166.879 2.4754
69.9813 166.879 1.69886
5.38318 177.645 1.58681
16.1495 177.645 2.87452
26.9159 177.645 3.34613
37.6822 177.645 3.08214
48.4486 177.645 3.12116
59.215 177.645 2.99438
69.9813 177.645 2.15842
5.38318 188.411 1.22279
16.1495 188.411 2.21935
26.9159 188.411 2.66417
37.6822 188.411 2.65895
48.4486 188.411 2.81141
59.215 188.411 2.72804
69.9813 188.411 1.95673
5.38318 199.178 0.887892
16.1495 199.178 1.78592
26.9159 199.178 2.19936
37.6822 199.178 2.21573
48.4486 199.178 2.03807
59.215 199.178 1.76163
69.9813 199.178 1.27674
5.38318 209.944 0.329178
16.1495 209.944 0.787961
26.9159 209.944 1.0875
37.6822 209.944 1.1522
48.4486 209.944 1.07185
59.215 209.944 0.865211
69.9813 209.944 0.695293
