37 166
0 146 72 40
0 130 72 72
0 125 72 82
0 72 72 144
0 0 72 216
5.38318 5.38318 0.423668
16.1495 5.38318 0.522994
26.9159 5.38318 0.456102
37.6822 5.38318 0.689354
48.4486 5.38318 1.0355
59.215 5.38318 1.21339
69.9813 5.38318 0.866587
5.38318 16.1495 0.661436
16.1495 16.1495 0.975736
26.9159 16.1495 0.95599
37.6822 16.1495 1.31282
48.4486 16.1495 1.86604
59.215 16.1495 2.1725
69.9813 16.1495 1.60163
5.38318 26.9159 0.48888
16.1495 26.9159 0.791199
26.9159 26.9159 0.863257
37.6822 26.9159 1.35401
48.4486 26.9159 1.94191
59.215 26.9159 2.27375
69.9813 26.9159 1.70504
5.38318 37.6822 0.402357
16.1495 37.6822 0.75315
26.9159 37.6822 1.05428
37.6822 37.6822 1.4079
48.4486 37.6822 1.59594
59.215 37.6822 1.72941
69.9813 37.6822 1.25952
5.38318 48.4486 0.468056
16.1495 48.4486 0.915065
26.9159 48.4486 1.39578
37.6822 48.4486 1.44007
48.4486 48.4486 1.10729
59.215 48.4486 0.921357
69.9813 48.4486 0.650473
5.38318 59.215 0.222062
16.1495 59.215 0.688343
26.9159 59.215 1.28156
37.6822 59.215 1.12265
48.4486 59.215 0.351427
59.215 59.215 -0.0142347
69.9813 59.215 -0.0187128
5.38318 69.9813 -0.128879
16.1495 69.9813 -0.0152299
26.9159 69.9813 0.499916
37.6822 69.9813 0.101111
48.4486 69.9813 -0.385173
59.215 69.9813 -0.472603
69.9813 69.9813 -0.289451
5.38318 80.7477 -0.395587
16.1495 80.7477 -0.580978
26.9159 80.7477 -0.530641
37.6822 80.7477 -0.706033
48.4486 80.7477 -0.840369
59.215 80.7477 -0.709829
69.9813 80.7477 -0.338285
5.38318 91.514 -0.530147
16.1495 91.514 -0.855814
26.9159 91.514 -0.935434
37.6822 91.514 -1.00887
48.4486 91.514 -1.00013
59.215 91.514 -0.810177
69.9813 91.514 -0.369207
5.38318 102.28 -0.574888
16.1495 102.28 -0.927573
26.9159 102.28 -1.01399
37.6822 102.28 -1.04266
48.4486 102.28 -0.9911
59.215 102.28 -0.789796
69.9813 102.28 -0.341519
5.38318 113.047 -0.578675
16.1495 113.047 -0.922918
26.9159 113.047 -0.996555
37.6822 113.047 -0.994657
48.4486 113.047 -0.94131
59.215 113.047 -0.734882
69.9813 113.047 -0.313613
5.38318 123.813 -0.545208
16.1495 123.813 -0.836761
26.9159 123.813 -0.78702
37.6822 123.813 -0.741761
48.4486 123.813 -0.723564
59.215 123.813 -0.581395
69.9813 123.813 -0.256006
5.38318 134.579 -0.444288
16.1495 134.579 -0.543239
26.9159 134.579 -0.238454
37.6822 134.579 -0.112185
48.4486 134.579 -0.206602
59.215 134.579 -0.285766
69.9813 134.579 -0.137987
5.38318 145.346 -0.238352
16.1495 145.346 0.0297823
26.9159 145.346 1.54194
37.6822 145.346 2.11575
48.4486 145.346 1.53128
59.215 145.346 0.562739
69.9813 145.346 0.11934
5.38318 156.112 -0.0225542
16.1495 156.112 1.09101
26.9159 156.112 3.00173
37.6822 156.112 3.65311
48.4486 156.112 2.89202
59.215 156.112 1.42847
69.9813 156.112 0.514559
5.38318 166.879 0.311359
16.1495 166.879 1.69773
26.9159 166.879 3.5285
37.6822 166.879 4.09651
48.4486 166.879 3.25036
59.215 166.879 1.67137
69.9813 166.879 0.674575
5.38318 177.645 0.466647
16.1495 177.645 1.65243
26.9159 177.645 2.95664
37.6822 177.645 3.13117
48.4486 177.645 2.54761
59.215 177.645 1.23999
69.9813 177.645 0.690548
5.38318 188.411 0.596891
16.1495 188.411 1.56668
26.9159 188.411 2.32912
37.6822 188.411 2.31961
48.4486 188.411 2.04528
59.215 188.411 1.13712
69.9813 188.411 0.842094
5.38318 199.178 0.548359
16.1495 199.178 1.38655
26.9159 199.178 1.92295
37.6822 199.178 1.98981
48.4486 199.178 1.92746
59.215 199.178 1.28102
69.9813 199.178 0.945743
5.38318 209.944 0.35503
16.1495 209.944 0.897251
26.9159 209.944 1.15138
37.6822 209.944 1.26117
48.4486 209.944 1.26707
59.215 209.944 1.02486
69.9813 209.944 0.764864
