48 177
0 157 72 40
0 141 72 72
0 134 72 82
0 72 72 144
0 0 72 216
5.38318 5.38318 0.3463
16.1495 5.38318 0.479289
26.9159 5.38318 0.656658
37.6822 5.38318 0.619415
48.4486 5.38318 0.729226
59.215 5.38318 0.651917
69.9813 5.38318 0.463914
5.38318 16.1495 0.621281
16.1495 16.1495 1.2282
26.9159 16.1495 1.87134
37.6822 16.1495 1.90205
48.4486 16.1495 2.00992
59.215 16.1495 1.60291
69.9813 16.1495 1.05829
5.38318 26.9159 0.41655
16.1495 26.9159 1.13066
26.9159 26.9159 2.189
37.6822 26.9159 2.32934
48.4486 26.9159 2.47883
59.215 26.9159 1.9179
69.9813 26.9159 1.31569
5.38318 37.6822 0.682159
16.1495 37.6822 1.92651
26.9159 37.6822 3.33478
37.6822 37.6822 3.65235
48.4486 37.6822 3.6144
59.215 37.6822 2.53566
69.9813 37.6822 1.55386
5.38318 48.4486 0.589161
16.1495 48.4486 1.8799
26.9159 48.4486 3.33547
37.6822 48.4486 3.8084
48.4486 48.4486 3.69158
59.215 48.4486 2.53439
69.9813 48.4486 1.53019
5.38318 59.215 0.651497
16.1495 59.215 1.64386
26.9159 59.215 2.59888
37.6822 59.215 2.80171
48.4486 59.215 2.70665
59.215 59.215 1.97839
69.9813 59.215 1.32611
5.38318 69.9813 -0.0294575
16.1495 69.9813 0.0510566
26.9159 69.9813 0.479231
37.6822 69.9813 0.413096
48.4486 69.9813 0.589679
59.215 69.9813 0.544407
69.9813 69.9813 0.669802
5.38318 80.7477 -0.170333
16.1495 80.7477 -0.206536
26.9159 80.7477 -0.0225821
37.6822 80.7477 -0.0889799
48.4486 80.7477 -0.0184099
59.215 80.7477 0.0152579
69.9813 80.7477 0.396412
5.38318 91.514 -0.329101
16.1495 91.514 -0.476108
26.9159 91.514 -0.322209
37.6822 91.514 -0.282219
48.4486 91.514 -0.19663
59.215 91.514 -0.187956
69.9813 91.514 -0.00301338
5.38318 102.28 -0.289373
16.1495 102.28 -0.3958
26.9159 102.28 -0.291824
37.6822 102.28 -0.279603
48.4486 102.28 -0.286544
59.215 102.28 -0.260671
69.9813 102.28 -0.0989552
5.38318 113.047 -0.290118
16.1495 113.047 -0.431154
26.9159 113.047 -0.407156
37.6822 113.047 -0.394486
48.4486 113.047 -0.383647
59.215 113.047 -0.302122
69.9813 113.047 -0.128256
5.38318 123.813 -0.272876
16.1495 123.813 -0.391507
26.9159 123.813 -0.302693
37.6822 123.813 -0.253402
48.4486 123.813 -0.220858
59.215 123.813 -0.164092
69.9813 123.813 -0.0547379
5.38318 134.579 -0.202551
16.1495 134.579 -0.240516
26.9159 134.579 -0.0525294
37.6822 134.579 0.111166
48.4486 134.579 0.208935
59.215 134.579 0.193891
69.9813 134.579 0.204387
5.38318 145.346 -0.125329
16.1495 145.346 -0.0675489
26.9159 145.346 0.59265
37.6822 145.346 1.05234
48.4486 145.346 1.27948
59.215 145.346 1.02984
69.9813 145.346 0.663435
5.38318 156.112 0.00602435
16.1495 156.112 0.427161
26.9159 156.112 1.44264
37.6822 156.112 2.12639
48.4486 156.112 2.3468
59.215 156.112 1.83822
69.9813 156.112 1.10498
5.38318 166.879 0.317191
16.1495 166.879 0.945957
26.9159 166.879 2.18885
37.6822 166.879 3.16155
48.4486 166.879 3.46434
59.215 166.879 2.64118
69.9813 166.879 1.50473
5.38318 177.645 0.794574
16.1495 177.645 1.65282
26.9159 177.645 2.87049
37.6822 177.645 3.94072
48.4486 177.645 4.16692
59.215 177.645 3.18903
69.9813 177.645 1.76432
5.38318 188.411 1.22448
16.1495 188.411 2.25184
26.9159 188.411 3.29738
37.6822 188.411 4.01611
48.4486 188.411 4.0156
59.215 188.411 3.06814
69.9813 188.411 1.6834
5.38318 199.178 1.30949
16.1495 199.178 2.23277
26.9159 199.178 2.74603
37.6822 199.178 2.79285
48.4486 199.178 2.65255
59.215 199.178 2.21166
69.9813 199.178 1.33003
5.38318 209.944 0.825106
16.1495 209.944 1.43596
26.9159 209.944 1.70878
37.6822 209.944 1.4688
48.4486 209.944 1.4058
59.215 209.944 1.27215
69.9813 209.944 0.89694
