37 37
0 17 72 40
0 1 72 72
0 0 72 82
0 0 72 144
0 0 72 216
5.38318 5.38318 0.153172
16.1495 5.38318 0.356921
26.9159 5.38318 0.75391
37.6822 5.38318 0.864659
48.4486 5.38318 0.772068
59.215 5.38318 0.425086
69.9813 5.38318 0.235573
5.38318 16.1495 0.372111
16.1495 16.1495 1.15184
26.9159 16.1495 2.05371
37.6822 16.1495 2.31422
48.4486 16.1495 2.01631
59.215 16.1495 1.26422
69.9813 16.1495 0.64712
5.38318 26.9159 0.513532
16.1495 26.9159 1.82441
26.9159 26.9159 3.43793
37.6822 26.9159 4.01899
48.4486 26.9159 3.39212
59.215 26.9159 1.96397
69.9813 26.9159 0.917937
5.38318 37.6822 0.762863
16.1495 37.6822 2.30064
26.9159 37.6822 4.24718
37.6822 37.6822 5.02188
48.4486 37.6822 4.19212
59.215 37.6822 2.43657
69.9813 37.6822 1.06972
5.38318 48.4486 0.622029
16.1495 48.4486 2.01104
26.9159 48.4486 3.79294
37.6822 48.4486 4.52198
48.4486 48.4486 3.83071
59.215 48.4486 2.27378
69.9813 48.4486 1.03966
5.38318 59.215 0.407863
16.1495 59.215 1.4925
26.9159 59.215 2.6598
37.6822 59.215 3.23373
48.4486 59.215 2.69035
59.215 59.215 1.6803
69.9813 59.215 0.782286
5.38318 69.9813 0.169045
16.1495 69.9813 1.11634
26.9159 69.9813 2.25213
37.6822 69.9813 2.87808
48.4486 69.9813 2.29068
59.215 69.9813 1.48941
69.9813 69.9813 0.583831
5.38318 80.7477 -0.107538
16.1495 80.7477 0.288649
26.9159 80.7477 1.0371
37.6822 80.7477 1.48996
48.4486 80.7477 0.856368
59.215 80.7477 0.526236
69.9813 80.7477 0.056469
5.38318 91.514 -0.26929
16.1495 91.514 -0.337358
26.9159 91.514 -0.247127
37.6822 91.514 -0.155023
48.4486 91.514 -0.307223
59.215 91.514 -0.211509
69.9813 91.514 -0.169861
5.38318 102.28 -0.294777
16.1495 102.28 -0.438653
26.9159 102.28 -0.417157
37.6822 102.28 -0.395872
48.4486 102.28 -0.448133
59.215 102.28 -0.32483
69.9813 102.28 -0.171694
5.38318 113.047 -0.280294
16.1495 113.047 -0.414759
26.9159 113.047 -0.384476
37.6822 113.047 -0.363042
48.4486 113.047 -0.356544
59.215 113.047 -0.281148
69.9813 113.047 -0.122265
5.38318 123.813 -0.173483
16.1495 123.813 -0.222247
26.9159 123.813 -0.160407
37.6822 123.813 -0.166825
48.4486 123.813 -0.21819
59.215 123.813 -0.206126
69.9813 123.813 -0.0864921
5.38318 134.579 -0.0109653
16.1495 134.579 0.235988
26.9159 134.579 0.537584
37.6822 134.579 0.469322
48.4486 134.579 0.210183
59.215 134.579 -0.00548728
69.9813 134.579 0.100621
5.38318 145.346 0.50913
16.1495 145.346 1.20679
26.9159 145.346 1.663
37.6822 145.346 1.55033
48.4486 145.346 1.16974
59.215 145.346 0.783735
69.9813 145.346 0.578597
5.38318 156.112 1.08959
16.1495 156.112 2.08358
26.9159 156.112 2.52881
37.6822 156.112 2.51784
48.4486 156.112 2.23638
59.215 156.112 1.80646
69.9813 156.112 1.22912
5.38318 166.879 1.72778
16.1495 166.879 2.82686
26.9159 166.879 3.02848
37.6822 166.879 3.01855
48.4486 166.879 3.01319
59.215 166.879 2.85016
69.9813 166.879 1.97568
5.38318 177.645 1.97956
16.1495 177.645 3.01083
26.9159 177.645 2.84253
37.6822 177.645 2.76728
48.4486 177.645 3.04023
59.215 177.645 3.22696
69.9813 177.645 2.33062
5.38318 188.411 1.79042
16.1495 188.411 2.63659
26.9159 188.411 2.44304
37.6822 188.411 2.32149
48.4486 188.411 2.64126
59.215 188.411 2.82762
69.9813 188.411 2.09964
5.38318 199.178 0.877161
16.1495 199.178 1.52422
26.9159 199.178 1.61977
37.6822 199.178 1.65357
48.4486 199.178 1.70005
59.215 199.178 1.63034
69.9813 199.178 1.24179
5.38318 209.944 0.381314
16.1495 209.944 0.817654
26.9159 209.944 1.05942
37.6822 209.944 1.1955
48.4486 209.944 1.30969
59.215 209.944 1.14947
69.9813 209.944 0.872936
