37 177
0 157 72 40
0 141 72 72
0 134 72 82
0 72 72 144
0 0 72 216
5.38318 5.38318 0.505539
16.1495 5.38318 0.882501
26.9159 5.38318 1.06763
37.6822 5.38318 1.0867
48.4486 5.38318 0.765121
59.215 5.38318 0.576635
69.9813 5.38318 0.33304
5.38318 16.1495 0.962313
16.1495 16.1495 1.9574
26.9159 16.1495 2.35438
37.6822 16.1495 2.2989
48.4486 16.1495 1.68869
59.215 16.1495 1.29655
69.9813 16.1495 0.800117
5.38318 26.9159 1.39639
16.1495 26.9159 2.92997
26.9159 26.9159 3.41051
37.6822 26.9159 3.19474
48.4486 26.9159 2.2018
59.215 26.9159 1.65134
69.9813 26.9159 1.03436
5.38318 37.6822 1.44044
16.1495 37.6822 3.01813
26.9159 37.6822 3.57444
37.6822 37.6822 3.23452
48.4486 37.6822 2.28125
59.215 37.6822 1.80058
69.9813 37.6822 1.18127
5.38318 48.4486 1.22347
16.1495 48.4486 2.34071
26.9159 48.4486 2.69979
37.6822 48.4486 2.40214
48.4486 48.4486 1.79764
59.215 48.4486 1.62932
69.9813 48.4486 1.1252
5.38318 59.215 0.648952
16.1495 59.215 1.03266
26.9159 59.215 1.30474
37.6822 59.215 1.24532
48.4486 59.215 1.08947
59.215 59.215 1.23183
69.9813 59.215 0.849912
5.38318 69.9813 0.414634
16.1495 69.9813 0.548897
26.9159 69.9813 0.78953
37.6822 69.9813 0.76555
48.4486 69.9813 0.629264
59.215 69.9813 0.769165
69.9813 69.9813 0.514266
5.38318 80.7477 0.0902767
16.1495 80.7477 0.0939316
26.9159 80.7477 0.323818
37.6822 80.7477 0.330695
48.4486 80.7477 0.194672
59.215 80.7477 0.342412
69.9813 80.7477 0.247816
5.38318 91.514 -0.145936
16.1495 91.514 -0.220633
26.9159 91.514 -0.132932
37.6822 91.514 -0.135627
48.4486 91.514 -0.174662
59.215 91.514 -0.119918
69.9813 91.514 -0.0488241
5.38318 102.28 -0.201873
16.1495 102.28 -0.292018
26.9159 102.28 -0.247906
37.6822 102.28 -0.282102
48.4486 102.28 -0.335428
59.215 102.28 -0.287254
69.9813 102.28 -0.142855
5.38318 113.047 -0.285715
16.1495 113.047 -0.431977
26.9159 113.047 -0.411949
37.6822 113.047 -0.408349
48.4486 113.047 -0.392146
59.215 113.047 -0.307038
69.9813 113.047 -0.131388
5.38318 123.813 -0.236389
16.1495 123.813 -0.353852
26.9159 123.813 -0.292113
37.6822 123.813 -0.287134
48.4486 123.813 -0.265498
59.215 123.813 -0.224458
69.9813 123.813 -0.0873845
5.38318 134.579 -0.0931851
16.1495 134.579 -0.0810593
26.9159 134.579 0.141503
37.6822 134.579 0.223525
48.4486 134.579 0.240848
59.215 134.579 0.111721
69.9813 134.579 0.161346
5.38318 145.346 0.354507
16.1495 145.346 0.803813
26.9159 145.346 1.42271
37.6822 145.346 1.69452
48.4486 145.346 1.60694
59.215 145.346 1.10802
69.9813 145.346 0.660268
5.38318 156.112 1.13905
16.1495 156.112 2.22196
26.9159 156.112 3.21148
37.6822 156.112 3.62542
48.4486 156.112 3.33573
59.215 156.112 2.3103
69.9813 156.112 1.28895
5.38318 166.879 1.86185
16.1495 166.879 3.45906
26.9159 166.879 4.87972
37.6822 166.879 5.37706
48.4486 166.879 4.94524
59.215 166.879 3.40164
69.9813 166.879 1.82032
5.38318 177.645 2.10475
16.1495 177.645 3.87165
26.9159 177.645 5.38885
37.6822 177.645 5.80257
48.4486 177.645 5.40797
59.215 177.645 3.74072
69.9813 177.645 2.04055
5.38318 188.411 1.74637
16.1495 188.411 3.3012
26.9159 188.411 4.60026
37.6822 188.411 4.91926
48.4486 188.411 4.42088
59.215 188.411 3.08891
69.9813 188.411 1.66957
5.38318 199.178 0.809113
16.1495 199.178 1.72507
26.9159 199.178 2.28796
37.6822 199.178 2.51746
48.4486 199.178 2.13407
59.215 199.178 1.70637
69.9813 199.178 1.03081
5.38318 209.944 0.396279
16.1495 209.944 0.924487
26.9159 209.944 0.942195
37.6822 209.944 1.12452
48.4486 209.944 0.801928
59.215 209.944 0.915891
69.9813 209.944 0.645646
