26 166
0 146 72 40
0 130 72 72
0 125 72 82
0 72 72 144
0 0 72 216
5.38318 5.38318 0.325686
16.1495 5.38318 0.536748
26.9159 5.38318 0.747609
37.6822 5.38318 1.22497
48.4486 5.38318 1.9076
59.215 5.38318 2.18361
69.9813 5.38318 1.53543
5.38318 16.1495 0.481087
16.1495 16.1495 0.860325
26.9159 16.1495 1.27191
37.6822 16.1495 2.00466
48.4486 16.1495 3.20893
59.215 16.1495 3.71478
69.9813 16.1495 2.72654
5.38318 26.9159 0.27343
16.1495 26.9159 0.698029
26.9159 26.9159 1.28832
37.6822 26.9159 2.19696
48.4486 26.9159 3.47193
59.215 26.9159 3.9177
69.9813 26.9159 2.86834
5.38318 37.6822 0.201831
16.1495 37.6822 0.557363
26.9159 37.6822 1.09059
37.6822 37.6822 1.70009
48.4486 37.6822 2.46127
59.215 37.6822 2.52895
69.9813 37.6822 1.86053
5.38318 48.4486 0.235037
16.1495 48.4486 0.571888
26.9159 48.4486 0.945262
37.6822 48.4486 1.4465
48.4486 48.4486 1.94047
59.215 48.4486 1.91901
69.9813 48.4486 1.38588
5.38318 59.215 0.365271
16.1495 59.215 0.69645
26.9159 59.215 0.810304
37.6822 59.215 1.1434
48.4486 59.215 1.47182
59.215 59.215 1.57436
69.9813 59.215 1.19673
5.38318 69.9813 -0.0134451
16.1495 69.9813 -0.0337297
26.9159 69.9813 -0.036732
37.6822 69.9813 0.299304
48.4486 69.9813 0.606439
59.215 69.9813 0.958658
69.9813 69.9813 0.845706
5.38318 80.7477 -0.263615
16.1495 80.7477 -0.441907
26.9159 80.7477 -0.464985
37.6822 80.7477 -0.367293
48.4486 80.7477 -0.295491
59.215 80.7477 -0.0341895
69.9813 80.7477 0.238277
5.38318 91.514 -0.523488
16.1495 91.514 -0.852415
26.9159 91.514 -0.916793
37.6822 91.514 -0.876734
48.4486 91.514 -0.797763
59.215 91.514 -0.517786
69.9813 91.514 -0.20315
5.38318 102.28 -0.568501
16.1495 102.28 -0.915462
26.9159 102.28 -0.991464
37.6822 102.28 -0.986322
48.4486 102.28 -0.933742
59.215 102.28 -0.696877
69.9813 102.28 -0.299406
5.38318 113.047 -0.567172
16.1495 113.047 -0.908416
26.9159 113.047 -0.985431
37.6822 113.047 -0.984664
48.4486 113.047 -0.928939
59.215 113.047 -0.702094
69.9813 113.047 -0.291704
5.38318 123.813 -0.474194
16.1495 123.813 -0.725561
26.9159 123.813 -0.730273
37.6822 123.813 -0.689782
48.4486 123.813 -0.637762
59.215 123.813 -0.417358
69.9813 123.813 -0.136804
5.38318 134.579 -0.168398
16.1495 134.579 -0.19932
26.9159 134.579 -0.19289
37.6822 134.579 -0.120016
48.4486 134.579 -0.145737
59.215 134.579 0.0966024
69.9813 134.579 0.329614
5.38318 145.346 0.598832
16.1495 145.346 1.30682
26.9159 145.346 1.57308
37.6822 145.346 1.85148
48.4486 145.346 1.61955
59.215 145.346 1.5984
69.9813 145.346 1.0692
5.38318 156.112 1.39223
16.1495 156.112 2.62944
26.9159 156.112 3.0543
37.6822 156.112 3.1304
48.4486 156.112 2.71856
59.215 156.112 2.3867
69.9813 156.112 1.47321
5.38318 166.879 1.64532
16.1495 166.879 3.19202
26.9159 166.879 4.04025
37.6822 166.879 4.02224
48.4486 166.879 3.37013
59.215 166.879 2.56287
69.9813 166.879 1.50492
5.38318 177.645 1.3319
16.1495 177.645 2.75597
26.9159 177.645 3.77524
37.6822 177.645 3.7378
48.4486 177.645 2.99368
59.215 177.645 2.02463
69.9813 177.645 1.16731
5.38318 188.411 0.878183
16.1495 188.411 2.02936
26.9159 188.411 3.09192
37.6822 188.411 3.09333
48.4486 188.411 2.45219
59.215 188.411 1.37806
69.9813 188.411 0.7988
5.38318 199.178 0.582351
16.1495 199.178 1.384
26.9159 199.178 1.96208
37.6822 199.178 1.96746
48.4486 199.178 1.74139
59.215 199.178 1.13594
69.9813 199.178 0.86725
5.38318 209.944 0.523438
16.1495 209.944 1.12948
26.9159 209.944 1.37754
37.6822 209.944 1.26788
48.4486 209.944 1.15974
59.215 209.944 0.953867
69.9813 209.944 0.773648
