37 177
0 157 72 40
0 141 72 72
0 134 72 82
0 72 72 144
0 0 72 216
5.38318 5.38318 0.0559981
16.1495 5.38318 0.204954
26.9159 5.38318 0.666146
37.6822 5.38318 0.884336
48.4486 5.38318 0.821555
59.215 5.38318 0.494327
69.9813 5.38318 0.257905
5.38318 16.1495 0.133253
16.1495 16.1495 0.661183
26.9159 16.1495 1.76336
37.6822 16.1495 2.22233
48.4486 16.1495 2.07696
59.215 16.1495 1.31887
69.9813 16.1495 0.677149
5.38318 26.9159 -0.00736487
16.1495 26.9159 0.725297
26.9159 26.9159 2.271
37.6822 26.9159 3.12169
48.4486 26.9159 2.98512
59.215 26.9159 1.81222
69.9813 26.9159 0.867644
5.38318 37.6822 0.287836
16.1495 37.6822 1.16367
26.9159 37.6822 2.54573
37.6822 37.6822 3.4518
48.4486 37.6822 3.28613
59.215 37.6822 2.06476
69.9813 37.6822 1.01152
5.38318 48.4486 0.223104
16.1495 48.4486 0.900895
26.9159 48.4486 1.85884
37.6822 48.4486 2.574
48.4486 48.4486 2.49514
59.215 48.4486 1.77364
69.9813 48.4486 1.00321
5.38318 59.215 0.0234829
16.1495 59.215 0.567978
26.9159 59.215 1.08104
37.6822 59.215 1.59323
48.4486 59.215 1.55065
59.215 59.215 1.36305
69.9813 59.215 0.936454
5.38318 69.9813 -0.177182
16.1495 69.9813 -0.14607
26.9159 69.9813 -0.0202295
37.6822 69.9813 0.45124
48.4486 69.9813 0.714673
59.215 69.9813 0.993474
69.9813 69.9813 0.833567
5.38318 80.7477 -0.30212
16.1495 80.7477 -0.370041
26.9159 80.7477 -0.26379
37.6822 80.7477 -0.130333
48.4486 80.7477 -0.0244873
59.215 80.7477 0.327671
69.9813 80.7477 0.440862
5.38318 91.514 -0.330921
16.1495 91.514 -0.465894
26.9159 91.514 -0.403047
37.6822 91.514 -0.34346
48.4486 91.514 -0.308305
59.215 91.514 -0.193924
69.9813 91.514 -0.0362537
5.38318 102.28 -0.306975
16.1495 102.28 -0.442286
26.9159 102.28 -0.36299
37.6822 102.28 -0.308748
48.4486 102.28 -0.309146
59.215 102.28 -0.25271
69.9813 102.28 -0.112595
5.38318 113.047 -0.283134
16.1495 113.047 -0.4357
26.9159 113.047 -0.426399
37.6822 113.047 -0.420639
48.4486 113.047 -0.398359
59.215 113.047 -0.303994
69.9813 113.047 -0.12789
5.38318 123.813 -0.170781
16.1495 123.813 -0.239268
26.9159 123.813 -0.168765
37.6822 123.813 -0.174638
48.4486 123.813 -0.186216
59.215 123.813 -0.147868
69.9813 123.813 -0.0420076
5.38318 134.579 0.0298784
16.1495 134.579 0.0986328
26.9159 134.579 0.41212
37.6822 134.579 0.373498
48.4486 134.579 0.321403
59.215 134.579 0.252913
69.9813 134.579 0.246153
5.38318 145.346 0.464675
16.1495 145.346 1.00186
26.9159 145.346 1.69514
37.6822 145.346 1.79824
48.4486 145.346 1.61604
59.215 145.346 1.14063
69.9813 145.346 0.689655
5.38318 156.112 0.811695
16.1495 156.112 1.8542
26.9159 156.112 2.88117
37.6822 156.112 2.94409
48.4486 156.112 2.58213
59.215 156.112 1.74022
69.9813 156.112 0.978134
5.38318 166.879 0.976893
16.1495 166.879 2.43782
26.9159 166.879 3.91208
37.6822 166.879 4.13125
48.4486 166.879 3.54234
59.215 166.879 2.21071
69.9813 166.879 1.18383
5.38318 177.645 1.07955
16.1495 177.645 2.64376
26.9159 177.645 4.48486
37.6822 177.645 4.8063
48.4486 177.645 4.05985
59.215 177.645 2.35756
69.9813 177.645 1.19813
5.38318 188.411 1.05738
16.1495 188.411 2.44976
26.9159 188.411 4.17492
37.6822 188.411 4.5742
48.4486 188.411 3.85153
59.215 188.411 2.21368
69.9813 188.411 1.11071
5.38318 199.178 0.870762
16.1495 199.178 1.76169
26.9159 199.178 2.76422
37.6822 199.178 2.86837
48.4486 199.178 2.38667
59.215 199.178 1.33893
69.9813 199.178 0.735682
5.38318 209.944 0.633103
16.1495 209.944 1.09856
26.9159 209.944 1.29811
37.6822 209.944 1.15965
48.4486 209.944 0.881658
59.215 209.944 0.542664
69.9813 209.944 0.457922
