37 188
0 168 72 40
0 144 72 72
0 134 72 82
0 72 72 144
0 0 72 216
5.38318 5.38318 0.679449
16.1495 5.38318 0.972496
26.9159 5.38318 1.15156
37.6822 5.38318 1.24498
48.4486 5.38318 1.23713
59.215 5.38318 1.02644
69.9813 5.38318 0.639693
5.38318 16.1495 1.41974
16.1495 16.1495 2.09392
26.9159 16.1495 2.33757
37.6822 16.1495 2.29911
48.4486 16.1495 2.25524
59.215 16.1495 1.93007
69.9813 16.1495 1.23098
5.38318 26.9159 2.18849
16.1495 26.9159 3.17778
26.9159 26.9159 3.25163
37.6822 26.9159 2.70581
48.4486 26.9159 2.30086
59.215 26.9159 1.92243
69.9813 26.9159 1.26315
5.38318 37.6822 2.34122
16.1495 37.6822 3.38294
26.9159 37.6822 3.36743
37.6822 37.6822 2.43257
48.4486 37.6822 1.74296
59.215 37.6822 1.37316
69.9813 37.6822 0.901761
5.38318 48.4486 1.77235
16.1495 48.4486 2.56792
26.9159 48.4486 2.70781
37.6822 48.4486 1.89523
48.4486 48.4486 1.16649
59.215 48.4486 0.69523
69.9813 48.4486 0.413664
5.38318 59.215 0.799101
16.1495 59.215 1.21755
26.9159 59.215 1.80474
37.6822 59.215 1.45973
48.4486 59.215 1.02218
59.215 59.215 0.49579
69.9813 59.215 0.233619
5.38318 69.9813 0.399786
16.1495 69.9813 0.718967
26.9159 69.9813 1.50147
37.6822 69.9813 1.34355
48.4486 69.9813 0.906532
59.215 69.9813 0.24043
69.9813 69.9813 0.00806847
5.38318 80.7477 0.0161939
16.1495 80.7477 0.159891
26.9159 80.7477 0.832643
37.6822 80.7477 0.759866
48.4486 80.7477 0.324093
59.215 80.7477 -0.103385
69.9813 80.7477 -0.103406
5.38318 91.514 -0.167507
16.1495 91.514 -0.205449
26.9159 91.514 -0.103697
37.6822 91.514 -0.143306
48.4486 91.514 -0.27313
59.215 91.514 -0.285642
69.9813 91.514 -0.163395
5.38318 102.28 -0.199391
16.1495 102.28 -0.296582
26.9159 102.28 -0.289701
37.6822 102.28 -0.362203
48.4486 102.28 -0.432509
59.215 102.28 -0.360977
69.9813 102.28 -0.178364
5.38318 113.047 -0.29157
16.1495 113.047 -0.442713
26.9159 113.047 -0.445292
37.6822 113.047 -0.438892
48.4486 113.047 -0.424284
59.215 113.047 -0.333839
69.9813 113.047 -0.146051
5.38318 123.813 -0.285707
16.1495 123.813 -0.440409
26.9159 123.813 -0.424257
37.6822 123.813 -0.412834
48.4486 123.813 -0.382623
59.215 123.813 -0.2846
69.9813 123.813 -0.113714
5.38318 134.579 -0.255546
16.1495 134.579 -0.387005
26.9159 134.579 -0.35322
37.6822 134.579 -0.32527
48.4486 134.579 -0.269727
59.215 134.579 -0.178854
69.9813 134.579 -0.0483196
5.38318 145.346 -0.230469
16.1495 145.346 -0.323534
26.9159 145.346 -0.240842
37.6822 145.346 -0.164562
48.4486 145.346 -0.0605102
59.215 145.346 0.0178969
69.9813 145.346 0.173899
5.38318 156.112 -0.141871
16.1495 156.112 -0.0876674
26.9159 156.112 0.403571
37.6822 156.112 0.66361
48.4486 156.112 0.809858
59.215 156.112 0.627382
69.9813 156.112 0.482325
5.38318 166.879 -0.00972661
16.1495 166.879 0.496746
26.9159 166.879 1.45193
37.6822 166.879 1.75228
48.4486 166.879 1.77157
59.215 166.879 1.27365
69.9813 166.879 0.805351
5.38318 177.645 0.392261
16.1495 177.645 1.47243
26.9159 177.645 2.79989
37.6822 177.645 3.06828
48.4486 177.645 2.8627
59.215 177.645 1.84371
69.9813 177.645 1.05268
5.38318 188.411 0.589705
16.1495 188.411 1.90029
26.9159 188.411 3.31326
37.6822 188.411 3.5839
48.4486 188.411 3.28034
59.215 188.411 2.0766
69.9813 188.411 1.14243
5.38318 199.178 0.499499
16.1495 199.178 1.56881
26.9159 199.178 2.64965
37.6822 199.178 2.83561
48.4486 199.178 2.58029
59.215 199.178 1.64897
69.9813 199.178 0.93547
5.38318 209.944 0.23314
16.1495 209.944 0.65911
26.9159 209.944 1.09934
37.6822 209.944 1.06501
48.4486 209.944 0.967652
59.215 209.944 0.665339
69.9813 209.944 0.452968
