37 177
0 157 72 40
0 141 72 72
0 134 72 82
0 72 72 144
0 0 72 216
5.38318 5.38318 0.310341
16.1495 5.38318 0.595551
26.9159 5.38318 1.06493
37.6822 5.38318 1.11826
48.4486 5.38318 1.07975
59.215 5.38318 0.733568
69.9813 5.38318 0.460404
5.38318 16.1495 0.302708
16.1495 16.1495 0.897559
26.9159 16.1495 1.79134
37.6822 16.1495 1.96001
48.4486 16.1495 1.9665
59.215 16.1495 1.4445
69.9813 16.1495 0.953194
5.38318 26.9159 -0.0692923
16.1495 26.9159 0.363144
26.9159 26.9159 1.48828
37.6822 26.9159 1.84579
48.4486 26.9159 2.04565
59.215 26.9159 1.5722
69.9813 26.9159 1.09706
5.38318 37.6822 -0.216214
16.1495 37.6822 -0.0834587
26.9159 37.6822 0.948568
37.6822 37.6822 1.39305
48.4486 37.6822 1.64251
59.215 37.6822 1.30936
69.9813 37.6822 0.945727
5.38318 48.4486 -0.239634
16.1495 48.4486 -0.128493
26.9159 48.4486 0.812164
37.6822 48.4486 1.10075
48.4486 48.4486 0.954085
59.215 48.4486 0.485925
69.9813 48.4486 0.389769
5.38318 59.215 -0.231846
16.1495 59.215 -0.0602957
26.9159 59.215 0.925307
37.6822 59.215 1.15288
48.4486 59.215 0.539632
59.215 59.215 -0.126949
69.9813 59.215 -0.107709
5.38318 69.9813 -0.284268
16.1495 69.9813 -0.195882
26.9159 69.9813 0.521242
37.6822 69.9813 0.65905
48.4486 69.9813 -0.0290917
59.215 69.9813 -0.35572
69.9813 69.9813 -0.218309
5.38318 80.7477 -0.405743
16.1495 80.7477 -0.478201
26.9159 80.7477 -0.28767
37.6822 80.7477 -0.274557
48.4486 80.7477 -0.480256
59.215 80.7477 -0.570431
69.9813 80.7477 -0.300156
5.38318 91.514 -0.520723
16.1495 91.514 -0.803648
26.9159 91.514 -0.81635
37.6822 91.514 -0.880249
48.4486 91.514 -0.934104
59.215 91.514 -0.805609
69.9813 91.514 -0.374443
5.38318 102.28 -0.571223
16.1495 102.28 -0.91192
26.9159 102.28 -0.996488
37.6822 102.28 -1.01919
48.4486 102.28 -0.996599
59.215 102.28 -0.808324
69.9813 102.28 -0.373883
5.38318 113.047 -0.579996
16.1495 113.047 -0.925652
26.9159 113.047 -1.00469
37.6822 113.047 -1.00284
48.4486 113.047 -0.950444
59.215 113.047 -0.744105
69.9813 113.047 -0.320048
5.38318 123.813 -0.546057
16.1495 123.813 -0.850812
26.9159 123.813 -0.859984
37.6822 123.813 -0.837073
48.4486 123.813 -0.774545
59.215 123.813 -0.594977
69.9813 123.813 -0.242347
5.38318 134.579 -0.425522
16.1495 134.579 -0.623217
26.9159 134.579 -0.492283
37.6822 134.579 -0.45173
48.4486 134.579 -0.364806
59.215 134.579 -0.301367
69.9813 134.579 -0.0801143
5.38318 145.346 -0.109171
16.1495 145.346 -0.0635618
26.9159 145.346 0.464478
37.6822 145.346 0.605679
48.4486 145.346 0.771177
59.215 145.346 0.486647
69.9813 145.346 0.471905
5.38318 156.112 0.535538
16.1495 156.112 1.14586
26.9159 156.112 1.80438
37.6822 156.112 1.95775
48.4486 156.112 2.05417
59.215 156.112 1.56655
69.9813 156.112 1.07978
5.38318 166.879 1.1988
16.1495 166.879 2.13557
26.9159 166.879 2.47076
37.6822 166.879 2.51593
48.4486 166.879 2.39374
59.215 166.879 2.10154
69.9813 166.879 1.40687
5.38318 177.645 1.33972
16.1495 177.645 2.36099
26.9159 177.645 2.53213
37.6822 177.645 2.55344
48.4486 177.645 2.23706
59.215 177.645 2.18882
69.9813 177.645 1.46374
5.38318 188.411 1.08869
16.1495 188.411 2.12296
26.9159 188.411 2.1824
37.6822 188.411 2.32471
48.4486 188.411 1.59047
59.215 188.411 1.80706
69.9813 188.411 1.11441
5.38318 199.178 0.433837
16.1495 199.178 1.29144
26.9159 199.178 1.43348
37.6822 199.178 1.68896
48.4486 199.178 0.938906
59.215 199.178 1.10664
69.9813 199.178 0.640611
5.38318 209.944 0.131227
16.1495 209.944 0.619824
26.9159 209.944 0.609161
37.6822 209.944 0.809756
48.4486 209.944 0.281329
59.215 209.944 0.517007
69.9813 209.944 0.312206
