48 16
0 0 72 40
0 0 72 72
0 0 72 82
0 0 72 144
0 0 72 216
5.38318 5.38318 1.73034
16.1495 5.38318 2.15204
26.9159 5.38318 2.11436
37.6822 5.38318 2.13428
48.4486 5.38318 2.22316
59.215 5.38318 1.74371
69.9813 5.38318 1.01874
5.38318 16.1495 2.57422
16.1495 16.1495 3.43465
26.9159 16.1495 3.50784
37.6822 16.1495 3.50272
48.4486 16.1495 3.67278
59.215 16.1495 3.00394
69.9813 16.1495 1.7809
5.38318 26.9159 2.04336
16.1495 26.9159 2.99714
26.9159 26.9159 3.36127
37.6822 26.9159 3.42829
48.4486 26.9159 3.49791
59.215 26.9159 2.75035
69.9813 26.9159 1.65087
5.38318 37.6822 0.722329
16.1495 37.6822 1.55526
26.9159 37.6822 2.26095
37.6822 37.6822 2.51979
48.4486 37.6822 2.43326
59.215 37.6822 1.84833
69.9813 37.6822 1.16217
5.38318 48.4486 0.235313
16.1495 48.4486 0.88189
26.9159 48.4486 1.84449
37.6822 48.4486 2.38618
48.4486 48.4486 2.4365
59.215 48.4486 1.91211
69.9813 48.4486 1.19607
5.38318 59.215 -0.00745244
16.1495 59.215 0.530168
26.9159 59.215 1.65218
37.6822 59.215 2.42455
48.4486 59.215 2.56263
59.215 59.215 1.98976
69.9813 59.215 1.19946
5.38318 69.9813 -0.138228
16.1495 69.9813 -0.0191083
26.9159 69.9813 1.05631
37.6822 69.9813 1.77612
48.4486 69.9813 1.79502
59.215 69.9813 1.31474
69.9813 69.9813 0.729852
5.38318 80.7477 -0.243659
16.1495 80.7477 -0.284975
26.9159 80.7477 0.0212022
37.6822 80.7477 0.41075
48.4486 80.7477 0.271622
59.215 80.7477 -0.00282463
69.9813 80.7477 -0.013693
5.38318 91.514 -0.29056
16.1495 91.514 -0.416897
26.9159 91.514 -0.312203
37.6822 91.514 -0.287481
48.4486 91.514 -0.31852
59.215 91.514 -0.320416
69.9813 91.514 -0.170517
5.38318 102.28 -0.294903
16.1495 102.28 -0.447983
26.9159 102.28 -0.438354
37.6822 102.28 -0.442387
48.4486 102.28 -0.434757
59.215 102.28 -0.352365
69.9813 102.28 -0.162576
5.38318 113.047 -0.297044
16.1495 113.047 -0.449104
26.9159 113.047 -0.446036
37.6822 113.047 -0.425724
48.4486 113.047 -0.412217
59.215 113.047 -0.320527
69.9813 113.047 -0.144775
5.38318 123.813 -0.243432
16.1495 123.813 -0.368982
26.9159 123.813 -0.313241
37.6822 123.813 -0.281892
48.4486 123.813 -0.277883
59.215 123.813 -0.217578
69.9813 123.813 -0.0867844
5.38318 134.579 -0.133319
16.1495 134.579 -0.178824
26.9159 134.579 -0.0471178
37.6822 134.579 -0.0129068
48.4486 134.579 -0.0449601
59.215 134.579 -0.0508364
69.9813 134.579 0.0311479
5.38318 145.346 0.125422
16.1495 145.346 0.336447
26.9159 145.346 0.729837
37.6822 145.346 0.802142
48.4486 145.346 0.649019
59.215 145.346 0.444999
69.9813 145.346 0.316207
5.38318 156.112 0.384812
16.1495 156.112 0.80783
26.9159 156.112 1.32168
37.6822 156.112 1.38546
48.4486 156.112 1.25194
59.215 156.112 0.899457
69.9813 156.112 0.531612
5.38318 166.879 0.438004
16.1495 166.879 0.920353
26.9159 166.879 1.47465
37.6822 166.879 1.45612
48.4486 166.879 1.39901
59.215 166.879 1.02442
69.9813 166.879 0.642065
5.38318 177.645 0.0618163
16.1495 177.645 0.39283
26.9159 177.645 0.990385
37.6822 177.645 0.998122
48.4486 177.645 1.22072
59.215 177.645 1.04115
69.9813 177.645 0.776614
5.38318 188.411 -0.0174777
16.1495 188.411 0.152678
26.9159 188.411 0.725965
37.6822 188.411 0.752984
48.4486 188.411 1.07187
59.215 188.411 1.07326
69.9813 188.411 0.875507
5.38318 199.178 -0.0186943
16.1495 199.178 0.00226935
26.9159 199.178 0.448601
37.6822 199.178 0.455247
48.4486 199.178 0.745327
59.215 199.178 0.91075
69.9813 199.178 0.796222
5.38318 209.944 0.121085
16.1495 209.944 0.226254
26.9159 209.944 0.397203
37.6822 209.944 0.255026
48.4486 209.944 0.319048
59.215 209.944 0.466736
69.9813 209.944 0.448101
