37 166
0 146 72 40
0 130 72 72
0 125 72 82
0 72 72 144
0 0 72 216
5.38318 5.38318 0.380994
16.1495 5.38318 0.64802
26.9159 5.38318 0.985112
37.6822 5.38318 1.07954
48.4486 5.38318 1.06914
59.215 5.38318 0.822744
69.9813 5.38318 0.511862
5.38318 16.1495 0.847284
16.1495 16.1495 1.66721
26.9159 16.1495 2.29107
37.6822 16.1495 2.49085
48.4486 16.1495 2.39301
59.215 16.1495 1.85433
69.9813 16.1495 1.1025
5.38318 26.9159 1.16148
16.1495 26.9159 2.21569
26.9159 26.9159 3.09426
37.6822 26.9159 3.46286
48.4486 26.9159 3.30445
59.215 26.9159 2.56547
69.9813 26.9159 1.50131
5.38318 37.6822 1.58517
16.1495 37.6822 2.88167
26.9159 37.6822 3.80754
37.6822 37.6822 4.09267
48.4486 37.6822 3.72502
59.215 37.6822 2.9244
69.9813 37.6822 1.68023
5.38318 48.4486 1.53943
16.1495 48.4486 2.70683
26.9159 48.4486 3.53184
37.6822 48.4486 3.70386
48.4486 48.4486 3.23477
59.215 48.4486 2.58072
69.9813 48.4486 1.48425
5.38318 59.215 1.13975
16.1495 59.215 1.98738
26.9159 59.215 2.45558
37.6822 59.215 2.46371
48.4486 59.215 2.01131
59.215 59.215 1.81038
69.9813 59.215 1.09696
5.38318 69.9813 0.480682
16.1495 69.9813 0.743728
26.9159 69.9813 0.711535
37.6822 69.9813 0.500009
48.4486 69.9813 0.175981
59.215 69.9813 0.596586
69.9813 69.9813 0.538179
5.38318 80.7477 -0.154476
16.1495 80.7477 -0.284848
26.9159 80.7477 -0.402994
37.6822 80.7477 -0.488396
48.4486 80.7477 -0.497946
59.215 80.7477 -0.218715
69.9813 80.7477 0.0446555
5.38318 91.514 -0.459371
16.1495 91.514 -0.791927
26.9159 91.514 -0.902827
37.6822 91.514 -0.966472
48.4486 91.514 -0.916488
59.215 91.514 -0.625528
69.9813 91.514 -0.248709
5.38318 102.28 -0.568375
16.1495 102.28 -0.914058
26.9159 102.28 -0.996771
37.6822 102.28 -0.991983
48.4486 102.28 -0.937696
59.215 102.28 -0.704715
69.9813 102.28 -0.301605
5.38318 113.047 -0.569017
16.1495 113.047 -0.909159
26.9159 113.047 -0.982218
37.6822 113.047 -0.977194
48.4486 113.047 -0.923311
59.215 113.047 -0.699718
69.9813 113.047 -0.295001
5.38318 123.813 -0.530423
16.1495 123.813 -0.824074
26.9159 123.813 -0.80276
37.6822 123.813 -0.75716
48.4486 123.813 -0.703909
59.215 123.813 -0.524062
69.9813 123.813 -0.206273
5.38318 134.579 -0.368628
16.1495 134.579 -0.503797
26.9159 134.579 -0.376969
37.6822 134.579 -0.264536
48.4486 134.579 -0.223758
59.215 134.579 -0.139225
69.9813 134.579 0.0250937
5.38318 145.346 -0.111208
16.1495 145.346 0.011323
26.9159 145.346 0.825993
37.6822 145.346 1.29229
48.4486 145.346 1.3731
59.215 145.346 1.01737
69.9813 145.346 0.712382
5.38318 156.112 0.478343
16.1495 156.112 1.31144
26.9159 156.112 2.51021
37.6822 156.112 3.03215
48.4486 156.112 3.03153
59.215 156.112 2.2198
69.9813 156.112 1.31314
5.38318 166.879 0.960198
16.1495 166.879 2.11036
26.9159 166.879 3.72867
37.6822 166.879 4.23671
48.4486 166.879 4.06659
59.215 166.879 2.75837
69.9813 166.879 1.55034
5.38318 177.645 1.0322
16.1495 177.645 2.1733
26.9159 177.645 3.7815
37.6822 177.645 4.11031
48.4486 177.645 3.83187
59.215 177.645 2.51646
69.9813 177.645 1.40364
5.38318 188.411 0.890337
16.1495 188.411 1.82466
26.9159 188.411 2.99001
37.6822 188.411 3.03687
48.4486 188.411 2.59649
59.215 188.411 1.59091
69.9813 188.411 0.917681
5.38318 199.178 0.704413
16.1495 199.178 1.18778
26.9159 199.178 1.55817
37.6822 199.178 1.3437
48.4486 199.178 1.08677
59.215 199.178 0.624937
69.9813 199.178 0.534599
5.38318 209.944 0.525325
16.1495 209.944 0.826386
26.9159 209.944 0.847901
37.6822 209.944 0.550687
48.4486 209.944 0.364874
59.215 209.944 0.283145
69.9813 209.944 0.369681
