37 177
0 157 72 40
0 141 72 72
0 134 72 82
0 72 72 144
0 0 72 216
5.38318 5.38318 0.3463
16.1495 5.38318 0.479289
26.9159 5.38318 0.656658
37.6822 5.38318 0.619415
48.4486 5.38318 0.729226
59.215 5.38318 0.651917
69.9813 5.38318 0.463914
5.38318 16.1495 0.621281
16.1495 16.1495 1.2282
26.9159 16.1495 1.87134
37.6822 16.1495 1.90205
48.4486 16.1495 2.00992
59.215 16.1495 1.60291
69.9813 16.1495 1.05829
5.38318 26.9159 0.41655
16.1495 26.9159 1.13066
26.9159 26.9159 2.189
37.6822 26.9159 2.32934
48.4486 26.9159 2.47883
59.215 26.9159 1.9179
69.9813 26.9159 1.31569
5.38318 37.6822 0.682159
16.1495 37.6822 1.92651
26.9159 37.6822 3.33478
37.6822 37.6822 3.65235
48.4486 37.6822 3.6144
59.215 37.6822 2.53566
69.9813 37.6822 1.55386
5.38318 48.4486 0.589161
16.1495 48.4486 1.8799
26.9159 48.4486 3.33547
37.6822 48.4486 3.8084
48.4486 48.4486 3.69158
59.215 48.4486 2.53439
69.9813 48.4486 1.53019
5.38318 59.215 0.651497
16.1495 59.215 1.64386
26.9159 59.215 2.59888
37.6822 59.215 2.80171
48.4486 59.215 2.70665
59.215 59.215 1.97839
69.9813 59.215 1.32611
5.38318 69.9813 -0.029458
16.1495 69.9813 0.0510558
26.9159 69.9813 0.479231
37.6822 69.9813 0.413095
48.4486 69.9813 0.589678
59.215 69.9813 0.544406
69.9813 69.9813 0.669802
5.38318 80.7477 -0.170333
16.1495 80.7477 -0.206536
26.9159 80.7477 -0.0225822
37.6822 80.7477 -0.0889799
48.4486 80.7477 -0.0184101
59.215 80.7477 0.015257
69.9813 80.7477 0.396411
5.38318 91.514 -0.329101
16.1495 91.514 -0.476108
26.9159 91.514 -0.322209
37.6822 91.514 -0.282219
48.4486 91.514 -0.19663
59.215 91.514 -0.187956
69.9813 91.514 -0.00301348
5.38318 102.28 -0.287472
16.1495 102.28 -0.393497
26.9159 102.28 -0.289418
37.6822 102.28 -0.27782
48.4486 102.28 -0.28421
59.215 102.28 -0.25887
69.9813 102.28 -0.0976313
5.38318 113.047 -0.26733
16.1495 113.047 -0.40516
26.9159 113.047 -0.392332
37.6822 113.047 -0.396891
48.4486 113.047 -0.387375
59.215 113.047 -0.302982
69.9813 113.047 -0.127057
5.38318 123.813 -0.174987
16.1495 123.813 -0.238784
26.9159 123.813 -0.199908
37.6822 123.813 -0.195754
48.4486 123.813 -0.213975
59.215 123.813 -0.158505
69.9813 123.813 -0.048503
5.38318 134.579 0.00756159
16.1495 134.579 0.115601
26.9159 134.579 0.431105
37.6822 134.579 0.411132
48.4486 134.579 0.285868
59.215 134.579 0.212191
69.9813 134.579 0.225537
5.38318 145.346 0.428201
16.1495 145.346 0.980557
26.9159 145.346 1.73704
37.6822 145.346 1.87273
48.4486 145.346 1.58429
59.215 145.346 1.09896
69.9813 145.346 0.661136
5.38318 156.112 0.740929
16.1495 156.112 1.7628
26.9159 156.112 3.04208
37.6822 156.112 3.14622
48.4486 156.112 2.70373
59.215 156.112 1.75998
69.9813 156.112 0.986823
5.38318 166.879 0.74581
16.1495 166.879 2.19208
26.9159 166.879 4.08152
37.6822 166.879 4.33776
48.4486 166.879 3.70204
59.215 166.879 2.16854
69.9813 166.879 1.13053
5.38318 177.645 0.490937
16.1495 177.645 1.99614
26.9159 177.645 4.10034
37.6822 177.645 4.3736
48.4486 177.645 3.62982
59.215 177.645 1.8986
69.9813 177.645 0.905698
5.38318 188.411 -0.016734
16.1495 188.411 1.0283
26.9159 188.411 2.90778
37.6822 188.411 3.10183
48.4486 188.411 2.4845
59.215 188.411 0.955409
69.9813 188.411 0.455249
5.38318 199.178 -0.205913
16.1495 199.178 -0.0558869
26.9159 199.178 0.992832
37.6822 199.178 1.02482
48.4486 199.178 0.5834
59.215 199.178 -0.0563397
69.9813 199.178 0.0644254
5.38318 209.944 -0.176497
16.1495 209.944 -0.155022
26.9159 209.944 0.0106549
37.6822 209.944 -0.052588
48.4486 209.944 -0.158593
59.215 209.944 -0.161695
69.9813 209.944 0.00870703
