48 37
0 17 72 40
0 1 72 72
0 0 72 82
0 0 72 144
0 0 72 216
5.38318 5.38318 0.873764
16.1495 5.38318 1.22221
26.9159 5.38318 1.35487
37.6822 5.38318 1.40296
48.4486 5.38318 1.41158
59.215 5.38318 1.1088
69.9813 5.38318 0.693185
5.38318 16.1495 1.51922
16.1495 16.1495 2.24806
26.9159 16.1495 2.65507
37.6822 16.1495 2.99452
48.4486 16.1495 3.10668
59.215 16.1495 2.4727
69.9813 16.1495 1.47618
5.38318 26.9159 1.86847
16.1495 26.9159 2.92315
26.9159 26.9159 3.71421
37.6822 26.9159 4.4633
48.4486 26.9159 4.63423
59.215 26.9159 3.63014
69.9813 26.9159 2.08038
5.38318 37.6822 1.61669
16.1495 37.6822 2.64491
26.9159 37.6822 3.80961
37.6822 37.6822 4.84687
48.4486 37.6822 5.09947
59.215 37.6822 3.98067
69.9813 37.6822 2.20016
5.38318 48.4486 1.18048
16.1495 48.4486 2.09551
26.9159 48.4486 3.37136
37.6822 48.4486 4.20947
48.4486 48.4486 4.45375
59.215 48.4486 3.55153
69.9813 48.4486 2.03894
5.38318 59.215 0.47481
16.1495 59.215 1.05136
26.9159 59.215 2.18682
37.6822 59.215 2.50654
48.4486 59.215 2.70546
59.215 59.215 2.30366
69.9813 59.215 1.51262
5.38318 69.9813 0.13485
16.1495 69.9813 0.580619
26.9159 69.9813 1.55918
37.6822 69.9813 1.62125
48.4486 69.9813 1.82323
59.215 69.9813 1.4974
69.9813 69.9813 1.18371
5.38318 80.7477 -0.167645
16.1495 80.7477 -0.148502
26.9159 80.7477 0.397457
37.6822 80.7477 0.31728
48.4486 80.7477 0.227389
59.215 80.7477 0.0387224
69.9813 80.7477 0.309221
5.38318 91.514 -0.447191
16.1495 91.514 -0.684269
26.9159 91.514 -0.610878
37.6822 91.514 -0.676968
48.4486 91.514 -0.701381
59.215 91.514 -0.602131
69.9813 91.514 -0.242711
5.38318 102.28 -0.565669
16.1495 102.28 -0.914456
26.9159 102.28 -0.99516
37.6822 102.28 -1.0115
48.4486 102.28 -0.973566
59.215 102.28 -0.780715
69.9813 102.28 -0.34449
5.38318 113.047 -0.572938
16.1495 113.047 -0.916852
26.9159 113.047 -0.992626
37.6822 113.047 -0.991439
48.4486 113.047 -0.937227
59.215 113.047 -0.720796
69.9813 113.047 -0.306056
5.38318 123.813 -0.530018
16.1495 123.813 -0.828078
26.9159 123.813 -0.848218
37.6822 123.813 -0.765928
48.4486 123.813 -0.655181
59.215 123.813 -0.393045
69.9813 123.813 -0.0937044
5.38318 134.579 -0.413438
16.1495 134.579 -0.589007
26.9159 134.579 -0.489431
37.6822 134.579 -0.264243
48.4486 134.579 0.0139128
59.215 134.579 0.608328
69.9813 134.579 0.756582
5.38318 145.346 -0.221994
16.1495 145.346 -0.217206
26.9159 145.346 0.13315
37.6822 145.346 1.18837
48.4486 145.346 2.2334
59.215 145.346 2.72819
69.9813 145.346 2.07244
5.38318 156.112 0.0345159
16.1495 156.112 0.467569
26.9159 156.112 1.27229
37.6822 156.112 2.31109
48.4486 156.112 3.63363
59.215 156.112 4.22436
69.9813 156.112 3.17012
5.38318 166.879 0.224964
16.1495 166.879 0.752912
26.9159 166.879 1.57993
37.6822 166.879 2.53872
48.4486 166.879 3.93198
59.215 166.879 4.51226
69.9813 166.879 3.352
5.38318 177.645 0.240282
16.1495 177.645 0.698054
26.9159 177.645 1.29442
37.6822 177.645 1.95641
48.4486 177.645 2.90672
59.215 177.645 3.12156
69.9813 177.645 2.37389
5.38318 188.411 0.136343
16.1495 188.411 0.453357
26.9159 188.411 0.905667
37.6822 188.411 1.41549
48.4486 188.411 1.96433
59.215 188.411 1.95895
69.9813 188.411 1.47304
5.38318 199.178 0.270881
16.1495 199.178 0.592287
26.9159 199.178 0.76029
37.6822 199.178 1.10345
48.4486 199.178 1.47587
59.215 199.178 1.57542
69.9813 199.178 1.20718
5.38318 209.944 0.2843
16.1495 209.944 0.495395
26.9159 209.944 0.519572
37.6822 209.944 0.694926
48.4486 209.944 0.918413
59.215 209.944 1.03341
69.9813 209.944 0.813134
