37 177
0 157 72 40
0 141 72 72
0 134 72 82
0 72 72 144
0 0 72 216
5.38318 5.38318 0.707095
16.1495 5.38318 1.09121
26.9159 5.38318 1.31394
37.6822 5.38318 1.32656
48.4486 5.38318 1.3794
59.215 5.38318 1.11891
69.9813 5.38318 0.738898
5.38318 16.1495 1.1846
16.1495 16.1495 1.99694
26.9159 16.1495 2.357
37.6822 16.1495 2.35844
48.4486 16.1495 2.4718
59.215 16.1495 2.14988
69.9813 16.1495 1.43882
5.38318 26.9159 1.244
16.1495 26.9159 2.09398
26.9159 26.9159 2.49118
37.6822 26.9159 2.53505
48.4486 26.9159 2.70572
59.215 26.9159 2.53561
69.9813 26.9159 1.75737
5.38318 37.6822 1.02285
16.1495 37.6822 1.61273
26.9159 37.6822 1.87146
37.6822 37.6822 1.8688
48.4486 37.6822 1.93652
59.215 37.6822 1.98436
69.9813 37.6822 1.40112
5.38318 48.4486 0.487695
16.1495 48.4486 0.860016
26.9159 48.4486 1.35231
37.6822 48.4486 1.55695
48.4486 48.4486 1.35923
59.215 48.4486 1.2911
69.9813 48.4486 0.842521
5.38318 59.215 0.376663
16.1495 59.215 0.74008
26.9159 59.215 1.42421
37.6822 59.215 1.74123
48.4486 59.215 1.39341
59.215 59.215 1.14012
69.9813 59.215 0.65115
5.38318 69.9813 -0.0847623
16.1495 69.9813 -0.0314929
26.9159 69.9813 0.633263
37.6822 69.9813 0.947366
48.4486 69.9813 0.555876
59.215 69.9813 0.376019
69.9813 69.9813 0.171541
5.38318 80.7477 -0.392117
16.1495 80.7477 -0.598619
26.9159 80.7477 -0.546149
37.6822 80.7477 -0.51174
48.4486 80.7477 -0.578968
59.215 80.7477 -0.451072
69.9813 80.7477 -0.214917
5.38318 91.514 -0.561306
16.1495 91.514 -0.897098
26.9159 91.514 -0.980493
37.6822 91.514 -0.996118
48.4486 91.514 -0.973009
59.215 91.514 -0.789291
69.9813 91.514 -0.364868
5.38318 102.28 -0.585733
16.1495 102.28 -0.936641
26.9159 102.28 -1.02561
37.6822 102.28 -1.02897
48.4486 102.28 -0.980876
59.215 102.28 -0.776561
69.9813 102.28 -0.339495
5.38318 113.047 -0.571208
16.1495 113.047 -0.912371
26.9159 113.047 -0.98561
37.6822 113.047 -0.982971
48.4486 113.047 -0.928123
59.215 113.047 -0.712315
69.9813 113.047 -0.301432
5.38318 123.813 -0.536434
16.1495 123.813 -0.845833
26.9159 123.813 -0.867505
37.6822 123.813 -0.845431
48.4486 123.813 -0.776407
59.215 123.813 -0.559276
69.9813 123.813 -0.218152
5.38318 134.579 -0.371104
16.1495 134.579 -0.550965
26.9159 134.579 -0.489512
37.6822 134.579 -0.469648
48.4486 134.579 -0.420473
59.215 134.579 -0.258207
69.9813 134.579 -0.0479109
5.38318 145.346 -0.154138
16.1495 145.346 -0.146583
26.9159 145.346 0.0609971
37.6822 145.346 0.255827
48.4486 145.346 0.312335
59.215 145.346 0.454973
69.9813 145.346 0.430229
5.38318 156.112 0.379973
16.1495 156.112 0.961632
26.9159 156.112 1.58898
37.6822 156.112 1.79559
48.4486 156.112 1.73002
59.215 156.112 1.44954
69.9813 156.112 0.941434
5.38318 166.879 0.725038
16.1495 166.879 1.4946
26.9159 166.879 2.30363
37.6822 166.879 2.51451
48.4486 166.879 2.48208
59.215 166.879 1.93518
69.9813 166.879 1.20692
5.38318 177.645 0.90477
16.1495 177.645 1.61651
26.9159 177.645 2.61545
37.6822 177.645 2.72296
48.4486 177.645 2.71085
59.215 177.645 1.96539
69.9813 177.645 1.24494
5.38318 188.411 0.697004
16.1495 188.411 1.36701
26.9159 188.411 2.46886
37.6822 188.411 2.52201
48.4486 188.411 2.52351
59.215 188.411 1.67438
69.9813 188.411 1.0734
5.38318 199.178 0.403208
16.1495 199.178 0.889254
26.9159 199.178 1.84488
37.6822 199.178 1.80023
48.4486 199.178 1.76982
59.215 199.178 1.01574
69.9813 199.178 0.714293
5.38318 209.944 0.111188
16.1495 209.944 0.31808
26.9159 209.944 0.825166
37.6822 209.944 0.683232
48.4486 209.944 0.661317
59.215 209.944 0.318
69.9813 209.944 0.356302
