37 59
0 39 72 40
0 23 72 72
0 18 72 82
0 0 72 144
0 0 72 216
5.38318 5.38318 -0.00907315
16.1495 5.38318 0.193142
26.9159 5.38318 0.77212
37.6822 5.38318 1.55302
48.4486 5.38318 1.72022
59.215 5.38318 1.41942
69.9813 5.38318 0.821267
5.38318 16.1495 0.00650328
16.1495 16.1495 0.640648
26.9159 16.1495 1.74718
37.6822 16.1495 2.79754
48.4486 16.1495 2.99725
59.215 16.1495 2.42896
69.9813 16.1495 1.43041
5.38318 26.9159 0.0985199
16.1495 26.9159 0.978475
26.9159 26.9159 2.36782
37.6822 26.9159 3.38472
48.4486 26.9159 3.37875
59.215 26.9159 2.61714
69.9813 26.9159 1.49593
5.38318 37.6822 0.804325
16.1495 37.6822 1.99327
26.9159 37.6822 3.29275
37.6822 37.6822 3.72442
48.4486 37.6822 3.3305
59.215 37.6822 2.28701
69.9813 37.6822 1.26094
5.38318 48.4486 1.41883
16.1495 48.4486 2.86955
26.9159 48.4486 4.29915
37.6822 48.4486 4.38376
48.4486 48.4486 3.88007
59.215 48.4486 2.65609
69.9813 48.4486 1.49845
5.38318 59.215 1.47423
16.1495 59.215 2.92817
26.9159 59.215 4.50019
37.6822 59.215 4.73279
48.4486 59.215 4.51654
59.215 59.215 3.26887
69.9813 59.215 1.92696
5.38318 69.9813 1.00898
16.1495 69.9813 2.11399
26.9159 69.9813 3.67552
37.6822 69.9813 4.06921
48.4486 69.9813 4.09548
59.215 69.9813 3.06139
69.9813 69.9813 1.85594
5.38318 80.7477 -0.0597415
16.1495 80.7477 0.262622
26.9159 80.7477 1.49712
37.6822 80.7477 1.84736
48.4486 80.7477 1.97807
59.215 80.7477 1.42161
69.9813 80.7477 0.978356
5.38318 91.514 -0.429415
16.1495 91.514 -0.636912
26.9159 91.514 -0.478803
37.6822 91.514 -0.511446
48.4486 91.514 -0.499903
59.215 91.514 -0.419403
69.9813 91.514 -0.144552
5.38318 102.28 -0.564999
16.1495 102.28 -0.902924
26.9159 102.28 -0.969171
37.6822 102.28 -0.977233
48.4486 102.28 -0.940715
59.215 102.28 -0.743197
69.9813 102.28 -0.328668
5.38318 113.047 -0.561353
16.1495 113.047 -0.896387
26.9159 113.047 -0.969881
37.6822 113.047 -0.975503
48.4486 113.047 -0.926644
59.215 113.047 -0.71636
69.9813 113.047 -0.302909
5.38318 123.813 -0.50541
16.1495 123.813 -0.780817
26.9159 123.813 -0.755544
37.6822 123.813 -0.758402
48.4486 123.813 -0.699697
59.215 123.813 -0.521711
69.9813 123.813 -0.194454
5.38318 134.579 -0.222151
16.1495 134.579 -0.290416
26.9159 134.579 -0.176126
37.6822 134.579 -0.192384
48.4486 134.579 -0.169623
59.215 134.579 -0.112832
69.9813 134.579 0.0963925
5.38318 145.346 0.176792
16.1495 145.346 0.642971
26.9159 145.346 1.10298
37.6822 145.346 1.23537
48.4486 145.346 1.23433
59.215 145.346 1.00354
69.9813 145.346 0.720499
5.38318 156.112 0.854705
16.1495 156.112 1.83902
26.9159 156.112 2.39696
37.6822 156.112 2.53983
48.4486 156.112 2.44631
59.215 156.112 2.01354
69.9813 156.112 1.26787
5.38318 166.879 1.06734
16.1495 166.879 2.10778
26.9159 166.879 2.78702
37.6822 166.879 3.04041
48.4486 166.879 2.95964
59.215 166.879 2.41355
69.9813 166.879 1.48809
5.38318 177.645 1.08803
16.1495 177.645 2.0259
26.9159 177.645 2.75644
37.6822 177.645 2.8786
48.4486 177.645 2.83643
59.215 177.645 2.24587
69.9813 177.645 1.43929
5.38318 188.411 1.05148
16.1495 188.411 1.9441
26.9159 188.411 2.8026
37.6822 188.411 2.85437
48.4486 188.411 2.87401
59.215 188.411 2.22275
69.9813 188.411 1.44901
5.38318 199.178 0.88304
16.1495 199.178 1.68654
26.9159 199.178 2.5305
37.6822 199.178 2.54514
48.4486 199.178 2.54373
59.215 199.178 1.90021
69.9813 199.178 1.2626
5.38318 209.944 0.403053
16.1495 209.944 0.876635
26.9159 209.944 1.44817
37.6822 209.944 1.46992
48.4486 209.944 1.43371
59.215 209.944 1.05397
69.9813 209.944 0.718126
