48 177
0 157 72 40
0 141 72 72
0 134 72 82
0 72 72 144
0 0 72 216
5.38318 5.38318 0.483658
16.1495 5.38318 0.951206
26.9159 5.38318 1.47891
37.6822 5.38318 1.5207
48.4486 5.38318 1.24318
59.215 5.38318 0.669929
69.9813 5.38318 0.328112
5.38318 16.1495 0.711051
16.1495 16.1495 1.621
26.9159 16.1495 2.71987
37.6822 16.1495 2.8474
48.4486 16.1495 2.42746
59.215 16.1495 1.37004
69.9813 16.1495 0.686714
5.38318 26.9159 0.785577
16.1495 26.9159 1.89144
26.9159 26.9159 3.28618
37.6822 26.9159 3.39598
48.4486 26.9159 2.75312
59.215 26.9159 1.38764
69.9813 26.9159 0.636396
5.38318 37.6822 0.680901
16.1495 37.6822 1.6505
26.9159 37.6822 2.86659
37.6822 37.6822 2.91564
48.4486 37.6822 2.39333
59.215 37.6822 1.22562
69.9813 37.6822 0.615928
5.38318 48.4486 0.557042
16.1495 48.4486 1.35917
26.9159 48.4486 2.17699
37.6822 48.4486 2.13236
48.4486 48.4486 1.68737
59.215 48.4486 0.929637
69.9813 48.4486 0.593477
5.38318 59.215 0.422934
16.1495 59.215 0.935566
26.9159 59.215 1.17101
37.6822 59.215 1.04062
48.4486 59.215 0.806228
59.215 59.215 0.701422
69.9813 59.215 0.643712
5.38318 69.9813 0.0555311
16.1495 69.9813 0.26974
26.9159 69.9813 0.167788
37.6822 69.9813 0.0385011
48.4486 69.9813 -0.00777703
59.215 69.9813 0.293482
69.9813 69.9813 0.566377
5.38318 80.7477 -0.194674
16.1495 80.7477 -0.279757
26.9159 80.7477 -0.357905
37.6822 80.7477 -0.383863
48.4486 80.7477 -0.366132
59.215 80.7477 -0.180331
69.9813 80.7477 0.163314
5.38318 91.514 -0.497832
16.1495 91.514 -0.80498
26.9159 91.514 -0.884463
37.6822 91.514 -0.878522
48.4486 91.514 -0.831825
59.215 91.514 -0.591844
69.9813 91.514 -0.226179
5.38318 102.28 -0.564196
16.1495 102.28 -0.902379
26.9159 102.28 -0.986282
37.6822 102.28 -0.978438
48.4486 102.28 -0.930369
59.215 102.28 -0.716019
69.9813 102.28 -0.308998
5.38318 113.047 -0.56493
16.1495 113.047 -0.908247
26.9159 113.047 -1.00025
37.6822 113.047 -1.00779
48.4486 113.047 -0.959239
59.215 113.047 -0.747896
69.9813 113.047 -0.319457
5.38318 123.813 -0.451623
16.1495 123.813 -0.721164
26.9159 123.813 -0.804469
37.6822 123.813 -0.856919
48.4486 123.813 -0.864596
59.215 123.813 -0.640329
69.9813 123.813 -0.263715
5.38318 134.579 -0.139019
16.1495 134.579 -0.222157
26.9159 134.579 -0.299987
37.6822 134.579 -0.371157
48.4486 134.579 -0.475623
59.215 134.579 -0.339831
69.9813 134.579 -0.111338
5.38318 145.346 0.788385
16.1495 145.346 1.30459
26.9159 145.346 1.28262
37.6822 145.346 1.21575
48.4486 145.346 0.804093
59.215 145.346 0.678462
69.9813 145.346 0.508069
5.38318 156.112 1.51694
16.1495 156.112 2.4215
26.9159 156.112 2.82709
37.6822 156.112 3.21316
48.4486 156.112 2.96448
59.215 156.112 2.34423
69.9813 156.112 1.34068
5.38318 166.879 1.93379
16.1495 166.879 3.05649
26.9159 166.879 3.96956
37.6822 166.879 4.97325
48.4486 166.879 4.9335
59.215 166.879 3.77449
69.9813 166.879 2.0055
5.38318 177.645 1.64614
16.1495 177.645 2.67375
26.9159 177.645 3.96975
37.6822 177.645 5.35621
48.4486 177.645 5.5414
59.215 177.645 4.21946
69.9813 177.645 2.18477
5.38318 188.411 1.21468
16.1495 188.411 2.07482
26.9159 188.411 3.42953
37.6822 188.411 4.54024
48.4486 188.411 4.67211
59.215 188.411 3.60593
69.9813 188.411 1.87423
5.38318 199.178 0.274818
16.1495 199.178 0.788495
26.9159 199.178 2.01449
37.6822 199.178 2.69965
48.4486 199.178 2.87775
59.215 199.178 2.47887
69.9813 199.178 1.43103
5.38318 209.944 -0.0381413
16.1495 209.944 0.290344
26.9159 209.944 1.13349
37.6822 209.944 1.48944
48.4486 209.944 1.64823
59.215 209.944 1.51508
69.9813 209.944 0.9972
