37 166
0 146 72 40
0 130 72 72
0 125 72 82
0 72 72 144
0 0 72 216
5.38318 5.38318 0.326211
16.1495 5.38318 0.550417
26.9159 5.38318 0.924109
37.6822 5.38318 1.25025
48.4486 5.38318 1.33338
59.215 5.38318 1.08448
69.9813 5.38318 0.671923
5.38318 16.1495 0.594439
16.1495 16.1495 1.29242
26.9159 16.1495 2.17985
37.6822 16.1495 2.8764
48.4486 16.1495 3.03393
59.215 16.1495 2.41789
69.9813 16.1495 1.44069
5.38318 26.9159 0.833267
16.1495 26.9159 1.89734
26.9159 26.9159 3.17046
37.6822 26.9159 4.22283
48.4486 26.9159 4.33309
59.215 26.9159 3.3897
69.9813 26.9159 1.91579
5.38318 37.6822 1.0532
16.1495 37.6822 2.21329
26.9159 37.6822 3.64435
37.6822 37.6822 4.71089
48.4486 37.6822 4.6768
59.215 37.6822 3.64255
69.9813 37.6822 2.03182
5.38318 48.4486 1.09439
16.1495 48.4486 2.12211
26.9159 48.4486 3.30691
37.6822 48.4486 3.86694
48.4486 48.4486 3.63539
59.215 48.4486 2.85965
69.9813 48.4486 1.6196
5.38318 59.215 0.570327
16.1495 59.215 1.22532
26.9159 59.215 2.03245
37.6822 59.215 2.23661
48.4486 59.215 2.27944
59.215 59.215 2.25092
69.9813 59.215 1.53446
5.38318 69.9813 0.0602995
16.1495 69.9813 0.375749
26.9159 69.9813 0.948573
37.6822 69.9813 1.09978
48.4486 69.9813 1.37195
59.215 69.9813 1.76067
69.9813 69.9813 1.34846
5.38318 80.7477 -0.311033
16.1495 80.7477 -0.405817
26.9159 80.7477 -0.304088
37.6822 80.7477 -0.115108
48.4486 80.7477 0.269285
59.215 80.7477 0.965307
69.9813 80.7477 0.909691
5.38318 91.514 -0.511308
16.1495 91.514 -0.773079
26.9159 91.514 -0.772944
37.6822 91.514 -0.692353
48.4486 91.514 -0.650675
59.215 91.514 -0.388233
69.9813 91.514 -0.115888
5.38318 102.28 -0.565951
16.1495 102.28 -0.898414
26.9159 102.28 -0.972996
37.6822 102.28 -0.961533
48.4486 102.28 -0.922995
59.215 102.28 -0.691264
69.9813 102.28 -0.293999
5.38318 113.047 -0.577812
16.1495 113.047 -0.922432
26.9159 113.047 -0.999304
37.6822 113.047 -0.998763
48.4486 113.047 -0.94781
59.215 113.047 -0.741613
69.9813 113.047 -0.318623
5.38318 123.813 -0.543955
16.1495 123.813 -0.848585
26.9159 123.813 -0.839439
37.6822 123.813 -0.812159
48.4486 123.813 -0.759622
59.215 123.813 -0.581603
69.9813 123.813 -0.242887
5.38318 134.579 -0.405931
16.1495 134.579 -0.549446
26.9159 134.579 -0.362141
37.6822 134.579 -0.295754
48.4486 134.579 -0.294619
59.215 134.579 -0.279132
69.9813 134.579 -0.10478
5.38318 145.346 -0.127025
16.1495 145.346 0.0937252
26.9159 145.346 1.14168
37.6822 145.346 1.56383
48.4486 145.346 1.35688
59.215 145.346 0.758977
69.9813 145.346 0.411323
5.38318 156.112 0.452393
16.1495 156.112 1.60444
26.9159 156.112 3.09282
37.6822 156.112 3.59607
48.4486 156.112 3.09868
59.215 156.112 1.96605
69.9813 156.112 0.927077
5.38318 166.879 1.04664
16.1495 166.879 2.69485
26.9159 166.879 4.54025
37.6822 166.879 5.15546
48.4486 166.879 4.37493
59.215 166.879 2.79445
69.9813 166.879 1.3837
5.38318 177.645 1.2159
16.1495 177.645 2.84406
26.9159 177.645 4.47418
37.6822 177.645 4.84894
48.4486 177.645 3.97995
59.215 177.645 2.6053
69.9813 177.645 1.33861
5.38318 188.411 1.19942
16.1495 188.411 2.43525
26.9159 188.411 3.39633
37.6822 188.411 3.43365
48.4486 188.411 2.85857
59.215 188.411 2.20304
69.9813 188.411 1.31822
5.38318 199.178 0.898666
16.1495 199.178 1.49513
26.9159 199.178 1.62641
37.6822 199.178 1.52168
48.4486 199.178 1.33503
59.215 199.178 1.56886
69.9813 199.178 1.16419
5.38318 209.944 0.639811
16.1495 209.944 0.971221
26.9159 209.944 0.883537
37.6822 209.944 0.790236
48.4486 209.944 0.862834
59.215 209.944 1.23916
69.9813 209.944 1.02785
