37 188
0 168 72 40
0 144 72 72
0 134 72 82
0 72 72 144
0 0 72 216
5.38318 5.38318 0.0487822
16.1495 5.38318 0.0635953
26.9159 5.38318 0.221087
37.6822 5.38318 0.271449
48.4486 5.38318 0.317725
59.215 5.38318 0.283773
69.9813 5.38318 0.23037
5.38318 16.1495 0.202287
16.1495 16.1495 0.614461
26.9159 16.1495 1.15779
37.6822 16.1495 1.36828
48.4486 16.1495 1.36075
59.215 16.1495 1.04667
69.9813 16.1495 0.699318
5.38318 26.9159 0.202694
16.1495 26.9159 0.819381
26.9159 26.9159 1.67392
37.6822 26.9159 1.94744
48.4486 26.9159 1.8465
59.215 26.9159 1.40198
69.9813 26.9159 0.901133
5.38318 37.6822 0.691935
16.1495 37.6822 1.66403
26.9159 37.6822 2.72844
37.6822 37.6822 3.02453
48.4486 37.6822 2.84084
59.215 37.6822 2.02917
69.9813 37.6822 1.19176
5.38318 48.4486 0.674603
16.1495 48.4486 1.59153
26.9159 48.4486 2.67045
37.6822 48.4486 2.96605
48.4486 48.4486 2.7819
59.215 48.4486 1.94895
69.9813 48.4486 1.10902
5.38318 59.215 0.427102
16.1495 59.215 1.09521
26.9159 59.215 1.95732
37.6822 59.215 2.14062
48.4486 59.215 1.92501
59.215 59.215 1.31959
69.9813 59.215 0.70287
5.38318 69.9813 -0.0832833
16.1495 69.9813 -0.0292919
26.9159 69.9813 0.224349
37.6822 69.9813 0.306348
48.4486 69.9813 0.0976006
59.215 69.9813 0.0768013
69.9813 69.9813 0.0409894
5.38318 80.7477 -0.216987
16.1495 80.7477 -0.296859
26.9159 80.7477 -0.310298
37.6822 80.7477 -0.296819
48.4486 80.7477 -0.355346
59.215 80.7477 -0.275403
69.9813 80.7477 -0.136329
5.38318 91.514 -0.283845
16.1495 91.514 -0.446515
26.9159 91.514 -0.482007
37.6822 91.514 -0.499231
48.4486 91.514 -0.481853
59.215 91.514 -0.381916
69.9813 91.514 -0.167501
5.38318 102.28 -0.297814
16.1495 102.28 -0.452534
26.9159 102.28 -0.463803
37.6822 102.28 -0.454532
48.4486 102.28 -0.438867
59.215 102.28 -0.353843
69.9813 102.28 -0.157905
5.38318 113.047 -0.299628
16.1495 113.047 -0.452665
26.9159 113.047 -0.456571
37.6822 113.047 -0.439141
48.4486 113.047 -0.4247
59.215 113.047 -0.33597
69.9813 113.047 -0.15127
5.38318 123.813 -0.277552
16.1495 123.813 -0.407713
26.9159 123.813 -0.366849
37.6822 123.813 -0.336578
48.4486 123.813 -0.315473
59.215 123.813 -0.242126
69.9813 123.813 -0.098398
5.38318 134.579 -0.17916
16.1495 134.579 -0.219354
26.9159 134.579 -0.148576
37.6822 134.579 -0.101327
48.4486 134.579 -0.100053
59.215 134.579 -0.0658272
69.9813 134.579 0.0260656
5.38318 145.346 0.127985
16.1495 145.346 0.487641
26.9159 145.346 0.81472
37.6822 145.346 0.951392
48.4486 145.346 0.783236
59.215 145.346 0.562342
69.9813 145.346 0.389503
5.38318 156.112 0.668372
16.1495 156.112 1.55627
26.9159 156.112 2.17235
37.6822 156.112 2.30057
48.4486 156.112 1.93428
59.215 156.112 1.33971
69.9813 156.112 0.798702
5.38318 166.879 1.20781
16.1495 166.879 2.66925
26.9159 166.879 3.81691
37.6822 166.879 4.02243
48.4486 166.879 3.29369
59.215 166.879 2.09976
69.9813 166.879 1.0918
5.38318 177.645 1.40454
16.1495 177.645 3.13543
26.9159 177.645 4.74594
37.6822 177.645 5.12782
48.4486 177.645 4.33141
59.215 177.645 2.69053
69.9813 177.645 1.3255
5.38318 188.411 1.57885
16.1495 188.411 3.29788
26.9159 188.411 4.79055
37.6822 188.411 5.21687
48.4486 188.411 4.53465
59.215 188.411 2.91474
69.9813 188.411 1.45079
5.38318 199.178 1.59784
16.1495 199.178 2.84758
26.9159 199.178 3.59994
37.6822 199.178 3.77224
48.4486 199.178 3.57904
59.215 199.178 2.58311
69.9813 199.178 1.48154
5.38318 209.944 1.30714
16.1495 209.944 2.09995
26.9159 209.944 2.21021
37.6822 209.944 2.17538
48.4486 209.944 2.25768
59.215 209.944 1.89544
69.9813 209.944 1.21355
