37 177
0 157 72 40
0 141 72 72
0 134 72 82
0 72 72 144
0 0 72 216
5.38318 5.38318 0.242175
16.1495 5.38318 0.407942
26.9159 5.38318 0.783081
37.6822 5.38318 0.799155
48.4486 5.38318 0.754374
59.215 5.38318 0.497702
69.9813 5.38318 0.337624
5.38318 16.1495 0.54041
16.1495 16.1495 1.26397
26.9159 16.1495 2.06567
37.6822 16.1495 2.03005
48.4486 16.1495 1.84322
59.215 16.1495 1.30744
69.9813 16.1495 0.862603
5.38318 26.9159 0.691698
16.1495 26.9159 1.77295
26.9159 26.9159 2.90885
37.6822 26.9159 2.90222
48.4486 26.9159 2.62023
59.215 26.9159 1.75424
69.9813 26.9159 1.11847
5.38318 37.6822 1.07722
16.1495 37.6822 2.29152
26.9159 37.6822 3.5503
37.6822 37.6822 3.5345
48.4486 37.6822 3.17729
59.215 37.6822 2.17964
69.9813 37.6822 1.34467
5.38318 48.4486 1.08238
16.1495 48.4486 2.09536
26.9159 48.4486 3.01281
37.6822 48.4486 2.93915
48.4486 48.4486 2.62831
59.215 48.4486 1.88515
69.9813 48.4486 1.15903
5.38318 59.215 0.580427
16.1495 59.215 1.0744
26.9159 59.215 1.59794
37.6822 59.215 1.61961
48.4486 59.215 1.47986
59.215 59.215 1.23417
69.9813 59.215 0.771153
5.38318 69.9813 0.0880056
16.1495 69.9813 0.207973
26.9159 69.9813 0.363174
37.6822 69.9813 0.442702
48.4486 69.9813 0.280674
59.215 69.9813 0.416488
69.9813 69.9813 0.262299
5.38318 80.7477 -0.183202
16.1495 80.7477 -0.256034
26.9159 80.7477 -0.254773
37.6822 80.7477 -0.212165
48.4486 80.7477 -0.23973
59.215 80.7477 -0.136861
69.9813 80.7477 -0.05986
5.38318 91.514 -0.272449
16.1495 91.514 -0.411473
26.9159 91.514 -0.445719
37.6822 91.514 -0.444127
48.4486 91.514 -0.435098
59.215 91.514 -0.3347
69.9813 91.514 -0.148053
5.38318 102.28 -0.293572
16.1495 102.28 -0.443756
26.9159 102.28 -0.453696
37.6822 102.28 -0.448032
48.4486 102.28 -0.427095
59.215 102.28 -0.33471
69.9813 102.28 -0.146037
5.38318 113.047 -0.299124
16.1495 113.047 -0.453058
26.9159 113.047 -0.457692
37.6822 113.047 -0.441082
48.4486 113.047 -0.424011
59.215 113.047 -0.33303
69.9813 113.047 -0.147324
5.38318 123.813 -0.292036
16.1495 123.813 -0.419624
26.9159 123.813 -0.357047
37.6822 123.813 -0.306744
48.4486 123.813 -0.301589
59.215 123.813 -0.24668
69.9813 123.813 -0.111055
5.38318 134.579 -0.243688
16.1495 134.579 -0.31056
26.9159 134.579 -0.168133
37.6822 134.579 -0.0511433
48.4486 134.579 -0.0585839
59.215 134.579 -0.0560067
69.9813 134.579 -0.0166944
5.38318 145.346 -0.0324973
16.1495 145.346 0.134326
26.9159 145.346 0.873041
37.6822 145.346 1.3181
48.4486 145.346 1.06595
59.215 145.346 0.714126
69.9813 145.346 0.309939
5.38318 156.112 0.530995
16.1495 156.112 1.118
26.9159 156.112 2.49467
37.6822 156.112 3.05364
48.4486 156.112 2.61542
59.215 156.112 1.72565
69.9813 156.112 0.769016
5.38318 166.879 1.33066
16.1495 166.879 2.61909
26.9159 166.879 4.65667
37.6822 166.879 5.26604
48.4486 166.879 4.29355
59.215 166.879 2.59955
69.9813 166.879 1.13082
5.38318 177.645 1.67785
16.1495 177.645 3.48176
26.9159 177.645 6.15904
37.6822 177.645 6.73765
48.4486 177.645 5.49287
59.215 177.645 3.08458
69.9813 177.645 1.31892
5.38318 188.411 1.56381
16.1495 188.411 3.4132
26.9159 188.411 5.8544
37.6822 188.411 6.23228
48.4486 188.411 4.90633
59.215 188.411 2.62184
69.9813 188.411 1.11123
5.38318 199.178 0.836458
16.1495 199.178 1.9735
26.9159 199.178 3.48034
37.6822 199.178 3.67445
48.4486 199.178 2.89914
59.215 199.178 1.57324
69.9813 199.178 0.755534
5.38318 209.944 0.30371
16.1495 209.944 0.791139
26.9159 209.944 1.2387
37.6822 209.944 1.31053
48.4486 209.944 1.05542
59.215 209.944 0.745528
69.9813 209.944 0.488201
