37 26
0 6 72 40
0 0 72 72
0 0 72 82
0 0 72 144
0 0 72 216
5.38318 5.38318 0.58059
16.1495 5.38318 1.11111
26.9159 5.38318 1.71531
37.6822 5.38318 1.86862
48.4486 5.38318 1.60872
59.215 5.38318 1.03737
69.9813 5.38318 0.499895
5.38318 16.1495 0.879366
16.1495 16.1495 1.92909
26.9159 16.1495 3.3579
37.6822 16.1495 3.82526
48.4486 16.1495 3.36289
59.215 16.1495 2.12468
69.9813 16.1495 1.03727
5.38318 26.9159 0.888255
16.1495 26.9159 2.19393
26.9159 26.9159 4.23623
37.6822 26.9159 4.93401
48.4486 26.9159 4.31147
59.215 26.9159 2.62231
69.9813 26.9159 1.2239
5.38318 37.6822 0.725074
16.1495 37.6822 1.93936
26.9159 37.6822 3.83731
37.6822 37.6822 4.46212
48.4486 37.6822 3.84508
59.215 37.6822 2.27822
69.9813 37.6822 1.05075
5.38318 48.4486 0.756382
16.1495 48.4486 1.71355
26.9159 48.4486 2.86587
37.6822 48.4486 2.97495
48.4486 48.4486 2.45819
59.215 48.4486 1.40757
69.9813 48.4486 0.79281
5.38318 59.215 0.459017
16.1495 59.215 0.980967
26.9159 59.215 1.41003
37.6822 59.215 1.34707
48.4486 59.215 1.0918
59.215 59.215 0.803482
69.9813 59.215 0.667435
5.38318 69.9813 -0.0128806
16.1495 69.9813 0.0205845
26.9159 69.9813 0.128512
37.6822 69.9813 0.0285047
48.4486 69.9813 0.0855773
59.215 69.9813 0.297631
69.9813 69.9813 0.532013
5.38318 80.7477 -0.323433
16.1495 80.7477 -0.533804
26.9159 80.7477 -0.525854
37.6822 80.7477 -0.496974
48.4486 80.7477 -0.381543
59.215 80.7477 -0.182143
69.9813 80.7477 0.136954
5.38318 91.514 -0.519404
16.1495 91.514 -0.852414
26.9159 91.514 -0.936529
37.6822 91.514 -0.933369
48.4486 91.514 -0.848961
59.215 91.514 -0.601136
69.9813 91.514 -0.234387
5.38318 102.28 -0.572112
16.1495 102.28 -0.915257
26.9159 102.28 -0.987627
37.6822 102.28 -0.977032
48.4486 102.28 -0.922422
59.215 102.28 -0.710951
69.9813 102.28 -0.307699
5.38318 113.047 -0.575588
16.1495 113.047 -0.921362
26.9159 113.047 -1.00037
37.6822 113.047 -1.0027
48.4486 113.047 -0.950667
59.215 113.047 -0.739281
69.9813 113.047 -0.315762
5.38318 123.813 -0.486976
16.1495 123.813 -0.754374
26.9159 123.813 -0.730258
37.6822 123.813 -0.788101
48.4486 123.813 -0.769714
59.215 123.813 -0.581276
69.9813 123.813 -0.231882
5.38318 134.579 -0.165174
16.1495 134.579 -0.150128
26.9159 134.579 0.020307
37.6822 134.579 -0.181652
48.4486 134.579 -0.314399
59.215 134.579 -0.291175
69.9813 134.579 -0.0897231
5.38318 145.346 0.749955
16.1495 145.346 1.78132
26.9159 145.346 2.39215
37.6822 145.346 1.71322
48.4486 145.346 0.95095
59.215 145.346 0.496738
69.9813 145.346 0.438891
5.38318 156.112 1.45644
16.1495 156.112 3.00786
26.9159 156.112 3.8076
37.6822 156.112 3.05523
48.4486 156.112 2.14528
59.215 156.112 1.39298
69.9813 156.112 0.963072
5.38318 166.879 1.63859
16.1495 166.879 3.24976
26.9159 166.879 4.0756
37.6822 166.879 3.5331
48.4486 166.879 2.76634
59.215 166.879 1.93506
69.9813 166.879 1.27614
5.38318 177.645 1.36031
16.1495 177.645 2.45492
26.9159 177.645 3.03166
37.6822 177.645 2.92121
48.4486 177.645 2.74915
59.215 177.645 2.1644
69.9813 177.645 1.44135
5.38318 188.411 1.14223
16.1495 188.411 2.04104
26.9159 188.411 2.60469
37.6822 188.411 2.87984
48.4486 188.411 3.08564
59.215 188.411 2.50036
69.9813 188.411 1.63626
5.38318 199.178 1.12898
16.1495 199.178 2.00547
26.9159 199.178 2.51123
37.6822 199.178 2.68756
48.4486 199.178 2.93613
59.215 199.178 2.39244
69.9813 199.178 1.60077
5.38318 209.944 0.800812
16.1495 209.944 1.46835
26.9159 209.944 1.86628
37.6822 209.944 1.99874
48.4486 209.944 2.18404
59.215 209.944 1.7476
69.9813 209.944 1.18761
