26 26
0 6 72 40
0 0 72 72
0 0 72 82
0 0 72 144
0 0 72 216
5.38318 5.38318 0.692287
16.1495 5.38318 1.30159
26.9159 5.38318 1.61748
37.6822 5.38318 1.30601
48.4486 5.38318 0.772737
59.215 5.38318 0.225546
69.9813 5.38318 0.103165
5.38318 16.1495 1.10668
16.1495 16.1495 2.30882
26.9159 16.1495 2.99543
37.6822 16.1495 2.49129
48.4486 16.1495 1.58406
59.215 16.1495 0.589485
69.9813 16.1495 0.304423
5.38318 26.9159 1.26263
16.1495 26.9159 2.78284
26.9159 26.9159 3.77156
37.6822 26.9159 3.32404
48.4486 26.9159 2.05949
59.215 26.9159 0.763872
69.9813 26.9159 0.279874
5.38318 37.6822 1.17988
16.1495 37.6822 2.50453
26.9159 37.6822 3.44965
37.6822 37.6822 3.16401
48.4486 37.6822 2.20822
59.215 37.6822 1.11498
69.9813 37.6822 0.533737
5.38318 48.4486 1.113
16.1495 48.4486 2.25437
26.9159 48.4486 3.05663
37.6822 48.4486 3.1265
48.4486 48.4486 2.68345
59.215 48.4486 1.91949
69.9813 48.4486 1.13489
5.38318 59.215 1.3921
16.1495 59.215 2.64483
26.9159 59.215 3.24384
37.6822 59.215 3.22616
48.4486 59.215 2.99574
59.215 59.215 2.40454
69.9813 59.215 1.556
5.38318 69.9813 1.46149
16.1495 69.9813 2.7123
26.9159 69.9813 3.09883
37.6822 69.9813 2.88623
48.4486 69.9813 2.7172
59.215 69.9813 2.29683
69.9813 69.9813 1.59592
5.38318 80.7477 1.02443
16.1495 80.7477 1.84146
26.9159 80.7477 1.93597
37.6822 80.7477 1.53967
48.4486 80.7477 1.25937
59.215 80.7477 1.07082
69.9813 80.7477 0.866954
5.38318 91.514 -0.0600551
16.1495 91.514 0.0976792
26.9159 91.514 0.200665
37.6822 91.514 -0.0917735
48.4486 91.514 -0.212089
59.215 91.514 -0.248952
69.9813 91.514 -0.0916365
5.38318 102.28 -0.279424
16.1495 102.28 -0.438411
26.9159 102.28 -0.428192
37.6822 102.28 -0.463914
48.4486 102.28 -0.458437
59.215 102.28 -0.372447
69.9813 102.28 -0.170188
5.38318 113.047 -0.300211
16.1495 113.047 -0.451592
26.9159 113.047 -0.449828
37.6822 113.047 -0.433005
48.4486 113.047 -0.416535
59.215 113.047 -0.323612
69.9813 113.047 -0.143933
5.38318 123.813 -0.291759
16.1495 123.813 -0.432908
26.9159 123.813 -0.385908
37.6822 123.813 -0.347043
48.4486 123.813 -0.319528
59.215 123.813 -0.230384
69.9813 123.813 -0.089733
5.38318 134.579 -0.260853
16.1495 134.579 -0.351621
26.9159 134.579 -0.233942
37.6822 134.579 -0.175995
48.4486 134.579 -0.146543
59.215 134.579 -0.0899185
69.9813 134.579 -0.0026171
5.38318 145.346 -0.210684
16.1495 145.346 -0.25754
26.9159 145.346 -0.0747678
37.6822 145.346 0.0925427
48.4486 145.346 0.234666
59.215 145.346 0.315486
69.9813 145.346 0.286971
5.38318 156.112 -0.163135
16.1495 156.112 -0.172178
26.9159 156.112 0.13416
37.6822 156.112 0.521365
48.4486 156.112 0.701734
59.215 156.112 0.678961
69.9813 156.112 0.477047
5.38318 166.879 -0.125909
16.1495 166.879 -0.135628
26.9159 166.879 0.0583244
37.6822 166.879 0.432497
48.4486 166.879 0.649608
59.215 166.879 0.666296
69.9813 166.879 0.507604
5.38318 177.645 -0.146288
16.1495 177.645 -0.174415
26.9159 177.645 -0.130948
37.6822 177.645 -0.000381934
48.4486 177.645 0.152014
59.215 177.645 0.330009
69.9813 177.645 0.378721
5.38318 188.411 -0.0884584
16.1495 188.411 -0.085525
26.9159 188.411 -0.110899
37.6822 188.411 -0.0971348
48.4486 188.411 -0.0915712
59.215 188.411 0.113889
69.9813 188.411 0.313774
5.38318 199.178 -0.0956827
16.1495 199.178 -0.102007
26.9159 199.178 -0.0724613
37.6822 199.178 -0.0356945
48.4486 199.178 -0.0123891
59.215 199.178 0.353402
69.9813 199.178 0.423609
5.38318 209.944 -0.00616365
16.1495 209.944 0.10337
26.9159 209.944 0.170543
37.6822 209.944 0.121974
48.4486 209.944 0.103322
59.215 209.944 0.3557
69.9813 209.944 0.369049
