37 26
0 6 72 40
0 0 72 72
0 0 72 82
0 0 72 144
0 0 72 216
5.38318 5.38318 0.413722
16.1495 5.38318 0.977357
26.9159 5.38318 1.64637
37.6822 5.38318 1.84704
48.4486 5.38318 1.43904
59.215 5.38318 0.790629
69.9813 5.38318 0.31532
5.38318 16.1495 0.679699
16.1495 16.1495 1.97191
26.9159 16.1495 3.40005
37.6822 16.1495 3.87202
48.4486 16.1495 3.10532
59.215 16.1495 1.84214
69.9813 16.1495 0.778475
5.38318 26.9159 0.766774
16.1495 26.9159 2.45709
26.9159 26.9159 4.40687
37.6822 26.9159 5.08205
48.4486 26.9159 4.01365
59.215 26.9159 2.28521
69.9813 26.9159 0.919325
5.38318 37.6822 0.931931
16.1495 37.6822 2.50845
26.9159 37.6822 4.20547
37.6822 37.6822 4.72458
48.4486 37.6822 3.85488
59.215 37.6822 2.36876
69.9813 37.6822 1.19154
5.38318 48.4486 1.18113
16.1495 48.4486 2.31445
26.9159 48.4486 3.27347
37.6822 48.4486 3.34153
48.4486 48.4486 2.94421
59.215 48.4486 2.21554
69.9813 48.4486 1.4567
5.38318 59.215 1.43206
16.1495 59.215 2.31294
26.9159 59.215 2.58067
37.6822 59.215 2.35279
48.4486 59.215 2.38663
59.215 59.215 2.42572
69.9813 59.215 1.88001
5.38318 69.9813 1.37006
16.1495 69.9813 2.02797
26.9159 69.9813 2.14469
37.6822 69.9813 1.50994
48.4486 69.9813 1.72682
59.215 69.9813 2.08743
69.9813 69.9813 1.79145
5.38318 80.7477 0.345743
16.1495 80.7477 0.457483
26.9159 80.7477 0.708654
37.6822 80.7477 0.355539
48.4486 80.7477 0.608377
59.215 80.7477 1.09096
69.9813 80.7477 1.13379
5.38318 91.514 -0.462453
16.1495 91.514 -0.756754
26.9159 91.514 -0.654616
37.6822 91.514 -0.680017
48.4486 91.514 -0.619838
59.215 91.514 -0.447483
69.9813 91.514 -0.139381
5.38318 102.28 -0.568473
16.1495 102.28 -0.925069
26.9159 102.28 -0.974086
37.6822 102.28 -0.979614
48.4486 102.28 -0.919801
59.215 102.28 -0.715019
69.9813 102.28 -0.308748
5.38318 113.047 -0.573254
16.1495 113.047 -0.919998
26.9159 113.047 -1.00486
37.6822 113.047 -1.01062
48.4486 113.047 -0.960439
59.215 113.047 -0.756755
69.9813 113.047 -0.327274
5.38318 123.813 -0.522344
16.1495 123.813 -0.817128
26.9159 123.813 -0.855067
37.6822 123.813 -0.879839
48.4486 123.813 -0.881355
59.215 123.813 -0.688329
69.9813 123.813 -0.303359
5.38318 134.579 -0.310334
16.1495 134.579 -0.430521
26.9159 134.579 -0.414668
37.6822 134.579 -0.482108
48.4486 134.579 -0.61017
59.215 134.579 -0.539003
69.9813 134.579 -0.248687
5.38318 145.346 0.162978
16.1495 145.346 0.579073
26.9159 145.346 0.930517
37.6822 145.346 0.688535
48.4486 145.346 -0.0596967
59.215 145.346 -0.224301
69.9813 145.346 -0.117499
5.38318 156.112 1.10331
16.1495 156.112 2.11019
26.9159 156.112 2.64004
37.6822 156.112 2.2464
48.4486 156.112 1.11431
59.215 156.112 0.351048
69.9813 156.112 0.145036
5.38318 166.879 1.70423
16.1495 166.879 3.13201
26.9159 166.879 3.76514
37.6822 166.879 3.16298
48.4486 166.879 1.95853
59.215 166.879 1.02358
69.9813 166.879 0.573077
5.38318 177.645 1.69108
16.1495 177.645 3.08303
26.9159 177.645 3.57468
37.6822 177.645 2.87524
48.4486 177.645 1.76362
59.215 177.645 1.06831
69.9813 177.645 0.72329
5.38318 188.411 1.28303
16.1495 188.411 2.33951
26.9159 188.411 2.59685
37.6822 188.411 2.09905
48.4486 188.411 1.23601
59.215 188.411 0.961188
69.9813 188.411 0.768662
5.38318 199.178 0.461198
16.1495 199.178 0.914764
26.9159 199.178 1.07213
37.6822 199.178 0.838162
48.4486 199.178 0.332437
59.215 199.178 0.39035
69.9813 199.178 0.486833
5.38318 209.944 0.245356
16.1495 209.944 0.443815
26.9159 209.944 0.508801
37.6822 209.944 0.368348
48.4486 209.944 -0.0226297
59.215 209.944 0.0295777
69.9813 209.944 0.225711
