37 177
0 157 72 40
0 141 72 72
0 134 72 82
0 72 72 144
0 0 72 216
5.38318 5.38318 0.369368
16.1495 5.38318 0.47977
26.9159 5.38318 0.663192
37.6822 5.38318 0.67314
48.4486 5.38318 0.73532
59.215 5.38318 0.620946
69.9813 5.38318 0.432502
5.38318 16.1495 0.611912
16.1495 16.1495 1.14374
26.9159 16.1495 1.72697
37.6822 16.1495 1.70438
48.4486 16.1495 1.69675
59.215 16.1495 1.36757
69.9813 16.1495 0.921863
5.38318 26.9159 0.457896
16.1495 26.9159 1.17374
26.9159 26.9159 2.14257
37.6822 26.9159 2.19405
48.4486 26.9159 2.0993
59.215 26.9159 1.54583
69.9813 26.9159 1.00843
5.38318 37.6822 0.47588
16.1495 37.6822 1.40534
26.9159 37.6822 2.59001
37.6822 37.6822 2.7555
48.4486 37.6822 2.50071
59.215 37.6822 1.68705
69.9813 37.6822 1.00233
5.38318 48.4486 0.476682
16.1495 48.4486 1.43024
26.9159 48.4486 2.64394
37.6822 48.4486 2.84527
48.4486 48.4486 2.46259
59.215 48.4486 1.52768
69.9813 48.4486 0.83499
5.38318 59.215 0.411637
16.1495 59.215 1.03063
26.9159 59.215 1.96958
37.6822 59.215 2.05246
48.4486 59.215 1.71251
59.215 59.215 1.08225
69.9813 59.215 0.595246
5.38318 69.9813 0.112068
16.1495 69.9813 0.245858
26.9159 69.9813 0.679732
37.6822 69.9813 0.564564
48.4486 69.9813 0.279058
59.215 69.9813 0.15586
69.9813 69.9813 0.173132
5.38318 80.7477 -0.10595
16.1495 80.7477 -0.153724
26.9159 80.7477 -0.116833
37.6822 80.7477 -0.176935
48.4486 80.7477 -0.261055
59.215 80.7477 -0.196847
69.9813 80.7477 -0.073612
5.38318 91.514 -0.239617
16.1495 91.514 -0.375162
26.9159 91.514 -0.392708
37.6822 91.514 -0.444741
48.4486 91.514 -0.455997
59.215 91.514 -0.348372
69.9813 91.514 -0.147996
5.38318 102.28 -0.290973
16.1495 102.28 -0.434939
26.9159 102.28 -0.420852
37.6822 102.28 -0.423462
48.4486 102.28 -0.422668
59.215 102.28 -0.33709
69.9813 102.28 -0.151254
5.38318 113.047 -0.274738
16.1495 113.047 -0.423926
26.9159 113.047 -0.4117
37.6822 113.047 -0.413996
48.4486 113.047 -0.400419
59.215 113.047 -0.312916
69.9813 113.047 -0.13676
5.38318 123.813 -0.172657
16.1495 123.813 -0.226933
26.9159 123.813 -0.170778
37.6822 123.813 -0.158149
48.4486 123.813 -0.181576
59.215 123.813 -0.141332
69.9813 123.813 -0.0400877
5.38318 134.579 0.0379466
16.1495 134.579 0.188792
26.9159 134.579 0.585971
37.6822 134.579 0.589265
48.4486 134.579 0.453058
59.215 134.579 0.274253
69.9813 134.579 0.246761
5.38318 145.346 0.503503
16.1495 145.346 1.13908
26.9159 145.346 2.07123
37.6822 145.346 2.2034
48.4486 145.346 1.86693
59.215 145.346 1.23828
69.9813 145.346 0.714655
5.38318 156.112 0.866955
16.1495 156.112 2.01502
26.9159 156.112 3.50889
37.6822 156.112 3.68257
48.4486 156.112 3.13628
59.215 156.112 1.96246
69.9813 156.112 1.06352
5.38318 166.879 0.962586
16.1495 166.879 2.63319
26.9159 166.879 4.86236
37.6822 166.879 5.2304
48.4486 166.879 4.33242
59.215 166.879 2.48426
69.9813 166.879 1.22467
5.38318 177.645 0.762548
16.1495 177.645 2.55605
26.9159 177.645 5.13648
37.6822 177.645 5.55601
48.4486 177.645 4.46155
59.215 177.645 2.30986
69.9813 177.645 1.02541
5.38318 188.411 0.258824
16.1495 188.411 1.78628
26.9159 188.411 3.97353
37.6822 188.411 4.31998
48.4486 188.411 3.27802
59.215 188.411 1.43568
69.9813 188.411 0.547614
5.38318 199.178 -0.118253
16.1495 199.178 0.40923
26.9159 199.178 1.8271
37.6822 199.178 1.89779
48.4486 199.178 1.18136
59.215 199.178 0.209224
69.9813 199.178 0.116363
5.38318 209.944 -0.131517
16.1495 209.944 -0.00392048
26.9159 209.944 0.54535
37.6822 209.944 0.436769
48.4486 209.944 -0.0210031
59.215 209.944 -0.117282
69.9813 209.944 -0.00057121
