37 156
0 136 72 40
0 120 72 72
0 115 72 82
0 72 72 144
0 0 72 216
5.38318 5.38318 0.415853
16.1495 5.38318 0.632702
26.9159 5.38318 0.616802
37.6822 5.38318 0.597315
48.4486 5.38318 0.560904
59.215 5.38318 0.431482
69.9813 5.38318 0.34789
5.38318 16.1495 0.674182
16.1495 16.1495 1.18442
26.9159 16.1495 1.35734
37.6822 16.1495 1.433
48.4486 16.1495 1.46308
59.215 16.1495 1.25691
69.9813 16.1495 0.919723
5.38318 26.9159 0.50588
16.1495 26.9159 0.992273
26.9159 26.9159 1.30051
37.6822 26.9159 1.54909
48.4486 26.9159 1.66723
59.215 26.9159 1.51232
69.9813 26.9159 1.09905
5.38318 37.6822 0.341551
16.1495 37.6822 0.763041
26.9159 37.6822 1.38593
37.6822 37.6822 1.81849
48.4486 37.6822 2.10081
59.215 37.6822 2.0067
69.9813 37.6822 1.374
5.38318 48.4486 -0.00573586
16.1495 48.4486 0.300977
26.9159 48.4486 1.08531
37.6822 48.4486 1.6181
48.4486 48.4486 1.86271
59.215 48.4486 1.77005
69.9813 48.4486 1.19039
5.38318 59.215 -0.252266
16.1495 59.215 -0.189093
26.9159 59.215 0.568861
37.6822 59.215 1.11765
48.4486 59.215 1.09076
59.215 59.215 0.978092
69.9813 59.215 0.673273
5.38318 69.9813 -0.451997
16.1495 69.9813 -0.542547
26.9159 69.9813 -0.269978
37.6822 69.9813 -0.0675212
48.4486 69.9813 -0.224569
59.215 69.9813 -0.213813
69.9813 69.9813 -0.0964657
5.38318 80.7477 -0.547355
16.1495 80.7477 -0.803932
26.9159 80.7477 -0.668349
37.6822 80.7477 -0.544931
48.4486 80.7477 -0.635877
59.215 80.7477 -0.540962
69.9813 80.7477 -0.263905
5.38318 91.514 -0.572997
16.1495 91.514 -0.891355
26.9159 91.514 -0.943979
37.6822 91.514 -0.927154
48.4486 91.514 -0.935606
59.215 91.514 -0.743242
69.9813 91.514 -0.351935
5.38318 102.28 -0.58304
16.1495 102.28 -0.931985
26.9159 102.28 -1.01953
37.6822 102.28 -1.02306
48.4486 102.28 -0.996606
59.215 102.28 -0.795268
69.9813 102.28 -0.36928
5.38318 113.047 -0.575698
16.1495 113.047 -0.917059
26.9159 113.047 -0.98177
37.6822 113.047 -0.978052
48.4486 113.047 -0.925429
59.215 113.047 -0.700983
69.9813 113.047 -0.29735
5.38318 123.813 -0.510182
16.1495 123.813 -0.742261
26.9159 123.813 -0.578386
37.6822 123.813 -0.504082
48.4486 123.813 -0.513862
59.215 123.813 -0.374643
69.9813 123.813 -0.158403
5.38318 134.579 -0.321471
16.1495 134.579 -0.25325
26.9159 134.579 0.613434
37.6822 134.579 0.980074
48.4486 134.579 0.701327
59.215 134.579 0.464567
69.9813 134.579 0.258883
5.38318 145.346 -0.0184599
16.1495 145.346 1.11076
26.9159 145.346 2.89946
37.6822 145.346 3.44416
48.4486 145.346 2.84912
59.215 145.346 2.04595
69.9813 145.346 0.935693
5.38318 156.112 0.404747
16.1495 156.112 2.07422
26.9159 156.112 4.06475
37.6822 156.112 4.64894
48.4486 156.112 3.89749
59.215 156.112 2.65784
69.9813 156.112 1.31109
5.38318 166.879 0.57475
16.1495 166.879 2.22604
26.9159 166.879 3.87382
37.6822 166.879 4.16081
48.4486 166.879 3.3281
59.215 166.879 2.11246
69.9813 166.879 0.978523
5.38318 177.645 0.596484
16.1495 177.645 1.89221
26.9159 177.645 2.89294
37.6822 177.645 2.72092
48.4486 177.645 1.84967
59.215 177.645 0.702204
69.9813 177.645 0.303376
5.38318 188.411 0.549804
16.1495 188.411 1.72234
26.9159 188.411 2.63193
37.6822 188.411 2.32531
48.4486 188.411 1.42952
59.215 188.411 0.225324
69.9813 188.411 0.0873028
5.38318 199.178 0.41558
16.1495 199.178 1.40265
26.9159 199.178 2.2282
37.6822 199.178 1.94839
48.4486 199.178 1.2801
59.215 199.178 0.344864
69.9813 199.178 0.247723
5.38318 209.944 0.309511
16.1495 209.944 1.0619
26.9159 209.944 1.60831
37.6822 209.944 1.50757
48.4486 209.944 1.11288
59.215 209.944 0.549642
69.9813 209.944 0.413096
