37 166
0 146 72 40
0 130 72 72
0 125 72 82
0 72 72 144
0 0 72 216
5.38318 5.38318 0.312002
16.1495 5.38318 0.805879
26.9159 5.38318 1.59784
37.6822 5.38318 1.68402
48.4486 5.38318 1.37777
59.215 5.38318 0.656558
69.9813 5.38318 0.288487
5.38318 16.1495 0.418216
16.1495 16.1495 1.46564
26.9159 16.1495 2.85127
37.6822 16.1495 3.11519
48.4486 16.1495 2.55798
59.215 16.1495 1.34475
69.9813 16.1495 0.651487
5.38318 26.9159 0.32838
16.1495 26.9159 1.48117
26.9159 26.9159 3.08239
37.6822 26.9159 3.34118
48.4486 26.9159 2.69901
59.215 26.9159 1.23632
69.9813 26.9159 0.613469
5.38318 37.6822 0.359771
16.1495 37.6822 1.38668
26.9159 37.6822 2.54757
37.6822 37.6822 2.66745
48.4486 37.6822 2.22298
59.215 37.6822 1.04025
69.9813 37.6822 0.651402
5.38318 48.4486 0.520463
16.1495 48.4486 1.4012
26.9159 48.4486 2.1184
37.6822 48.4486 2.17689
48.4486 48.4486 2.01196
59.215 48.4486 1.21636
69.9813 48.4486 0.876897
5.38318 59.215 0.443916
16.1495 59.215 1.17895
26.9159 59.215 1.80384
37.6822 59.215 1.8715
48.4486 59.215 1.76799
59.215 59.215 1.13267
69.9813 59.215 0.82447
5.38318 69.9813 0.0372145
16.1495 69.9813 0.438912
26.9159 69.9813 0.806117
37.6822 69.9813 0.868648
48.4486 69.9813 0.772342
59.215 69.9813 0.541066
69.9813 69.9813 0.515571
5.38318 80.7477 -0.266014
16.1495 80.7477 -0.333317
26.9159 80.7477 -0.264953
37.6822 80.7477 -0.302825
48.4486 80.7477 -0.355513
59.215 80.7477 -0.325966
69.9813 80.7477 -0.107663
5.38318 91.514 -0.499156
16.1495 91.514 -0.795291
26.9159 91.514 -0.851565
37.6822 91.514 -0.899625
48.4486 91.514 -0.888072
59.215 91.514 -0.678176
69.9813 91.514 -0.29396
5.38318 102.28 -0.572619
16.1495 102.28 -0.920439
26.9159 102.28 -1.00267
37.6822 102.28 -1.01266
48.4486 102.28 -0.964815
59.215 102.28 -0.76635
69.9813 102.28 -0.33482
5.38318 113.047 -0.583165
16.1495 113.047 -0.928904
26.9159 113.047 -1.00021
37.6822 113.047 -0.987981
48.4486 113.047 -0.927615
59.215 113.047 -0.708649
69.9813 113.047 -0.300885
5.38318 123.813 -0.553474
16.1495 123.813 -0.843208
26.9159 123.813 -0.771406
37.6822 123.813 -0.648414
48.4486 123.813 -0.54043
59.215 123.813 -0.42686
69.9813 123.813 -0.154816
5.38318 134.579 -0.422753
16.1495 134.579 -0.51866
26.9159 134.579 -0.154244
37.6822 134.579 0.372009
48.4486 134.579 0.684372
59.215 134.579 0.356839
69.9813 134.579 0.368468
5.38318 145.346 -0.114945
16.1495 145.346 0.175508
26.9159 145.346 1.67978
37.6822 145.346 2.73736
48.4486 145.346 2.96528
59.215 145.346 2.04347
69.9813 145.346 1.16101
5.38318 156.112 0.612247
16.1495 156.112 1.5038
26.9159 156.112 3.19302
37.6822 156.112 4.29576
48.4486 156.112 4.40046
59.215 156.112 3.10314
69.9813 156.112 1.68554
5.38318 166.879 1.26354
16.1495 166.879 2.62407
26.9159 166.879 4.40774
37.6822 166.879 5.12184
48.4486 166.879 4.83277
59.215 166.879 3.38131
69.9813 166.879 1.87121
5.38318 177.645 1.49875
16.1495 177.645 3.10432
26.9159 177.645 4.80143
37.6822 177.645 4.88742
48.4486 177.645 4.21686
59.215 177.645 2.916
69.9813 177.645 1.7799
5.38318 188.411 1.34691
16.1495 188.411 2.86931
26.9159 188.411 4.35671
37.6822 188.411 4.30329
48.4486 188.411 3.6362
59.215 188.411 2.72116
69.9813 188.411 1.80195
5.38318 199.178 0.925048
16.1495 199.178 1.77228
26.9159 199.178 2.51578
37.6822 199.178 2.34623
48.4486 199.178 2.08142
59.215 199.178 1.88196
69.9813 199.178 1.44009
5.38318 209.944 0.692881
16.1495 209.944 1.04873
26.9159 209.944 1.11126
37.6822 209.944 0.815329
48.4486 209.944 0.719087
59.215 209.944 1.04295
69.9813 209.944 0.925267
