37 37
0 17 72 40
0 1 72 72
0 0 72 82
0 0 72 144
0 0 72 216
5.38318 5.38318 0.542812
16.1495 5.38318 1.01894
26.9159 5.38318 1.4794
37.6822 5.38318 1.49391
48.4486 5.38318 1.34077
59.215 5.38318 0.802499
69.9813 5.38318 0.469412
5.38318 16.1495 0.850389
16.1495 16.1495 1.88207
26.9159 16.1495 2.92647
37.6822 16.1495 3.10307
48.4486 16.1495 2.75338
59.215 16.1495 1.7166
69.9813 16.1495 0.950914
5.38318 26.9159 0.971077
16.1495 26.9159 2.25276
26.9159 26.9159 3.78618
37.6822 26.9159 4.02264
48.4486 26.9159 3.43221
59.215 26.9159 2.0166
69.9813 26.9159 1.03686
5.38318 37.6822 1.01802
16.1495 37.6822 2.28957
26.9159 37.6822 3.85189
37.6822 37.6822 4.11505
48.4486 37.6822 3.44126
59.215 37.6822 2.0082
69.9813 37.6822 1.00805
5.38318 48.4486 1.23752
16.1495 48.4486 2.38528
26.9159 48.4486 3.40005
37.6822 48.4486 3.41077
48.4486 48.4486 2.82918
59.215 48.4486 1.81643
69.9813 48.4486 1.05714
5.38318 59.215 1.1674
16.1495 59.215 1.95122
26.9159 59.215 2.12572
37.6822 59.215 1.98272
48.4486 59.215 1.81472
59.215 59.215 1.54568
69.9813 59.215 1.15983
5.38318 69.9813 0.851922
16.1495 69.9813 1.42852
26.9159 69.9813 1.31076
37.6822 69.9813 1.12048
48.4486 69.9813 1.07249
59.215 69.9813 1.19057
69.9813 69.9813 0.984602
5.38318 80.7477 -0.0269484
16.1495 80.7477 -0.0214849
26.9159 80.7477 -0.134224
37.6822 80.7477 -0.213777
48.4486 80.7477 -0.19515
59.215 80.7477 0.0859593
69.9813 80.7477 0.391497
5.38318 91.514 -0.450794
16.1495 91.514 -0.728504
26.9159 91.514 -0.794925
37.6822 91.514 -0.802365
48.4486 91.514 -0.755885
59.215 91.514 -0.51077
69.9813 91.514 -0.184587
5.38318 102.28 -0.559822
16.1495 102.28 -0.899378
26.9159 102.28 -0.987152
37.6822 102.28 -0.987128
48.4486 102.28 -0.941423
59.215 102.28 -0.724285
69.9813 102.28 -0.313668
5.38318 113.047 -0.553771
16.1495 113.047 -0.8851
26.9159 113.047 -0.961401
37.6822 113.047 -0.963393
48.4486 113.047 -0.913491
59.215 113.047 -0.688826
69.9813 113.047 -0.288275
5.38318 123.813 -0.487083
16.1495 123.813 -0.752733
26.9159 123.813 -0.755172
37.6822 123.813 -0.743835
48.4486 123.813 -0.686993
59.215 123.813 -0.485614
69.9813 123.813 -0.172645
5.38318 134.579 -0.188742
16.1495 134.579 -0.286311
26.9159 134.579 -0.267309
37.6822 134.579 -0.285485
48.4486 134.579 -0.249076
59.215 134.579 -0.0991417
69.9813 134.579 0.172208
5.38318 145.346 0.176215
16.1495 145.346 0.406468
26.9159 145.346 0.711959
37.6822 145.346 0.77413
48.4486 145.346 0.916477
59.215 145.346 0.95242
69.9813 145.346 0.813188
5.38318 156.112 0.897363
16.1495 156.112 1.60621
26.9159 156.112 2.04014
37.6822 156.112 2.06279
48.4486 156.112 2.08794
59.215 156.112 1.85729
69.9813 156.112 1.28237
5.38318 166.879 0.964673
16.1495 166.879 1.80916
26.9159 166.879 2.35507
37.6822 166.879 2.53142
48.4486 166.879 2.552
59.215 166.879 2.14311
69.9813 166.879 1.40034
5.38318 177.645 1.09464
16.1495 177.645 2.10231
26.9159 177.645 2.7095
37.6822 177.645 2.86003
48.4486 177.645 2.5441
59.215 177.645 1.98759
69.9813 177.645 1.23486
5.38318 188.411 1.02277
16.1495 188.411 2.02241
26.9159 188.411 2.71974
37.6822 188.411 2.83644
48.4486 188.411 2.28196
59.215 188.411 1.68103
69.9813 188.411 0.942378
5.38318 199.178 0.837842
16.1495 199.178 1.71267
26.9159 199.178 2.29301
37.6822 199.178 2.19141
48.4486 199.178 1.47057
59.215 199.178 1.02278
69.9813 199.178 0.591877
5.38318 209.944 0.35357
16.1495 209.944 0.732134
26.9159 209.944 1.06847
37.6822 209.944 0.941691
48.4486 209.944 0.546273
59.215 209.944 0.470195
69.9813 209.944 0.315548
