37 166
0 146 72 40
0 130 72 72
0 125 72 82
0 72 72 144
0 0 72 216
5.38318 5.38318 0.615632
16.1495 5.38318 1.27885
26.9159 5.38318 1.68876
37.6822 5.38318 1.55055
48.4486 5.38318 1.14235
59.215 5.38318 0.759804
69.9813 5.38318 0.423436
5.38318 16.1495 0.942112
16.1495 16.1495 2.14143
26.9159 16.1495 2.96398
37.6822 16.1495 2.89233
48.4486 16.1495 2.26235
59.215 16.1495 1.61113
69.9813 16.1495 0.962908
5.38318 26.9159 0.973182
16.1495 26.9159 2.16433
26.9159 26.9159 3.17027
37.6822 26.9159 3.21332
48.4486 26.9159 2.55057
59.215 26.9159 1.77035
69.9813 26.9159 0.988652
5.38318 37.6822 0.966225
16.1495 37.6822 1.90571
26.9159 37.6822 2.76829
37.6822 37.6822 2.9315
48.4486 37.6822 2.49468
59.215 37.6822 1.87789
69.9813 37.6822 1.09513
5.38318 48.4486 0.912502
16.1495 48.4486 1.76923
26.9159 48.4486 2.48373
37.6822 48.4486 2.55981
48.4486 48.4486 2.15126
59.215 48.4486 1.63703
69.9813 48.4486 0.972768
5.38318 59.215 0.750885
16.1495 59.215 1.36322
26.9159 59.215 1.66163
37.6822 59.215 1.40201
48.4486 59.215 0.937729
59.215 59.215 0.847384
69.9813 59.215 0.666153
5.38318 69.9813 0.105791
16.1495 69.9813 0.224302
26.9159 69.9813 0.268336
37.6822 69.9813 -0.0606162
48.4486 69.9813 -0.200081
59.215 69.9813 -0.0786776
69.9813 69.9813 0.22006
5.38318 80.7477 -0.236483
16.1495 80.7477 -0.416989
26.9159 80.7477 -0.465395
37.6822 80.7477 -0.612914
48.4486 80.7477 -0.619444
59.215 80.7477 -0.410492
69.9813 80.7477 -0.0988036
5.38318 91.514 -0.523389
16.1495 91.514 -0.863245
26.9159 91.514 -0.863918
37.6822 91.514 -0.862085
48.4486 91.514 -0.77071
59.215 91.514 -0.529236
69.9813 91.514 -0.190642
5.38318 102.28 -0.568088
16.1495 102.28 -0.908751
26.9159 102.28 -0.961343
37.6822 102.28 -0.944781
48.4486 102.28 -0.886175
59.215 102.28 -0.657582
69.9813 102.28 -0.278735
5.38318 113.047 -0.572343
16.1495 113.047 -0.904607
26.9159 113.047 -0.962429
37.6822 113.047 -0.952304
48.4486 113.047 -0.902122
59.215 113.047 -0.689131
69.9813 113.047 -0.293713
5.38318 123.813 -0.46537
16.1495 123.813 -0.645665
26.9159 123.813 -0.500268
37.6822 123.813 -0.455436
48.4486 123.813 -0.489614
59.215 123.813 -0.430798
69.9813 123.813 -0.182881
5.38318 134.579 -0.188333
16.1495 134.579 -0.0808247
26.9159 134.579 0.800306
37.6822 134.579 0.999435
48.4486 134.579 0.714197
59.215 134.579 0.186278
69.9813 134.579 0.168189
5.38318 145.346 0.473021
16.1495 145.346 1.55497
26.9159 145.346 2.95548
37.6822 145.346 3.26513
48.4486 145.346 2.67576
59.215 145.346 1.51226
69.9813 145.346 0.804213
5.38318 156.112 1.04716
16.1495 156.112 2.62926
26.9159 156.112 4.39164
37.6822 156.112 4.8558
48.4486 156.112 4.17873
59.215 156.112 2.57926
69.9813 156.112 1.40283
5.38318 166.879 1.36351
16.1495 166.879 3.24249
26.9159 166.879 5.14137
37.6822 166.879 5.59389
48.4486 166.879 4.71252
59.215 166.879 2.94389
69.9813 166.879 1.56281
5.38318 177.645 1.31981
16.1495 177.645 3.1048
26.9159 177.645 5.01298
37.6822 177.645 5.46314
48.4486 177.645 4.65559
59.215 177.645 2.86331
69.9813 177.645 1.5346
5.38318 188.411 1.32278
16.1495 188.411 2.98624
26.9159 188.411 4.77137
37.6822 188.411 5.18066
48.4486 188.411 4.13148
59.215 188.411 2.49109
69.9813 188.411 1.20456
5.38318 199.178 1.05328
16.1495 199.178 2.1679
26.9159 199.178 3.15603
37.6822 199.178 3.38318
48.4486 199.178 2.76644
59.215 199.178 1.87681
69.9813 199.178 1.07635
5.38318 209.944 0.769196
16.1495 209.944 1.37358
26.9159 209.944 1.52701
37.6822 209.944 1.56202
48.4486 209.944 1.35571
59.215 209.944 1.19038
69.9813 209.944 0.821178
