37 37
0 17 72 40
0 1 72 72
0 0 72 82
0 0 72 144
0 0 72 216
5.38318 5.38318 0.21883
16.1495 5.38318 0.485872
26.9159 5.38318 0.954137
37.6822 5.38318 1.09806
48.4486 5.38318 0.994538
59.215 5.38318 0.523099
69.9813 5.38318 0.298176
5.38318 16.1495 0.419132
16.1495 16.1495 1.18793
26.9159 16.1495 2.2184
37.6822 16.1495 2.47229
48.4486 16.1495 2.2568
59.215 16.1495 1.37684
69.9813 16.1495 0.791565
5.38318 26.9159 0.702173
16.1495 26.9159 1.81938
26.9159 26.9159 3.25392
37.6822 26.9159 3.60963
48.4486 26.9159 3.25515
59.215 26.9159 1.91955
69.9813 26.9159 1.0241
5.38318 37.6822 1.11558
16.1495 37.6822 2.19879
26.9159 37.6822 3.5554
37.6822 37.6822 3.89941
48.4486 37.6822 3.51327
59.215 37.6822 2.24237
69.9813 37.6822 1.22467
5.38318 48.4486 1.40763
16.1495 48.4486 2.25688
26.9159 48.4486 2.97051
37.6822 48.4486 2.89579
48.4486 48.4486 2.58436
59.215 48.4486 1.96564
69.9813 48.4486 1.23022
5.38318 59.215 1.01841
16.1495 59.215 1.38347
26.9159 59.215 1.40656
37.6822 59.215 1.14792
48.4486 59.215 1.08967
59.215 59.215 1.3408
69.9813 59.215 1.1633
5.38318 69.9813 0.488297
16.1495 69.9813 0.633472
26.9159 69.9813 0.524837
37.6822 69.9813 0.238868
48.4486 69.9813 0.311385
59.215 69.9813 0.901925
69.9813 69.9813 0.959444
5.38318 80.7477 -0.148811
16.1495 80.7477 -0.212086
26.9159 80.7477 -0.162583
37.6822 80.7477 -0.198018
48.4486 80.7477 -0.153114
59.215 80.7477 0.110193
69.9813 80.7477 0.432306
5.38318 91.514 -0.328394
16.1495 91.514 -0.432616
26.9159 91.514 -0.362464
37.6822 91.514 -0.318942
48.4486 91.514 -0.316048
59.215 91.514 -0.227699
69.9813 91.514 -0.0511253
5.38318 102.28 -0.310491
16.1495 102.28 -0.427999
26.9159 102.28 -0.346961
37.6822 102.28 -0.310321
48.4486 102.28 -0.323999
59.215 102.28 -0.276076
69.9813 102.28 -0.125073
5.38318 113.047 -0.299199
16.1495 113.047 -0.448511
26.9159 113.047 -0.429795
37.6822 113.047 -0.419148
48.4486 113.047 -0.405015
59.215 113.047 -0.3233
69.9813 113.047 -0.145667
5.38318 123.813 -0.233308
16.1495 123.813 -0.314276
26.9159 123.813 -0.224022
37.6822 123.813 -0.233268
48.4486 123.813 -0.260167
59.215 123.813 -0.234985
69.9813 123.813 -0.10239
5.38318 134.579 -0.116329
16.1495 134.579 -0.0536135
26.9159 134.579 0.316625
37.6822 134.579 0.284772
48.4486 134.579 0.040614
59.215 134.579 -0.0437555
69.9813 134.579 0.000867017
5.38318 145.346 0.246239
16.1495 145.346 0.885021
26.9159 145.346 1.52892
37.6822 145.346 1.46437
48.4486 145.346 0.998057
59.215 145.346 0.564462
69.9813 145.346 0.359389
5.38318 156.112 0.619587
16.1495 156.112 1.60758
26.9159 156.112 2.31726
37.6822 156.112 2.2546
48.4486 156.112 1.73983
59.215 156.112 1.17097
69.9813 156.112 0.728711
5.38318 166.879 1.01836
16.1495 166.879 2.13202
26.9159 166.879 2.93977
37.6822 166.879 2.88302
48.4486 166.879 2.32671
59.215 166.879 1.66199
69.9813 166.879 1.02653
5.38318 177.645 1.1333
16.1495 177.645 2.11578
26.9159 177.645 2.84421
37.6822 177.645 2.81892
48.4486 177.645 2.43831
59.215 177.645 1.82553
69.9813 177.645 1.14132
5.38318 188.411 1.11714
16.1495 188.411 2.01696
26.9159 188.411 2.67185
37.6822 188.411 2.70564
48.4486 188.411 2.39848
59.215 188.411 1.88552
69.9813 188.411 1.19994
5.38318 199.178 0.949866
16.1495 199.178 1.68388
26.9159 199.178 2.10002
37.6822 199.178 1.99213
48.4486 199.178 1.64693
59.215 199.178 1.32958
69.9813 199.178 0.945894
5.38318 209.944 0.66219
16.1495 209.944 1.12569
26.9159 209.944 1.25591
37.6822 209.944 1.06008
48.4486 209.944 0.73241
59.215 209.944 0.655346
69.9813 209.944 0.578752
