48 166
0 146 72 40
0 130 72 72
0 125 72 82
0 72 72 144
0 0 72 216
5.38318 5.38318 0.291848
16.1495 5.38318 0.377687
26.9159 5.38318 0.379715
37.6822 5.38318 0.295665
48.4486 5.38318 0.134211
59.215 5.38318 0.135228
69.9813 5.38318 0.144475
5.38318 16.1495 0.358591
16.1495 16.1495 0.600792
26.9159 16.1495 0.67712
37.6822 16.1495 0.526976
48.4486 16.1495 0.210367
59.215 16.1495 0.264923
69.9813 16.1495 0.340306
5.38318 26.9159 -0.10091
16.1495 26.9159 -0.134098
26.9159 26.9159 -0.191174
37.6822 26.9159 -0.27636
48.4486 26.9159 -0.408204
59.215 26.9159 -0.254494
69.9813 26.9159 -0.0308285
5.38318 37.6822 -0.243857
16.1495 37.6822 -0.38606
26.9159 37.6822 -0.42169
37.6822 37.6822 -0.467975
48.4486 37.6822 -0.504614
59.215 37.6822 -0.312519
69.9813 37.6822 -0.0650938
5.38318 48.4486 -0.357977
16.1495 48.4486 -0.56333
26.9159 48.4486 -0.579526
37.6822 48.4486 -0.558383
48.4486 48.4486 -0.503947
59.215 48.4486 -0.309597
69.9813 48.4486 -0.0379836
5.38318 59.215 -0.432468
16.1495 59.215 -0.680667
26.9159 59.215 -0.675876
37.6822 59.215 -0.624074
48.4486 59.215 -0.554222
59.215 59.215 -0.385853
69.9813 59.215 -0.102757
5.38318 69.9813 -0.507513
16.1495 69.9813 -0.806462
26.9159 69.9813 -0.837483
37.6822 69.9813 -0.790805
48.4486 69.9813 -0.734832
59.215 69.9813 -0.543458
69.9813 69.9813 -0.208493
5.38318 80.7477 -0.548409
16.1495 80.7477 -0.892111
26.9159 80.7477 -1.01277
37.6822 80.7477 -1.03872
48.4486 80.7477 -1.00202
59.215 80.7477 -0.759875
69.9813 80.7477 -0.323719
5.38318 91.514 -0.577305
16.1495 91.514 -0.935866
26.9159 91.514 -1.06246
37.6822 91.514 -1.09738
48.4486 91.514 -1.05946
59.215 91.514 -0.837805
69.9813 91.514 -0.375692
5.38318 102.28 -0.5859
16.1495 102.28 -0.941828
26.9159 102.28 -1.04306
37.6822 102.28 -1.05629
48.4486 102.28 -1.00651
59.215 102.28 -0.795332
69.9813 102.28 -0.347167
5.38318 113.047 -0.578383
16.1495 113.047 -0.923016
26.9159 113.047 -0.998245
37.6822 113.047 -0.990506
48.4486 113.047 -0.933876
59.215 113.047 -0.703759
69.9813 113.047 -0.296203
5.38318 123.813 -0.510916
16.1495 123.813 -0.788061
26.9159 123.813 -0.733188
37.6822 123.813 -0.704534
48.4486 123.813 -0.652404
59.215 123.813 -0.433615
69.9813 123.813 -0.148721
5.38318 134.579 -0.301095
16.1495 134.579 -0.325686
26.9159 134.579 -0.074764
37.6822 134.579 -0.0427873
48.4486 134.579 -0.0487806
59.215 134.579 0.140005
69.9813 134.579 0.286077
5.38318 145.346 0.17354
16.1495 145.346 0.998691
26.9159 145.346 2.00475
37.6822 145.346 2.06244
48.4486 145.346 1.88397
59.215 145.346 1.68539
69.9813 145.346 1.151
5.38318 156.112 0.734374
16.1495 156.112 2.09113
26.9159 156.112 3.18521
37.6822 156.112 3.26912
48.4486 156.112 3.09282
59.215 156.112 2.60285
69.9813 156.112 1.72354
5.38318 166.879 1.09009
16.1495 166.879 2.40095
26.9159 166.879 3.35084
37.6822 166.879 3.76925
48.4486 166.879 3.88491
59.215 166.879 3.27947
69.9813 166.879 2.1237
5.38318 177.645 1.14847
16.1495 177.645 2.17825
26.9159 177.645 2.81953
37.6822 177.645 3.39178
48.4486 177.645 3.69232
59.215 177.645 3.15956
69.9813 177.645 2.01427
5.38318 188.411 1.159
16.1495 188.411 2.16002
26.9159 188.411 2.74336
37.6822 188.411 3.39874
48.4486 188.411 3.59811
59.215 188.411 3.09029
69.9813 188.411 1.88899
5.38318 199.178 0.698937
16.1495 199.178 1.57679
26.9159 199.178 2.08993
37.6822 199.178 2.38288
48.4486 199.178 2.18249
59.215 199.178 1.82879
69.9813 199.178 1.15702
5.38318 209.944 0.322836
16.1495 209.944 0.871325
26.9159 209.944 1.20262
37.6822 209.944 1.24045
48.4486 209.944 1.03453
59.215 209.944 0.862622
69.9813 209.944 0.639189
