37 37
0 17 72 40
0 1 72 72
0 0 72 82
0 0 72 144
0 0 72 216
5.38318 5.38318 1.01865
16.1495 5.38318 1.55242
26.9159 5.38318 1.6661
37.6822 5.38318 1.6037
48.4486 5.38318 1.49708
59.215 5.38318 1.1697
69.9813 5.38318 0.725007
5.38318 16.1495 1.77483
16.1495 16.1495 2.96277
26.9159 16.1495 3.44644
37.6822 16.1495 3.58983
48.4486 16.1495 3.36671
59.215 16.1495 2.64804
69.9813 16.1495 1.58523
5.38318 26.9159 1.9523
16.1495 26.9159 3.46496
26.9159 26.9159 4.43383
37.6822 26.9159 5.09814
48.4486 26.9159 4.82982
59.215 26.9159 3.76817
69.9813 26.9159 2.1011
5.38318 37.6822 1.41104
16.1495 37.6822 2.71468
26.9159 37.6822 4.10338
37.6822 37.6822 5.39623
48.4486 37.6822 5.25272
59.215 37.6822 4.02841
69.9813 37.6822 2.13609
5.38318 48.4486 0.715449
16.1495 48.4486 1.61653
26.9159 48.4486 2.8552
37.6822 48.4486 3.94297
48.4486 48.4486 3.74624
59.215 48.4486 2.8135
69.9813 48.4486 1.48894
5.38318 59.215 0.198523
16.1495 59.215 0.527631
26.9159 59.215 1.13989
37.6822 59.215 1.57541
48.4486 59.215 1.36317
59.215 59.215 1.07624
69.9813 59.215 0.696868
5.38318 69.9813 -0.125268
16.1495 69.9813 -0.140741
26.9159 69.9813 -0.00484332
37.6822 69.9813 0.0257512
48.4486 69.9813 -0.128578
59.215 69.9813 -0.109432
69.9813 69.9813 0.0459601
5.38318 80.7477 -0.38511
16.1495 80.7477 -0.603403
26.9159 80.7477 -0.619254
37.6822 80.7477 -0.613633
48.4486 80.7477 -0.635664
59.215 80.7477 -0.439383
69.9813 80.7477 -0.164031
5.38318 91.514 -0.538387
16.1495 91.514 -0.863436
26.9159 91.514 -0.959593
37.6822 91.514 -0.971108
48.4486 91.514 -0.953095
59.215 91.514 -0.72078
69.9813 91.514 -0.311067
5.38318 102.28 -0.573131
16.1495 102.28 -0.915534
26.9159 102.28 -1.00149
37.6822 102.28 -0.99753
48.4486 102.28 -0.951022
59.215 102.28 -0.729999
69.9813 102.28 -0.312467
5.38318 113.047 -0.570165
16.1495 113.047 -0.909012
26.9159 113.047 -0.982655
37.6822 113.047 -0.99083
48.4486 113.047 -0.948304
59.215 113.047 -0.750436
69.9813 113.047 -0.327376
5.38318 123.813 -0.469821
16.1495 123.813 -0.691429
26.9159 123.813 -0.612937
37.6822 123.813 -0.71469
48.4486 123.813 -0.775725
59.215 123.813 -0.661628
69.9813 123.813 -0.296362
5.38318 134.579 -0.213941
16.1495 134.579 -0.124725
26.9159 134.579 0.454938
37.6822 134.579 -0.0112231
48.4486 134.579 -0.283652
59.215 134.579 -0.399969
69.9813 134.579 -0.191078
5.38318 145.346 0.439584
16.1495 145.346 1.66122
26.9159 145.346 2.81063
37.6822 145.346 2.30416
48.4486 145.346 1.15057
59.215 145.346 0.170721
69.9813 145.346 0.0597917
5.38318 156.112 0.882669
16.1495 156.112 2.59378
26.9159 156.112 4.02212
37.6822 156.112 3.63629
48.4486 156.112 2.45303
59.215 156.112 1.24621
69.9813 156.112 0.670039
5.38318 166.879 1.18189
16.1495 166.879 2.7071
26.9159 166.879 4.00422
37.6822 166.879 3.83592
48.4486 166.879 2.87817
59.215 166.879 1.84419
69.9813 166.879 1.02789
5.38318 177.645 0.9709
16.1495 177.645 1.97543
26.9159 177.645 2.94546
37.6822 177.645 3.05236
48.4486 177.645 2.58857
59.215 177.645 1.86641
69.9813 177.645 1.07722
5.38318 188.411 0.951702
16.1495 188.411 1.8131
26.9159 188.411 2.56946
37.6822 188.411 2.69219
48.4486 188.411 2.3392
59.215 188.411 1.74891
69.9813 188.411 1.03522
5.38318 199.178 0.697638
16.1495 199.178 1.33607
26.9159 199.178 1.88097
37.6822 199.178 1.80915
48.4486 199.178 1.43265
59.215 199.178 1.08794
69.9813 199.178 0.751849
5.38318 209.944 0.563612
16.1495 209.944 1.01964
26.9159 209.944 1.1555
37.6822 209.944 0.88305
48.4486 209.944 0.56469
59.215 209.944 0.498621
69.9813 209.944 0.49806
