37 188
0 168 72 40
0 144 72 72
0 134 72 82
0 72 72 144
0 0 72 216
5.38318 5.38318 1.0779
16.1495 5.38318 1.36021
26.9159 5.38318 1.36384
37.6822 5.38318 1.15222
48.4486 5.38318 0.82349
59.215 5.38318 0.633816
69.9813 5.38318 0.380836
5.38318 16.1495 1.75399
16.1495 16.1495 2.49573
26.9159 16.1495 2.65019
37.6822 16.1495 2.35627
48.4486 16.1495 1.9857
59.215 16.1495 1.554
69.9813 16.1495 0.948445
5.38318 26.9159 1.89997
16.1495 26.9159 2.92933
26.9159 26.9159 3.16349
37.6822 26.9159 3.04985
48.4486 26.9159 2.76629
59.215 26.9159 2.25621
69.9813 26.9159 1.41202
5.38318 37.6822 1.29862
16.1495 37.6822 2.53885
26.9159 37.6822 3.30819
37.6822 37.6822 3.75272
48.4486 37.6822 3.76714
59.215 37.6822 3.07355
69.9813 37.6822 1.88863
5.38318 48.4486 0.787451
16.1495 48.4486 2.11564
26.9159 48.4486 3.14857
37.6822 48.4486 3.84887
48.4486 48.4486 3.91324
59.215 48.4486 3.15722
69.9813 48.4486 1.89667
5.38318 59.215 0.584886
16.1495 59.215 1.74677
26.9159 59.215 2.71044
37.6822 59.215 3.10553
48.4486 59.215 2.99261
59.215 59.215 2.40323
69.9813 59.215 1.46149
5.38318 69.9813 0.100971
16.1495 69.9813 0.596449
26.9159 69.9813 1.01292
37.6822 69.9813 1.11463
48.4486 69.9813 1.02979
59.215 69.9813 0.994379
69.9813 69.9813 0.730822
5.38318 80.7477 -0.0980041
16.1495 80.7477 -0.0691821
26.9159 80.7477 0.13963
37.6822 80.7477 0.140273
48.4486 80.7477 0.201623
59.215 80.7477 0.33372
69.9813 80.7477 0.377877
5.38318 91.514 -0.186537
16.1495 91.514 -0.277235
26.9159 91.514 -0.218199
37.6822 91.514 -0.265796
48.4486 91.514 -0.262237
59.215 91.514 -0.167366
69.9813 91.514 -0.0365631
5.38318 102.28 -0.221254
16.1495 102.28 -0.318702
26.9159 102.28 -0.264877
37.6822 102.28 -0.281427
48.4486 102.28 -0.299436
59.215 102.28 -0.233939
69.9813 102.28 -0.0969542
5.38318 113.047 -0.296649
16.1495 113.047 -0.447104
26.9159 113.047 -0.448958
37.6822 113.047 -0.433859
48.4486 113.047 -0.420105
59.215 113.047 -0.328816
69.9813 113.047 -0.145045
5.38318 123.813 -0.299313
16.1495 123.813 -0.453211
26.9159 123.813 -0.458032
37.6822 123.813 -0.442579
48.4486 123.813 -0.427777
59.215 123.813 -0.340583
69.9813 123.813 -0.153045
5.38318 134.579 -0.29835
16.1495 134.579 -0.450072
26.9159 134.579 -0.450565
37.6822 134.579 -0.4364
48.4486 134.579 -0.423138
59.215 134.579 -0.333789
69.9813 134.579 -0.150664
5.38318 145.346 -0.249037
16.1495 145.346 -0.346762
26.9159 145.346 -0.285109
37.6822 145.346 -0.259597
48.4486 145.346 -0.27549
59.215 145.346 -0.226825
69.9813 145.346 -0.0988954
5.38318 156.112 -0.0540024
16.1495 156.112 -0.0155264
26.9159 156.112 0.346177
37.6822 156.112 0.423685
48.4486 156.112 0.276512
59.215 156.112 0.141463
69.9813 156.112 0.156497
5.38318 166.879 0.525923
16.1495 166.879 1.21056
26.9159 166.879 1.85889
37.6822 166.879 1.96098
48.4486 166.879 1.64646
59.215 166.879 1.12834
69.9813 166.879 0.65799
5.38318 177.645 1.11283
16.1495 177.645 2.25476
26.9159 177.645 3.32907
37.6822 177.645 3.43483
48.4486 177.645 2.96805
59.215 177.645 2.04441
69.9813 177.645 1.18734
5.38318 188.411 1.31148
16.1495 188.411 2.69328
26.9159 188.411 3.92572
37.6822 188.411 4.01901
48.4486 188.411 3.49378
59.215 188.411 2.41415
69.9813 188.411 1.39871
5.38318 199.178 0.971841
16.1495 199.178 1.92962
26.9159 199.178 2.87386
37.6822 199.178 2.85999
48.4486 199.178 2.49781
59.215 199.178 1.73714
69.9813 199.178 1.03641
5.38318 209.944 0.387043
16.1495 209.944 0.782748
26.9159 209.944 1.16809
37.6822 209.944 1.11421
48.4486 209.944 0.913047
59.215 209.944 0.62474
69.9813 209.944 0.385651
