37 188
0 168 72 40
0 144 72 72
0 134 72 82
0 72 72 144
0 0 72 216
5.38318 5.38318 0.0651889
16.1495 5.38318 0.0466
26.9159 5.38318 0.217552
37.6822 5.38318 0.217792
48.4486 5.38318 0.207367
59.215 5.38318 0.18721
69.9813 5.38318 0.161104
5.38318 16.1495 0.152093
16.1495 16.1495 0.470255
26.9159 16.1495 1.07786
37.6822 16.1495 1.09379
48.4486 16.1495 1.07181
59.215 16.1495 0.756692
69.9813 16.1495 0.559768
5.38318 26.9159 -0.0164289
16.1495 26.9159 0.482744
26.9159 26.9159 1.59152
37.6822 26.9159 1.71776
48.4486 26.9159 1.63781
59.215 26.9159 0.877268
69.9813 26.9159 0.594404
5.38318 37.6822 0.353532
16.1495 37.6822 1.37508
26.9159 37.6822 2.86371
37.6822 37.6822 3.07156
48.4486 37.6822 2.84564
59.215 37.6822 1.62798
69.9813 37.6822 0.896746
5.38318 48.4486 0.33636
16.1495 48.4486 1.39855
26.9159 48.4486 2.89737
37.6822 48.4486 3.17818
48.4486 48.4486 2.83783
59.215 48.4486 1.50236
69.9813 48.4486 0.78702
5.38318 59.215 0.0312057
16.1495 59.215 0.685888
26.9159 59.215 1.95698
37.6822 59.215 2.03302
48.4486 59.215 1.57674
59.215 59.215 0.459368
69.9813 59.215 0.208486
5.38318 69.9813 -0.278576
16.1495 69.9813 -0.351133
26.9159 69.9813 -0.148007
37.6822 69.9813 -0.230499
48.4486 69.9813 -0.385588
59.215 69.9813 -0.458448
69.9813 69.9813 -0.220919
5.38318 80.7477 -0.483184
16.1495 80.7477 -0.731887
26.9159 80.7477 -0.714469
37.6822 80.7477 -0.77392
48.4486 80.7477 -0.851271
59.215 80.7477 -0.710354
69.9813 80.7477 -0.335183
5.38318 91.514 -0.562879
16.1495 91.514 -0.903771
26.9159 91.514 -0.999202
37.6822 91.514 -1.02898
48.4486 91.514 -1.00211
59.215 91.514 -0.810231
69.9813 91.514 -0.36542
5.38318 102.28 -0.586453
16.1495 102.28 -0.942258
26.9159 102.28 -1.03391
37.6822 102.28 -1.04025
48.4486 102.28 -0.98797
59.215 102.28 -0.784106
69.9813 102.28 -0.342589
5.38318 113.047 -0.570146
16.1495 113.047 -0.906374
26.9159 113.047 -0.970042
37.6822 113.047 -0.964794
48.4486 113.047 -0.911031
59.215 113.047 -0.692305
69.9813 113.047 -0.292131
5.38318 123.813 -0.503599
16.1495 123.813 -0.743487
26.9159 123.813 -0.65362
37.6822 123.813 -0.590271
48.4486 123.813 -0.552043
59.215 123.813 -0.408548
69.9813 123.813 -0.150547
5.38318 134.579 -0.257264
16.1495 134.579 -0.324981
26.9159 134.579 -0.108036
37.6822 134.579 -0.00234215
48.4486 134.579 0.0337215
59.215 134.579 0.172787
69.9813 134.579 0.277423
5.38318 145.346 0.215768
16.1495 145.346 0.764596
26.9159 145.346 1.48243
37.6822 145.346 1.98405
48.4486 145.346 1.92474
59.215 145.346 1.6513
69.9813 145.346 1.0463
5.38318 156.112 0.933767
16.1495 156.112 1.91601
26.9159 156.112 2.6371
37.6822 156.112 3.04705
48.4486 156.112 3.00196
59.215 156.112 2.59166
69.9813 156.112 1.61509
5.38318 166.879 1.29203
16.1495 166.879 2.45966
26.9159 166.879 3.33621
37.6822 166.879 3.72025
48.4486 166.879 3.60391
59.215 166.879 2.96618
69.9813 166.879 1.8311
5.38318 177.645 1.26591
16.1495 177.645 2.40888
26.9159 177.645 3.53666
37.6822 177.645 3.71408
48.4486 177.645 3.35947
59.215 177.645 2.50173
69.9813 177.645 1.5058
5.38318 188.411 0.987597
16.1495 188.411 2.16579
26.9159 188.411 3.62735
37.6822 188.411 3.85421
48.4486 188.411 3.17497
59.215 188.411 2.01299
69.9813 188.411 1.04316
5.38318 199.178 0.595996
16.1495 199.178 1.5561
26.9159 199.178 2.86148
37.6822 199.178 3.00806
48.4486 199.178 2.30146
59.215 199.178 1.20454
69.9813 199.178 0.549433
5.38318 209.944 0.207431
16.1495 209.944 0.698398
26.9159 209.944 1.37288
37.6822 209.944 1.42442
48.4486 209.944 1.0035
59.215 209.944 0.443178
69.9813 209.944 0.224166
