37 166
0 146 72 40
0 130 72 72
0 125 72 82
0 72 72 144
0 0 72 216
5.38318 5.38318 0.180425
16.1495 5.38318 0.365857
26.9159 5.38318 1.05987
37.6822 5.38318 1.34529
48.4486 5.38318 1.42156
59.215 5.38318 1.13899
69.9813 5.38318 0.657451
5.38318 16.1495 0.201928
16.1495 16.1495 0.748058
26.9159 16.1495 2.05551
37.6822 16.1495 2.71994
48.4486 16.1495 2.94048
59.215 16.1495 2.33148
69.9813 16.1495 1.34658
5.38318 26.9159 -0.0433397
16.1495 26.9159 0.576492
26.9159 26.9159 2.36403
37.6822 26.9159 3.51916
48.4486 26.9159 3.94788
59.215 26.9159 3.13767
69.9813 26.9159 1.77369
5.38318 37.6822 0.0388866
16.1495 37.6822 0.747271
26.9159 37.6822 2.36123
37.6822 37.6822 3.50244
48.4486 37.6822 3.87185
59.215 37.6822 3.05629
69.9813 37.6822 1.74759
5.38318 48.4486 0.182003
16.1495 48.4486 0.670624
26.9159 48.4486 1.82637
37.6822 48.4486 2.52421
48.4486 48.4486 2.89416
59.215 48.4486 2.52853
69.9813 48.4486 1.63554
5.38318 59.215 0.393981
16.1495 59.215 0.68481
26.9159 59.215 1.28846
37.6822 59.215 1.33018
48.4486 59.215 1.82473
59.215 59.215 1.87929
69.9813 59.215 1.47801
5.38318 69.9813 0.0587523
16.1495 69.9813 -0.0222968
26.9159 69.9813 0.368072
37.6822 69.9813 0.301647
48.4486 69.9813 1.03087
59.215 69.9813 1.41129
69.9813 69.9813 1.27802
5.38318 80.7477 -0.283651
16.1495 80.7477 -0.489446
26.9159 80.7477 -0.40243
37.6822 80.7477 -0.42711
48.4486 80.7477 -0.177402
59.215 80.7477 0.269169
69.9813 80.7477 0.616806
5.38318 91.514 -0.540886
16.1495 91.514 -0.895566
26.9159 91.514 -0.96447
37.6822 91.514 -0.950224
48.4486 91.514 -0.766143
59.215 91.514 -0.465826
69.9813 91.514 -0.107554
5.38318 102.28 -0.580386
16.1495 102.28 -0.928279
26.9159 102.28 -0.998998
37.6822 102.28 -0.984884
48.4486 102.28 -0.918013
59.215 102.28 -0.683497
69.9813 102.28 -0.281392
5.38318 113.047 -0.579428
16.1495 113.047 -0.922999
26.9159 113.047 -0.996672
37.6822 113.047 -0.99306
48.4486 113.047 -0.93999
59.215 113.047 -0.732546
69.9813 113.047 -0.314093
5.38318 123.813 -0.546786
16.1495 123.813 -0.852041
26.9159 123.813 -0.840961
37.6822 123.813 -0.811081
48.4486 123.813 -0.758794
59.215 123.813 -0.581247
69.9813 123.813 -0.244089
5.38318 134.579 -0.410478
16.1495 134.579 -0.557731
26.9159 134.579 -0.36487
37.6822 134.579 -0.298772
48.4486 134.579 -0.291017
59.215 134.579 -0.274318
69.9813 134.579 -0.101932
5.38318 145.346 -0.112213
16.1495 145.346 0.0926263
26.9159 145.346 1.15314
37.6822 145.346 1.55321
48.4486 145.346 1.36896
59.215 145.346 0.806245
69.9813 145.346 0.449287
5.38318 156.112 0.5429
16.1495 156.112 1.68076
26.9159 156.112 3.17184
37.6822 156.112 3.65308
48.4486 156.112 3.17702
59.215 156.112 2.0868
69.9813 156.112 1.06776
5.38318 166.879 1.21603
16.1495 166.879 2.80924
26.9159 166.879 4.62808
37.6822 166.879 5.17831
48.4486 166.879 4.40907
59.215 166.879 2.8624
69.9813 166.879 1.4822
5.38318 177.645 1.41101
16.1495 177.645 2.96344
26.9159 177.645 4.56449
37.6822 177.645 4.8465
48.4486 177.645 4.07511
59.215 177.645 2.71166
69.9813 177.645 1.47657
5.38318 188.411 1.33774
16.1495 188.411 2.45412
26.9159 188.411 3.39873
37.6822 188.411 3.2345
48.4486 188.411 2.6974
59.215 188.411 1.94229
69.9813 188.411 1.20675
5.38318 199.178 0.786078
16.1495 199.178 1.20878
26.9159 199.178 1.3943
37.6822 199.178 1.28783
48.4486 199.178 1.24358
59.215 199.178 1.31482
69.9813 199.178 1.00298
5.38318 209.944 0.319742
16.1495 209.944 0.571907
26.9159 209.944 0.574281
37.6822 209.944 0.575414
48.4486 209.944 0.642611
59.215 209.944 0.856302
69.9813 209.944 0.70021
