26 37
0 17 72 40
0 1 72 72
0 0 72 82
0 0 72 144
0 0 72 216
5.38318 5.38318 0.980337
16.1495 5.38318 1.40031
26.9159 5.38318 1.59352
37.6822 5.38318 1.4084
48.4486 5.38318 1.22743
59.215 5.38318 0.885214
69.9813 5.38318 0.55207
5.38318 16.1495 2.02832
16.1495 16.1495 3.05584
26.9159 16.1495 3.36221
37.6822 16.1495 2.83978
48.4486 16.1495 2.40076
59.215 16.1495 1.8378
69.9813 16.1495 1.15739
5.38318 26.9159 3.05462
16.1495 26.9159 4.61673
26.9159 26.9159 4.80319
37.6822 26.9159 3.72007
48.4486 26.9159 2.92236
59.215 26.9159 2.22878
69.9813 26.9159 1.43376
5.38318 37.6822 3.12406
16.1495 37.6822 4.78619
26.9159 37.6822 4.89741
37.6822 37.6822 3.74817
48.4486 37.6822 2.90431
59.215 37.6822 2.30332
69.9813 37.6822 1.47305
5.38318 48.4486 2.24347
16.1495 48.4486 3.4684
26.9159 48.4486 3.63476
37.6822 48.4486 2.92181
48.4486 48.4486 2.25085
59.215 48.4486 1.80687
69.9813 48.4486 1.15336
5.38318 59.215 0.575253
16.1495 59.215 1.13051
26.9159 59.215 1.53158
37.6822 59.215 1.6194
48.4486 59.215 1.11022
59.215 59.215 0.859653
69.9813 59.215 0.490742
5.38318 69.9813 -0.0868461
16.1495 69.9813 -0.0193984
26.9159 69.9813 0.320293
37.6822 69.9813 0.324082
48.4486 69.9813 -0.221739
59.215 69.9813 -0.288759
69.9813 69.9813 -0.210744
5.38318 80.7477 -0.272612
16.1495 80.7477 -0.40149
26.9159 80.7477 -0.321577
37.6822 80.7477 -0.425088
48.4486 80.7477 -0.668622
59.215 80.7477 -0.623057
69.9813 80.7477 -0.347356
5.38318 91.514 -0.495088
16.1495 91.514 -0.784589
26.9159 91.514 -0.809694
37.6822 91.514 -0.88764
48.4486 91.514 -0.944404
59.215 91.514 -0.766558
69.9813 91.514 -0.368574
5.38318 102.28 -0.539886
16.1495 102.28 -0.871275
26.9159 102.28 -0.95584
37.6822 102.28 -0.995515
48.4486 102.28 -0.981977
59.215 102.28 -0.789884
69.9813 102.28 -0.361926
5.38318 113.047 -0.574946
16.1495 113.047 -0.918529
26.9159 113.047 -0.995123
37.6822 113.047 -0.99702
48.4486 113.047 -0.948916
59.215 113.047 -0.749521
69.9813 113.047 -0.324301
5.38318 123.813 -0.53089
16.1495 123.813 -0.814396
26.9159 123.813 -0.790047
37.6822 123.813 -0.760411
48.4486 123.813 -0.735389
59.215 123.813 -0.569079
69.9813 123.813 -0.234809
5.38318 134.579 -0.374002
16.1495 134.579 -0.485675
26.9159 134.579 -0.342981
37.6822 134.579 -0.270987
48.4486 134.579 -0.293809
59.215 134.579 -0.243962
69.9813 134.579 -0.0612758
5.38318 145.346 -0.102581
16.1495 145.346 0.163871
26.9159 145.346 0.838038
37.6822 145.346 1.22731
48.4486 145.346 1.04441
59.215 145.346 0.767823
69.9813 145.346 0.547085
5.38318 156.112 0.358374
16.1495 156.112 1.11588
26.9159 156.112 1.92199
37.6822 156.112 2.28831
48.4486 156.112 2.1113
59.215 156.112 1.68995
69.9813 156.112 1.02665
5.38318 166.879 0.765039
16.1495 166.879 1.74025
26.9159 166.879 2.49679
37.6822 166.879 2.83052
48.4486 166.879 2.653
59.215 166.879 2.13464
69.9813 166.879 1.28935
5.38318 177.645 0.899687
16.1495 177.645 1.8539
26.9159 177.645 2.7819
37.6822 177.645 2.97968
48.4486 177.645 2.72837
59.215 177.645 2.02481
69.9813 177.645 1.20593
5.38318 188.411 0.792313
16.1495 188.411 1.77679
26.9159 188.411 2.96408
37.6822 188.411 3.26187
48.4486 188.411 2.94937
59.215 188.411 1.99583
69.9813 188.411 1.13185
5.38318 199.178 0.547388
16.1495 199.178 1.44266
26.9159 199.178 2.54057
37.6822 199.178 2.85978
48.4486 199.178 2.46212
59.215 199.178 1.51072
69.9813 199.178 0.80142
5.38318 209.944 0.312169
16.1495 209.944 0.771479
26.9159 209.944 1.31954
37.6822 209.944 1.47112
48.4486 209.944 1.29115
59.215 209.944 0.82595
69.9813 209.944 0.478376
