37 48
0 28 72 40
0 12 72 72
0 7 72 82
0 0 72 144
0 0 72 216
5.38318 5.38318 0.272206
16.1495 5.38318 0.435879
26.9159 5.38318 0.728021
37.6822 5.38318 0.584455
48.4486 5.38318 0.603582
59.215 5.38318 0.2925
69.9813 5.38318 0.290909
5.38318 16.1495 0.492261
16.1495 16.1495 1.06346
26.9159 16.1495 1.70497
37.6822 16.1495 1.58914
48.4486 16.1495 1.4497
59.215 16.1495 0.830814
69.9813 16.1495 0.674789
5.38318 26.9159 0.429222
16.1495 26.9159 1.24839
26.9159 26.9159 2.26588
37.6822 26.9159 2.24778
48.4486 26.9159 1.79611
59.215 26.9159 0.833261
69.9813 26.9159 0.596534
5.38318 37.6822 0.793058
16.1495 37.6822 2.03561
26.9159 37.6822 3.42513
37.6822 37.6822 3.62887
48.4486 37.6822 2.83134
59.215 37.6822 1.6741
69.9813 37.6822 0.905934
5.38318 48.4486 1.06034
16.1495 48.4486 2.58082
26.9159 48.4486 4.09171
37.6822 48.4486 4.49495
48.4486 48.4486 3.68012
59.215 48.4486 2.38331
69.9813 48.4486 1.33085
5.38318 59.215 1.17648
16.1495 59.215 2.69581
26.9159 59.215 3.75581
37.6822 59.215 4.0793
48.4486 59.215 3.52342
59.215 59.215 2.52418
69.9813 59.215 1.54884
5.38318 69.9813 0.78263
16.1495 69.9813 1.88022
26.9159 69.9813 2.31685
37.6822 69.9813 2.45677
48.4486 69.9813 2.13335
59.215 69.9813 1.76547
69.9813 69.9813 1.19967
5.38318 80.7477 0.1507
16.1495 80.7477 0.654129
26.9159 80.7477 0.855801
37.6822 80.7477 0.940755
48.4486 80.7477 0.678336
59.215 80.7477 0.703297
69.9813 80.7477 0.57639
5.38318 91.514 -0.452317
16.1495 91.514 -0.677112
26.9159 91.514 -0.700458
37.6822 91.514 -0.698385
48.4486 91.514 -0.745044
59.215 91.514 -0.514232
69.9813 91.514 -0.233593
5.38318 102.28 -0.571707
16.1495 102.28 -0.912991
26.9159 102.28 -0.996063
37.6822 102.28 -0.993969
48.4486 102.28 -0.961758
59.215 102.28 -0.739124
69.9813 102.28 -0.336433
5.38318 113.047 -0.57121
16.1495 113.047 -0.913382
26.9159 113.047 -0.990501
37.6822 113.047 -1.0009
48.4486 113.047 -0.959066
59.215 113.047 -0.762574
69.9813 113.047 -0.334946
5.38318 123.813 -0.484631
16.1495 123.813 -0.727069
26.9159 123.813 -0.662308
37.6822 123.813 -0.764786
48.4486 123.813 -0.814678
59.215 123.813 -0.696287
69.9813 123.813 -0.318195
5.38318 134.579 -0.2485
16.1495 134.579 -0.212624
26.9159 134.579 0.176963
37.6822 134.579 -0.177517
48.4486 134.579 -0.43418
59.215 134.579 -0.562501
69.9813 134.579 -0.294637
5.38318 145.346 0.312143
16.1495 145.346 1.37768
26.9159 145.346 2.49594
37.6822 145.346 1.75988
48.4486 145.346 0.44852
59.215 145.346 -0.354878
69.9813 145.346 -0.254107
5.38318 156.112 0.812826
16.1495 156.112 2.4506
26.9159 156.112 3.7633
37.6822 156.112 2.97816
48.4486 156.112 1.37995
59.215 156.112 -0.192187
69.9813 156.112 -0.205326
5.38318 166.879 1.08752
16.1495 166.879 2.59328
26.9159 166.879 3.74189
37.6822 166.879 2.99435
48.4486 166.879 1.53944
59.215 166.879 -0.0461429
69.9813 166.879 -0.107286
5.38318 177.645 0.992635
16.1495 177.645 2.0486
26.9159 177.645 2.78957
37.6822 177.645 2.21444
48.4486 177.645 1.20725
59.215 177.645 0.190455
69.9813 177.645 0.164644
5.38318 188.411 0.726564
16.1495 188.411 1.60656
26.9159 188.411 2.26478
37.6822 188.411 1.94122
48.4486 188.411 1.44256
59.215 188.411 0.876556
69.9813 188.411 0.638006
5.38318 199.178 0.438731
16.1495 199.178 1.12552
26.9159 199.178 1.80257
37.6822 199.178 1.7155
48.4486 199.178 1.61469
59.215 199.178 1.35204
69.9813 199.178 0.965958
5.38318 209.944 0.19816
16.1495 209.944 0.633095
26.9159 209.944 1.12386
37.6822 209.944 1.20498
48.4486 209.944 1.35412
59.215 209.944 1.34356
69.9813 209.944 0.959726
