37 166
0 146 72 40
0 130 72 72
0 125 72 82
0 72 72 144
0 0 72 216
5.38318 5.38318 0.399656
16.1495 5.38318 0.637207
26.9159 5.38318 0.821765
37.6822 5.38318 0.86094
48.4486 5.38318 0.750961
59.215 5.38318 0.518696
69.9813 5.38318 0.319326
5.38318 16.1495 0.670208
16.1495 16.1495 1.41135
26.9159 16.1495 1.73333
37.6822 16.1495 1.75723
48.4486 16.1495 1.455
59.215 16.1495 1.0388
69.9813 16.1495 0.643656
5.38318 26.9159 0.603725
16.1495 26.9159 1.41696
26.9159 26.9159 1.81237
37.6822 26.9159 1.92963
48.4486 26.9159 1.51668
59.215 26.9159 1.02736
69.9813 26.9159 0.588937
5.38318 37.6822 0.551387
16.1495 37.6822 1.32256
26.9159 37.6822 1.738
37.6822 37.6822 1.87696
48.4486 37.6822 1.41452
59.215 37.6822 0.936797
69.9813 37.6822 0.476653
5.38318 48.4486 0.382754
16.1495 48.4486 1.05902
26.9159 48.4486 1.62138
37.6822 48.4486 1.76858
48.4486 48.4486 1.32967
59.215 48.4486 0.86297
69.9813 48.4486 0.4138
5.38318 59.215 0.371628
16.1495 59.215 1.00612
26.9159 59.215 1.58492
37.6822 59.215 1.4666
48.4486 59.215 0.99767
59.215 59.215 0.560415
69.9813 59.215 0.332761
5.38318 69.9813 0.126201
16.1495 69.9813 0.645716
26.9159 69.9813 1.32007
37.6822 69.9813 1.10288
48.4486 69.9813 0.761837
59.215 69.9813 0.282005
69.9813 69.9813 0.204467
5.38318 80.7477 -0.11346
16.1495 80.7477 -0.0418625
26.9159 80.7477 0.462174
37.6822 80.7477 0.270003
48.4486 80.7477 0.116931
59.215 80.7477 -0.127043
69.9813 80.7477 -0.0272422
5.38318 91.514 -0.242837
16.1495 91.514 -0.329655
26.9159 91.514 -0.231666
37.6822 91.514 -0.259754
48.4486 91.514 -0.273358
59.215 91.514 -0.299086
69.9813 91.514 -0.130714
5.38318 102.28 -0.295402
16.1495 102.28 -0.449558
26.9159 102.28 -0.445983
37.6822 102.28 -0.439947
48.4486 102.28 -0.417638
59.215 102.28 -0.335174
69.9813 102.28 -0.147824
5.38318 113.047 -0.299686
16.1495 113.047 -0.454616
26.9159 113.047 -0.459571
37.6822 113.047 -0.442852
48.4486 113.047 -0.424569
59.215 113.047 -0.330909
69.9813 113.047 -0.145842
5.38318 123.813 -0.291986
16.1495 123.813 -0.419682
26.9159 123.813 -0.340739
37.6822 123.813 -0.272211
48.4486 123.813 -0.259781
59.215 123.813 -0.208861
69.9813 123.813 -0.0921781
5.38318 134.579 -0.262492
16.1495 134.579 -0.292099
26.9159 134.579 -0.0709452
37.6822 134.579 0.23568
48.4486 134.579 0.221347
59.215 134.579 0.0960178
69.9813 134.579 0.0660599
5.38318 145.346 -0.201614
16.1495 145.346 -0.0729234
26.9159 145.346 0.821637
37.6822 145.346 1.52153
48.4486 145.346 1.44859
59.215 145.346 0.939815
69.9813 145.346 0.436193
5.38318 156.112 -0.0653532
16.1495 156.112 0.462684
26.9159 156.112 1.72936
37.6822 156.112 2.54228
48.4486 156.112 2.3842
59.215 156.112 1.54888
69.9813 156.112 0.718017
5.38318 166.879 0.178097
16.1495 166.879 0.961612
26.9159 166.879 2.21322
37.6822 166.879 3.04829
48.4486 166.879 2.812
59.215 166.879 1.82327
69.9813 166.879 0.847453
5.38318 177.645 0.652857
16.1495 177.645 1.55119
26.9159 177.645 2.393
37.6822 177.645 2.75338
48.4486 177.645 2.41804
59.215 177.645 1.61372
69.9813 177.645 0.828402
5.38318 188.411 0.990319
16.1495 188.411 1.93535
26.9159 188.411 2.41536
37.6822 188.411 2.43278
48.4486 188.411 2.08968
59.215 188.411 1.48724
69.9813 188.411 0.890784
5.38318 199.178 1.1052
16.1495 199.178 1.92274
26.9159 199.178 2.21552
37.6822 199.178 2.14155
48.4486 199.178 1.98438
59.215 199.178 1.57737
69.9813 199.178 1.04705
5.38318 209.944 0.741637
16.1495 209.944 1.25283
26.9159 209.944 1.40092
37.6822 209.944 1.45797
48.4486 209.944 1.54009
59.215 209.944 1.33655
69.9813 209.944 0.915799
