37 37
0 17 72 40
0 1 72 72
0 0 72 82
0 0 72 144
0 0 72 216
5.38318 5.38318 0.179047
16.1495 5.38318 0.421236
26.9159 5.38318 0.90305
37.6822 5.38318 0.996072
48.4486 5.38318 0.836936
59.215 5.38318 0.443119
69.9813 5.38318 0.218844
5.38318 16.1495 0.339812
16.1495 16.1495 1.09258
26.9159 16.1495 2.13103
37.6822 16.1495 2.33179
48.4486 16.1495 1.98967
59.215 16.1495 1.1619
69.9813 16.1495 0.577778
5.38318 26.9159 0.510709
16.1495 26.9159 1.67683
26.9159 26.9159 3.30861
37.6822 26.9159 3.63491
48.4486 26.9159 3.04475
59.215 26.9159 1.61872
69.9813 26.9159 0.740833
5.38318 37.6822 0.772207
16.1495 37.6822 2.01266
26.9159 37.6822 3.65239
37.6822 37.6822 4.01766
48.4486 37.6822 3.40062
59.215 37.6822 1.88458
69.9813 37.6822 0.917686
5.38318 48.4486 1.10429
16.1495 48.4486 2.09519
26.9159 48.4486 3.15846
37.6822 48.4486 3.19788
48.4486 48.4486 2.76785
59.215 48.4486 1.7205
69.9813 48.4486 0.999902
5.38318 59.215 1.2728
16.1495 59.215 2.06055
26.9159 59.215 2.19397
37.6822 59.215 1.91936
48.4486 59.215 1.70186
59.215 59.215 1.44908
69.9813 59.215 1.05932
5.38318 69.9813 1.25355
16.1495 69.9813 1.97557
26.9159 69.9813 1.92337
37.6822 69.9813 1.47567
48.4486 69.9813 1.33847
59.215 69.9813 1.39895
69.9813 69.9813 1.08625
5.38318 80.7477 0.401767
16.1495 80.7477 0.830501
26.9159 80.7477 0.880999
37.6822 80.7477 0.670432
48.4486 80.7477 0.587145
59.215 80.7477 0.744306
69.9813 80.7477 0.668049
5.38318 91.514 -0.259963
16.1495 91.514 -0.321088
26.9159 91.514 -0.243699
37.6822 91.514 -0.175496
48.4486 91.514 -0.165999
59.215 91.514 -0.057263
69.9813 91.514 0.0948862
5.38318 102.28 -0.302512
16.1495 102.28 -0.420988
26.9159 102.28 -0.347331
37.6822 102.28 -0.298277
48.4486 102.28 -0.309331
59.215 102.28 -0.248703
69.9813 102.28 -0.111647
5.38318 113.047 -0.259777
16.1495 113.047 -0.407548
26.9159 113.047 -0.386827
37.6822 113.047 -0.373265
48.4486 113.047 -0.333314
59.215 113.047 -0.230306
69.9813 113.047 -0.079479
5.38318 123.813 -0.0287278
16.1495 123.813 -0.0923564
26.9159 123.813 -0.0743644
37.6822 123.813 -0.0918147
48.4486 123.813 -0.0348412
59.215 123.813 0.0794111
69.9813 123.813 0.248596
5.38318 134.579 0.79734
16.1495 134.579 0.961155
26.9159 134.579 0.877394
37.6822 134.579 0.691849
48.4486 134.579 1.06003
59.215 134.579 1.18662
69.9813 134.579 0.992076
5.38318 145.346 1.71372
16.1495 145.346 2.27724
26.9159 145.346 2.08722
37.6822 145.346 1.74499
48.4486 145.346 2.26889
59.215 145.346 2.44645
69.9813 145.346 1.8674
5.38318 156.112 2.20187
16.1495 156.112 2.95278
26.9159 156.112 2.75198
37.6822 156.112 2.28803
48.4486 156.112 2.94244
59.215 156.112 3.14881
69.9813 156.112 2.4019
5.38318 166.879 1.8291
16.1495 166.879 2.64845
26.9159 166.879 2.94832
37.6822 166.879 2.66947
48.4486 166.879 3.09527
59.215 166.879 3.02855
69.9813 166.879 2.1833
5.38318 177.645 1.1484
16.1495 177.645 2.06827
26.9159 177.645 3.1669
37.6822 177.645 3.20101
48.4486 177.645 3.06991
59.215 177.645 2.24735
69.9813 177.645 1.42949
5.38318 188.411 0.837392
16.1495 188.411 1.87632
26.9159 188.411 3.44758
37.6822 188.411 3.72633
48.4486 188.411 3.41219
59.215 188.411 2.17288
69.9813 188.411 1.24338
5.38318 199.178 0.623727
16.1495 199.178 1.54533
26.9159 199.178 2.73973
37.6822 199.178 2.86076
48.4486 199.178 2.49944
59.215 199.178 1.59617
69.9813 199.178 0.985206
5.38318 209.944 0.330776
16.1495 209.944 0.752346
26.9159 209.944 1.21614
37.6822 209.944 1.11479
48.4486 209.944 0.90481
59.215 209.944 0.696067
69.9813 209.944 0.625194
