37 188
0 168 72 40
0 144 72 72
0 134 72 82
0 72 72 144
0 0 72 216
5.38318 5.38318 0.413795
16.1495 5.38318 0.49374
26.9159 5.38318 0.473101
37.6822 5.38318 0.63135
48.4486 5.38318 0.808679
59.215 5.38318 0.757009
69.9813 5.38318 0.550369
5.38318 16.1495 0.858353
16.1495 16.1495 1.17719
26.9159 16.1495 1.09758
37.6822 16.1495 1.30321
48.4486 16.1495 1.61225
59.215 16.1495 1.57947
69.9813 16.1495 1.09632
5.38318 26.9159 1.22268
16.1495 26.9159 1.62162
26.9159 26.9159 1.0389
37.6822 26.9159 0.897411
48.4486 26.9159 1.10082
59.215 26.9159 1.50114
69.9813 26.9159 1.18134
5.38318 37.6822 1.34323
16.1495 37.6822 1.77311
26.9159 37.6822 1.2099
37.6822 37.6822 0.556001
48.4486 37.6822 0.550025
59.215 37.6822 1.13774
69.9813 37.6822 0.971523
5.38318 48.4486 0.856728
16.1495 48.4486 1.07167
26.9159 48.4486 0.683782
37.6822 48.4486 -0.0240263
48.4486 48.4486 -0.0277989
59.215 48.4486 0.709398
69.9813 48.4486 0.693632
5.38318 59.215 0.0359879
16.1495 59.215 -0.0317448
26.9159 59.215 0.140561
37.6822 59.215 -0.071014
48.4486 59.215 0.261966
59.215 59.215 0.803223
69.9813 59.215 0.710485
5.38318 69.9813 -0.116575
16.1495 69.9813 -0.164366
26.9159 69.9813 0.104949
37.6822 69.9813 -0.0182497
48.4486 69.9813 0.451568
59.215 69.9813 0.831532
69.9813 69.9813 0.710015
5.38318 80.7477 -0.268985
16.1495 80.7477 -0.377879
26.9159 80.7477 -0.242748
37.6822 80.7477 -0.272982
48.4486 80.7477 -0.0554711
59.215 80.7477 0.277798
69.9813 80.7477 0.454992
5.38318 91.514 -0.459936
16.1495 91.514 -0.715685
26.9159 91.514 -0.682913
37.6822 91.514 -0.713139
48.4486 91.514 -0.611902
59.215 91.514 -0.4028
69.9813 91.514 -0.118826
5.38318 102.28 -0.565891
16.1495 102.28 -0.90916
26.9159 102.28 -0.985102
37.6822 102.28 -0.992486
48.4486 102.28 -0.937804
59.215 102.28 -0.722318
69.9813 102.28 -0.308234
5.38318 113.047 -0.570118
16.1495 113.047 -0.906241
26.9159 113.047 -0.970167
37.6822 113.047 -0.965732
48.4486 113.047 -0.912161
59.215 113.047 -0.694889
69.9813 113.047 -0.293214
5.38318 123.813 -0.50359
16.1495 123.813 -0.743431
26.9159 123.813 -0.653505
37.6822 123.813 -0.590097
48.4486 123.813 -0.551878
59.215 123.813 -0.408423
69.9813 123.813 -0.150496
5.38318 134.579 -0.257264
16.1495 134.579 -0.32498
26.9159 134.579 -0.108035
37.6822 134.579 -0.00234155
48.4486 134.579 0.0337225
59.215 134.579 0.172788
69.9813 134.579 0.277423
5.38318 145.346 0.215769
16.1495 145.346 0.764597
26.9159 145.346 1.48243
37.6822 145.346 1.98405
48.4486 145.346 1.92474
59.215 145.346 1.6513
69.9813 145.346 1.0463
5.38318 156.112 0.933767
16.1495 156.112 1.91601
26.9159 156.112 2.6371
37.6822 156.112 3.04705
48.4486 156.112 3.00196
59.215 156.112 2.59166
69.9813 156.112 1.61509
5.38318 166.879 1.29203
16.1495 166.879 2.45966
26.9159 166.879 3.33621
37.6822 166.879 3.72025
48.4486 166.879 3.60391
59.215 166.879 2.96618
69.9813 166.879 1.8311
5.38318 177.645 1.26591
16.1495 177.645 2.40888
26.9159 177.645 3.53667
37.6822 177.645 3.71408
48.4486 177.645 3.35947
59.215 177.645 2.50173
69.9813 177.645 1.5058
5.38318 188.411 0.987596
16.1495 188.411 2.16579
26.9159 188.411 3.62735
37.6822 188.411 3.85422
48.4486 188.411 3.17497
59.215 188.411 2.01299
69.9813 188.411 1.04316
5.38318 199.178 0.595996
16.1495 199.178 1.5561
26.9159 199.178 2.86148
37.6822 199.178 3.00806
48.4486 199.178 2.30146
59.215 199.178 1.20454
69.9813 199.178 0.549433
5.38318 209.944 0.207431
16.1495 209.944 0.698398
26.9159 209.944 1.37288
37.6822 209.944 1.42442
48.4486 209.944 1.0035
59.215 209.944 0.443178
69.9813 209.944 0.224166
