26 16
0 0 72 40
0 0 72 72
0 0 72 82
0 0 72 144
0 0 72 216
5.38318 5.38318 0.762509
16.1495 5.38318 1.03801
26.9159 5.38318 1.08868
37.6822 5.38318 0.952731
48.4486 5.38318 0.664445
59.215 5.38318 0.435205
69.9813 5.38318 0.271591
5.38318 16.1495 1.13486
16.1495 16.1495 1.62175
26.9159 16.1495 1.79748
37.6822 16.1495 1.654
48.4486 16.1495 1.26084
59.215 16.1495 1.02075
69.9813 16.1495 0.697124
5.38318 26.9159 0.898533
16.1495 26.9159 1.31173
26.9159 26.9159 1.56623
37.6822 26.9159 1.30796
48.4486 26.9159 0.958638
59.215 26.9159 0.819054
69.9813 26.9159 0.626508
5.38318 37.6822 0.31049
16.1495 37.6822 0.557519
26.9159 37.6822 0.99716
37.6822 37.6822 0.96611
48.4486 37.6822 1.02586
59.215 37.6822 1.22965
69.9813 37.6822 1.00805
5.38318 48.4486 0.24519
16.1495 48.4486 0.433392
26.9159 48.4486 0.875023
37.6822 48.4486 0.756895
48.4486 48.4486 1.00977
59.215 48.4486 1.29299
69.9813 48.4486 1.14997
5.38318 59.215 0.00734582
16.1495 59.215 0.0279707
26.9159 59.215 0.328813
37.6822 59.215 0.178149
48.4486 59.215 0.490991
59.215 59.215 0.894616
69.9813 59.215 0.924
5.38318 69.9813 -0.114199
16.1495 69.9813 -0.190722
26.9159 69.9813 -0.173745
37.6822 69.9813 -0.336867
48.4486 69.9813 -0.389991
59.215 69.9813 -0.291235
69.9813 69.9813 -0.0399245
5.38318 80.7477 -0.296475
16.1495 80.7477 -0.488737
26.9159 80.7477 -0.550075
37.6822 80.7477 -0.726935
48.4486 80.7477 -0.823543
59.215 80.7477 -0.674804
69.9813 80.7477 -0.291912
5.38318 91.514 -0.485799
16.1495 91.514 -0.789398
26.9159 91.514 -0.895721
37.6822 91.514 -0.976192
48.4486 91.514 -0.989317
59.215 91.514 -0.811843
69.9813 91.514 -0.375236
5.38318 102.28 -0.565666
16.1495 102.28 -0.91099
26.9159 102.28 -1.00895
37.6822 102.28 -1.02929
48.4486 102.28 -0.993008
59.215 102.28 -0.789656
69.9813 102.28 -0.354229
5.38318 113.047 -0.584634
16.1495 113.047 -0.933603
26.9159 113.047 -1.01278
37.6822 113.047 -1.01101
48.4486 113.047 -0.960046
59.215 113.047 -0.757908
69.9813 113.047 -0.329248
5.38318 123.813 -0.563989
16.1495 123.813 -0.876835
26.9159 123.813 -0.907627
37.6822 123.813 -0.871482
48.4486 123.813 -0.851999
59.215 123.813 -0.659396
69.9813 123.813 -0.297155
5.38318 134.579 -0.525232
16.1495 134.579 -0.762178
26.9159 134.579 -0.604475
37.6822 134.579 -0.515934
48.4486 134.579 -0.585152
59.215 134.579 -0.502393
69.9813 134.579 -0.245551
5.38318 145.346 -0.43872
16.1495 145.346 -0.474675
26.9159 145.346 -0.055319
37.6822 145.346 0.324296
48.4486 145.346 -0.103188
59.215 145.346 -0.242996
69.9813 145.346 -0.162839
5.38318 156.112 -0.335342
16.1495 156.112 -0.265688
26.9159 156.112 0.745884
37.6822 156.112 1.12143
48.4486 156.112 0.553056
59.215 156.112 -0.0539933
69.9813 156.112 -0.0857374
5.38318 166.879 -0.255874
16.1495 166.879 -0.166751
26.9159 166.879 0.769998
37.6822 166.879 1.02377
48.4486 166.879 0.612321
59.215 166.879 0.0355034
69.9813 166.879 0.0227948
5.38318 177.645 -0.0979932
16.1495 177.645 -0.0363954
26.9159 177.645 0.345774
37.6822 177.645 0.254662
48.4486 177.645 0.0885349
59.215 177.645 -0.00812368
69.9813 177.645 0.251127
5.38318 188.411 0.198979
16.1495 188.411 0.497757
26.9159 188.411 0.529922
37.6822 188.411 0.410585
48.4486 188.411 0.455489
59.215 188.411 0.577412
69.9813 188.411 0.650287
5.38318 199.178 0.69935
16.1495 199.178 1.21589
26.9159 199.178 1.08669
37.6822 199.178 1.04428
48.4486 199.178 1.13415
59.215 199.178 1.29853
69.9813 199.178 1.02647
5.38318 209.944 0.645102
16.1495 209.944 1.0943
26.9159 209.944 1.05663
37.6822 209.944 1.10555
48.4486 209.944 1.29238
59.215 209.944 1.39225
69.9813 209.944 1.02066
