37 37
0 17 72 40
0 1 72 72
0 0 72 82
0 0 72 144
0 0 72 216
5.38318 5.38318 0.450614
16.1495 5.38318 0.811774
26.9159 5.38318 1.19207
37.6822 5.38318 1.20422
48.4486 5.38318 1.01487
59.215 5.38318 0.530064
69.9813 5.38318 0.300176
5.38318 16.1495 0.8697
16.1495 16.1495 1.80843
26.9159 16.1495 2.74208
37.6822 16.1495 2.88468
48.4486 16.1495 2.36903
59.215 16.1495 1.39174
69.9813 16.1495 0.740329
5.38318 26.9159 1.08684
16.1495 26.9159 2.47481
26.9159 26.9159 4.09388
37.6822 26.9159 4.44868
48.4486 26.9159 3.58631
59.215 26.9159 1.98196
69.9813 26.9159 0.940659
5.38318 37.6822 1.21399
16.1495 37.6822 2.81082
26.9159 37.6822 4.61204
37.6822 37.6822 5.09846
48.4486 37.6822 4.16514
59.215 37.6822 2.38848
69.9813 37.6822 1.09772
5.38318 48.4486 1.18288
16.1495 48.4486 2.4523
26.9159 48.4486 3.74322
37.6822 48.4486 4.08471
48.4486 48.4486 3.63999
59.215 48.4486 2.35991
69.9813 48.4486 1.31466
5.38318 59.215 1.18822
16.1495 59.215 2.19765
26.9159 59.215 2.70133
37.6822 59.215 2.82319
48.4486 59.215 2.82293
59.215 59.215 2.23102
69.9813 59.215 1.50552
5.38318 69.9813 1.05451
16.1495 69.9813 1.91573
26.9159 69.9813 2.27338
37.6822 69.9813 2.44377
48.4486 69.9813 2.67899
59.215 69.9813 2.31054
69.9813 69.9813 1.60475
5.38318 80.7477 0.336373
16.1495 80.7477 0.807815
26.9159 80.7477 1.06994
37.6822 80.7477 1.16324
48.4486 80.7477 1.31311
59.215 80.7477 1.19784
69.9813 80.7477 0.930403
5.38318 91.514 -0.237905
16.1495 91.514 -0.300099
26.9159 91.514 -0.245144
37.6822 91.514 -0.180905
48.4486 91.514 -0.161017
59.215 91.514 -0.0701779
69.9813 91.514 0.0970981
5.38318 102.28 -0.301789
16.1495 102.28 -0.437388
26.9159 102.28 -0.391132
37.6822 102.28 -0.348714
48.4486 102.28 -0.35597
59.215 102.28 -0.274825
69.9813 102.28 -0.12475
5.38318 113.047 -0.28267
16.1495 113.047 -0.426337
26.9159 113.047 -0.403013
37.6822 113.047 -0.405884
48.4486 113.047 -0.400173
59.215 113.047 -0.317341
69.9813 113.047 -0.137684
5.38318 123.813 -0.202188
16.1495 123.813 -0.301333
26.9159 123.813 -0.264576
37.6822 123.813 -0.284092
48.4486 123.813 -0.287342
59.215 123.813 -0.214156
69.9813 123.813 -0.0764467
5.38318 134.579 -0.0506658
16.1495 134.579 -0.0574639
26.9159 134.579 -0.00976319
37.6822 134.579 -0.0624232
48.4486 134.579 -0.0782798
59.215 134.579 -0.0195397
69.9813 134.579 0.123982
5.38318 145.346 0.214931
16.1495 145.346 0.416774
26.9159 145.346 0.574829
37.6822 145.346 0.523355
48.4486 145.346 0.634489
59.215 145.346 0.683871
69.9813 145.346 0.579298
5.38318 156.112 0.590187
16.1495 156.112 1.17032
26.9159 156.112 1.56908
37.6822 156.112 1.48907
48.4486 156.112 1.66197
59.215 156.112 1.46171
69.9813 156.112 1.05024
5.38318 166.879 0.879362
16.1495 166.879 1.72643
26.9159 166.879 2.40874
37.6822 166.879 2.32687
48.4486 166.879 2.48704
59.215 166.879 2.0365
69.9813 166.879 1.41247
5.38318 177.645 1.2269
16.1495 177.645 2.43857
26.9159 177.645 3.62255
37.6822 177.645 3.55077
48.4486 177.645 3.50104
59.215 177.645 2.50374
69.9813 177.645 1.59114
5.38318 188.411 1.22005
16.1495 188.411 2.51681
26.9159 188.411 3.8358
37.6822 188.411 3.86543
48.4486 188.411 3.69908
59.215 188.411 2.52806
69.9813 188.411 1.5317
5.38318 199.178 0.946362
16.1495 199.178 1.93595
26.9159 199.178 2.9663
37.6822 199.178 3.0079
48.4486 199.178 2.73556
59.215 199.178 1.78279
69.9813 199.178 1.0629
5.38318 209.944 0.366325
16.1495 209.944 0.744299
26.9159 209.944 1.13824
37.6822 209.944 1.04305
48.4486 209.944 0.9503
59.215 209.944 0.581607
69.9813 209.944 0.456676
