37 177
0 157 72 40
0 141 72 72
0 134 72 82
0 72 72 144
0 0 72 216
5.38318 5.38318 0.511431
16.1495 5.38318 0.952044
26.9159 5.38318 1.50213
37.6822 5.38318 1.6265
48.4486 5.38318 1.5423
59.215 5.38318 1.07572
69.9813 5.38318 0.635745
5.38318 16.1495 0.87409
16.1495 16.1495 1.83043
26.9159 16.1495 3.03221
37.6822 16.1495 3.38209
48.4486 16.1495 3.20126
59.215 16.1495 2.19618
69.9813 16.1495 1.23927
5.38318 26.9159 1.0406
16.1495 26.9159 2.2827
26.9159 26.9159 3.88014
37.6822 26.9159 4.29762
48.4486 26.9159 3.96214
59.215 26.9159 2.663
69.9813 26.9159 1.47449
5.38318 37.6822 1.03956
16.1495 37.6822 2.24762
26.9159 37.6822 3.66656
37.6822 37.6822 3.98928
48.4486 37.6822 3.58475
59.215 37.6822 2.38464
69.9813 37.6822 1.30695
5.38318 48.4486 0.874425
16.1495 48.4486 1.72934
26.9159 48.4486 2.5352
37.6822 48.4486 2.49563
48.4486 48.4486 2.14582
59.215 48.4486 1.40295
69.9813 48.4486 0.84622
5.38318 59.215 0.502872
16.1495 59.215 0.811693
26.9159 59.215 0.939453
37.6822 59.215 0.700224
48.4486 59.215 0.650363
59.215 59.215 0.554509
69.9813 59.215 0.558804
5.38318 69.9813 -0.00505673
16.1495 69.9813 -0.0670673
26.9159 69.9813 -0.135413
37.6822 69.9813 -0.240589
48.4486 69.9813 -0.241423
59.215 69.9813 -0.0920854
69.9813 69.9813 0.220722
5.38318 80.7477 -0.29331
16.1495 80.7477 -0.528291
26.9159 80.7477 -0.574459
37.6822 80.7477 -0.616578
48.4486 80.7477 -0.564859
59.215 80.7477 -0.330233
69.9813 80.7477 -0.0759575
5.38318 91.514 -0.517827
16.1495 91.514 -0.853599
26.9159 91.514 -0.930965
37.6822 91.514 -0.927688
48.4486 91.514 -0.866874
59.215 91.514 -0.588392
69.9813 91.514 -0.239542
5.38318 102.28 -0.566232
16.1495 102.28 -0.906034
26.9159 102.28 -0.97629
37.6822 102.28 -0.966166
48.4486 102.28 -0.915486
59.215 102.28 -0.687294
69.9813 102.28 -0.294828
5.38318 113.047 -0.578278
16.1495 113.047 -0.924681
26.9159 113.047 -1.00502
37.6822 113.047 -1.00373
48.4486 113.047 -0.951994
59.215 113.047 -0.744155
69.9813 113.047 -0.319084
5.38318 123.813 -0.551151
16.1495 123.813 -0.868524
26.9159 123.813 -0.909189
37.6822 123.813 -0.890747
48.4486 123.813 -0.842769
59.215 123.813 -0.627832
69.9813 123.813 -0.264752
5.38318 134.579 -0.436632
16.1495 134.579 -0.622037
26.9159 134.579 -0.512546
37.6822 134.579 -0.465688
48.4486 134.579 -0.472344
59.215 134.579 -0.372575
69.9813 134.579 -0.141225
5.38318 145.346 -0.236899
16.1495 145.346 -0.190044
26.9159 145.346 0.242647
37.6822 145.346 0.656047
48.4486 145.346 0.47049
59.215 145.346 0.246321
69.9813 145.346 0.216903
5.38318 156.112 0.109928
16.1495 156.112 0.993524
26.9159 156.112 2.1219
37.6822 156.112 2.70812
48.4486 156.112 2.31105
59.215 156.112 1.43038
69.9813 156.112 0.740486
5.38318 166.879 0.509673
16.1495 166.879 1.92926
26.9159 166.879 3.36178
37.6822 166.879 4.24226
48.4486 166.879 3.64265
59.215 166.879 2.4124
69.9813 166.879 1.141
5.38318 177.645 0.874171
16.1495 177.645 2.4046
26.9159 177.645 4.07189
37.6822 177.645 4.92104
48.4486 177.645 4.15886
59.215 177.645 2.74078
69.9813 177.645 1.37658
5.38318 188.411 1.07492
16.1495 188.411 2.40478
26.9159 188.411 3.89519
37.6822 188.411 4.37617
48.4486 188.411 3.70888
59.215 188.411 2.54446
69.9813 188.411 1.41659
5.38318 199.178 1.23674
16.1495 199.178 2.28365
26.9159 199.178 2.94019
37.6822 199.178 2.94072
48.4486 199.178 2.78699
59.215 199.178 2.39332
69.9813 199.178 1.67701
5.38318 209.944 1.13081
16.1495 209.944 1.89323
26.9159 209.944 1.99973
37.6822 209.944 1.75346
48.4486 209.944 1.84311
59.215 209.944 1.93478
69.9813 209.944 1.5086
