37 188
0 168 72 40
0 144 72 72
0 134 72 82
0 72 72 144
0 0 72 216
5.38318 5.38318 0.127352
16.1495 5.38318 0.289442
26.9159 5.38318 0.572796
37.6822 5.38318 0.844833
48.4486 5.38318 0.808732
59.215 5.38318 0.562849
69.9813 5.38318 0.39335
5.38318 16.1495 0.0604734
16.1495 16.1495 0.501598
26.9159 16.1495 1.07644
37.6822 16.1495 1.66287
48.4486 16.1495 1.67561
59.215 16.1495 1.18039
69.9813 16.1495 0.834798
5.38318 26.9159 -0.0444273
16.1495 26.9159 0.390333
26.9159 26.9159 0.957777
37.6822 26.9159 1.58949
48.4486 26.9159 1.54759
59.215 26.9159 1.09165
69.9813 26.9159 0.858858
5.38318 37.6822 0.0145969
16.1495 37.6822 0.502986
26.9159 37.6822 1.09524
37.6822 37.6822 1.67249
48.4486 37.6822 1.56804
59.215 37.6822 1.03943
69.9813 37.6822 0.806406
5.38318 48.4486 0.241397
16.1495 48.4486 0.665359
26.9159 48.4486 1.18236
37.6822 48.4486 1.56383
48.4486 48.4486 1.31536
59.215 48.4486 0.813598
69.9813 48.4486 0.611697
5.38318 59.215 0.0451339
16.1495 59.215 0.261889
26.9159 59.215 0.664772
37.6822 59.215 0.780476
48.4486 59.215 0.288584
59.215 59.215 -0.105881
69.9813 59.215 -0.0336563
5.38318 69.9813 -0.195878
16.1495 69.9813 -0.300962
26.9159 69.9813 -0.376974
37.6822 69.9813 -0.517316
48.4486 69.9813 -0.73099
59.215 69.9813 -0.640823
69.9813 69.9813 -0.306874
5.38318 80.7477 -0.42937
16.1495 80.7477 -0.701025
26.9159 80.7477 -0.826637
37.6822 80.7477 -0.937805
48.4486 80.7477 -0.978386
59.215 80.7477 -0.797437
69.9813 80.7477 -0.365162
5.38318 91.514 -0.546599
16.1495 91.514 -0.881513
26.9159 91.514 -0.998475
37.6822 91.514 -1.02971
48.4486 91.514 -1.00703
59.215 91.514 -0.79479
69.9813 91.514 -0.356358
5.38318 102.28 -0.585563
16.1495 102.28 -0.938007
26.9159 102.28 -1.0251
37.6822 102.28 -1.02791
48.4486 102.28 -0.974333
59.215 102.28 -0.770042
69.9813 102.28 -0.334195
5.38318 113.047 -0.582459
16.1495 113.047 -0.93368
26.9159 113.047 -1.01605
37.6822 113.047 -1.01744
48.4486 113.047 -0.962531
59.215 113.047 -0.76071
69.9813 113.047 -0.327836
5.38318 123.813 -0.575809
16.1495 123.813 -0.922401
26.9159 123.813 -1.003
37.6822 123.813 -1.00352
48.4486 123.813 -0.948324
59.215 123.813 -0.737567
69.9813 123.813 -0.316057
5.38318 134.579 -0.554638
16.1495 134.579 -0.884265
26.9159 134.579 -0.961724
37.6822 134.579 -0.963067
48.4486 134.579 -0.908282
59.215 134.579 -0.671408
69.9813 134.579 -0.27624
5.38318 145.346 -0.507116
16.1495 145.346 -0.794262
26.9159 145.346 -0.795419
37.6822 145.346 -0.786715
48.4486 145.346 -0.741556
59.215 145.346 -0.544182
69.9813 145.346 -0.214272
5.38318 156.112 -0.330766
16.1495 156.112 -0.449383
26.9159 156.112 -0.273353
37.6822 156.112 -0.282596
48.4486 156.112 -0.276644
59.215 156.112 -0.257964
69.9813 156.112 -0.0626868
5.38318 166.879 -0.0925819
16.1495 166.879 0.114787
26.9159 166.879 1.13935
37.6822 166.879 1.12889
48.4486 166.879 0.985519
59.215 166.879 0.335272
69.9813 166.879 0.293436
5.38318 177.645 0.353854
16.1495 177.645 1.31355
26.9159 177.645 2.77915
37.6822 177.645 2.82622
48.4486 177.645 2.53046
59.215 177.645 1.21461
69.9813 177.645 0.676887
5.38318 188.411 0.54113
16.1495 188.411 1.7484
26.9159 188.411 3.45519
37.6822 188.411 3.65685
48.4486 188.411 3.23403
59.215 188.411 1.69471
69.9813 188.411 0.875467
5.38318 199.178 0.352038
16.1495 199.178 1.39475
26.9159 199.178 2.86487
37.6822 199.178 3.09051
48.4486 199.178 2.62446
59.215 199.178 1.29525
69.9813 199.178 0.679287
5.38318 209.944 0.0697855
16.1495 209.944 0.529678
26.9159 209.944 1.3846
37.6822 209.944 1.43641
48.4486 209.944 1.16951
59.215 209.944 0.485071
69.9813 209.944 0.306139
