48 177
0 157 72 40
0 141 72 72
0 134 72 82
0 72 72 144
0 0 72 216
5.38318 5.38318 -0.00199706
16.1495 5.38318 -0.0103014
26.9159 5.38318 0.188612
37.6822 5.38318 0.297175
48.4486 5.38318 0.286619
59.215 5.38318 0.182375
69.9813 5.38318 0.156532
5.38318 16.1495 -0.0279128
16.1495 16.1495 0.0445512
26.9159 16.1495 0.463831
37.6822 16.1495 0.656757
48.4486 16.1495 0.694273
59.215 16.1495 0.512639
69.9813 16.1495 0.418575
5.38318 26.9159 -0.17237
16.1495 26.9159 -0.212824
26.9159 26.9159 -0.0773868
37.6822 26.9159 0.178391
48.4486 26.9159 0.370995
59.215 26.9159 0.322561
69.9813 26.9159 0.351143
5.38318 37.6822 0.0417259
16.1495 37.6822 0.141777
26.9159 37.6822 0.251187
37.6822 37.6822 0.387305
48.4486 37.6822 0.598606
59.215 37.6822 0.626401
69.9813 37.6822 0.627024
5.38318 48.4486 0.44178
16.1495 48.4486 0.804226
26.9159 48.4486 0.839981
37.6822 48.4486 0.94432
48.4486 48.4486 1.14928
59.215 48.4486 1.22772
69.9813 48.4486 0.980061
5.38318 59.215 0.889262
16.1495 59.215 1.60322
26.9159 59.215 1.59425
37.6822 59.215 1.6208
48.4486 59.215 1.75762
59.215 59.215 1.79794
69.9813 59.215 1.31919
5.38318 69.9813 0.859343
16.1495 69.9813 1.59386
26.9159 69.9813 1.58632
37.6822 69.9813 1.60976
48.4486 69.9813 1.76033
59.215 69.9813 1.8745
69.9813 69.9813 1.33269
5.38318 80.7477 0.361368
16.1495 80.7477 0.807379
26.9159 80.7477 0.805477
37.6822 80.7477 0.885925
48.4486 80.7477 1.04679
59.215 80.7477 1.20572
69.9813 80.7477 0.890513
5.38318 91.514 -0.122664
16.1495 91.514 -0.148599
26.9159 91.514 -0.184495
37.6822 91.514 -0.196063
48.4486 91.514 -0.170912
59.215 91.514 -0.0600746
69.9813 91.514 0.142124
5.38318 102.28 -0.293022
16.1495 102.28 -0.446694
26.9159 102.28 -0.461186
37.6822 102.28 -0.454327
48.4486 102.28 -0.42234
59.215 102.28 -0.331099
69.9813 102.28 -0.13997
5.38318 113.047 -0.296842
16.1495 113.047 -0.45026
26.9159 113.047 -0.455934
37.6822 113.047 -0.441729
48.4486 113.047 -0.423446
59.215 113.047 -0.327185
69.9813 113.047 -0.141911
5.38318 123.813 -0.292095
16.1495 123.813 -0.443667
26.9159 123.813 -0.421451
37.6822 123.813 -0.402267
48.4486 123.813 -0.371407
59.215 123.813 -0.266076
69.9813 123.813 -0.107273
5.38318 134.579 -0.267387
16.1495 134.579 -0.386737
26.9159 134.579 -0.314794
37.6822 134.579 -0.257684
48.4486 134.579 -0.213041
59.215 134.579 -0.112337
69.9813 134.579 -0.0168366
5.38318 145.346 -0.240442
16.1495 145.346 -0.292755
26.9159 145.346 -0.0606136
37.6822 145.346 0.361775
48.4486 145.346 0.613438
59.215 145.346 0.633632
69.9813 145.346 0.421689
5.38318 156.112 -0.173353
16.1495 156.112 -0.0945761
26.9159 156.112 0.854583
37.6822 156.112 1.7008
48.4486 156.112 1.93015
59.215 156.112 1.54942
69.9813 156.112 0.88961
5.38318 166.879 -0.145875
16.1495 166.879 0.0925197
26.9159 166.879 1.73513
37.6822 166.879 2.93349
48.4486 166.879 3.31354
59.215 166.879 2.53847
69.9813 166.879 1.36135
5.38318 177.645 -0.0391767
16.1495 177.645 0.488247
26.9159 177.645 2.1449
37.6822 177.645 3.38208
48.4486 177.645 3.70189
59.215 177.645 2.77921
69.9813 177.645 1.48197
5.38318 188.411 -0.0241426
16.1495 188.411 0.370244
26.9159 188.411 1.7943
37.6822 188.411 2.74789
48.4486 188.411 3.0636
59.215 188.411 2.45928
69.9813 188.411 1.3915
5.38318 199.178 0.187486
16.1495 199.178 0.503322
26.9159 199.178 1.28662
37.6822 199.178 1.4708
48.4486 199.178 1.69158
59.215 199.178 1.53641
69.9813 199.178 1.0633
5.38318 209.944 0.30871
16.1495 209.944 0.589732
26.9159 209.944 1.09105
37.6822 209.944 1.00571
48.4486 209.944 1.17311
59.215 209.944 1.14508
69.9813 209.944 0.861409
