37 59
0 39 72 40
0 23 72 72
0 18 72 82
0 0 72 144
0 0 72 216
5.38318 5.38318 0.0106468
16.1495 5.38318 0.287973
26.9159 5.38318 1.25209
37.6822 5.38318 2.04778
48.4486 5.38318 2.12699
59.215 5.38318 1.68575
69.9813 5.38318 0.926865
5.38318 16.1495 0.0544581
16.1495 16.1495 0.737002
26.9159 16.1495 2.27231
37.6822 16.1495 3.55354
48.4486 16.1495 3.75858
59.215 16.1495 3.07359
69.9813 16.1495 1.72532
5.38318 26.9159 0.0254483
16.1495 26.9159 0.861946
26.9159 26.9159 2.58264
37.6822 26.9159 3.86262
48.4486 26.9159 4.01742
59.215 26.9159 3.33756
69.9813 26.9159 1.93743
5.38318 37.6822 0.768198
16.1495 37.6822 1.86682
26.9159 37.6822 3.09681
37.6822 37.6822 3.75331
48.4486 37.6822 3.65711
59.215 37.6822 3.02729
69.9813 37.6822 1.81439
5.38318 48.4486 1.32805
16.1495 48.4486 2.69126
26.9159 48.4486 4.03269
37.6822 48.4486 4.47155
48.4486 48.4486 4.07205
59.215 48.4486 3.11507
69.9813 48.4486 1.71538
5.38318 59.215 1.51042
16.1495 59.215 2.9347
26.9159 59.215 4.19515
37.6822 59.215 4.55765
48.4486 59.215 4.17794
59.215 59.215 3.21269
69.9813 59.215 1.80327
5.38318 69.9813 1.06834
16.1495 69.9813 1.96404
26.9159 69.9813 2.90743
37.6822 69.9813 3.10164
48.4486 69.9813 2.85289
59.215 69.9813 2.22207
69.9813 69.9813 1.27793
5.38318 80.7477 0.152661
16.1495 80.7477 0.284483
26.9159 80.7477 0.686783
37.6822 80.7477 0.430602
48.4486 80.7477 0.155986
59.215 80.7477 0.0558255
69.9813 80.7477 0.197436
5.38318 91.514 -0.391767
16.1495 91.514 -0.616621
26.9159 91.514 -0.589262
37.6822 91.514 -0.710092
48.4486 91.514 -0.7628
59.215 91.514 -0.660211
69.9813 91.514 -0.29557
5.38318 102.28 -0.55682
16.1495 102.28 -0.888467
26.9159 102.28 -0.956865
37.6822 102.28 -0.977834
48.4486 102.28 -0.942407
59.215 102.28 -0.748697
69.9813 102.28 -0.324172
5.38318 113.047 -0.582014
16.1495 113.047 -0.925795
26.9159 113.047 -0.998373
37.6822 113.047 -0.995179
48.4486 113.047 -0.944539
59.215 113.047 -0.739769
69.9813 113.047 -0.318606
5.38318 123.813 -0.557496
16.1495 123.813 -0.848997
26.9159 123.813 -0.791712
37.6822 123.813 -0.706114
48.4486 123.813 -0.708378
59.215 123.813 -0.559558
69.9813 123.813 -0.261636
5.38318 134.579 -0.508243
16.1495 134.579 -0.635816
26.9159 134.579 -0.262196
37.6822 134.579 -0.0298549
48.4486 134.579 -0.140517
59.215 134.579 -0.217079
69.9813 134.579 -0.132088
5.38318 145.346 -0.389737
16.1495 145.346 -0.237153
26.9159 145.346 1.36364
37.6822 145.346 2.28965
48.4486 145.346 1.71303
59.215 145.346 0.787662
69.9813 145.346 0.140239
5.38318 156.112 -0.286291
16.1495 156.112 0.151065
26.9159 156.112 2.5212
37.6822 156.112 3.51687
48.4486 156.112 2.87516
59.215 156.112 1.52482
69.9813 156.112 0.459457
5.38318 166.879 -0.248469
16.1495 166.879 0.315535
26.9159 166.879 2.57553
37.6822 166.879 3.52851
48.4486 166.879 2.84504
59.215 166.879 1.44873
69.9813 166.879 0.405873
5.38318 177.645 -0.199387
16.1495 177.645 0.0817578
26.9159 177.645 1.74672
37.6822 177.645 2.25182
48.4486 177.645 1.69229
59.215 177.645 0.68731
69.9813 177.645 0.177438
5.38318 188.411 -0.12234
16.1495 188.411 0.12884
26.9159 188.411 1.31147
37.6822 188.411 1.58442
48.4486 188.411 1.19779
59.215 188.411 0.632451
69.9813 188.411 0.392122
5.38318 199.178 -0.024257
16.1495 199.178 0.458302
26.9159 199.178 1.35543
37.6822 199.178 1.72663
48.4486 199.178 1.62848
59.215 199.178 1.34183
69.9813 199.178 0.875846
5.38318 209.944 0.0877436
16.1495 209.944 0.582742
26.9159 209.944 1.18889
37.6822 209.944 1.50599
48.4486 209.944 1.61971
59.215 209.944 1.53054
69.9813 209.944 1.01776
