26 166
0 146 72 40
0 130 72 72
0 125 72 82
0 72 72 144
0 0 72 216
5.38318 5.38318 0.250861
16.1495 5.38318 0.404241
26.9159 5.38318 0.656292
37.6822 5.38318 0.614802
48.4486 5.38318 0.572178
59.215 5.38318 0.354756
69.9813 5.38318 0.261111
5.38318 16.1495 0.37018
16.1495 16.1495 0.90821
26.9159 16.1495 1.44502
37.6822 16.1495 1.42031
48.4486 16.1495 1.29415
59.215 16.1495 0.906743
69.9813 16.1495 0.630695
5.38318 26.9159 0.163159
16.1495 26.9159 0.686248
26.9159 26.9159 1.27403
37.6822 26.9159 1.34308
48.4486 26.9159 1.23271
59.215 26.9159 0.920756
69.9813 26.9159 0.659529
5.38318 37.6822 0.321448
16.1495 37.6822 0.810572
26.9159 37.6822 1.30287
37.6822 37.6822 1.30978
48.4486 37.6822 1.16183
59.215 37.6822 1.01184
69.9813 37.6822 0.690618
5.38318 48.4486 0.364331
16.1495 48.4486 0.704958
26.9159 48.4486 0.989513
37.6822 48.4486 0.884098
48.4486 48.4486 0.816608
59.215 48.4486 0.794336
69.9813 48.4486 0.569969
5.38318 59.215 0.134468
16.1495 59.215 0.447971
26.9159 59.215 0.77898
37.6822 59.215 0.743284
48.4486 59.215 0.67728
59.215 59.215 0.578642
69.9813 59.215 0.41565
5.38318 69.9813 -0.102164
16.1495 69.9813 -0.0216775
26.9159 69.9813 0.216969
37.6822 69.9813 0.237161
48.4486 69.9813 0.0944224
59.215 69.9813 -0.0238589
69.9813 69.9813 0.0520608
5.38318 80.7477 -0.223723
16.1495 80.7477 -0.247039
26.9159 80.7477 -0.192982
37.6822 80.7477 -0.1697
48.4486 80.7477 -0.205959
59.215 80.7477 -0.220999
69.9813 80.7477 -0.0918736
5.38318 91.514 -0.274351
16.1495 91.514 -0.384103
26.9159 91.514 -0.400305
37.6822 91.514 -0.402138
48.4486 91.514 -0.432505
59.215 91.514 -0.366137
69.9813 91.514 -0.17249
5.38318 102.28 -0.296277
16.1495 102.28 -0.44979
26.9159 102.28 -0.454673
37.6822 102.28 -0.436028
48.4486 102.28 -0.424343
59.215 102.28 -0.336579
69.9813 102.28 -0.156539
5.38318 113.047 -0.296791
16.1495 113.047 -0.443984
26.9159 113.047 -0.415164
37.6822 113.047 -0.396521
48.4486 113.047 -0.382571
59.215 113.047 -0.31289
69.9813 113.047 -0.143573
5.38318 123.813 -0.273265
16.1495 123.813 -0.369239
26.9159 123.813 -0.248864
37.6822 123.813 -0.201249
48.4486 123.813 -0.222095
59.215 123.813 -0.217166
69.9813 123.813 -0.113338
5.38318 134.579 -0.18897
16.1495 134.579 -0.201035
26.9159 134.579 0.0691463
37.6822 134.579 0.208059
48.4486 134.579 0.0406798
59.215 134.579 -0.0822663
69.9813 134.579 -0.0732963
5.38318 145.346 -0.0197814
16.1495 145.346 0.270034
26.9159 145.346 1.01398
37.6822 145.346 1.20123
48.4486 145.346 0.907446
59.215 145.346 0.425977
69.9813 145.346 0.102533
5.38318 156.112 0.37337
16.1495 156.112 0.873502
26.9159 156.112 1.74771
37.6822 156.112 1.84499
48.4486 156.112 1.53233
59.215 156.112 0.769897
69.9813 156.112 0.324325
5.38318 166.879 0.792311
16.1495 166.879 1.42136
26.9159 166.879 2.0702
37.6822 166.879 1.88567
48.4486 166.879 1.62251
59.215 166.879 0.908197
69.9813 166.879 0.571317
5.38318 177.645 0.976957
16.1495 177.645 1.5623
26.9159 177.645 1.73871
37.6822 177.645 1.23583
48.4486 177.645 1.16797
59.215 177.645 0.822359
69.9813 177.645 0.747943
5.38318 188.411 0.97491
16.1495 188.411 1.41312
26.9159 188.411 1.18731
37.6822 188.411 0.486887
48.4486 188.411 0.512053
59.215 188.411 0.696311
69.9813 188.411 0.777303
5.38318 199.178 0.561417
16.1495 199.178 0.684806
26.9159 199.178 0.252294
37.6822 199.178 -0.0470423
48.4486 199.178 0.0344892
59.215 199.178 0.607923
69.9813 199.178 0.644235
5.38318 209.944 0.342366
16.1495 209.944 0.385293
26.9159 209.944 0.00918148
37.6822 209.944 -0.117455
48.4486 209.944 -0.105362
59.215 209.944 0.336715
69.9813 209.944 0.390116
