37 177
0 157 72 40
0 141 72 72
0 134 72 82
0 72 72 144
0 0 72 216
5.38318 5.38318 0.775074
16.1495 5.38318 1.33845
26.9159 5.38318 1.59048
37.6822 5.38318 1.41513
48.4486 5.38318 1.24531
59.215 5.38318 0.956011
69.9813 5.38318 0.626135
5.38318 16.1495 1.28567
16.1495 16.1495 2.43924
26.9159 16.1495 2.95578
37.6822 16.1495 2.67992
48.4486 16.1495 2.37375
59.215 16.1495 1.85416
69.9813 16.1495 1.25494
5.38318 26.9159 1.54081
16.1495 26.9159 2.82855
26.9159 26.9159 3.37136
37.6822 26.9159 3.05605
48.4486 26.9159 2.74246
59.215 26.9159 2.17397
69.9813 26.9159 1.48329
5.38318 37.6822 1.56873
16.1495 37.6822 2.77484
26.9159 37.6822 3.17917
37.6822 37.6822 2.92013
48.4486 37.6822 2.59662
59.215 37.6822 2.12012
69.9813 37.6822 1.41643
5.38318 48.4486 1.50719
16.1495 48.4486 2.59402
26.9159 48.4486 2.87122
37.6822 48.4486 2.55607
48.4486 48.4486 2.15486
59.215 48.4486 1.87433
69.9813 48.4486 1.23515
5.38318 59.215 1.11595
16.1495 59.215 1.94227
26.9159 59.215 2.10972
37.6822 59.215 1.59238
48.4486 59.215 0.932597
59.215 59.215 0.873037
69.9813 59.215 0.696113
5.38318 69.9813 0.225542
16.1495 69.9813 0.418699
26.9159 69.9813 0.356313
37.6822 69.9813 -0.0882322
48.4486 69.9813 -0.321253
59.215 69.9813 -0.183761
69.9813 69.9813 0.00454264
5.38318 80.7477 -0.259466
16.1495 80.7477 -0.409178
26.9159 80.7477 -0.503782
37.6822 80.7477 -0.667811
48.4486 80.7477 -0.809881
59.215 80.7477 -0.617987
69.9813 80.7477 -0.273489
5.38318 91.514 -0.523527
16.1495 91.514 -0.8475
26.9159 91.514 -0.946507
37.6822 91.514 -0.96547
48.4486 91.514 -0.945205
59.215 91.514 -0.712487
69.9813 91.514 -0.313388
5.38318 102.28 -0.584111
16.1495 102.28 -0.935581
26.9159 102.28 -1.01181
37.6822 102.28 -0.999997
48.4486 102.28 -0.943449
59.215 102.28 -0.721312
69.9813 102.28 -0.31069
5.38318 113.047 -0.577688
16.1495 113.047 -0.922284
26.9159 113.047 -0.99973
37.6822 113.047 -0.998283
48.4486 113.047 -0.944482
59.215 113.047 -0.739374
69.9813 113.047 -0.315437
5.38318 123.813 -0.551168
16.1495 123.813 -0.864597
26.9159 123.813 -0.901077
37.6822 123.813 -0.881056
48.4486 123.813 -0.812075
59.215 123.813 -0.607387
69.9813 123.813 -0.245743
5.38318 134.579 -0.44976
16.1495 134.579 -0.638985
26.9159 134.579 -0.529238
37.6822 134.579 -0.46096
48.4486 134.579 -0.407567
59.215 134.579 -0.319762
69.9813 134.579 -0.0989973
5.38318 145.346 -0.216037
16.1495 145.346 -0.152245
26.9159 145.346 0.459127
37.6822 145.346 0.871571
48.4486 145.346 0.877617
59.215 145.346 0.505161
69.9813 145.346 0.390246
5.38318 156.112 0.244266
16.1495 156.112 1.12334
26.9159 156.112 2.36708
37.6822 156.112 2.86459
48.4486 156.112 2.58922
59.215 156.112 1.69695
69.9813 156.112 0.894893
5.38318 166.879 0.86172
16.1495 166.879 2.25549
26.9159 166.879 3.88108
37.6822 166.879 4.45593
48.4486 166.879 3.82318
59.215 166.879 2.40066
69.9813 166.879 1.20377
5.38318 177.645 1.11982
16.1495 177.645 2.6189
26.9159 177.645 4.32919
37.6822 177.645 4.75461
48.4486 177.645 3.94278
59.215 177.645 2.4634
69.9813 177.645 1.2354
5.38318 188.411 1.14058
16.1495 188.411 2.42905
26.9159 188.411 3.75221
37.6822 188.411 3.7994
48.4486 188.411 3.20577
59.215 188.411 2.05418
69.9813 188.411 1.17935
5.38318 199.178 0.991607
16.1495 199.178 1.84047
26.9159 199.178 2.40316
37.6822 199.178 2.31108
48.4486 199.178 2.31879
59.215 199.178 1.79161
69.9813 199.178 1.27609
5.38318 209.944 0.740586
16.1495 209.944 1.3725
26.9159 209.944 1.69245
37.6822 209.944 1.64949
48.4486 209.944 1.85878
59.215 209.944 1.5787
69.9813 209.944 1.15405
