26 26
0 6 72 40
0 0 72 72
0 0 72 82
0 0 72 144
0 0 72 216
5.38318 5.38318 0.799369
16.1495 5.38318 1.51616
26.9159 5.38318 1.88137
37.6822 5.38318 1.59922
48.4486 5.38318 1.16315
59.215 5.38318 0.709348
69.9813 5.38318 0.396943
5.38318 16.1495 1.32716
16.1495 16.1495 2.76657
26.9159 16.1495 3.57847
37.6822 16.1495 3.22447
48.4486 16.1495 2.47651
59.215 16.1495 1.65628
69.9813 16.1495 0.964652
5.38318 26.9159 1.54496
16.1495 26.9159 3.18567
26.9159 26.9159 4.06803
37.6822 26.9159 3.85694
48.4486 26.9159 3.19121
59.215 26.9159 2.41553
69.9813 26.9159 1.48279
5.38318 37.6822 1.66434
16.1495 37.6822 2.99162
26.9159 37.6822 3.46556
37.6822 37.6822 3.43942
48.4486 37.6822 3.24875
59.215 37.6822 2.84099
69.9813 37.6822 1.84729
5.38318 48.4486 1.58523
16.1495 48.4486 2.70204
26.9159 48.4486 2.86792
37.6822 48.4486 2.8352
48.4486 48.4486 2.72119
59.215 48.4486 2.61106
69.9813 48.4486 1.77112
5.38318 59.215 1.22447
16.1495 59.215 2.20393
26.9159 59.215 2.43642
37.6822 59.215 2.4179
48.4486 59.215 2.16803
59.215 59.215 2.01702
69.9813 59.215 1.3898
5.38318 69.9813 0.109555
16.1495 69.9813 0.487313
26.9159 69.9813 0.707147
37.6822 69.9813 0.859188
48.4486 69.9813 0.751222
59.215 69.9813 0.824231
69.9813 69.9813 0.670243
5.38318 80.7477 -0.221616
16.1495 80.7477 -0.286885
26.9159 80.7477 -0.247087
37.6822 80.7477 -0.167687
48.4486 80.7477 -0.182886
59.215 80.7477 -0.0969169
69.9813 80.7477 0.029862
5.38318 91.514 -0.320725
16.1495 91.514 -0.483098
26.9159 91.514 -0.49031
37.6822 91.514 -0.430229
48.4486 91.514 -0.415421
59.215 91.514 -0.300595
69.9813 91.514 -0.131696
5.38318 102.28 -0.308696
16.1495 102.28 -0.468849
26.9159 102.28 -0.483972
37.6822 102.28 -0.451613
48.4486 102.28 -0.42797
59.215 102.28 -0.332773
69.9813 102.28 -0.148384
5.38318 113.047 -0.279991
16.1495 113.047 -0.43341
26.9159 113.047 -0.416636
37.6822 113.047 -0.400141
48.4486 113.047 -0.378531
59.215 113.047 -0.288028
69.9813 113.047 -0.124723
5.38318 123.813 -0.0844378
16.1495 123.813 -0.162356
26.9159 123.813 -0.102652
37.6822 123.813 -0.0895675
48.4486 123.813 -0.0555434
59.215 123.813 -0.0229065
69.9813 123.813 0.101139
5.38318 134.579 0.526577
16.1495 134.579 0.629666
26.9159 134.579 0.730646
37.6822 134.579 0.84608
48.4486 134.579 0.95885
59.215 134.579 0.876483
69.9813 134.579 0.634376
5.38318 145.346 1.42717
16.1495 145.346 1.94282
26.9159 145.346 2.04585
37.6822 145.346 2.28565
48.4486 145.346 2.57226
59.215 145.346 2.24239
69.9813 145.346 1.4015
5.38318 156.112 1.84466
16.1495 156.112 2.54567
26.9159 156.112 2.62528
37.6822 156.112 2.94041
48.4486 156.112 3.37864
59.215 156.112 2.98913
69.9813 156.112 1.82228
5.38318 166.879 1.61389
16.1495 166.879 2.36558
26.9159 166.879 2.63107
37.6822 166.879 2.96921
48.4486 166.879 3.4016
59.215 166.879 2.92636
69.9813 166.879 1.80055
5.38318 177.645 0.708171
16.1495 177.645 1.34483
26.9159 177.645 1.9045
37.6822 177.645 2.21141
48.4486 177.645 2.45732
59.215 177.645 1.96758
69.9813 177.645 1.26751
5.38318 188.411 0.344203
16.1495 188.411 0.904569
26.9159 188.411 1.65121
37.6822 188.411 2.11952
48.4486 188.411 2.3911
59.215 188.411 1.83567
69.9813 188.411 1.20349
5.38318 199.178 0.028795
16.1495 199.178 0.520578
26.9159 199.178 1.36259
37.6822 199.178 2.05618
48.4486 199.178 2.42602
59.215 199.178 1.86201
69.9813 199.178 1.2137
5.38318 209.944 -0.0216762
16.1495 209.944 0.250856
26.9159 209.944 0.9356
37.6822 209.944 1.44882
48.4486 209.944 1.7474
59.215 209.944 1.33656
69.9813 209.944 0.864724
