48 37
0 17 72 40
0 1 72 72
0 0 72 82
0 0 72 144
0 0 72 216
5.38318 5.38318 1.07721
16.1495 5.38318 1.5043
26.9159 5.38318 1.53514
37.6822 5.38318 1.17325
48.4486 5.38318 0.937831
59.215 5.38318 0.658021
69.9813 5.38318 0.411569
5.38318 16.1495 1.78438
16.1495 16.1495 2.67776
26.9159 16.1495 2.94054
37.6822 16.1495 2.62309
48.4486 16.1495 2.28414
59.215 16.1495 1.72521
69.9813 16.1495 1.01056
5.38318 26.9159 1.89217
16.1495 26.9159 3.05975
26.9159 26.9159 3.82631
37.6822 26.9159 4.14981
48.4486 26.9159 3.95117
59.215 26.9159 2.96594
69.9813 26.9159 1.57843
5.38318 37.6822 1.56944
16.1495 37.6822 2.65791
26.9159 37.6822 3.74543
37.6822 37.6822 4.71408
48.4486 37.6822 4.77117
59.215 37.6822 3.67021
69.9813 37.6822 1.89611
5.38318 48.4486 1.21999
16.1495 48.4486 2.19321
26.9159 48.4486 3.23467
37.6822 48.4486 4.12987
48.4486 48.4486 4.22732
59.215 48.4486 3.31128
69.9813 48.4486 1.80119
5.38318 59.215 0.866277
16.1495 59.215 1.70242
26.9159 59.215 2.32726
37.6822 59.215 2.45884
48.4486 59.215 2.30137
59.215 59.215 1.93199
69.9813 59.215 1.27395
5.38318 69.9813 0.641199
16.1495 69.9813 1.39782
26.9159 69.9813 1.84746
37.6822 69.9813 1.65511
48.4486 69.9813 1.36129
59.215 69.9813 1.14224
69.9813 69.9813 0.978921
5.38318 80.7477 0.217729
16.1495 80.7477 0.805475
26.9159 80.7477 1.18551
37.6822 80.7477 0.93888
48.4486 80.7477 0.451247
59.215 80.7477 0.384068
69.9813 80.7477 0.530832
5.38318 91.514 -0.164455
16.1495 91.514 -0.121339
26.9159 91.514 0.137236
37.6822 91.514 -0.0316648
48.4486 91.514 -0.187421
59.215 91.514 -0.160802
69.9813 91.514 0.0508907
5.38318 102.28 -0.221638
16.1495 102.28 -0.298296
26.9159 102.28 -0.230198
37.6822 102.28 -0.251202
48.4486 102.28 -0.28279
59.215 102.28 -0.217699
69.9813 102.28 -0.0620885
5.38318 113.047 -0.297201
16.1495 113.047 -0.446498
26.9159 113.047 -0.442885
37.6822 113.047 -0.43055
48.4486 113.047 -0.417419
59.215 113.047 -0.328227
69.9813 113.047 -0.145518
5.38318 123.813 -0.237868
16.1495 123.813 -0.33274
26.9159 123.813 -0.277781
37.6822 123.813 -0.301048
48.4486 123.813 -0.331205
59.215 123.813 -0.301887
69.9813 123.813 -0.13937
5.38318 134.579 -0.0780469
16.1495 134.579 -0.0018845
26.9159 134.579 0.293848
37.6822 134.579 0.110772
48.4486 134.579 -0.112406
59.215 134.579 -0.209287
69.9813 134.579 -0.108315
5.38318 145.346 0.3549
16.1495 145.346 1.06117
26.9159 145.346 1.58838
37.6822 145.346 1.24539
48.4486 145.346 0.549278
59.215 145.346 -0.0533643
69.9813 145.346 -0.0549186
5.38318 156.112 0.893623
16.1495 156.112 2.02394
26.9159 156.112 2.68987
37.6822 156.112 2.20408
48.4486 156.112 1.197
59.215 156.112 0.23801
69.9813 156.112 0.031447
5.38318 166.879 1.14385
16.1495 166.879 2.40466
26.9159 166.879 3.10364
37.6822 166.879 2.58431
48.4486 166.879 1.56307
59.215 166.879 0.545665
69.9813 166.879 0.248735
5.38318 177.645 1.24966
16.1495 177.645 2.34676
26.9159 177.645 2.93832
37.6822 177.645 2.49748
48.4486 177.645 1.79789
59.215 177.645 0.89838
69.9813 177.645 0.527045
5.38318 188.411 1.01742
16.1495 188.411 1.95028
26.9159 188.411 2.51811
37.6822 188.411 2.45835
48.4486 188.411 2.19782
59.215 188.411 1.51776
69.9813 188.411 0.97343
5.38318 199.178 0.767195
16.1495 199.178 1.64336
26.9159 199.178 2.29791
37.6822 199.178 2.55649
48.4486 199.178 2.61885
59.215 199.178 2.05816
69.9813 199.178 1.3493
5.38318 209.944 0.437129
16.1495 209.944 1.07115
26.9159 209.944 1.61498
37.6822 209.944 1.99585
48.4486 209.944 2.24966
59.215 209.944 1.91467
69.9813 209.944 1.26957
