48 166
0 146 72 40
0 130 72 72
0 125 72 82
0 72 72 144
0 0 72 216
5.38318 5.38318 1.10799
16.1495 5.38318 1.37555
26.9159 5.38318 1.41447
37.6822 5.38318 1.49804
48.4486 5.38318 1.65773
59.215 5.38318 1.3602
69.9813 5.38318 0.840927
5.38318 16.1495 1.62734
16.1495 16.1495 2.20302
26.9159 16.1495 2.36065
37.6822 16.1495 2.50875
48.4486 16.1495 2.82078
59.215 16.1495 2.4127
69.9813 16.1495 1.50848
5.38318 26.9159 1.27316
16.1495 26.9159 1.89003
26.9159 26.9159 2.2311
37.6822 26.9159 2.45765
48.4486 26.9159 2.73279
59.215 26.9159 2.28311
69.9813 26.9159 1.44746
5.38318 37.6822 0.544443
16.1495 37.6822 1.11772
26.9159 37.6822 1.696
37.6822 37.6822 2.05794
48.4486 37.6822 2.20452
59.215 37.6822 1.78873
69.9813 37.6822 1.16444
5.38318 48.4486 0.299282
16.1495 48.4486 0.804193
26.9159 48.4486 1.574
37.6822 48.4486 2.06554
48.4486 48.4486 2.27056
59.215 48.4486 1.8224
69.9813 48.4486 1.18182
5.38318 59.215 0.046767
16.1495 59.215 0.497838
26.9159 59.215 1.48005
37.6822 59.215 2.13758
48.4486 59.215 2.34054
59.215 59.215 1.81498
69.9813 59.215 1.11047
5.38318 69.9813 -0.125523
16.1495 69.9813 -0.00645721
26.9159 69.9813 0.99836
37.6822 69.9813 1.63026
48.4486 69.9813 1.67519
59.215 69.9813 1.18511
69.9813 69.9813 0.657072
5.38318 80.7477 -0.23772
16.1495 80.7477 -0.280256
26.9159 80.7477 0.0363481
37.6822 80.7477 0.393275
48.4486 80.7477 0.300952
59.215 80.7477 -0.0303401
69.9813 80.7477 -0.0360644
5.38318 91.514 -0.285993
16.1495 91.514 -0.418066
26.9159 91.514 -0.309491
37.6822 91.514 -0.303551
48.4486 91.514 -0.306655
59.215 91.514 -0.312296
69.9813 91.514 -0.158247
5.38318 102.28 -0.291931
16.1495 102.28 -0.445226
26.9159 102.28 -0.441366
37.6822 102.28 -0.451022
48.4486 102.28 -0.443808
59.215 102.28 -0.36389
69.9813 102.28 -0.165502
5.38318 113.047 -0.263552
16.1495 113.047 -0.413548
26.9159 113.047 -0.395393
37.6822 113.047 -0.383309
48.4486 113.047 -0.366271
59.215 113.047 -0.275645
69.9813 113.047 -0.117006
5.38318 123.813 -0.0182798
16.1495 123.813 -0.0708373
26.9159 123.813 -0.0368842
37.6822 123.813 -0.0260792
48.4486 123.813 -0.0190754
59.215 123.813 -8.23535e-05
69.9813 123.813 0.117785
5.38318 134.579 0.944393
16.1495 134.579 1.18536
26.9159 134.579 1.05229
37.6822 134.579 1.10539
48.4486 134.579 1.14069
59.215 134.579 1.02241
69.9813 134.579 0.679931
5.38318 145.346 2.24336
16.1495 145.346 2.92643
26.9159 145.346 2.6863
37.6822 145.346 2.76793
48.4486 145.346 2.90536
59.215 145.346 2.45733
69.9813 145.346 1.47171
5.38318 156.112 2.92282
16.1495 156.112 3.86415
26.9159 156.112 3.57734
37.6822 156.112 3.63049
48.4486 156.112 3.84634
59.215 156.112 3.27799
69.9813 156.112 1.92034
5.38318 166.879 2.49376
16.1495 166.879 3.5186
26.9159 166.879 3.62474
37.6822 166.879 3.77131
48.4486 166.879 3.95899
59.215 166.879 3.23786
69.9813 166.879 1.90692
5.38318 177.645 0.98095
16.1495 177.645 1.80754
26.9159 177.645 2.42661
37.6822 177.645 2.66163
48.4486 177.645 2.65655
59.215 177.645 2.03459
69.9813 177.645 1.24564
5.38318 188.411 0.287517
16.1495 188.411 0.948423
26.9159 188.411 1.8902
37.6822 188.411 2.35585
48.4486 188.411 2.39467
59.215 188.411 1.82592
69.9813 188.411 1.13534
5.38318 199.178 -0.0209557
16.1495 199.178 0.479639
26.9159 199.178 1.47519
37.6822 199.178 2.20266
48.4486 199.178 2.33449
59.215 199.178 1.8366
69.9813 199.178 1.13779
5.38318 209.944 -0.0580713
16.1495 209.944 0.219213
26.9159 209.944 1.03138
37.6822 209.944 1.65539
48.4486 209.944 1.82508
59.215 209.944 1.43378
69.9813 209.944 0.870225
