48 37
0 17 72 40
0 1 72 72
0 0 72 82
0 0 72 144
0 0 72 216
5.38318 5.38318 0.419139
16.1495 5.38318 0.846415
26.9159 5.38318 1.17856
37.6822 5.38318 1.27701
48.4486 5.38318 1.35907
59.215 5.38318 1.18434
69.9813 5.38318 0.808619
5.38318 16.1495 0.787754
16.1495 16.1495 1.72595
26.9159 16.1495 2.40727
37.6822 16.1495 2.67563
48.4486 16.1495 2.83721
59.215 16.1495 2.46844
69.9813 16.1495 1.67019
5.38318 26.9159 1.06927
16.1495 26.9159 2.29816
26.9159 26.9159 3.37892
37.6822 26.9159 3.87746
48.4486 26.9159 4.10297
59.215 26.9159 3.60576
69.9813 26.9159 2.38129
5.38318 37.6822 1.27088
16.1495 37.6822 2.52173
26.9159 37.6822 3.63604
37.6822 37.6822 4.20202
48.4486 37.6822 4.40958
59.215 37.6822 3.86564
69.9813 37.6822 2.46802
5.38318 48.4486 1.31607
16.1495 48.4486 2.36276
26.9159 48.4486 3.31316
37.6822 48.4486 3.73103
48.4486 48.4486 3.9496
59.215 48.4486 3.46555
69.9813 48.4486 2.17304
5.38318 59.215 0.960901
16.1495 59.215 1.56053
26.9159 59.215 2.06934
37.6822 59.215 2.2031
48.4486 59.215 2.35725
59.215 59.215 2.22428
69.9813 59.215 1.44602
5.38318 69.9813 0.306637
16.1495 69.9813 0.584909
26.9159 69.9813 0.997764
37.6822 69.9813 1.12249
48.4486 69.9813 1.37798
59.215 69.9813 1.5228
69.9813 69.9813 1.09443
5.38318 80.7477 -0.137486
16.1495 80.7477 -0.138067
26.9159 80.7477 0.159567
37.6822 80.7477 0.459666
48.4486 80.7477 0.624678
59.215 80.7477 0.806521
69.9813 80.7477 0.645786
5.38318 91.514 -0.303778
16.1495 91.514 -0.41103
26.9159 91.514 -0.283199
37.6822 91.514 -0.19229
48.4486 91.514 -0.157158
59.215 91.514 -0.0684359
69.9813 91.514 0.105208
5.38318 102.28 -0.308412
16.1495 102.28 -0.447436
26.9159 102.28 -0.361341
37.6822 102.28 -0.298664
48.4486 102.28 -0.259058
59.215 102.28 -0.184187
69.9813 102.28 -0.0443338
5.38318 113.047 -0.295519
16.1495 113.047 -0.443313
26.9159 113.047 -0.434387
37.6822 113.047 -0.41508
48.4486 113.047 -0.397923
59.215 113.047 -0.31143
69.9813 113.047 -0.136198
5.38318 123.813 -0.275069
16.1495 123.813 -0.399715
26.9159 123.813 -0.35707
37.6822 123.813 -0.326291
48.4486 123.813 -0.316496
59.215 123.813 -0.2428
69.9813 123.813 -0.0989414
5.38318 134.579 -0.216102
16.1495 134.579 -0.291981
26.9159 134.579 -0.21173
37.6822 134.579 -0.164536
48.4486 134.579 -0.163947
59.215 134.579 -0.110801
69.9813 134.579 -0.0155514
5.38318 145.346 -0.166203
16.1495 145.346 -0.188732
26.9159 145.346 -0.013862
37.6822 145.346 0.19235
48.4486 145.346 0.257015
59.215 145.346 0.298577
69.9813 145.346 0.287162
5.38318 156.112 -0.00913558
16.1495 156.112 0.279559
26.9159 156.112 0.902627
37.6822 156.112 1.09734
48.4486 156.112 1.10338
59.215 156.112 0.896698
69.9813 156.112 0.625567
5.38318 166.879 0.250103
16.1495 166.879 0.765008
26.9159 166.879 1.59681
37.6822 166.879 1.82566
48.4486 166.879 1.84097
59.215 166.879 1.42391
69.9813 166.879 0.927514
5.38318 177.645 0.626119
16.1495 177.645 1.50386
26.9159 177.645 2.50593
37.6822 177.645 2.6761
48.4486 177.645 2.57245
59.215 177.645 1.84065
69.9813 177.645 1.14001
5.38318 188.411 0.708547
16.1495 188.411 1.69158
26.9159 188.411 2.74055
37.6822 188.411 2.95006
48.4486 188.411 2.78318
59.215 188.411 1.94829
69.9813 188.411 1.17567
5.38318 199.178 0.520475
16.1495 199.178 1.31863
26.9159 199.178 2.241
37.6822 199.178 2.38199
48.4486 199.178 2.20695
59.215 199.178 1.55717
69.9813 199.178 0.964033
5.38318 209.944 0.247335
16.1495 209.944 0.635948
26.9159 209.944 1.11822
37.6822 209.944 1.12316
48.4486 209.944 1.02034
59.215 209.944 0.790751
69.9813 209.944 0.545566
