48 26
0 6 72 40
0 0 72 72
0 0 72 82
0 0 72 144
0 0 72 216
5.38318 5.38318 0.249183
16.1495 5.38318 0.548362
26.9159 5.38318 1.25254
37.6822 5.38318 1.60967
48.4486 5.38318 1.68308
59.215 5.38318 1.29819
69.9813 5.38318 0.740513
5.38318 16.1495 0.313342
16.1495 16.1495 1.09885
26.9159 16.1495 2.52958
37.6822 16.1495 3.44608
48.4486 16.1495 3.60579
59.215 16.1495 2.71833
69.9813 16.1495 1.49549
5.38318 26.9159 0.0716224
16.1495 26.9159 1.07063
26.9159 26.9159 3.06244
37.6822 26.9159 4.50001
48.4486 26.9159 4.73546
59.215 26.9159 3.58458
69.9813 26.9159 1.91838
5.38318 37.6822 0.133111
16.1495 37.6822 1.09884
26.9159 37.6822 2.99096
37.6822 37.6822 4.29692
48.4486 37.6822 4.33616
59.215 37.6822 3.19507
69.9813 37.6822 1.6665
5.38318 48.4486 0.16532
16.1495 48.4486 0.723707
26.9159 48.4486 1.99798
37.6822 48.4486 2.51844
48.4486 48.4486 2.54373
59.215 48.4486 2.0559
69.9813 48.4486 1.28708
5.38318 59.215 0.323669
16.1495 59.215 0.563146
26.9159 59.215 1.20634
37.6822 59.215 0.99659
48.4486 59.215 1.11962
59.215 59.215 1.14625
69.9813 59.215 1.03745
5.38318 69.9813 0.0389686
16.1495 69.9813 -0.0240838
26.9159 69.9813 0.350196
37.6822 69.9813 -0.02337
48.4486 69.9813 0.422014
59.215 69.9813 0.848373
69.9813 69.9813 1.01206
5.38318 80.7477 -0.283618
16.1495 80.7477 -0.482899
26.9159 80.7477 -0.412278
37.6822 80.7477 -0.510256
48.4486 80.7477 -0.351288
59.215 80.7477 -0.11401
69.9813 80.7477 0.399705
5.38318 91.514 -0.542454
16.1495 91.514 -0.89757
26.9159 91.514 -0.973912
37.6822 91.514 -0.988906
48.4486 91.514 -0.890011
59.215 91.514 -0.635691
69.9813 91.514 -0.216608
5.38318 102.28 -0.581859
16.1495 102.28 -0.931902
26.9159 102.28 -1.00497
37.6822 102.28 -0.997969
48.4486 102.28 -0.94552
59.215 102.28 -0.740626
69.9813 102.28 -0.324006
5.38318 113.047 -0.576732
16.1495 113.047 -0.922113
26.9159 113.047 -1.00118
37.6822 113.047 -1.00478
48.4486 113.047 -0.95566
59.215 113.047 -0.758433
69.9813 113.047 -0.328922
5.38318 123.813 -0.539731
16.1495 123.813 -0.852946
26.9159 123.813 -0.90729
37.6822 123.813 -0.906337
48.4486 123.813 -0.863996
59.215 123.813 -0.659064
69.9813 123.813 -0.282251
5.38318 134.579 -0.418935
16.1495 134.579 -0.607242
26.9159 134.579 -0.562242
37.6822 134.579 -0.534841
48.4486 134.579 -0.555531
59.215 134.579 -0.452375
69.9813 134.579 -0.183432
5.38318 145.346 -0.13393
16.1495 145.346 -0.115359
26.9159 145.346 0.010217
37.6822 145.346 0.26038
48.4486 145.346 0.0177229
59.215 145.346 -0.0252539
69.9813 145.346 0.0761296
5.38318 156.112 0.642769
16.1495 156.112 1.30465
26.9159 156.112 1.76009
37.6822 156.112 1.96003
48.4486 156.112 1.51663
59.215 156.112 1.02397
69.9813 156.112 0.619702
5.38318 166.879 1.48515
16.1495 166.879 2.64371
26.9159 166.879 3.05311
37.6822 166.879 2.93329
48.4486 166.879 2.36135
59.215 166.879 1.70897
69.9813 166.879 1.02521
5.38318 177.645 2.00167
16.1495 177.645 3.54824
26.9159 177.645 3.99062
37.6822 177.645 3.36105
48.4486 177.645 2.46993
59.215 177.645 1.67842
69.9813 177.645 1.06958
5.38318 188.411 1.77931
16.1495 188.411 3.2067
26.9159 188.411 3.63897
37.6822 188.411 2.82273
48.4486 188.411 1.89694
59.215 188.411 1.12102
69.9813 188.411 0.826448
5.38318 199.178 0.897125
16.1495 199.178 1.63689
26.9159 199.178 1.97302
37.6822 199.178 1.52851
48.4486 199.178 0.942615
59.215 199.178 0.637817
69.9813 199.178 0.553453
5.38318 209.944 0.0643412
16.1495 209.944 0.184141
26.9159 209.944 0.340878
37.6822 209.944 0.137381
48.4486 209.944 0.01432
59.215 209.944 0.119009
69.9813 209.944 0.26807
