48 199
0 176 72 40
0 144 72 72
0 134 72 82
0 72 72 144
0 0 72 216
5.38318 5.38318 0.999913
16.1495 5.38318 1.29612
26.9159 5.38318 1.19314
37.6822 5.38318 0.996967
48.4486 5.38318 1.32591
59.215 5.38318 1.41415
69.9813 5.38318 1.01717
5.38318 16.1495 1.5471
16.1495 16.1495 2.18549
26.9159 16.1495 2.20641
37.6822 16.1495 1.98258
48.4486 16.1495 2.3284
59.215 16.1495 2.40704
69.9813 16.1495 1.7695
5.38318 26.9159 1.29315
16.1495 26.9159 2.07748
26.9159 26.9159 2.3933
37.6822 26.9159 2.25228
48.4486 26.9159 2.3701
59.215 26.9159 2.29138
69.9813 26.9159 1.65166
5.38318 37.6822 0.893781
16.1495 37.6822 1.7514
26.9159 37.6822 2.41593
37.6822 37.6822 2.55074
48.4486 37.6822 2.35394
59.215 37.6822 1.90546
69.9813 37.6822 1.22526
5.38318 48.4486 0.606024
16.1495 48.4486 1.42917
26.9159 48.4486 2.21183
37.6822 48.4486 2.46831
48.4486 48.4486 2.22793
59.215 48.4486 1.75682
69.9813 48.4486 1.07791
5.38318 59.215 0.611428
16.1495 59.215 1.12512
26.9159 59.215 1.69191
37.6822 59.215 1.73302
48.4486 59.215 1.60765
59.215 59.215 1.4197
69.9813 59.215 1.00825
5.38318 69.9813 0.161578
16.1495 69.9813 0.212554
26.9159 69.9813 0.469136
37.6822 69.9813 0.469885
48.4486 69.9813 0.569127
59.215 69.9813 0.817212
69.9813 69.9813 0.762153
5.38318 80.7477 -0.039875
16.1495 80.7477 -0.0636842
26.9159 80.7477 0.100755
37.6822 80.7477 0.0542012
48.4486 80.7477 0.151714
59.215 80.7477 0.347172
69.9813 80.7477 0.441099
5.38318 91.514 -0.211159
16.1495 91.514 -0.311015
26.9159 91.514 -0.229536
37.6822 91.514 -0.229626
48.4486 91.514 -0.20539
59.215 91.514 -0.142497
69.9813 91.514 -0.000125515
5.38318 102.28 -0.268779
16.1495 102.28 -0.378791
26.9159 102.28 -0.305715
37.6822 102.28 -0.279551
48.4486 102.28 -0.284837
59.215 102.28 -0.236654
69.9813 102.28 -0.0983427
5.38318 113.047 -0.300475
16.1495 113.047 -0.450181
26.9159 113.047 -0.441983
37.6822 113.047 -0.416867
48.4486 113.047 -0.395977
59.215 113.047 -0.307137
69.9813 113.047 -0.136656
5.38318 123.813 -0.286389
16.1495 123.813 -0.397697
26.9159 123.813 -0.292767
37.6822 123.813 -0.19938
48.4486 123.813 -0.158996
59.215 123.813 -0.101702
69.9813 123.813 -0.00945638
5.38318 134.579 -0.209614
16.1495 134.579 -0.230226
26.9159 134.579 0.0200943
37.6822 134.579 0.421665
48.4486 134.579 0.585576
59.215 134.579 0.517702
69.9813 134.579 0.425136
5.38318 145.346 -0.0416103
16.1495 145.346 0.212419
26.9159 145.346 1.09862
37.6822 145.346 1.64535
48.4486 145.346 1.84556
59.215 145.346 1.59983
69.9813 145.346 1.04321
5.38318 156.112 0.351921
16.1495 156.112 0.906857
26.9159 156.112 1.98641
37.6822 156.112 2.44889
48.4486 156.112 2.6341
59.215 156.112 2.22128
69.9813 156.112 1.41633
5.38318 166.879 0.610815
16.1495 166.879 1.39969
26.9159 166.879 2.5067
37.6822 166.879 2.82882
48.4486 166.879 2.78234
59.215 166.879 2.23702
69.9813 166.879 1.36591
5.38318 177.645 0.64025
16.1495 177.645 1.41933
26.9159 177.645 2.47798
37.6822 177.645 2.65909
48.4486 177.645 2.42616
59.215 177.645 1.76995
69.9813 177.645 1.01253
5.38318 188.411 0.335245
16.1495 188.411 1.03406
26.9159 188.411 2.24455
37.6822 188.411 2.72475
48.4486 188.411 2.53095
59.215 188.411 1.73951
69.9813 188.411 0.915291
5.38318 199.178 -0.00768666
16.1495 199.178 0.600893
26.9159 199.178 1.96656
37.6822 199.178 2.9341
48.4486 199.178 3.03768
59.215 199.178 2.27986
69.9813 199.178 1.185
5.38318 209.944 -0.106292
16.1495 209.944 0.183734
26.9159 209.944 1.24796
37.6822 209.944 2.23883
48.4486 209.944 2.56072
59.215 209.944 2.0395
69.9813 209.944 1.10294
