37 26
0 6 72 40
0 0 72 72
0 0 72 82
0 0 72 144
0 0 72 216
5.38318 5.38318 0.561048
16.1495 5.38318 1.07362
26.9159 5.38318 1.52658
37.6822 5.38318 1.56847
48.4486 5.38318 1.37488
59.215 5.38318 0.838647
69.9813 5.38318 0.480729
5.38318 16.1495 0.899459
16.1495 16.1495 1.96855
26.9159 16.1495 2.9877
37.6822 16.1495 3.23513
48.4486 16.1495 2.87018
59.215 16.1495 1.86686
69.9813 16.1495 1.07346
5.38318 26.9159 1.14926
16.1495 26.9159 2.49226
26.9159 26.9159 3.92417
37.6822 26.9159 4.21508
48.4486 26.9159 3.65596
59.215 26.9159 2.2993
69.9813 26.9159 1.28352
5.38318 37.6822 1.39991
16.1495 37.6822 2.63308
26.9159 37.6822 3.87327
37.6822 37.6822 4.09535
48.4486 37.6822 3.62047
59.215 37.6822 2.41138
69.9813 37.6822 1.39226
5.38318 48.4486 1.83091
16.1495 48.4486 2.84172
26.9159 48.4486 3.29404
37.6822 48.4486 3.04697
48.4486 48.4486 2.6957
59.215 48.4486 2.19126
69.9813 48.4486 1.46213
5.38318 59.215 1.72771
16.1495 59.215 2.29922
26.9159 59.215 1.96704
37.6822 59.215 1.46267
48.4486 59.215 1.46617
59.215 59.215 1.79242
69.9813 59.215 1.42642
5.38318 69.9813 1.19817
16.1495 69.9813 1.55502
26.9159 69.9813 0.973592
37.6822 69.9813 0.397031
48.4486 69.9813 0.301305
59.215 69.9813 1.00831
69.9813 69.9813 0.994508
5.38318 80.7477 -0.0123958
16.1495 80.7477 -0.153208
26.9159 80.7477 -0.34969
37.6822 80.7477 -0.480281
48.4486 80.7477 -0.482135
59.215 80.7477 -0.186036
69.9813 80.7477 0.15156
5.38318 91.514 -0.455548
16.1495 91.514 -0.757276
26.9159 91.514 -0.868734
37.6822 91.514 -0.903094
48.4486 91.514 -0.862892
59.215 91.514 -0.587744
69.9813 91.514 -0.222402
5.38318 102.28 -0.559729
16.1495 102.28 -0.901332
26.9159 102.28 -0.992635
37.6822 102.28 -0.998285
48.4486 102.28 -0.950453
59.215 102.28 -0.736368
69.9813 102.28 -0.318107
5.38318 113.047 -0.586351
16.1495 113.047 -0.940384
26.9159 113.047 -1.02538
37.6822 113.047 -1.02614
48.4486 113.047 -0.970611
59.215 113.047 -0.766389
69.9813 113.047 -0.331213
5.38318 123.813 -0.576719
16.1495 123.813 -0.922653
26.9159 123.813 -1.00127
37.6822 123.813 -1.00405
48.4486 123.813 -0.951401
59.215 123.813 -0.748611
69.9813 123.813 -0.320835
5.38318 134.579 -0.549494
16.1495 134.579 -0.876769
26.9159 134.579 -0.93909
37.6822 134.579 -0.949676
48.4486 134.579 -0.902298
59.215 134.579 -0.689564
69.9813 134.579 -0.288171
5.38318 145.346 -0.45361
16.1495 145.346 -0.660871
26.9159 145.346 -0.55369
37.6822 145.346 -0.541863
48.4486 145.346 -0.520405
59.215 145.346 -0.446517
69.9813 145.346 -0.168626
5.38318 156.112 -0.213998
16.1495 156.112 -0.155963
26.9159 156.112 0.431557
37.6822 156.112 0.618909
48.4486 156.112 0.460321
59.215 156.112 0.000155292
69.9813 156.112 0.100841
5.38318 166.879 0.193804
16.1495 166.879 1.16217
26.9159 166.879 2.47516
37.6822 166.879 2.89137
48.4486 166.879 2.53078
59.215 166.879 1.41682
69.9813 166.879 0.722736
5.38318 177.645 0.665546
16.1495 177.645 2.01936
26.9159 177.645 3.53504
37.6822 177.645 4.0893
48.4486 177.645 3.54444
59.215 177.645 2.20834
69.9813 177.645 1.09289
5.38318 188.411 0.834117
16.1495 188.411 2.10996
26.9159 188.411 3.44096
37.6822 188.411 3.82621
48.4486 188.411 3.22976
59.215 188.411 2.10263
69.9813 188.411 1.07359
5.38318 199.178 0.56589
16.1495 199.178 1.33696
26.9159 199.178 1.92785
37.6822 199.178 1.90239
48.4486 199.178 1.51054
59.215 199.178 1.02105
69.9813 199.178 0.680505
5.38318 209.944 0.331936
16.1495 209.944 0.74445
26.9159 209.944 0.864272
37.6822 209.944 0.655502
48.4486 209.944 0.42576
59.215 209.944 0.395244
69.9813 209.944 0.436901
