37 199
0 176 72 40
0 144 72 72
0 134 72 82
0 72 72 144
0 0 72 216
5.38318 5.38318 1.0539
16.1495 5.38318 1.58067
26.9159 5.38318 1.62216
37.6822 5.38318 1.41561
48.4486 5.38318 1.27593
59.215 5.38318 1.02326
69.9813 5.38318 0.655186
5.38318 16.1495 1.86572
16.1495 16.1495 3.02811
26.9159 16.1495 3.30202
37.6822 16.1495 3.03723
48.4486 16.1495 2.68816
59.215 16.1495 2.1125
69.9813 16.1495 1.3174
5.38318 26.9159 2.0922
16.1495 26.9159 3.54972
26.9159 26.9159 4.1547
37.6822 26.9159 4.18407
48.4486 26.9159 3.78485
59.215 26.9159 2.90659
69.9813 26.9159 1.69003
5.38318 37.6822 1.62644
16.1495 37.6822 2.86831
26.9159 37.6822 3.7365
37.6822 37.6822 4.31305
48.4486 37.6822 4.09297
59.215 37.6822 3.14885
69.9813 37.6822 1.7295
5.38318 48.4486 1.21489
16.1495 48.4486 2.10989
26.9159 48.4486 2.82352
37.6822 48.4486 3.40705
48.4486 48.4486 3.36585
59.215 48.4486 2.68344
69.9813 48.4486 1.53537
5.38318 59.215 1.08497
16.1495 59.215 1.79861
26.9159 59.215 1.95193
37.6822 59.215 2.09939
48.4486 59.215 2.01008
59.215 59.215 1.81525
69.9813 59.215 1.24644
5.38318 69.9813 0.956999
16.1495 69.9813 1.55095
26.9159 69.9813 1.48669
37.6822 69.9813 1.29839
48.4486 69.9813 1.09764
59.215 69.9813 1.00406
69.9813 69.9813 0.887152
5.38318 80.7477 0.264568
16.1495 80.7477 0.60757
26.9159 80.7477 0.623667
37.6822 80.7477 0.614853
48.4486 80.7477 0.414832
59.215 80.7477 0.52026
69.9813 80.7477 0.582801
5.38318 91.514 -0.250883
16.1495 91.514 -0.30211
26.9159 91.514 -0.245867
37.6822 91.514 -0.173671
48.4486 91.514 -0.189758
59.215 91.514 -0.126808
69.9813 91.514 0.0771763
5.38318 102.28 -0.300346
16.1495 102.28 -0.408234
26.9159 102.28 -0.32036
37.6822 102.28 -0.222902
48.4486 102.28 -0.183419
59.215 102.28 -0.112813
69.9813 102.28 0.0431398
5.38318 113.047 -0.297342
16.1495 113.047 -0.447639
26.9159 113.047 -0.440551
37.6822 113.047 -0.420978
48.4486 113.047 -0.397277
59.215 113.047 -0.311105
69.9813 113.047 -0.13288
5.38318 123.813 -0.270366
16.1495 123.813 -0.396388
26.9159 123.813 -0.353528
37.6822 123.813 -0.334105
48.4486 123.813 -0.31814
59.215 123.813 -0.248933
69.9813 123.813 -0.0993472
5.38318 134.579 -0.19859
16.1495 134.579 -0.238179
26.9159 134.579 -0.121224
37.6822 134.579 -0.060016
48.4486 134.579 -0.0800315
59.215 134.579 -0.0663201
69.9813 134.579 -0.0055184
5.38318 145.346 -0.102915
16.1495 145.346 -0.00492949
26.9159 145.346 0.563348
37.6822 145.346 0.80499
48.4486 145.346 0.651356
59.215 145.346 0.475663
69.9813 145.346 0.290792
5.38318 156.112 0.102284
16.1495 156.112 0.718268
26.9159 156.112 1.76038
37.6822 156.112 2.0209
48.4486 156.112 1.70121
59.215 156.112 1.15832
69.9813 156.112 0.628166
5.38318 166.879 0.405709
16.1495 166.879 1.32488
26.9159 166.879 2.68281
37.6822 166.879 2.97371
48.4486 166.879 2.57322
59.215 166.879 1.66595
69.9813 166.879 0.926611
5.38318 177.645 0.876526
16.1495 177.645 1.99078
26.9159 177.645 3.84335
37.6822 177.645 4.08612
48.4486 177.645 3.61106
59.215 177.645 2.15642
69.9813 177.645 1.16636
5.38318 188.411 0.97903
16.1495 188.411 2.28154
26.9159 188.411 4.50282
37.6822 188.411 4.8888
48.4486 188.411 4.29653
59.215 188.411 2.42828
69.9813 188.411 1.23654
5.38318 199.178 0.99023
16.1495 199.178 2.29789
26.9159 199.178 4.54352
37.6822 199.178 4.97674
48.4486 199.178 4.26605
59.215 199.178 2.31177
69.9813 199.178 1.08272
5.38318 209.944 0.526295
16.1495 209.944 1.28579
26.9159 209.944 2.66916
37.6822 209.944 2.94855
48.4486 209.944 2.40386
59.215 209.944 1.2603
69.9813 209.944 0.56202
