37 177
0 157 72 40
0 141 72 72
0 134 72 82
0 72 72 144
0 0 72 216
5.38318 5.38318 -0.103361
16.1495 5.38318 -0.136119
26.9159 5.38318 0.252501
37.6822 5.38318 0.917996
48.4486 5.38318 1.32468
59.215 5.38318 1.1561
69.9813 5.38318 0.742841
5.38318 16.1495 -0.257508
16.1495 16.1495 -0.221911
26.9159 16.1495 0.618181
37.6822 16.1495 1.88885
48.4486 16.1495 2.57316
59.215 16.1495 2.24666
69.9813 16.1495 1.44788
5.38318 26.9159 -0.505218
16.1495 26.9159 -0.533133
26.9159 26.9159 0.248049
37.6822 26.9159 2.06214
48.4486 26.9159 2.84342
59.215 26.9159 2.46341
69.9813 26.9159 1.56817
5.38318 37.6822 -0.4139
16.1495 37.6822 -0.365957
26.9159 37.6822 0.504382
37.6822 37.6822 1.99465
48.4486 37.6822 2.4735
59.215 37.6822 2.00359
69.9813 37.6822 1.29182
5.38318 48.4486 -0.193886
16.1495 48.4486 -0.0323914
26.9159 48.4486 0.963754
37.6822 48.4486 1.97717
48.4486 48.4486 1.98526
59.215 48.4486 1.30069
69.9813 48.4486 0.779075
5.38318 59.215 -0.0268644
16.1495 59.215 0.385216
26.9159 59.215 0.907369
37.6822 59.215 1.20633
48.4486 59.215 0.903958
59.215 59.215 0.364699
69.9813 59.215 0.34487
5.38318 69.9813 -0.0254392
16.1495 69.9813 0.188888
26.9159 69.9813 0.291069
37.6822 69.9813 0.0503374
48.4486 69.9813 -0.315063
59.215 69.9813 -0.36941
69.9813 69.9813 -0.164226
5.38318 80.7477 -0.234465
16.1495 80.7477 -0.328363
26.9159 80.7477 -0.416479
37.6822 80.7477 -0.564914
48.4486 80.7477 -0.790375
59.215 80.7477 -0.68075
69.9813 80.7477 -0.324457
5.38318 91.514 -0.484071
16.1495 91.514 -0.75604
26.9159 91.514 -0.8245
37.6822 91.514 -0.902483
48.4486 91.514 -0.980258
59.215 91.514 -0.805721
69.9813 91.514 -0.377742
5.38318 102.28 -0.557433
16.1495 102.28 -0.880202
26.9159 102.28 -0.958327
37.6822 102.28 -0.975093
48.4486 102.28 -0.964717
59.215 102.28 -0.789656
69.9813 102.28 -0.359948
5.38318 113.047 -0.579818
16.1495 113.047 -0.925747
26.9159 113.047 -1.00748
37.6822 113.047 -1.00874
48.4486 113.047 -0.958576
59.215 113.047 -0.757872
69.9813 113.047 -0.327535
5.38318 123.813 -0.562432
16.1495 123.813 -0.894809
26.9159 123.813 -0.954087
37.6822 123.813 -0.95431
48.4486 123.813 -0.900882
59.215 123.813 -0.686226
69.9813 123.813 -0.28878
5.38318 134.579 -0.484056
16.1495 134.579 -0.736189
26.9159 134.579 -0.639453
37.6822 134.579 -0.655757
48.4486 134.579 -0.604882
59.215 134.579 -0.49511
69.9813 134.579 -0.191522
5.38318 145.346 -0.245533
16.1495 145.346 -0.307504
26.9159 145.346 -0.028744
37.6822 145.346 0.0633403
48.4486 145.346 0.200441
59.215 145.346 0.0642211
69.9813 145.346 0.219897
5.38318 156.112 0.412478
16.1495 156.112 1.03473
26.9159 156.112 1.99625
37.6822 156.112 2.21497
48.4486 156.112 2.09715
59.215 156.112 1.4478
69.9813 156.112 0.871918
5.38318 166.879 1.2677
16.1495 166.879 2.39611
26.9159 166.879 3.33251
37.6822 166.879 3.70577
48.4486 166.879 3.45482
59.215 166.879 2.63212
69.9813 166.879 1.52845
5.38318 177.645 1.84
16.1495 177.645 3.22827
26.9159 177.645 3.99906
37.6822 177.645 4.17277
48.4486 177.645 3.73543
59.215 177.645 2.93579
69.9813 177.645 1.72395
5.38318 188.411 1.79956
16.1495 188.411 3.00318
26.9159 188.411 3.48905
37.6822 188.411 3.43616
48.4486 188.411 2.9817
59.215 188.411 2.48201
69.9813 188.411 1.51612
5.38318 199.178 1.15595
16.1495 199.178 1.98248
26.9159 199.178 2.26602
37.6822 199.178 2.2221
48.4486 199.178 1.88673
59.215 199.178 1.76851
69.9813 199.178 1.14872
5.38318 209.944 0.564811
16.1495 209.944 1.08904
26.9159 209.944 1.36881
37.6822 209.944 1.42105
48.4486 209.944 1.20939
59.215 209.944 1.14749
69.9813 209.944 0.738193
