48 177
0 157 72 40
0 141 72 72
0 134 72 82
0 72 72 144
0 0 72 216
5.38318 5.38318 0.443993
16.1495 5.38318 0.972055
26.9159 5.38318 1.33298
37.6822 5.38318 1.52485
48.4486 5.38318 1.37552
59.215 5.38318 0.976493
69.9813 5.38318 0.559731
5.38318 16.1495 0.615123
16.1495 16.1495 1.60095
26.9159 16.1495 2.31177
37.6822 16.1495 2.71401
48.4486 16.1495 2.51316
59.215 16.1495 1.78237
69.9813 16.1495 1.03513
5.38318 26.9159 0.430961
16.1495 26.9159 1.4017
26.9159 26.9159 2.25799
37.6822 26.9159 2.75717
48.4486 26.9159 2.76795
59.215 26.9159 2.0476
69.9813 26.9159 1.26914
5.38318 37.6822 0.258394
16.1495 37.6822 1.02055
26.9159 37.6822 1.87648
37.6822 37.6822 2.35531
48.4486 37.6822 2.41532
59.215 37.6822 1.72882
69.9813 37.6822 1.09736
5.38318 48.4486 0.272022
16.1495 48.4486 0.987686
26.9159 48.4486 1.8179
37.6822 48.4486 2.17189
48.4486 48.4486 2.08293
59.215 48.4486 1.26537
69.9813 48.4486 0.841783
5.38318 59.215 0.447137
16.1495 59.215 1.43035
26.9159 59.215 2.32476
37.6822 59.215 2.68347
48.4486 59.215 2.20186
59.215 59.215 1.11754
69.9813 59.215 0.569687
5.38318 69.9813 0.558282
16.1495 69.9813 1.62205
26.9159 69.9813 2.46772
37.6822 69.9813 2.72327
48.4486 69.9813 2.12777
59.215 69.9813 0.92369
69.9813 69.9813 0.443543
5.38318 80.7477 0.343139
16.1495 80.7477 1.1549
26.9159 80.7477 1.79994
37.6822 80.7477 1.94789
48.4486 80.7477 1.35503
59.215 80.7477 0.435663
69.9813 80.7477 0.151772
5.38318 91.514 -0.104481
16.1495 91.514 0.0249636
26.9159 91.514 0.224555
37.6822 91.514 0.12654
48.4486 91.514 -0.159636
59.215 91.514 -0.279922
69.9813 91.514 -0.138922
5.38318 102.28 -0.26718
16.1495 102.28 -0.387155
26.9159 102.28 -0.357068
37.6822 102.28 -0.370585
48.4486 102.28 -0.423652
59.215 102.28 -0.37711
69.9813 102.28 -0.188703
5.38318 113.047 -0.302133
16.1495 113.047 -0.458364
26.9159 113.047 -0.466265
37.6822 113.047 -0.446655
48.4486 113.047 -0.430451
59.215 113.047 -0.336465
69.9813 113.047 -0.151629
5.38318 123.813 -0.291964
16.1495 123.813 -0.442861
26.9159 123.813 -0.436456
37.6822 123.813 -0.431431
48.4486 123.813 -0.414555
59.215 123.813 -0.312613
69.9813 123.813 -0.133748
5.38318 134.579 -0.263991
16.1495 134.579 -0.39235
26.9159 134.579 -0.351223
37.6822 134.579 -0.341645
48.4486 134.579 -0.336389
59.215 134.579 -0.233332
69.9813 134.579 -0.0951681
5.38318 145.346 -0.191995
16.1495 145.346 -0.234348
26.9159 145.346 -0.102554
37.6822 145.346 -0.0293279
48.4486 145.346 -0.0334929
59.215 145.346 0.0337382
69.9813 145.346 0.0896929
5.38318 156.112 -0.0843932
16.1495 156.112 0.0438905
26.9159 156.112 0.74427
37.6822 156.112 1.15565
48.4486 156.112 1.19476
59.215 156.112 0.940118
69.9813 156.112 0.560066
5.38318 166.879 0.263727
16.1495 166.879 0.84863
26.9159 166.879 1.89104
37.6822 166.879 2.45855
48.4486 166.879 2.50096
59.215 166.879 1.86232
69.9813 166.879 1.05109
5.38318 177.645 0.867531
16.1495 177.645 1.62632
26.9159 177.645 2.61306
37.6822 177.645 3.2774
48.4486 177.645 3.46583
59.215 177.645 2.6452
69.9813 177.645 1.50836
5.38318 188.411 1.57026
16.1495 188.411 2.4234
26.9159 188.411 3.02083
37.6822 188.411 3.27181
48.4486 188.411 3.31697
59.215 188.411 2.62479
69.9813 188.411 1.5076
5.38318 199.178 1.86016
16.1495 199.178 2.49306
26.9159 199.178 2.5075
37.6822 199.178 2.16881
48.4486 199.178 2.11311
59.215 199.178 1.89687
69.9813 199.178 1.18073
5.38318 209.944 1.39137
16.1495 209.944 1.78571
26.9159 209.944 1.68032
37.6822 209.944 1.24268
48.4486 209.944 1.16201
59.215 209.944 1.11908
69.9813 209.944 0.753035
