37 177
0 157 72 40
0 141 72 72
0 134 72 82
0 72 72 144
0 0 72 216
5.38318 5.38318 0.490348
16.1495 5.38318 0.73672
26.9159 5.38318 0.918774
37.6822 5.38318 0.859651
48.4486 5.38318 0.826017
59.215 5.38318 0.668083
69.9813 5.38318 0.427167
5.38318 16.1495 0.913112
16.1495 16.1495 1.70313
26.9159 16.1495 2.18158
37.6822 16.1495 2.08524
48.4486 16.1495 1.95487
59.215 16.1495 1.51046
69.9813 16.1495 0.94094
5.38318 26.9159 0.957718
16.1495 26.9159 1.90812
26.9159 26.9159 2.56595
37.6822 26.9159 2.50727
48.4486 26.9159 2.35258
59.215 26.9159 1.79582
69.9813 26.9159 1.1468
5.38318 37.6822 1.0282
16.1495 37.6822 2.10191
26.9159 37.6822 3.08692
37.6822 37.6822 3.18398
48.4486 37.6822 2.94819
59.215 37.6822 2.10246
69.9813 37.6822 1.27271
5.38318 48.4486 0.842186
16.1495 48.4486 1.82218
26.9159 48.4486 2.78657
37.6822 48.4486 2.98719
48.4486 48.4486 2.77732
59.215 48.4486 1.98186
69.9813 48.4486 1.16872
5.38318 59.215 0.366936
16.1495 59.215 0.978206
26.9159 59.215 1.83792
37.6822 59.215 2.04911
48.4486 59.215 1.94216
59.215 59.215 1.42295
69.9813 59.215 0.827179
5.38318 69.9813 -0.0336653
16.1495 69.9813 0.0551369
26.9159 69.9813 0.4756
37.6822 69.9813 0.460676
48.4486 69.9813 0.355583
59.215 69.9813 0.264939
69.9813 69.9813 0.197194
5.38318 80.7477 -0.182129
16.1495 80.7477 -0.253467
26.9159 80.7477 -0.208954
37.6822 80.7477 -0.22202
48.4486 80.7477 -0.226723
59.215 80.7477 -0.199641
69.9813 80.7477 -0.0796569
5.38318 91.514 -0.26573
16.1495 91.514 -0.413421
26.9159 91.514 -0.436659
37.6822 91.514 -0.470937
48.4486 91.514 -0.445226
59.215 91.514 -0.364843
69.9813 91.514 -0.153044
5.38318 102.28 -0.294995
16.1495 102.28 -0.442999
26.9159 102.28 -0.436637
37.6822 102.28 -0.427357
48.4486 102.28 -0.405528
59.215 102.28 -0.328889
69.9813 102.28 -0.143786
5.38318 113.047 -0.298815
16.1495 113.047 -0.451497
26.9159 113.047 -0.453892
37.6822 113.047 -0.435628
48.4486 113.047 -0.420545
59.215 113.047 -0.332624
69.9813 113.047 -0.150092
5.38318 123.813 -0.299161
16.1495 123.813 -0.451803
26.9159 123.813 -0.45092
37.6822 123.813 -0.436037
48.4486 123.813 -0.419058
59.215 123.813 -0.330382
69.9813 123.813 -0.147207
5.38318 134.579 -0.288976
16.1495 134.579 -0.416312
26.9159 134.579 -0.346807
37.6822 134.579 -0.310395
48.4486 134.579 -0.287816
59.215 134.579 -0.24683
69.9813 134.579 -0.105639
5.38318 145.346 -0.143765
16.1495 145.346 -0.140917
26.9159 145.346 0.140709
37.6822 145.346 0.305973
48.4486 145.346 0.2537
59.215 145.346 0.0183966
69.9813 145.346 0.0832517
5.38318 156.112 0.299374
16.1495 156.112 0.791067
26.9159 156.112 1.71908
37.6822 156.112 1.90994
48.4486 156.112 1.6834
59.215 156.112 0.967823
69.9813 156.112 0.516905
5.38318 166.879 1.10766
16.1495 166.879 2.15709
26.9159 166.879 3.60087
37.6822 166.879 3.78439
48.4486 166.879 3.32433
59.215 166.879 2.03289
69.9813 166.879 1.08664
5.38318 177.645 1.58439
16.1495 177.645 2.96268
26.9159 177.645 4.74272
37.6822 177.645 4.88702
48.4486 177.645 4.26099
59.215 177.645 2.69186
69.9813 177.645 1.41731
5.38318 188.411 1.66838
16.1495 188.411 2.766
26.9159 188.411 3.98832
37.6822 188.411 3.84235
48.4486 188.411 3.46127
59.215 188.411 2.43661
69.9813 188.411 1.47813
5.38318 199.178 0.979856
16.1495 199.178 1.35543
26.9159 199.178 1.61248
37.6822 199.178 1.46934
48.4486 199.178 1.52961
59.215 199.178 1.56993
69.9813 199.178 1.15018
5.38318 209.944 0.392744
16.1495 209.944 0.611058
26.9159 209.944 0.497917
37.6822 209.944 0.464302
48.4486 209.944 0.718773
59.215 209.944 1.00947
69.9813 209.944 0.840841
