37 26
0 6 72 40
0 0 72 72
0 0 72 82
0 0 72 144
0 0 72 216
5.38318 5.38318 0.642227
16.1495 5.38318 1.08156
26.9159 5.38318 1.42183
37.6822 5.38318 1.58485
48.4486 5.38318 1.51118
59.215 5.38318 1.13068
69.9813 5.38318 0.678428
5.38318 16.1495 1.05403
16.1495 16.1495 2.08147
26.9159 16.1495 2.89353
37.6822 16.1495 3.21557
48.4486 16.1495 2.97994
59.215 16.1495 2.15325
69.9813 16.1495 1.25384
5.38318 26.9159 1.15862
16.1495 26.9159 2.49522
26.9159 26.9159 3.7119
37.6822 26.9159 4.1844
48.4486 26.9159 3.84182
59.215 26.9159 2.72257
69.9813 26.9159 1.50028
5.38318 37.6822 1.10415
16.1495 37.6822 2.46482
26.9159 37.6822 3.74479
37.6822 37.6822 4.16438
48.4486 37.6822 3.67472
59.215 37.6822 2.47886
69.9813 37.6822 1.2862
5.38318 48.4486 1.01999
16.1495 48.4486 2.06815
26.9159 48.4486 2.97583
37.6822 48.4486 3.27563
48.4486 48.4486 2.97582
59.215 48.4486 2.10889
69.9813 48.4486 1.17805
5.38318 59.215 0.83801
16.1495 59.215 1.6031
26.9159 59.215 1.88396
37.6822 59.215 1.99734
48.4486 59.215 1.93629
59.215 59.215 1.71762
69.9813 59.215 1.12823
5.38318 69.9813 0.723614
16.1495 69.9813 1.30881
26.9159 69.9813 1.40593
37.6822 69.9813 1.47433
48.4486 69.9813 1.46506
59.215 69.9813 1.46547
69.9813 69.9813 1.00689
5.38318 80.7477 -0.0054041
16.1495 80.7477 0.203344
26.9159 80.7477 0.445683
37.6822 80.7477 0.616094
48.4486 80.7477 0.580259
59.215 80.7477 0.724391
69.9813 80.7477 0.519815
5.38318 91.514 -0.274507
16.1495 91.514 -0.362629
26.9159 91.514 -0.243512
37.6822 91.514 -0.18081
48.4486 91.514 -0.212995
59.215 91.514 -0.138308
69.9813 91.514 -0.0646226
5.38318 102.28 -0.300187
16.1495 102.28 -0.432394
26.9159 102.28 -0.342639
37.6822 102.28 -0.290776
48.4486 102.28 -0.281235
59.215 102.28 -0.217618
69.9813 102.28 -0.0927641
5.38318 113.047 -0.294451
16.1495 113.047 -0.438755
26.9159 113.047 -0.425644
37.6822 113.047 -0.416168
48.4486 113.047 -0.411125
59.215 113.047 -0.327271
69.9813 113.047 -0.146628
5.38318 123.813 -0.234665
16.1495 123.813 -0.334699
26.9159 123.813 -0.285084
37.6822 123.813 -0.311684
48.4486 123.813 -0.349398
59.215 123.813 -0.315452
69.9813 123.813 -0.148245
5.38318 134.579 -0.159199
16.1495 134.579 -0.195576
26.9159 134.579 -0.118869
37.6822 134.579 -0.1685
48.4486 134.579 -0.252748
59.215 134.579 -0.284479
69.9813 134.579 -0.141997
5.38318 145.346 0.0636593
16.1495 145.346 0.295777
26.9159 145.346 0.585117
37.6822 145.346 0.378919
48.4486 145.346 -0.00922268
59.215 145.346 -0.15799
69.9813 145.346 -0.0854574
5.38318 156.112 0.311425
16.1495 156.112 0.748774
26.9159 156.112 1.00722
37.6822 156.112 0.84421
48.4486 156.112 0.367417
59.215 156.112 0.0186669
69.9813 156.112 0.014517
5.38318 166.879 0.695318
16.1495 166.879 1.2262
26.9159 166.879 1.29011
37.6822 166.879 1.13344
48.4486 166.879 0.656027
59.215 166.879 0.474116
69.9813 166.879 0.298461
5.38318 177.645 0.892089
16.1495 177.645 1.27531
26.9159 177.645 1.04379
37.6822 177.645 0.91048
48.4486 177.645 0.645556
59.215 177.645 0.783846
69.9813 177.645 0.547712
5.38318 188.411 0.964509
16.1495 188.411 1.25179
26.9159 188.411 0.954422
37.6822 188.411 0.76406
48.4486 188.411 0.685655
59.215 188.411 0.929094
69.9813 188.411 0.669397
5.38318 199.178 0.621066
16.1495 199.178 0.791788
26.9159 199.178 0.678184
37.6822 199.178 0.614035
48.4486 199.178 0.656119
59.215 199.178 0.859871
69.9813 199.178 0.638885
5.38318 209.944 0.342071
16.1495 209.944 0.470164
26.9159 209.944 0.508398
37.6822 209.944 0.418891
48.4486 209.944 0.447762
59.215 209.944 0.524814
69.9813 209.944 0.41753
