59 48
0 28 72 40
0 12 72 72
0 7 72 82
0 0 72 144
0 0 72 216
5.38318 5.38318 0.41991
16.1495 5.38318 0.552726
26.9159 5.38318 0.616008
37.6822 5.38318 0.531919
48.4486 5.38318 0.384859
59.215 5.38318 0.28679
69.9813 5.38318 0.20849
5.38318 16.1495 0.598058
16.1495 16.1495 1.02147
26.9159 16.1495 1.2571
37.6822 16.1495 1.16708
48.4486 16.1495 1.04294
59.215 16.1495 0.885901
69.9813 16.1495 0.664133
5.38318 26.9159 0.243963
16.1495 26.9159 0.533767
26.9159 26.9159 0.784411
37.6822 26.9159 0.955115
48.4486 26.9159 1.24269
59.215 26.9159 1.29571
69.9813 26.9159 1.00304
5.38318 37.6822 0.031479
16.1495 37.6822 0.179714
26.9159 37.6822 0.513943
37.6822 37.6822 0.882057
48.4486 37.6822 1.58161
59.215 37.6822 1.83864
69.9813 37.6822 1.40018
5.38318 48.4486 -0.0451336
16.1495 48.4486 -0.0111427
26.9159 48.4486 0.392849
37.6822 48.4486 0.931268
48.4486 48.4486 1.68387
59.215 48.4486 1.94096
69.9813 48.4486 1.43301
5.38318 59.215 0.0173936
16.1495 59.215 0.190204
26.9159 59.215 0.618542
37.6822 59.215 0.903623
48.4486 59.215 1.20344
59.215 59.215 1.32464
69.9813 59.215 0.912067
5.38318 69.9813 -0.0754064
16.1495 69.9813 -0.0736206
26.9159 69.9813 0.173367
37.6822 69.9813 0.233915
48.4486 69.9813 0.328468
59.215 69.9813 0.265441
69.9813 69.9813 0.241146
5.38318 80.7477 -0.172845
16.1495 80.7477 -0.257209
26.9159 80.7477 -0.202662
37.6822 80.7477 -0.216433
48.4486 80.7477 -0.175109
59.215 80.7477 -0.161084
69.9813 80.7477 -0.0432919
5.38318 91.514 -0.257334
16.1495 91.514 -0.414433
26.9159 91.514 -0.432507
37.6822 91.514 -0.456512
48.4486 91.514 -0.421631
59.215 91.514 -0.344607
69.9813 91.514 -0.146596
5.38318 102.28 -0.293844
16.1495 102.28 -0.44982
26.9159 102.28 -0.464803
37.6822 102.28 -0.447938
48.4486 102.28 -0.42424
59.215 102.28 -0.332396
69.9813 102.28 -0.149459
5.38318 113.047 -0.29682
16.1495 113.047 -0.448628
26.9159 113.047 -0.443027
37.6822 113.047 -0.420149
48.4486 113.047 -0.404396
59.215 113.047 -0.316385
69.9813 113.047 -0.143061
5.38318 123.813 -0.243435
16.1495 123.813 -0.368998
26.9159 123.813 -0.313257
37.6822 123.813 -0.281929
48.4486 123.813 -0.277899
59.215 123.813 -0.217599
69.9813 123.813 -0.0867879
5.38318 134.579 -0.133319
16.1495 134.579 -0.178824
26.9159 134.579 -0.0471179
37.6822 134.579 -0.0129066
48.4486 134.579 -0.0449602
59.215 134.579 -0.0508363
69.9813 134.579 0.0311476
5.38318 145.346 0.125421
16.1495 145.346 0.336446
26.9159 145.346 0.729837
37.6822 145.346 0.802141
48.4486 145.346 0.649019
59.215 145.346 0.444999
69.9813 145.346 0.316207
5.38318 156.112 0.384811
16.1495 156.112 0.807829
26.9159 156.112 1.32168
37.6822 156.112 1.38546
48.4486 156.112 1.25194
59.215 156.112 0.899456
69.9813 156.112 0.531612
5.38318 166.879 0.438004
16.1495 166.879 0.920353
26.9159 166.879 1.47465
37.6822 166.879 1.45612
48.4486 166.879 1.39901
59.215 166.879 1.02442
69.9813 166.879 0.642065
5.38318 177.645 0.061816
16.1495 177.645 0.392829
26.9159 177.645 0.990385
37.6822 177.645 0.99812
48.4486 177.645 1.22072
59.215 177.645 1.04115
69.9813 177.645 0.776614
5.38318 188.411 -0.0174779
16.1495 188.411 0.152677
26.9159 188.411 0.725965
37.6822 188.411 0.752982
48.4486 188.411 1.07187
59.215 188.411 1.07326
69.9813 188.411 0.875507
5.38318 199.178 -0.0186945
16.1495 199.178 0.00226956
26.9159 199.178 0.448601
37.6822 199.178 0.455247
48.4486 199.178 0.745327
59.215 199.178 0.91075
69.9813 199.178 0.796222
5.38318 209.944 0.121085
16.1495 209.944 0.226254
26.9159 209.944 0.397203
37.6822 209.944 0.255026
48.4486 209.944 0.319048
59.215 209.944 0.466736
69.9813 209.944 0.448101
