37 37
0 17 72 40
0 1 72 72
0 0 72 82
0 0 72 144
0 0 72 216
5.38318 5.38318 0.595259
16.1495 5.38318 1.02689
26.9159 5.38318 1.30812
37.6822 5.38318 1.42377
48.4486 5.38318 1.40585
59.215 5.38318 1.17594
69.9813 5.38318 0.748649
5.38318 16.1495 1.01651
16.1495 16.1495 2.01462
26.9159 16.1495 2.6042
37.6822 16.1495 2.83372
48.4486 16.1495 2.74554
59.215 16.1495 2.30288
69.9813 16.1495 1.45545
5.38318 26.9159 1.24595
16.1495 26.9159 2.49751
26.9159 26.9159 3.35967
37.6822 26.9159 3.58176
48.4486 26.9159 3.44202
59.215 26.9159 2.9698
69.9813 26.9159 1.88725
5.38318 37.6822 1.24251
16.1495 37.6822 2.48859
26.9159 37.6822 3.42238
37.6822 37.6822 3.65123
48.4486 37.6822 3.42805
59.215 37.6822 2.91558
69.9813 37.6822 1.83729
5.38318 48.4486 1.26228
16.1495 48.4486 2.17391
26.9159 48.4486 2.90659
37.6822 48.4486 2.95173
48.4486 48.4486 2.82429
59.215 48.4486 2.38028
69.9813 48.4486 1.50994
5.38318 59.215 1.086
16.1495 59.215 1.72406
26.9159 59.215 2.09184
37.6822 59.215 1.85404
48.4486 59.215 1.68167
59.215 59.215 1.54028
69.9813 59.215 1.0722
5.38318 69.9813 0.830669
16.1495 69.9813 1.27779
26.9159 69.9813 1.39323
37.6822 69.9813 1.01196
48.4486 69.9813 0.854939
59.215 69.9813 0.942776
69.9813 69.9813 0.788174
5.38318 80.7477 0.115733
16.1495 80.7477 0.273858
26.9159 80.7477 0.388083
37.6822 80.7477 0.186406
48.4486 80.7477 0.136064
59.215 80.7477 0.412405
69.9813 80.7477 0.479678
5.38318 91.514 -0.244378
16.1495 91.514 -0.328512
26.9159 91.514 -0.291413
37.6822 91.514 -0.282909
48.4486 91.514 -0.293653
59.215 91.514 -0.179222
69.9813 91.514 -0.0176459
5.38318 102.28 -0.299714
16.1495 102.28 -0.419946
26.9159 102.28 -0.337497
37.6822 102.28 -0.285387
48.4486 102.28 -0.260201
59.215 102.28 -0.185319
69.9813 102.28 -0.0490824
5.38318 113.047 -0.300688
16.1495 113.047 -0.454469
26.9159 113.047 -0.455354
37.6822 113.047 -0.437531
48.4486 113.047 -0.421981
59.215 113.047 -0.332857
69.9813 113.047 -0.147595
5.38318 123.813 -0.283534
16.1495 123.813 -0.430171
26.9159 123.813 -0.415791
37.6822 123.813 -0.420243
48.4486 123.813 -0.406551
59.215 123.813 -0.319438
69.9813 123.813 -0.137311
5.38318 134.579 -0.238974
16.1495 134.579 -0.36168
26.9159 134.579 -0.320846
37.6822 134.579 -0.329743
48.4486 134.579 -0.304703
59.215 134.579 -0.235912
69.9813 134.579 -0.0844968
5.38318 145.346 -0.136391
16.1495 145.346 -0.185288
26.9159 145.346 -0.113537
37.6822 145.346 -0.134676
48.4486 145.346 -0.116578
59.215 145.346 -0.0829849
69.9813 145.346 0.0359396
5.38318 156.112 -0.00273725
16.1495 156.112 0.178215
26.9159 156.112 0.660682
37.6822 156.112 0.697093
48.4486 156.112 0.749109
59.215 156.112 0.534063
69.9813 156.112 0.415637
5.38318 166.879 0.380266
16.1495 166.879 0.961045
26.9159 166.879 1.73717
37.6822 166.879 1.77374
48.4486 166.879 1.71244
59.215 166.879 1.23498
69.9813 166.879 0.809581
5.38318 177.645 0.730279
16.1495 177.645 1.66371
26.9159 177.645 2.73662
37.6822 177.645 2.85524
48.4486 177.645 2.76227
59.215 177.645 1.89902
69.9813 177.645 1.15942
5.38318 188.411 0.876934
16.1495 188.411 1.80001
26.9159 188.411 2.89866
37.6822 188.411 3.02586
48.4486 188.411 2.90427
59.215 188.411 2.01573
69.9813 188.411 1.21395
5.38318 199.178 0.71073
16.1495 199.178 1.44086
26.9159 199.178 2.31685
37.6822 199.178 2.34475
48.4486 199.178 2.18254
59.215 199.178 1.50935
69.9813 199.178 0.913758
5.38318 209.944 0.351101
16.1495 209.944 0.657229
26.9159 209.944 0.980674
37.6822 209.944 0.862833
48.4486 209.944 0.715294
59.215 209.944 0.516422
69.9813 209.944 0.362443
