37 26
0 6 72 40
0 0 72 72
0 0 72 82
0 0 72 144
0 0 72 216
5.38318 5.38318 1.05614
16.1495 5.38318 1.64121
26.9159 5.38318 1.7843
37.6822 5.38318 1.83624
48.4486 5.38318 1.87477
59.215 5.38318 1.56343
69.9813 5.38318 0.974321
5.38318 16.1495 1.80562
16.1495 16.1495 2.93829
26.9159 16.1495 3.24897
37.6822 16.1495 3.29386
48.4486 16.1495 3.36191
59.215 16.1495 2.88666
69.9813 16.1495 1.84354
5.38318 26.9159 2.01864
16.1495 26.9159 3.37701
26.9159 26.9159 3.77904
37.6822 26.9159 3.82175
48.4486 26.9159 3.80878
59.215 26.9159 3.35076
69.9813 26.9159 2.11822
5.38318 37.6822 1.64441
16.1495 37.6822 2.66843
26.9159 37.6822 3.02241
37.6822 37.6822 3.02545
48.4486 37.6822 2.97547
59.215 37.6822 2.66937
69.9813 37.6822 1.68463
5.38318 48.4486 1.32658
16.1495 48.4486 2.15591
26.9159 48.4486 2.58838
37.6822 48.4486 2.54414
48.4486 48.4486 2.49324
59.215 48.4486 2.24054
69.9813 48.4486 1.44811
5.38318 59.215 1.37868
16.1495 59.215 2.20876
26.9159 59.215 2.67517
37.6822 59.215 2.59196
48.4486 59.215 2.58464
59.215 59.215 2.29238
69.9813 59.215 1.56259
5.38318 69.9813 0.985655
16.1495 69.9813 1.61283
26.9159 69.9813 2.06114
37.6822 69.9813 1.98309
48.4486 69.9813 2.16069
59.215 69.9813 1.92343
69.9813 69.9813 1.42676
5.38318 80.7477 0.466547
16.1495 80.7477 0.771512
26.9159 80.7477 1.0032
37.6822 80.7477 0.769438
48.4486 80.7477 0.933435
59.215 80.7477 0.888576
69.9813 80.7477 0.853925
5.38318 91.514 -0.27926
16.1495 91.514 -0.443215
26.9159 91.514 -0.436163
37.6822 91.514 -0.529768
48.4486 91.514 -0.459152
59.215 91.514 -0.318239
69.9813 91.514 -0.00732086
5.38318 102.28 -0.514956
16.1495 102.28 -0.831737
26.9159 102.28 -0.903898
37.6822 102.28 -0.943718
48.4486 102.28 -0.898865
59.215 102.28 -0.665026
69.9813 102.28 -0.26189
5.38318 113.047 -0.586671
16.1495 113.047 -0.940087
26.9159 113.047 -1.02719
37.6822 113.047 -1.02257
48.4486 113.047 -0.957505
59.215 113.047 -0.714161
69.9813 113.047 -0.292536
5.38318 123.813 -0.583326
16.1495 123.813 -0.929912
26.9159 123.813 -0.992018
37.6822 123.813 -0.937648
48.4486 123.813 -0.780864
59.215 123.813 -0.442526
69.9813 123.813 -0.114732
5.38318 134.579 -0.568593
16.1495 134.579 -0.889367
26.9159 134.579 -0.90795
37.6822 134.579 -0.696446
48.4486 134.579 -0.387398
59.215 134.579 0.0241602
69.9813 134.579 0.406172
5.38318 145.346 -0.527477
16.1495 145.346 -0.793438
26.9159 145.346 -0.637918
37.6822 145.346 -0.266427
48.4486 145.346 0.594346
59.215 145.346 1.38385
69.9813 145.346 1.19852
5.38318 156.112 -0.392923
16.1495 156.112 -0.498191
26.9159 156.112 -0.254077
37.6822 156.112 0.336874
48.4486 156.112 1.38159
59.215 156.112 1.94903
69.9813 156.112 1.5079
5.38318 166.879 -0.164043
16.1495 166.879 -0.100905
26.9159 166.879 0.369039
37.6822 166.879 0.879701
48.4486 166.879 1.54215
59.215 166.879 1.82461
69.9813 166.879 1.38858
5.38318 177.645 0.221854
16.1495 177.645 0.741138
26.9159 177.645 1.20629
37.6822 177.645 1.3203
48.4486 177.645 1.44785
59.215 177.645 1.43909
69.9813 177.645 1.03309
5.38318 188.411 0.67638
16.1495 188.411 1.43293
26.9159 188.411 1.82049
37.6822 188.411 1.75207
48.4486 188.411 1.68587
59.215 188.411 1.5298
69.9813 188.411 1.08087
5.38318 199.178 0.799355
16.1495 199.178 1.5625
26.9159 199.178 2.04401
37.6822 199.178 2.09268
48.4486 199.178 1.92545
59.215 199.178 1.66586
69.9813 199.178 1.10326
5.38318 209.944 0.581121
16.1495 209.944 1.26371
26.9159 209.944 1.82056
37.6822 209.944 1.94623
48.4486 209.944 1.65857
59.215 209.944 1.2292
69.9813 209.944 0.72438
