26 166
0 146 72 40
0 130 72 72
0 125 72 82
0 72 72 144
0 0 72 216
5.38318 5.38318 -0.0285757
16.1495 5.38318 -0.0613499
26.9159 5.38318 0.175412
37.6822 5.38318 0.409432
48.4486 5.38318 0.660115
59.215 5.38318 0.700398
69.9813 5.38318 0.488018
5.38318 16.1495 -0.102154
16.1495 16.1495 -0.0443495
26.9159 16.1495 0.398911
37.6822 16.1495 0.699906
48.4486 16.1495 0.963575
59.215 16.1495 1.00346
69.9813 16.1495 0.758887
5.38318 26.9159 -0.259719
16.1495 26.9159 -0.299217
26.9159 26.9159 -0.116324
37.6822 26.9159 -0.0101953
48.4486 26.9159 0.290381
59.215 26.9159 0.584085
69.9813 26.9159 0.623905
5.38318 37.6822 -0.137495
16.1495 37.6822 -0.126592
26.9159 37.6822 0.0393377
37.6822 37.6822 -0.0175378
48.4486 37.6822 -0.0507233
59.215 37.6822 0.0261591
69.9813 37.6822 0.24686
5.38318 48.4486 0.137196
16.1495 48.4486 0.372525
26.9159 48.4486 0.69918
37.6822 48.4486 0.348554
48.4486 48.4486 0.012522
59.215 48.4486 -0.0106124
69.9813 48.4486 0.168624
5.38318 59.215 0.256531
16.1495 59.215 0.589893
26.9159 59.215 1.00982
37.6822 59.215 0.75837
48.4486 59.215 0.250763
59.215 59.215 -0.0115919
69.9813 59.215 0.0940571
5.38318 69.9813 0.13303
16.1495 69.9813 0.410692
26.9159 69.9813 0.882169
37.6822 69.9813 0.596588
48.4486 69.9813 -0.0666331
59.215 69.9813 -0.232632
69.9813 69.9813 -0.108699
5.38318 80.7477 -0.243117
16.1495 80.7477 -0.383169
26.9159 80.7477 -0.327295
37.6822 80.7477 -0.417465
48.4486 80.7477 -0.556084
59.215 80.7477 -0.540775
69.9813 80.7477 -0.255125
5.38318 91.514 -0.514672
16.1495 91.514 -0.846901
26.9159 91.514 -0.947907
37.6822 91.514 -0.996676
48.4486 91.514 -0.978733
59.215 91.514 -0.790667
69.9813 91.514 -0.354205
5.38318 102.28 -0.583176
16.1495 102.28 -0.952052
26.9159 102.28 -1.04706
37.6822 102.28 -1.07057
48.4486 102.28 -1.01216
59.215 102.28 -0.800598
69.9813 102.28 -0.352987
5.38318 113.047 -0.578022
16.1495 113.047 -0.925966
26.9159 113.047 -1.00672
37.6822 113.047 -1.01359
48.4486 113.047 -0.966036
59.215 113.047 -0.76773
69.9813 113.047 -0.334891
5.38318 123.813 -0.493647
16.1495 123.813 -0.76473
26.9159 123.813 -0.761326
37.6822 123.813 -0.858963
48.4486 123.813 -0.88471
59.215 123.813 -0.719643
69.9813 123.813 -0.319977
5.38318 134.579 -0.213063
16.1495 134.579 -0.233282
26.9159 134.579 -0.0999715
37.6822 134.579 -0.346738
48.4486 134.579 -0.564276
59.215 134.579 -0.565991
69.9813 134.579 -0.27186
5.38318 145.346 0.583205
16.1495 145.346 1.54446
26.9159 145.346 2.2554
37.6822 145.346 1.38208
48.4486 145.346 0.301932
59.215 145.346 -0.221147
69.9813 145.346 -0.122951
5.38318 156.112 1.28177
16.1495 156.112 2.78907
26.9159 156.112 3.71286
37.6822 156.112 3.00401
48.4486 156.112 1.83567
59.215 156.112 0.736366
69.9813 156.112 0.388392
5.38318 166.879 1.64154
16.1495 166.879 3.2967
26.9159 166.879 4.22787
37.6822 166.879 3.87719
48.4486 166.879 3.0483
59.215 166.879 1.99672
69.9813 166.879 1.15752
5.38318 177.645 1.71936
16.1495 177.645 2.92371
26.9159 177.645 3.47083
37.6822 177.645 3.49975
48.4486 177.645 3.38124
59.215 177.645 2.74274
69.9813 177.645 1.70297
5.38318 188.411 1.89742
16.1495 188.411 2.95782
26.9159 188.411 3.24868
37.6822 188.411 3.33754
48.4486 188.411 3.53748
59.215 188.411 3.088
69.9813 188.411 2.03883
5.38318 199.178 1.96289
16.1495 199.178 2.93842
26.9159 199.178 3.127
37.6822 199.178 2.80496
48.4486 199.178 3.01462
59.215 199.178 2.62468
69.9813 199.178 1.8983
5.38318 209.944 1.2755
16.1495 209.944 1.97955
26.9159 209.944 2.24045
37.6822 209.944 2.04574
48.4486 209.944 2.22952
59.215 209.944 1.89973
69.9813 209.944 1.41347
