37 177
0 157 72 40
0 141 72 72
0 134 72 82
0 72 72 144
0 0 72 216
5.38318 5.38318 0.490348
16.1495 5.38318 0.73672
26.9159 5.38318 0.918774
37.6822 5.38318 0.859651
48.4486 5.38318 0.826017
59.215 5.38318 0.668083
69.9813 5.38318 0.427167
5.38318 16.1495 0.913112
16.1495 16.1495 1.70313
26.9159 16.1495 2.18158
37.6822 16.1495 2.08524
48.4486 16.1495 1.95487
59.215 16.1495 1.51046
69.9813 16.1495 0.94094
5.38318 26.9159 0.957718
16.1495 26.9159 1.90812
26.9159 26.9159 2.56595
37.6822 26.9159 2.50727
48.4486 26.9159 2.35258
59.215 26.9159 1.79582
69.9813 26.9159 1.1468
5.38318 37.6822 1.0282
16.1495 37.6822 2.10191
26.9159 37.6822 3.08692
37.6822 37.6822 3.18398
48.4486 37.6822 2.94819
59.215 37.6822 2.10246
69.9813 37.6822 1.27271
5.38318 48.4486 0.842186
16.1495 48.4486 1.82218
26.9159 48.4486 2.78657
37.6822 48.4486 2.98719
48.4486 48.4486 2.77732
59.215 48.4486 1.98186
69.9813 48.4486 1.16872
5.38318 59.215 0.366937
16.1495 59.215 0.978206
26.9159 59.215 1.83792
37.6822 59.215 2.04911
48.4486 59.215 1.94216
59.215 59.215 1.42295
69.9813 59.215 0.827179
5.38318 69.9813 -0.0336657
16.1495 69.9813 0.0551366
26.9159 69.9813 0.475601
37.6822 69.9813 0.460676
48.4486 69.9813 0.355583
59.215 69.9813 0.26494
69.9813 69.9813 0.197194
5.38318 80.7477 -0.182128
16.1495 80.7477 -0.253467
26.9159 80.7477 -0.208954
37.6822 80.7477 -0.22202
48.4486 80.7477 -0.226723
59.215 80.7477 -0.199641
69.9813 80.7477 -0.0796571
5.38318 91.514 -0.265729
16.1495 91.514 -0.413421
26.9159 91.514 -0.436659
37.6822 91.514 -0.470937
48.4486 91.514 -0.445226
59.215 91.514 -0.364843
69.9813 91.514 -0.153044
5.38318 102.28 -0.294978
16.1495 102.28 -0.442927
26.9159 102.28 -0.436427
37.6822 102.28 -0.427101
48.4486 102.28 -0.405349
59.215 102.28 -0.328784
69.9813 102.28 -0.143759
5.38318 113.047 -0.298919
16.1495 113.047 -0.451495
26.9159 113.047 -0.4527
37.6822 113.047 -0.433066
48.4486 113.047 -0.417
59.215 113.047 -0.328578
69.9813 113.047 -0.148251
5.38318 123.813 -0.296351
16.1495 123.813 -0.444693
26.9159 123.813 -0.417523
37.6822 123.813 -0.392726
48.4486 123.813 -0.369657
59.215 123.813 -0.29883
69.9813 123.813 -0.130515
5.38318 134.579 -0.249693
16.1495 134.579 -0.334251
26.9159 134.579 -0.224452
37.6822 134.579 -0.175627
48.4486 134.579 -0.17848
59.215 134.579 -0.180881
69.9813 134.579 -0.0743547
5.38318 145.346 -0.0918871
16.1495 145.346 -0.0231461
26.9159 145.346 0.49526
37.6822 145.346 0.698521
48.4486 145.346 0.601735
59.215 145.346 0.319771
69.9813 145.346 0.23472
5.38318 156.112 0.29204
16.1495 156.112 1.03572
26.9159 156.112 1.94643
37.6822 156.112 2.24495
48.4486 156.112 1.90518
59.215 156.112 1.17518
69.9813 156.112 0.613126
5.38318 166.879 0.727618
16.1495 166.879 1.91644
26.9159 166.879 3.23689
37.6822 166.879 3.71917
48.4486 166.879 3.18547
59.215 166.879 2.01072
69.9813 166.879 1.02373
5.38318 177.645 0.86455
16.1495 177.645 2.29489
26.9159 177.645 3.8233
37.6822 177.645 4.44735
48.4486 177.645 3.82447
59.215 177.645 2.41172
69.9813 177.645 1.1829
5.38318 188.411 0.798003
16.1495 188.411 1.97316
26.9159 188.411 3.18346
37.6822 188.411 3.65109
48.4486 188.411 3.07419
59.215 188.411 2.00479
69.9813 188.411 0.988513
5.38318 199.178 0.477219
16.1495 199.178 1.43428
26.9159 199.178 2.23544
37.6822 199.178 2.63748
48.4486 199.178 2.13032
59.215 199.178 1.46253
69.9813 199.178 0.725458
5.38318 209.944 0.440941
16.1495 209.944 1.18545
26.9159 209.944 1.82725
37.6822 209.944 2.17887
48.4486 209.944 1.7354
59.215 209.944 1.16499
69.9813 209.944 0.55971
