37 188
0 168 72 40
0 144 72 72
0 134 72 82
0 72 72 144
0 0 72 216
5.38318 5.38318 0.457539
16.1495 5.38318 0.980471
26.9159 5.38318 1.44775
37.6822 5.38318 1.39929
48.4486 5.38318 0.977607
59.215 5.38318 0.475895
69.9813 5.38318 0.204576
5.38318 16.1495 0.887681
16.1495 16.1495 1.86191
26.9159 16.1495 2.64355
37.6822 16.1495 2.55802
48.4486 16.1495 1.86115
59.215 16.1495 1.07318
69.9813 16.1495 0.533504
5.38318 26.9159 1.38727
16.1495 26.9159 2.49719
26.9159 26.9159 3.12933
37.6822 26.9159 2.85868
48.4486 26.9159 2.10707
59.215 26.9159 1.28265
69.9813 26.9159 0.675665
5.38318 37.6822 2.06383
16.1495 37.6822 3.22695
26.9159 37.6822 3.3725
37.6822 37.6822 2.75353
48.4486 37.6822 2.12921
59.215 37.6822 1.59406
69.9813 37.6822 0.998094
5.38318 48.4486 2.33473
16.1495 48.4486 3.56671
26.9159 48.4486 3.58378
37.6822 48.4486 2.83111
48.4486 48.4486 2.44554
59.215 48.4486 2.08053
69.9813 48.4486 1.43449
5.38318 59.215 1.73634
16.1495 59.215 2.89378
26.9159 59.215 3.16669
37.6822 59.215 2.75623
48.4486 59.215 2.58484
59.215 59.215 2.46777
69.9813 59.215 1.7503
5.38318 69.9813 0.676053
16.1495 69.9813 1.62986
26.9159 69.9813 2.1494
37.6822 69.9813 2.21157
48.4486 69.9813 2.23943
59.215 69.9813 2.32416
69.9813 69.9813 1.71229
5.38318 80.7477 0.136354
16.1495 80.7477 0.809245
26.9159 80.7477 1.27278
37.6822 80.7477 1.30618
48.4486 80.7477 1.15283
59.215 80.7477 1.27711
69.9813 80.7477 0.972048
5.38318 91.514 -0.168583
16.1495 91.514 -0.147723
26.9159 91.514 -0.0345158
37.6822 91.514 -0.041481
48.4486 91.514 -0.187007
59.215 91.514 -0.158258
69.9813 91.514 -0.0688188
5.38318 102.28 -0.271983
16.1495 102.28 -0.405878
26.9159 102.28 -0.387438
37.6822 102.28 -0.393297
48.4486 102.28 -0.438937
59.215 102.28 -0.34777
69.9813 102.28 -0.170324
5.38318 113.047 -0.299753
16.1495 113.047 -0.453456
26.9159 113.047 -0.457723
37.6822 113.047 -0.43881
48.4486 113.047 -0.426149
59.215 113.047 -0.337069
69.9813 113.047 -0.154428
5.38318 123.813 -0.264029
16.1495 123.813 -0.400535
26.9159 123.813 -0.379705
37.6822 123.813 -0.389325
48.4486 123.813 -0.386821
59.215 123.813 -0.306153
69.9813 123.813 -0.132585
5.38318 134.579 -0.182492
16.1495 134.579 -0.264639
26.9159 134.579 -0.213019
37.6822 134.579 -0.231893
48.4486 134.579 -0.240417
59.215 134.579 -0.193562
69.9813 134.579 -0.0694786
5.38318 145.346 -0.0169974
16.1495 145.346 0.00773586
26.9159 145.346 0.224755
37.6822 145.346 0.115984
48.4486 145.346 0.0387128
59.215 145.346 0.041311
69.9813 145.346 0.140764
5.38318 156.112 0.321784
16.1495 156.112 0.724558
26.9159 156.112 1.29465
37.6822 156.112 1.28237
48.4486 156.112 1.2453
59.215 156.112 0.878127
69.9813 156.112 0.605752
5.38318 166.879 0.722812
16.1495 166.879 1.56904
26.9159 166.879 2.53697
37.6822 166.879 2.53721
48.4486 166.879 2.41841
59.215 166.879 1.71837
69.9813 166.879 1.0917
5.38318 177.645 1.06376
16.1495 177.645 2.368
26.9159 177.645 3.88316
37.6822 177.645 4.06759
48.4486 177.645 3.88891
59.215 177.645 2.60198
69.9813 177.645 1.54515
5.38318 188.411 1.14558
16.1495 188.411 2.51723
26.9159 188.411 4.24267
37.6822 188.411 4.60145
48.4486 188.411 4.35132
59.215 188.411 2.88502
69.9813 188.411 1.65463
5.38318 199.178 0.926987
16.1495 199.178 2.09374
26.9159 199.178 3.70782
37.6822 199.178 4.00002
48.4486 199.178 3.61737
59.215 199.178 2.31079
69.9813 199.178 1.27346
5.38318 209.944 0.446548
16.1495 209.944 0.962262
26.9159 209.944 1.63171
37.6822 209.944 1.64586
48.4486 209.944 1.43032
59.215 209.944 0.943044
69.9813 209.944 0.554872
