37 37
0 17 72 40
0 1 72 72
0 0 72 82
0 0 72 144
0 0 72 216
5.38318 5.38318 0.615088
16.1495 5.38318 1.1276
26.9159 5.38318 1.57618
37.6822 5.38318 1.73301
48.4486 5.38318 1.55049
59.215 5.38318 1.13851
69.9813 5.38318 0.634506
5.38318 16.1495 0.97768
16.1495 16.1495 2.13542
26.9159 16.1495 3.1863
37.6822 16.1495 3.5873
48.4486 16.1495 3.21165
59.215 16.1495 2.27968
69.9813 16.1495 1.26322
5.38318 26.9159 1.22271
16.1495 26.9159 2.76183
26.9159 26.9159 4.2998
37.6822 26.9159 4.8443
48.4486 26.9159 4.27357
59.215 26.9159 3.01965
69.9813 26.9159 1.61833
5.38318 37.6822 1.40444
16.1495 37.6822 3.12494
26.9159 37.6822 4.70829
37.6822 37.6822 5.14263
48.4486 37.6822 4.44512
59.215 37.6822 3.12132
69.9813 37.6822 1.72498
5.38318 48.4486 1.98302
16.1495 48.4486 3.65486
26.9159 48.4486 4.67184
37.6822 48.4486 4.72287
48.4486 48.4486 4.27752
59.215 48.4486 3.36359
69.9813 48.4486 2.08975
5.38318 59.215 2.1894
16.1495 59.215 3.64801
26.9159 59.215 3.94839
37.6822 59.215 3.82018
48.4486 59.215 3.75882
59.215 59.215 3.55023
69.9813 59.215 2.42342
5.38318 69.9813 1.9226
16.1495 69.9813 3.11446
26.9159 69.9813 3.23417
37.6822 69.9813 3.07932
48.4486 69.9813 2.9506
59.215 69.9813 2.89893
69.9813 69.9813 1.98042
5.38318 80.7477 0.329415
16.1495 80.7477 0.734332
26.9159 80.7477 0.96477
37.6822 80.7477 1.01834
48.4486 80.7477 0.56506
59.215 80.7477 0.809111
69.9813 80.7477 0.601576
5.38318 91.514 -0.53922
16.1495 91.514 -0.822537
26.9159 91.514 -0.798864
37.6822 91.514 -0.729004
48.4486 91.514 -0.863136
59.215 91.514 -0.644577
69.9813 91.514 -0.347923
5.38318 102.28 -0.583079
16.1495 102.28 -0.924892
26.9159 102.28 -0.992799
37.6822 102.28 -0.987385
48.4486 102.28 -0.976311
59.215 102.28 -0.781839
69.9813 102.28 -0.373991
5.38318 113.047 -0.573688
16.1495 113.047 -0.917936
26.9159 113.047 -0.996844
37.6822 113.047 -0.998341
48.4486 113.047 -0.948122
59.215 113.047 -0.744686
69.9813 113.047 -0.321049
5.38318 123.813 -0.545417
16.1495 123.813 -0.859215
26.9159 123.813 -0.920553
37.6822 123.813 -0.919514
48.4486 123.813 -0.875338
59.215 123.813 -0.654152
69.9813 123.813 -0.272298
5.38318 134.579 -0.448929
16.1495 134.579 -0.665044
26.9159 134.579 -0.653984
37.6822 134.579 -0.659484
48.4486 134.579 -0.63024
59.215 134.579 -0.465725
69.9813 134.579 -0.165969
5.38318 145.346 -0.293296
16.1495 145.346 -0.364383
26.9159 145.346 -0.289568
37.6822 145.346 -0.240975
48.4486 145.346 -0.218106
59.215 145.346 -0.141536
69.9813 145.346 0.0433622
5.38318 156.112 -0.0616372
16.1495 156.112 0.203656
26.9159 156.112 0.783539
37.6822 156.112 1.06015
48.4486 156.112 1.05663
59.215 156.112 0.829718
69.9813 156.112 0.606505
5.38318 166.879 0.229466
16.1495 166.879 0.842005
26.9159 166.879 1.80117
37.6822 166.879 2.11048
48.4486 166.879 2.12553
59.215 166.879 1.60765
69.9813 166.879 0.997952
5.38318 177.645 0.4884
16.1495 177.645 1.35467
26.9159 177.645 2.53281
37.6822 177.645 2.85446
48.4486 177.645 2.82133
59.215 177.645 1.9584
69.9813 177.645 1.15743
5.38318 188.411 0.457277
16.1495 188.411 1.34464
26.9159 188.411 2.66398
37.6822 188.411 2.97306
48.4486 188.411 2.85666
59.215 188.411 1.83303
69.9813 188.411 1.07442
5.38318 199.178 0.294439
16.1495 199.178 1.09571
26.9159 199.178 2.31179
37.6822 199.178 2.56905
48.4486 199.178 2.27356
59.215 199.178 1.33787
69.9813 199.178 0.739293
5.38318 209.944 0.119386
16.1495 209.944 0.518927
26.9159 209.944 1.17635
37.6822 209.944 1.24709
48.4486 209.944 1.06027
59.215 209.944 0.605028
69.9813 209.944 0.402124
