37 59
0 39 72 40
0 23 72 72
0 18 72 82
0 0 72 144
0 0 72 216
5.38318 5.38318 -0.0201847
16.1495 5.38318 0.064582
26.9159 5.38318 0.641997
37.6822 5.38318 1.42904
48.4486 5.38318 1.86162
59.215 5.38318 1.65199
69.9813 5.38318 1.008
5.38318 16.1495 0.00545322
16.1495 16.1495 0.501371
26.9159 16.1495 1.56354
37.6822 16.1495 2.59091
48.4486 16.1495 3.17261
59.215 16.1495 2.79887
69.9813 16.1495 1.74491
5.38318 26.9159 0.0964183
16.1495 26.9159 0.840097
26.9159 26.9159 2.19014
37.6822 26.9159 3.09113
48.4486 26.9159 3.35501
59.215 26.9159 2.83536
69.9813 26.9159 1.71344
5.38318 37.6822 0.808775
16.1495 37.6822 1.99593
26.9159 37.6822 3.2801
37.6822 37.6822 3.58502
48.4486 37.6822 3.18285
59.215 37.6822 2.31218
69.9813 37.6822 1.3177
5.38318 48.4486 1.39451
16.1495 48.4486 2.90568
26.9159 48.4486 4.36057
37.6822 48.4486 4.41279
48.4486 48.4486 3.83117
59.215 48.4486 2.64351
69.9813 48.4486 1.50392
5.38318 59.215 1.44468
16.1495 59.215 2.90748
26.9159 59.215 4.50412
37.6822 59.215 4.75064
48.4486 59.215 4.52498
59.215 59.215 3.27954
69.9813 59.215 1.93438
5.38318 69.9813 0.991193
16.1495 69.9813 2.09588
26.9159 69.9813 3.65468
37.6822 69.9813 4.05492
48.4486 69.9813 4.08257
59.215 69.9813 3.05026
69.9813 69.9813 1.84947
5.38318 80.7477 -0.05453
16.1495 80.7477 0.270058
26.9159 80.7477 1.48977
37.6822 80.7477 1.8326
48.4486 80.7477 1.96314
59.215 80.7477 1.41265
69.9813 80.7477 0.97617
5.38318 91.514 -0.427118
16.1495 91.514 -0.633651
26.9159 91.514 -0.478297
37.6822 91.514 -0.510926
48.4486 91.514 -0.50031
59.215 91.514 -0.417671
69.9813 91.514 -0.143228
5.38318 102.28 -0.566179
16.1495 102.28 -0.906284
26.9159 102.28 -0.975335
37.6822 102.28 -0.984838
48.4486 102.28 -0.947817
59.215 102.28 -0.751317
69.9813 102.28 -0.332134
5.38318 113.047 -0.586264
16.1495 113.047 -0.941472
26.9159 113.047 -1.02892
37.6822 113.047 -1.03214
48.4486 113.047 -0.977377
59.215 113.047 -0.771861
69.9813 113.047 -0.335581
5.38318 123.813 -0.577954
16.1495 123.813 -0.921952
26.9159 123.813 -0.997736
37.6822 123.813 -0.995154
48.4486 123.813 -0.942693
59.215 123.813 -0.730821
69.9813 123.813 -0.312991
5.38318 134.579 -0.549784
16.1495 134.579 -0.871518
26.9159 134.579 -0.940663
37.6822 134.579 -0.928063
48.4486 134.579 -0.87286
59.215 134.579 -0.598029
69.9813 134.579 -0.236133
5.38318 145.346 -0.502866
16.1495 145.346 -0.793966
26.9159 145.346 -0.784411
37.6822 145.346 -0.72934
48.4486 145.346 -0.613743
59.215 145.346 -0.331087
69.9813 145.346 -0.0680004
5.38318 156.112 -0.395326
16.1495 156.112 -0.625836
26.9159 156.112 -0.58232
37.6822 156.112 -0.443456
48.4486 156.112 -0.202934
59.215 156.112 0.386079
69.9813 156.112 0.563774
5.38318 166.879 -0.278991
16.1495 166.879 -0.482448
26.9159 166.879 -0.381203
37.6822 166.879 -0.132714
48.4486 166.879 0.816081
59.215 166.879 1.48019
69.9813 166.879 1.23162
5.38318 177.645 -0.151298
16.1495 177.645 -0.282043
26.9159 177.645 -0.136272
37.6822 177.645 0.440879
48.4486 177.645 1.56092
59.215 177.645 2.03587
69.9813 177.645 1.59048
5.38318 188.411 -0.0277115
16.1495 188.411 -0.10075
26.9159 188.411 0.186551
37.6822 188.411 0.716202
48.4486 188.411 1.61794
59.215 188.411 1.91952
69.9813 188.411 1.47073
5.38318 199.178 -0.0671197
16.1495 199.178 -0.0728291
26.9159 199.178 0.247789
37.6822 199.178 0.570213
48.4486 199.178 1.0928
59.215 199.178 1.38124
69.9813 199.178 1.11558
5.38318 209.944 -0.0463974
16.1495 209.944 0.0190093
26.9159 209.944 0.322049
37.6822 209.944 0.441559
48.4486 209.944 0.659388
59.215 209.944 0.831665
69.9813 209.944 0.707044
