48 166
0 146 72 40
0 130 72 72
0 125 72 82
0 72 72 144
0 0 72 216
5.38318 5.38318 0.767398
16.1495 5.38318 1.184
26.9159 5.38318 1.41093
37.6822 5.38318 1.51257
48.4486 5.38318 1.31336
59.215 5.38318 1.03921
69.9813 5.38318 0.563866
5.38318 16.1495 1.66234
16.1495 16.1495 2.60355
26.9159 16.1495 2.89516
37.6822 16.1495 2.99158
48.4486 16.1495 2.63742
59.215 16.1495 2.10924
69.9813 16.1495 1.15845
5.38318 26.9159 2.44885
16.1495 26.9159 3.78112
26.9159 26.9159 3.92077
37.6822 26.9159 3.72204
48.4486 26.9159 3.10942
59.215 26.9159 2.49806
69.9813 26.9159 1.34285
5.38318 37.6822 2.5919
16.1495 37.6822 3.92346
26.9159 37.6822 3.90039
37.6822 37.6822 3.31386
48.4486 37.6822 2.5546
59.215 37.6822 2.01053
69.9813 37.6822 1.08439
5.38318 48.4486 1.73689
16.1495 48.4486 2.72186
26.9159 48.4486 2.76169
37.6822 48.4486 2.25198
48.4486 48.4486 1.51596
59.215 48.4486 1.2381
69.9813 48.4486 0.781501
5.38318 59.215 0.911107
16.1495 59.215 1.50848
26.9159 59.215 1.57968
37.6822 59.215 1.06368
48.4486 59.215 0.569345
59.215 59.215 0.617132
69.9813 59.215 0.575036
5.38318 69.9813 0.479897
16.1495 69.9813 0.700674
26.9159 69.9813 0.678199
37.6822 69.9813 0.0656078
48.4486 69.9813 -0.0806897
59.215 69.9813 0.235154
69.9813 69.9813 0.477959
5.38318 80.7477 -0.0794454
16.1495 80.7477 -0.191023
26.9159 80.7477 -0.234303
37.6822 80.7477 -0.478414
48.4486 80.7477 -0.549929
59.215 80.7477 -0.385807
69.9813 80.7477 -0.0844275
5.38318 91.514 -0.457405
16.1495 91.514 -0.761283
26.9159 91.514 -0.827406
37.6822 91.514 -0.954587
48.4486 91.514 -0.948772
59.215 91.514 -0.751017
69.9813 91.514 -0.312641
5.38318 102.28 -0.5741
16.1495 102.28 -0.927528
26.9159 102.28 -1.00976
37.6822 102.28 -1.03039
48.4486 102.28 -0.983706
59.215 102.28 -0.783792
69.9813 102.28 -0.342264
5.38318 113.047 -0.57971
16.1495 113.047 -0.923325
26.9159 113.047 -0.994787
37.6822 113.047 -0.984351
48.4486 113.047 -0.928253
59.215 113.047 -0.699791
69.9813 113.047 -0.29507
5.38318 123.813 -0.555359
16.1495 123.813 -0.866741
26.9159 123.813 -0.851548
37.6822 123.813 -0.755999
48.4486 123.813 -0.668998
59.215 123.813 -0.457566
69.9813 123.813 -0.166998
5.38318 134.579 -0.488305
16.1495 134.579 -0.681629
26.9159 134.579 -0.47204
37.6822 134.579 -0.261681
48.4486 134.579 -0.182705
59.215 134.579 -0.0236518
69.9813 134.579 0.157973
5.38318 145.346 -0.349304
16.1495 145.346 -0.33546
26.9159 145.346 0.446568
37.6822 145.346 1.36827
48.4486 145.346 1.6945
59.215 145.346 1.49992
69.9813 145.346 0.952528
5.38318 156.112 -0.154988
16.1495 156.112 0.277881
26.9159 156.112 2.00763
37.6822 156.112 3.15378
48.4486 156.112 3.42638
59.215 156.112 2.77796
69.9813 156.112 1.61294
5.38318 166.879 -0.0412174
16.1495 166.879 0.911962
26.9159 166.879 2.97754
37.6822 166.879 4.54762
48.4486 166.879 4.96611
59.215 166.879 3.83693
69.9813 166.879 2.14403
5.38318 177.645 0.160887
16.1495 177.645 1.24485
26.9159 177.645 3.1419
37.6822 177.645 4.55266
48.4486 177.645 4.77724
59.215 177.645 3.71313
69.9813 177.645 2.10008
5.38318 188.411 0.135963
16.1495 188.411 0.927177
26.9159 188.411 2.48793
37.6822 188.411 3.50386
48.4486 188.411 3.76496
59.215 188.411 3.11833
69.9813 188.411 1.87344
5.38318 199.178 0.282887
16.1495 199.178 0.762109
26.9159 199.178 1.63909
37.6822 199.178 1.80271
48.4486 199.178 1.99127
59.215 199.178 1.91888
69.9813 199.178 1.3777
5.38318 209.944 0.302452
16.1495 209.944 0.65311
26.9159 209.944 1.19488
37.6822 209.944 1.18243
48.4486 209.944 1.4301
59.215 209.944 1.44824
69.9813 209.944 1.0929
