26 177
0 157 72 40
0 141 72 72
0 134 72 82
0 72 72 144
0 0 72 216
5.38318 5.38318 0.42167
16.1495 5.38318 0.678358
26.9159 5.38318 1.06935
37.6822 5.38318 1.04883
48.4486 5.38318 1.01533
59.215 5.38318 0.654507
69.9813 5.38318 0.444892
5.38318 16.1495 0.622468
16.1495 16.1495 1.29243
26.9159 16.1495 2.0515
37.6822 16.1495 2.06116
48.4486 16.1495 1.9974
59.215 16.1495 1.35029
69.9813 16.1495 0.889834
5.38318 26.9159 0.634436
16.1495 26.9159 1.52516
26.9159 26.9159 2.64867
37.6822 26.9159 2.7361
48.4486 26.9159 2.52718
59.215 26.9159 1.63143
69.9813 26.9159 0.989363
5.38318 37.6822 0.679447
16.1495 37.6822 1.58369
26.9159 37.6822 2.71474
37.6822 37.6822 2.89501
48.4486 37.6822 2.58091
59.215 37.6822 1.67646
69.9813 37.6822 0.937083
5.38318 48.4486 0.942523
16.1495 48.4486 1.77038
26.9159 48.4486 2.6075
37.6822 48.4486 2.64081
48.4486 48.4486 2.19327
59.215 48.4486 1.4992
69.9813 48.4486 0.821887
5.38318 59.215 1.06502
16.1495 59.215 1.77029
26.9159 59.215 1.9951
37.6822 59.215 1.84527
48.4486 59.215 1.55015
59.215 59.215 1.37362
69.9813 59.215 0.933225
5.38318 69.9813 0.95334
16.1495 69.9813 1.53499
26.9159 69.9813 1.48086
37.6822 69.9813 1.22052
48.4486 69.9813 1.09597
59.215 69.9813 1.20095
69.9813 69.9813 0.94515
5.38318 80.7477 0.223176
16.1495 80.7477 0.580988
26.9159 80.7477 0.648394
37.6822 80.7477 0.562928
48.4486 80.7477 0.53535
59.215 80.7477 0.712709
69.9813 80.7477 0.638719
5.38318 91.514 -0.258056
16.1495 91.514 -0.321539
26.9159 91.514 -0.244951
37.6822 91.514 -0.169098
48.4486 91.514 -0.149414
59.215 91.514 -0.0431533
69.9813 91.514 0.120768
5.38318 102.28 -0.303197
16.1495 102.28 -0.423051
26.9159 102.28 -0.35085
37.6822 102.28 -0.302512
48.4486 102.28 -0.314035
59.215 102.28 -0.25181
69.9813 102.28 -0.113069
5.38318 113.047 -0.3031
16.1495 113.047 -0.455642
26.9159 113.047 -0.451151
37.6822 113.047 -0.42032
48.4486 113.047 -0.397134
59.215 113.047 -0.306229
69.9813 113.047 -0.135342
5.38318 123.813 -0.295413
16.1495 123.813 -0.431847
26.9159 123.813 -0.361422
37.6822 123.813 -0.287652
48.4486 123.813 -0.246792
59.215 123.813 -0.187796
69.9813 123.813 -0.0668394
5.38318 134.579 -0.223547
16.1495 134.579 -0.288394
26.9159 134.579 -0.155814
37.6822 134.579 -0.0166075
48.4486 134.579 0.0659703
59.215 134.579 0.0900246
69.9813 134.579 0.172262
5.38318 145.346 0.0852401
16.1495 145.346 0.28446
26.9159 145.346 0.733268
37.6822 145.346 1.00553
48.4486 145.346 1.0419
59.215 145.346 0.813267
69.9813 145.346 0.555776
5.38318 156.112 1.02486
16.1495 156.112 1.63482
26.9159 156.112 2.02687
37.6822 156.112 1.99389
48.4486 156.112 1.80362
59.215 156.112 1.37172
69.9813 156.112 0.86065
5.38318 166.879 2.11565
16.1495 166.879 3.19371
26.9159 166.879 3.48318
37.6822 166.879 2.8659
48.4486 166.879 2.26021
59.215 166.879 1.57358
69.9813 166.879 0.981864
5.38318 177.645 2.74875
16.1495 177.645 4.10191
26.9159 177.645 4.23811
37.6822 177.645 3.13128
48.4486 177.645 2.2446
59.215 177.645 1.53031
69.9813 177.645 0.967052
5.38318 188.411 2.46792
16.1495 188.411 3.66186
26.9159 188.411 3.87381
37.6822 188.411 2.93006
48.4486 188.411 2.16405
59.215 188.411 1.48479
69.9813 188.411 0.892948
5.38318 199.178 1.36458
16.1495 199.178 1.90693
26.9159 199.178 2.2159
37.6822 199.178 1.76568
48.4486 199.178 1.44804
59.215 199.178 1.00469
69.9813 199.178 0.604019
5.38318 209.944 0.707644
16.1495 209.944 0.971893
26.9159 209.944 1.20005
37.6822 209.944 0.972882
48.4486 209.944 0.769036
59.215 209.944 0.479725
69.9813 209.944 0.251684
