37 26
0 6 72 40
0 0 72 72
0 0 72 82
0 0 72 144
0 0 72 216
5.38318 5.38318 0.259951
16.1495 5.38318 0.739054
26.9159 5.38318 1.38989
37.6822 5.38318 1.56423
48.4486 5.38318 1.22191
59.215 5.38318 0.634687
69.9813 5.38318 0.231187
5.38318 16.1495 0.485538
16.1495 16.1495 1.627
26.9159 16.1495 2.92539
37.6822 16.1495 3.38075
48.4486 16.1495 2.70067
59.215 16.1495 1.53552
69.9813 16.1495 0.640007
5.38318 26.9159 0.567697
16.1495 26.9159 2.01557
26.9159 26.9159 3.65512
37.6822 26.9159 4.27231
48.4486 26.9159 3.36612
59.215 26.9159 1.817
69.9813 26.9159 0.706929
5.38318 37.6822 0.788644
16.1495 37.6822 2.15105
26.9159 37.6822 3.50139
37.6822 37.6822 3.92329
48.4486 37.6822 3.13884
59.215 37.6822 1.80091
69.9813 37.6822 0.856854
5.38318 48.4486 0.774934
16.1495 48.4486 1.82863
26.9159 48.4486 2.54559
37.6822 48.4486 2.6967
48.4486 48.4486 2.25474
59.215 48.4486 1.4543
69.9813 48.4486 0.843925
5.38318 59.215 0.58803
16.1495 59.215 1.47741
26.9159 59.215 2.0682
37.6822 59.215 2.24659
48.4486 59.215 1.96765
59.215 59.215 1.37356
69.9813 59.215 0.804356
5.38318 69.9813 0.189736
16.1495 69.9813 0.717875
26.9159 69.9813 1.17021
37.6822 69.9813 1.27177
48.4486 69.9813 0.993107
59.215 69.9813 0.636897
69.9813 69.9813 0.39705
5.38318 80.7477 -0.161874
16.1495 80.7477 -0.151383
26.9159 80.7477 -0.00656318
37.6822 80.7477 0.112731
48.4486 80.7477 -0.0047959
59.215 80.7477 -0.0342663
69.9813 80.7477 0.0421878
5.38318 91.514 -0.262984
16.1495 91.514 -0.372073
26.9159 91.514 -0.342012
37.6822 91.514 -0.319503
48.4486 91.514 -0.342298
59.215 91.514 -0.289159
69.9813 91.514 -0.12734
5.38318 102.28 -0.299639
16.1495 102.28 -0.45234
26.9159 102.28 -0.437356
37.6822 102.28 -0.3863
48.4486 102.28 -0.36757
59.215 102.28 -0.293128
69.9813 102.28 -0.137112
5.38318 113.047 -0.30029
16.1495 113.047 -0.456024
26.9159 113.047 -0.462382
37.6822 113.047 -0.44521
48.4486 113.047 -0.427112
59.215 113.047 -0.334768
69.9813 113.047 -0.148132
5.38318 123.813 -0.297702
16.1495 123.813 -0.4504
26.9159 123.813 -0.442654
37.6822 123.813 -0.428744
48.4486 123.813 -0.405143
59.215 123.813 -0.31238
69.9813 123.813 -0.136404
5.38318 134.579 -0.228019
16.1495 134.579 -0.30748
26.9159 134.579 -0.19279
37.6822 134.579 -0.178459
48.4486 134.579 -0.208546
59.215 134.579 -0.192626
69.9813 134.579 -0.0903135
5.38318 145.346 -0.0785615
16.1495 145.346 0.0880395
26.9159 145.346 0.750593
37.6822 145.346 0.711562
48.4486 145.346 0.416794
59.215 145.346 0.0477729
69.9813 145.346 0.0053947
5.38318 156.112 0.360068
16.1495 156.112 1.24901
26.9159 156.112 2.29866
37.6822 156.112 2.23129
48.4486 156.112 1.62462
59.215 156.112 0.725262
69.9813 156.112 0.306001
5.38318 166.879 0.63196
16.1495 166.879 1.82775
26.9159 166.879 3.22993
37.6822 166.879 3.22618
48.4486 166.879 2.45289
59.215 166.879 1.27668
69.9813 166.879 0.587424
5.38318 177.645 0.73405
16.1495 177.645 1.9493
26.9159 177.645 3.24991
37.6822 177.645 3.42941
48.4486 177.645 2.76961
59.215 177.645 1.67109
69.9813 177.645 0.890759
5.38318 188.411 0.492651
16.1495 188.411 1.42761
26.9159 188.411 2.25055
37.6822 188.411 2.6258
48.4486 188.411 2.29267
59.215 188.411 1.69086
69.9813 188.411 0.961377
5.38318 199.178 0.23223
16.1495 199.178 1.05201
26.9159 199.178 1.7665
37.6822 199.178 2.27132
48.4486 199.178 1.86904
59.215 199.178 1.50146
69.9813 199.178 0.812987
5.38318 209.944 0.173302
16.1495 209.944 0.869554
26.9159 209.944 1.29966
37.6822 209.944 1.62421
48.4486 209.944 1.13799
59.215 209.944 0.870136
69.9813 209.944 0.430873
