26 177
0 157 72 40
0 141 72 72
0 134 72 82
0 72 72 144
0 0 72 216
5.38318 5.38318 0.305971
16.1495 5.38318 0.518844
26.9159 5.38318 0.771028
37.6822 5.38318 0.966839
48.4486 5.38318 0.909898
59.215 5.38318 0.711264
69.9813 5.38318 0.424951
5.38318 16.1495 0.840174
16.1495 16.1495 1.53953
26.9159 16.1495 2.13918
37.6822 16.1495 2.42113
48.4486 16.1495 2.22122
59.215 16.1495 1.66614
69.9813 16.1495 0.970442
5.38318 26.9159 1.35913
16.1495 26.9159 2.40904
26.9159 26.9159 3.27343
37.6822 26.9159 3.65146
48.4486 26.9159 3.31371
59.215 26.9159 2.48563
69.9813 26.9159 1.41642
5.38318 37.6822 1.85198
16.1495 37.6822 3.1893
26.9159 37.6822 4.0645
37.6822 37.6822 4.25525
48.4486 37.6822 3.73332
59.215 37.6822 2.77043
69.9813 37.6822 1.54532
5.38318 48.4486 1.63794
16.1495 48.4486 2.80048
26.9159 48.4486 3.51383
37.6822 48.4486 3.53815
48.4486 48.4486 2.95402
59.215 48.4486 2.23549
69.9813 48.4486 1.24243
5.38318 59.215 0.78616
16.1495 59.215 1.60675
26.9159 59.215 2.24082
37.6822 59.215 2.36978
48.4486 59.215 1.85748
59.215 59.215 1.46078
69.9813 59.215 0.767951
5.38318 69.9813 0.278405
16.1495 69.9813 0.686833
26.9159 69.9813 1.30146
37.6822 69.9813 1.43273
48.4486 69.9813 0.991651
59.215 69.9813 0.773996
69.9813 69.9813 0.373143
5.38318 80.7477 -0.159193
16.1495 80.7477 -0.171721
26.9159 80.7477 0.107249
37.6822 80.7477 0.283048
48.4486 80.7477 0.114265
59.215 80.7477 0.177004
69.9813 80.7477 0.0967125
5.38318 91.514 -0.283063
16.1495 91.514 -0.406171
26.9159 91.514 -0.313448
37.6822 91.514 -0.27934
48.4486 91.514 -0.313356
59.215 91.514 -0.249427
69.9813 91.514 -0.132101
5.38318 102.28 -0.302823
16.1495 102.28 -0.452736
26.9159 102.28 -0.408284
37.6822 102.28 -0.390701
48.4486 102.28 -0.386894
59.215 102.28 -0.313354
69.9813 102.28 -0.144755
5.38318 113.047 -0.300879
16.1495 113.047 -0.455783
26.9159 113.047 -0.458976
37.6822 113.047 -0.441605
48.4486 113.047 -0.424198
59.215 113.047 -0.332125
69.9813 113.047 -0.146904
5.38318 123.813 -0.300172
16.1495 123.813 -0.456417
26.9159 123.813 -0.464157
37.6822 123.813 -0.448886
48.4486 123.813 -0.430754
59.215 123.813 -0.335307
69.9813 123.813 -0.147993
5.38318 134.579 -0.240846
16.1495 134.579 -0.322911
26.9159 134.579 -0.261073
37.6822 134.579 -0.261265
48.4486 134.579 -0.295114
59.215 134.579 -0.265837
69.9813 134.579 -0.121019
5.38318 145.346 -0.0662454
16.1495 145.346 0.18181
26.9159 145.346 0.591614
37.6822 145.346 0.553863
48.4486 145.346 0.162753
59.215 145.346 -0.0567395
69.9813 145.346 -0.032165
5.38318 156.112 0.545886
16.1495 156.112 1.62197
26.9159 156.112 2.39616
37.6822 156.112 2.2105
48.4486 156.112 1.37357
59.215 156.112 0.523208
69.9813 156.112 0.217825
5.38318 166.879 1.07649
16.1495 166.879 2.77887
26.9159 166.879 4.03113
37.6822 166.879 3.74218
48.4486 166.879 2.37341
59.215 166.879 1.12967
69.9813 166.879 0.463359
5.38318 177.645 1.30109
16.1495 177.645 3.21362
26.9159 177.645 4.54491
37.6822 177.645 4.1047
48.4486 177.645 2.5988
59.215 177.645 1.21238
69.9813 177.645 0.544842
5.38318 188.411 1.13416
16.1495 188.411 2.55374
26.9159 188.411 3.44891
37.6822 188.411 3.01662
48.4486 188.411 1.93828
59.215 188.411 0.90497
69.9813 188.411 0.469422
5.38318 199.178 0.673275
16.1495 199.178 1.48531
26.9159 199.178 2.0046
37.6822 199.178 1.71098
48.4486 199.178 1.13076
59.215 199.178 0.486644
69.9813 199.178 0.293966
5.38318 209.944 0.356879
16.1495 209.944 0.776535
26.9159 209.944 1.10982
37.6822 209.944 0.946535
48.4486 209.944 0.608995
59.215 209.944 0.255519
69.9813 209.944 0.127722
