37 37
0 17 72 40
0 1 72 72
0 0 72 82
0 0 72 144
0 0 72 216
5.38318 5.38318 0.172219
16.1495 5.38318 0.416443
26.9159 5.38318 1.01376
37.6822 5.38318 1.38828
48.4486 5.38318 1.47905
59.215 5.38318 1.18557
69.9813 5.38318 0.722956
5.38318 16.1495 0.250648
16.1495 16.1495 0.951384
26.9159 16.1495 2.31275
37.6822 16.1495 3.20763
48.4486 16.1495 3.35701
59.215 16.1495 2.64683
69.9813 16.1495 1.52232
5.38318 26.9159 0.192235
16.1495 26.9159 1.2527
26.9159 26.9159 3.34225
37.6822 26.9159 4.87664
48.4486 26.9159 5.03855
59.215 26.9159 3.88362
69.9813 26.9159 2.10176
5.38318 37.6822 0.606452
16.1495 37.6822 1.87702
26.9159 37.6822 3.92317
37.6822 37.6822 5.46446
48.4486 37.6822 5.44067
59.215 37.6822 4.05053
69.9813 37.6822 2.08306
5.38318 48.4486 1.26661
16.1495 48.4486 2.46421
26.9159 48.4486 3.69359
37.6822 48.4486 4.31771
48.4486 48.4486 3.98821
59.215 48.4486 2.86798
69.9813 48.4486 1.54026
5.38318 59.215 1.78871
16.1495 59.215 3.02111
26.9159 59.215 3.23474
37.6822 59.215 2.70976
48.4486 59.215 2.13096
59.215 59.215 1.35063
69.9813 59.215 0.951325
5.38318 69.9813 1.66538
16.1495 69.9813 2.67455
26.9159 69.9813 2.59679
37.6822 69.9813 1.69343
48.4486 69.9813 0.907213
59.215 69.9813 0.356976
69.9813 69.9813 0.522553
5.38318 80.7477 0.460288
16.1495 80.7477 0.774889
26.9159 80.7477 0.550265
37.6822 80.7477 -0.0162699
48.4486 80.7477 -0.198367
59.215 80.7477 -0.174521
69.9813 80.7477 0.189683
5.38318 91.514 -0.488246
16.1495 91.514 -0.798758
26.9159 91.514 -0.889554
37.6822 91.514 -0.903409
48.4486 91.514 -0.839199
59.215 91.514 -0.601321
69.9813 91.514 -0.212734
5.38318 102.28 -0.576521
16.1495 102.28 -0.932011
26.9159 102.28 -1.021
37.6822 102.28 -1.0192
48.4486 102.28 -0.953032
59.215 102.28 -0.703318
69.9813 102.28 -0.279162
5.38318 113.047 -0.576262
16.1495 113.047 -0.919057
26.9159 113.047 -0.994858
37.6822 113.047 -0.992883
48.4486 113.047 -0.941555
59.215 113.047 -0.730251
69.9813 113.047 -0.310451
5.38318 123.813 -0.543121
16.1495 123.813 -0.855119
26.9159 123.813 -0.87858
37.6822 123.813 -0.869805
48.4486 123.813 -0.801134
59.215 123.813 -0.606082
69.9813 123.813 -0.242217
5.38318 134.579 -0.422009
16.1495 134.579 -0.605356
26.9159 134.579 -0.500193
37.6822 134.579 -0.466143
48.4486 134.579 -0.409638
59.215 134.579 -0.334042
69.9813 134.579 -0.093976
5.38318 145.346 -0.211413
16.1495 145.346 -0.170281
26.9159 145.346 0.301971
37.6822 145.346 0.681212
48.4486 145.346 0.800229
59.215 145.346 0.446842
69.9813 145.346 0.420856
5.38318 156.112 0.234407
16.1495 156.112 1.0063
26.9159 156.112 2.07914
37.6822 156.112 2.55639
48.4486 156.112 2.4311
59.215 156.112 1.65188
69.9813 156.112 0.963582
5.38318 166.879 0.744881
16.1495 166.879 2.02784
26.9159 166.879 3.40694
37.6822 166.879 4.05686
48.4486 166.879 3.63557
59.215 166.879 2.40331
69.9813 166.879 1.27851
5.38318 177.645 1.01858
16.1495 177.645 2.38579
26.9159 177.645 3.94459
37.6822 177.645 4.47714
48.4486 177.645 3.83806
59.215 177.645 2.49941
69.9813 177.645 1.30139
5.38318 188.411 0.946464
16.1495 188.411 2.1693
26.9159 188.411 3.4463
37.6822 188.411 3.63766
48.4486 188.411 2.94531
59.215 188.411 1.89688
69.9813 188.411 0.982181
5.38318 199.178 0.543034
16.1495 199.178 1.26021
26.9159 199.178 1.81796
37.6822 199.178 1.77241
48.4486 199.178 1.41906
59.215 199.178 0.986281
69.9813 199.178 0.749489
5.38318 209.944 0.347352
16.1495 209.944 0.846633
26.9159 209.944 0.952523
37.6822 209.944 0.784933
48.4486 209.944 0.521225
59.215 209.944 0.474848
69.9813 209.944 0.50876
