26 166
0 146 72 40
0 130 72 72
0 125 72 82
0 72 72 144
0 0 72 216
5.38318 5.38318 0.577779
16.1495 5.38318 0.834618
26.9159 5.38318 0.940819
37.6822 5.38318 0.89587
48.4486 5.38318 0.865314
59.215 5.38318 0.724954
69.9813 5.38318 0.513155
5.38318 16.1495 1.01142
16.1495 16.1495 1.61889
26.9159 16.1495 1.85457
37.6822 16.1495 1.82728
48.4486 16.1495 1.77452
59.215 16.1495 1.57446
69.9813 16.1495 1.09229
5.38318 26.9159 1.26701
16.1495 26.9159 2.12661
26.9159 26.9159 2.30721
37.6822 26.9159 2.25404
48.4486 26.9159 1.98771
59.215 26.9159 1.9333
69.9813 26.9159 1.33099
5.38318 37.6822 1.28059
16.1495 37.6822 2.28475
26.9159 37.6822 2.52373
37.6822 37.6822 2.59309
48.4486 37.6822 2.15292
59.215 37.6822 2.14366
69.9813 37.6822 1.40162
5.38318 48.4486 1.02735
16.1495 48.4486 2.03285
26.9159 48.4486 2.20618
37.6822 48.4486 2.36191
48.4486 48.4486 1.50269
59.215 48.4486 1.59105
69.9813 48.4486 0.903368
5.38318 59.215 0.501337
16.1495 59.215 1.27104
26.9159 59.215 1.41801
37.6822 59.215 1.70088
48.4486 59.215 0.832575
59.215 59.215 1.04693
69.9813 59.215 0.582951
5.38318 69.9813 0.1922
16.1495 69.9813 0.484523
26.9159 69.9813 0.252809
37.6822 69.9813 0.200593
48.4486 69.9813 -0.29851
59.215 69.9813 -0.0215542
69.9813 69.9813 -0.00349846
5.38318 80.7477 -0.19762
16.1495 80.7477 -0.296385
26.9159 80.7477 -0.346569
37.6822 80.7477 -0.371398
48.4486 80.7477 -0.491853
59.215 80.7477 -0.234146
69.9813 80.7477 -0.0571413
5.38318 91.514 -0.463326
16.1495 91.514 -0.767975
26.9159 91.514 -0.836644
37.6822 91.514 -0.875801
48.4486 91.514 -0.871775
59.215 91.514 -0.593142
69.9813 91.514 -0.248316
5.38318 102.28 -0.564737
16.1495 102.28 -0.911763
26.9159 102.28 -0.987686
37.6822 102.28 -0.993223
48.4486 102.28 -0.938883
59.215 102.28 -0.714712
69.9813 102.28 -0.304078
5.38318 113.047 -0.571046
16.1495 113.047 -0.916362
26.9159 113.047 -0.993029
37.6822 113.047 -0.991251
48.4486 113.047 -0.933941
59.215 113.047 -0.714196
69.9813 113.047 -0.301712
5.38318 123.813 -0.48562
16.1495 123.813 -0.779014
26.9159 123.813 -0.803224
37.6822 123.813 -0.832341
48.4486 123.813 -0.792907
59.215 123.813 -0.571164
69.9813 123.813 -0.219148
5.38318 134.579 -0.148803
16.1495 134.579 -0.247406
26.9159 134.579 -0.253651
37.6822 134.579 -0.361892
48.4486 134.579 -0.391912
59.215 134.579 -0.261409
69.9813 134.579 -0.0267138
5.38318 145.346 0.860706
16.1495 145.346 1.39927
26.9159 145.346 1.4306
37.6822 145.346 0.948332
48.4486 145.346 0.626808
59.215 145.346 0.564457
69.9813 145.346 0.552254
5.38318 156.112 1.92551
16.1495 156.112 3.14061
26.9159 156.112 3.28531
37.6822 156.112 2.70654
48.4486 156.112 2.2121
59.215 156.112 1.76237
69.9813 156.112 1.17204
5.38318 166.879 2.35981
16.1495 166.879 3.92879
26.9159 166.879 4.3231
37.6822 166.879 3.95516
48.4486 166.879 3.37142
59.215 166.879 2.60638
69.9813 166.879 1.54824
5.38318 177.645 1.86782
16.1495 177.645 3.23955
26.9159 177.645 3.98934
37.6822 177.645 4.29783
48.4486 177.645 4.05088
59.215 177.645 3.16114
69.9813 177.645 1.77076
5.38318 188.411 1.0459
16.1495 188.411 1.97981
26.9159 188.411 2.96467
37.6822 188.411 3.77983
48.4486 188.411 3.89427
59.215 188.411 3.12097
69.9813 188.411 1.73249
5.38318 199.178 0.511593
16.1495 199.178 1.08369
26.9159 199.178 2.0015
37.6822 199.178 2.67524
48.4486 199.178 2.96115
59.215 199.178 2.57968
69.9813 199.178 1.54235
5.38318 209.944 0.397342
16.1495 209.944 0.837565
26.9159 209.944 1.38739
37.6822 209.944 1.70685
48.4486 209.944 1.96741
59.215 209.944 1.81019
69.9813 209.944 1.17831
