37 48
0 28 72 40
0 12 72 72
0 7 72 82
0 0 72 144
0 0 72 216
5.38318 5.38318 0.597928
16.1495 5.38318 1.09097
26.9159 5.38318 1.50356
37.6822 5.38318 1.58663
48.4486 5.38318 1.41123
59.215 5.38318 0.946456
69.9813 5.38318 0.541949
5.38318 16.1495 0.972477
16.1495 16.1495 2.07063
26.9159 16.1495 3.06786
37.6822 16.1495 3.33964
48.4486 16.1495 2.97746
59.215 16.1495 2.02487
69.9813 16.1495 1.13112
5.38318 26.9159 1.2478
16.1495 26.9159 2.68581
26.9159 26.9159 4.25055
37.6822 26.9159 4.68367
48.4486 26.9159 4.1323
59.215 26.9159 2.78634
69.9813 26.9159 1.50194
5.38318 37.6822 1.53677
16.1495 37.6822 3.2245
26.9159 37.6822 5.01148
37.6822 37.6822 5.47351
48.4486 37.6822 4.78793
59.215 37.6822 3.24861
69.9813 37.6822 1.76395
5.38318 48.4486 2.12309
16.1495 48.4486 3.88842
26.9159 48.4486 5.27576
37.6822 48.4486 5.5154
48.4486 48.4486 5.08496
59.215 48.4486 3.86323
69.9813 48.4486 2.28354
5.38318 59.215 2.32952
16.1495 59.215 3.88204
26.9159 59.215 4.38649
37.6822 59.215 4.38018
48.4486 59.215 4.35758
59.215 59.215 3.93996
69.9813 59.215 2.60601
5.38318 69.9813 1.88328
16.1495 69.9813 3.05962
26.9159 69.9813 3.26681
37.6822 69.9813 3.189
48.4486 69.9813 3.08698
59.215 69.9813 2.97752
69.9813 69.9813 2.01449
5.38318 80.7477 0.284508
16.1495 80.7477 0.707693
26.9159 80.7477 1.02946
37.6822 80.7477 1.13718
48.4486 80.7477 0.684856
59.215 80.7477 0.838307
69.9813 80.7477 0.606589
5.38318 91.514 -0.538354
16.1495 91.514 -0.806533
26.9159 91.514 -0.770007
37.6822 91.514 -0.684811
48.4486 91.514 -0.832644
59.215 91.514 -0.629009
69.9813 91.514 -0.345983
5.38318 102.28 -0.576872
16.1495 102.28 -0.913937
26.9159 102.28 -0.980884
37.6822 102.28 -0.977344
48.4486 102.28 -0.970204
59.215 102.28 -0.778732
69.9813 102.28 -0.373219
5.38318 113.047 -0.553469
16.1495 113.047 -0.887299
26.9159 113.047 -0.958833
37.6822 113.047 -0.965164
48.4486 113.047 -0.918784
59.215 113.047 -0.710195
69.9813 113.047 -0.303815
5.38318 123.813 -0.379722
16.1495 123.813 -0.605394
26.9159 123.813 -0.59869
37.6822 123.813 -0.650299
48.4486 123.813 -0.675778
59.215 123.813 -0.523509
69.9813 123.813 -0.211112
5.38318 134.579 -0.0323364
16.1495 134.579 -0.0599135
26.9159 134.579 0.0848418
37.6822 134.579 -0.0497984
48.4486 134.579 -0.19188
59.215 134.579 -0.186957
69.9813 134.579 -0.0411334
5.38318 145.346 0.972637
16.1495 145.346 1.72055
26.9159 145.346 2.21617
37.6822 145.346 1.91111
48.4486 145.346 1.30902
59.215 145.346 0.732796
69.9813 145.346 0.467109
5.38318 156.112 1.51786
16.1495 156.112 2.72275
26.9159 156.112 3.64452
37.6822 156.112 3.49187
48.4486 156.112 2.8161
59.215 156.112 1.7186
69.9813 156.112 0.893592
5.38318 166.879 1.59865
16.1495 166.879 3.12295
26.9159 166.879 4.58179
37.6822 166.879 4.5752
48.4486 166.879 3.70939
59.215 166.879 2.13918
69.9813 166.879 1.05154
5.38318 177.645 1.04836
16.1495 177.645 2.35619
26.9159 177.645 4.02618
37.6822 177.645 4.29285
48.4486 177.645 3.59681
59.215 177.645 2.06344
69.9813 177.645 1.01223
5.38318 188.411 0.922348
16.1495 188.411 2.05546
26.9159 188.411 3.40417
37.6822 188.411 3.59639
48.4486 188.411 2.9817
59.215 188.411 1.76516
69.9813 188.411 0.92157
5.38318 199.178 0.74504
16.1495 199.178 1.36889
26.9159 199.178 1.95082
37.6822 199.178 2.07153
48.4486 199.178 2.04038
59.215 199.178 1.51844
69.9813 199.178 1.07357
5.38318 209.944 0.513378
16.1495 209.944 0.900313
26.9159 209.944 1.13421
37.6822 209.944 1.24004
48.4486 209.944 1.36803
59.215 209.944 1.22277
69.9813 209.944 0.888181
