37 26
0 6 72 40
0 0 72 72
0 0 72 82
0 0 72 144
0 0 72 216
5.38318 5.38318 0.565509
16.1495 5.38318 1.11109
26.9159 5.38318 1.73347
37.6822 5.38318 1.86595
48.4486 5.38318 1.64418
59.215 5.38318 0.982509
69.9813 5.38318 0.545623
5.38318 16.1495 0.900476
16.1495 16.1495 2.04095
26.9159 16.1495 3.41095
37.6822 16.1495 3.70981
48.4486 16.1495 3.31409
59.215 16.1495 1.95115
69.9813 16.1495 1.0454
5.38318 26.9159 1.10463
16.1495 26.9159 2.65198
26.9159 26.9159 4.55175
37.6822 26.9159 4.97543
48.4486 26.9159 4.32161
59.215 26.9159 2.51268
69.9813 26.9159 1.25888
5.38318 37.6822 1.06719
16.1495 37.6822 2.45203
26.9159 37.6822 4.13702
37.6822 37.6822 4.46627
48.4486 37.6822 3.85925
59.215 37.6822 2.24516
69.9813 37.6822 1.1106
5.38318 48.4486 0.957503
16.1495 48.4486 1.99449
26.9159 48.4486 2.99386
37.6822 48.4486 3.1435
48.4486 48.4486 2.59957
59.215 48.4486 1.64277
69.9813 48.4486 0.879968
5.38318 59.215 0.802829
16.1495 59.215 1.54009
26.9159 59.215 1.84902
37.6822 59.215 1.79385
48.4486 59.215 1.50986
59.215 59.215 1.20173
69.9813 59.215 0.847019
5.38318 69.9813 0.537833
16.1495 69.9813 1.07376
26.9159 69.9813 1.09454
37.6822 69.9813 0.967952
48.4486 69.9813 0.79532
59.215 69.9813 0.861924
69.9813 69.9813 0.750093
5.38318 80.7477 -0.00163565
16.1495 80.7477 0.260204
26.9159 80.7477 0.405076
37.6822 80.7477 0.374653
48.4486 80.7477 0.292005
59.215 80.7477 0.446402
69.9813 80.7477 0.466125
5.38318 91.514 -0.259595
16.1495 91.514 -0.336067
26.9159 91.514 -0.269765
37.6822 91.514 -0.213309
48.4486 91.514 -0.211846
59.215 91.514 -0.124889
69.9813 91.514 -0.00288862
5.38318 102.28 -0.296983
16.1495 102.28 -0.417114
26.9159 102.28 -0.33739
37.6822 102.28 -0.279098
48.4486 102.28 -0.270572
59.215 102.28 -0.210752
69.9813 102.28 -0.084992
5.38318 113.047 -0.297827
16.1495 113.047 -0.450851
26.9159 113.047 -0.452068
37.6822 113.047 -0.436558
48.4486 113.047 -0.41868
59.215 113.047 -0.32497
69.9813 113.047 -0.141857
5.38318 123.813 -0.288986
16.1495 123.813 -0.440493
26.9159 123.813 -0.422333
37.6822 123.813 -0.410913
48.4486 123.813 -0.384664
59.215 123.813 -0.290892
69.9813 123.813 -0.119893
5.38318 134.579 -0.214712
16.1495 134.579 -0.318667
26.9159 134.579 -0.264169
37.6822 134.579 -0.23982
48.4486 134.579 -0.203551
59.215 134.579 -0.140678
69.9813 134.579 -0.0224819
5.38318 145.346 -0.0431666
16.1495 145.346 -0.0319401
26.9159 145.346 0.355539
37.6822 145.346 0.494771
48.4486 145.346 0.521685
59.215 145.346 0.389364
69.9813 145.346 0.317211
5.38318 156.112 0.400648
16.1495 156.112 0.874884
26.9159 156.112 1.77073
37.6822 156.112 1.97341
48.4486 156.112 1.86434
59.215 156.112 1.35063
69.9813 156.112 0.823047
5.38318 166.879 1.00508
16.1495 166.879 1.92365
26.9159 166.879 3.23855
37.6822 166.879 3.54195
48.4486 166.879 3.20475
59.215 166.879 2.1952
69.9813 166.879 1.22744
5.38318 177.645 1.22172
16.1495 177.645 2.34373
26.9159 177.645 3.94408
37.6822 177.645 4.29979
48.4486 177.645 3.90625
59.215 177.645 2.6847
69.9813 177.645 1.52353
5.38318 188.411 1.29959
16.1495 188.411 2.3425
26.9159 188.411 3.57459
37.6822 188.411 3.62134
48.4486 188.411 3.25837
59.215 188.411 2.29655
69.9813 188.411 1.41694
5.38318 199.178 0.871658
16.1495 199.178 1.30643
26.9159 199.178 1.71593
37.6822 199.178 1.52126
48.4486 199.178 1.55861
59.215 199.178 1.33341
69.9813 199.178 1.05675
5.38318 209.944 0.518771
16.1495 209.944 0.752545
26.9159 209.944 0.796001
37.6822 209.944 0.531885
48.4486 209.944 0.577279
59.215 209.944 0.628567
69.9813 209.944 0.640613
