16 177
0 157 72 40
0 141 72 72
0 134 72 82
0 72 72 144
0 0 72 216
5.38318 5.38318 0.908197
16.1495 5.38318 1.38652
26.9159 5.38318 1.48467
37.6822 5.38318 1.5028
48.4486 5.38318 1.50872
59.215 5.38318 1.25634
69.9813 5.38318 0.775694
5.38318 16.1495 1.56509
16.1495 16.1495 2.61401
26.9159 16.1495 2.92723
37.6822 16.1495 2.94466
48.4486 16.1495 2.93381
59.215 16.1495 2.45616
69.9813 16.1495 1.51687
5.38318 26.9159 1.66325
16.1495 26.9159 2.91549
26.9159 26.9159 3.37922
37.6822 26.9159 3.4944
48.4486 26.9159 3.40327
59.215 26.9159 2.90382
69.9813 26.9159 1.78261
5.38318 37.6822 1.38258
16.1495 37.6822 2.47731
26.9159 37.6822 3.05071
37.6822 37.6822 3.1282
48.4486 37.6822 2.86804
59.215 37.6822 2.40301
69.9813 37.6822 1.43245
5.38318 48.4486 1.04935
16.1495 48.4486 1.86633
26.9159 48.4486 2.39353
37.6822 48.4486 2.46527
48.4486 48.4486 2.12973
59.215 48.4486 1.87135
69.9813 48.4486 1.11542
5.38318 59.215 0.877399
16.1495 59.215 1.58068
26.9159 59.215 2.20889
37.6822 59.215 2.25912
48.4486 59.215 2.02166
59.215 59.215 1.81324
69.9813 59.215 1.17729
5.38318 69.9813 0.579266
16.1495 69.9813 1.01352
26.9159 69.9813 1.60458
37.6822 69.9813 1.72411
48.4486 69.9813 1.6518
59.215 69.9813 1.56214
69.9813 69.9813 1.06313
5.38318 80.7477 -0.0280125
16.1495 80.7477 0.00733333
26.9159 80.7477 0.385216
37.6822 80.7477 0.397799
48.4486 80.7477 0.315141
59.215 80.7477 0.365651
69.9813 80.7477 0.38398
5.38318 91.514 -0.238064
16.1495 91.514 -0.349745
26.9159 91.514 -0.279692
37.6822 91.514 -0.283422
48.4486 91.514 -0.289913
59.215 91.514 -0.210968
69.9813 91.514 -0.0687222
5.38318 102.28 -0.284805
16.1495 102.28 -0.436348
26.9159 102.28 -0.41176
37.6822 102.28 -0.433656
48.4486 102.28 -0.44906
59.215 102.28 -0.356047
69.9813 102.28 -0.16502
5.38318 113.047 -0.300077
16.1495 113.047 -0.455265
26.9159 113.047 -0.460598
37.6822 113.047 -0.446041
48.4486 113.047 -0.430719
59.215 113.047 -0.340164
69.9813 113.047 -0.151598
5.38318 123.813 -0.297534
16.1495 123.813 -0.452354
26.9159 123.813 -0.46037
37.6822 123.813 -0.445818
48.4486 123.813 -0.430528
59.215 123.813 -0.335866
69.9813 123.813 -0.149029
5.38318 134.579 -0.181951
16.1495 134.579 -0.290937
26.9159 134.579 -0.311384
37.6822 134.579 -0.350795
48.4486 134.579 -0.382958
59.215 134.579 -0.298635
69.9813 134.579 -0.130338
5.38318 145.346 0.270762
16.1495 145.346 0.352432
26.9159 145.346 0.239595
37.6822 145.346 0.035649
48.4486 145.346 -0.126102
59.215 145.346 -0.089819
69.9813 145.346 -0.0209255
5.38318 156.112 1.60646
16.1495 156.112 2.18128
26.9159 156.112 1.82648
37.6822 156.112 1.30586
48.4486 156.112 0.684525
59.215 156.112 0.594943
69.9813 156.112 0.341815
5.38318 166.879 3.07797
16.1495 166.879 4.23242
26.9159 166.879 3.55408
37.6822 166.879 2.72153
48.4486 166.879 1.95338
59.215 166.879 1.63666
69.9813 166.879 0.895024
5.38318 177.645 3.73993
16.1495 177.645 5.21647
26.9159 177.645 4.50699
37.6822 177.645 3.56009
48.4486 177.645 2.77212
59.215 177.645 2.34153
69.9813 177.645 1.26877
5.38318 188.411 2.99628
16.1495 188.411 4.38048
26.9159 188.411 4.15697
37.6822 188.411 3.50323
48.4486 188.411 2.80548
59.215 188.411 2.34055
69.9813 188.411 1.32053
5.38318 199.178 1.29273
16.1495 199.178 2.142
26.9159 199.178 2.34899
37.6822 199.178 2.09049
48.4486 199.178 1.72036
59.215 199.178 1.59233
69.9813 199.178 1.0241
5.38318 209.944 0.602431
16.1495 209.944 1.1184
26.9159 209.944 1.39914
37.6822 209.944 1.06729
48.4486 209.944 0.878206
59.215 209.944 0.870774
69.9813 209.944 0.699957
