16 177
0 157 72 40
0 141 72 72
0 134 72 82
0 72 72 144
0 0 72 216
5.38318 5.38318 0.532345
16.1495 5.38318 0.991517
26.9159 5.38318 1.37281
37.6822 5.38318 1.39243
48.4486 5.38318 1.23029
59.215 5.38318 0.830689
69.9813 5.38318 0.482182
5.38318 16.1495 0.966536
16.1495 16.1495 2.06959
26.9159 16.1495 3.02681
37.6822 16.1495 3.0886
48.4486 16.1495 2.68107
59.215 16.1495 1.76386
69.9813 16.1495 1.00542
5.38318 26.9159 1.26766
16.1495 26.9159 2.90647
26.9159 26.9159 4.50143
37.6822 26.9159 4.63106
48.4486 26.9159 3.89229
59.215 26.9159 2.39317
69.9813 26.9159 1.25462
5.38318 37.6822 1.52863
16.1495 37.6822 3.33274
26.9159 37.6822 5.10241
37.6822 37.6822 5.36898
48.4486 37.6822 4.56365
59.215 37.6822 2.79394
69.9813 37.6822 1.39425
5.38318 48.4486 1.89403
16.1495 48.4486 3.49161
26.9159 48.4486 4.69154
37.6822 48.4486 4.7661
48.4486 48.4486 4.28565
59.215 48.4486 2.81753
69.9813 48.4486 1.51366
5.38318 59.215 1.82206
16.1495 59.215 2.87825
26.9159 59.215 3.26482
37.6822 59.215 3.15519
48.4486 59.215 3.15377
59.215 59.215 2.42969
69.9813 59.215 1.50617
5.38318 69.9813 1.33808
16.1495 69.9813 2.08238
26.9159 69.9813 2.26496
37.6822 69.9813 2.1019
48.4486 69.9813 2.17092
59.215 69.9813 1.76694
69.9813 69.9813 1.20005
5.38318 80.7477 0.0424971
16.1495 80.7477 0.285151
26.9159 80.7477 0.610316
37.6822 80.7477 0.614787
48.4486 80.7477 0.625314
59.215 80.7477 0.48753
69.9813 80.7477 0.429131
5.38318 91.514 -0.293154
16.1495 91.514 -0.407097
26.9159 91.514 -0.302391
37.6822 91.514 -0.266788
48.4486 91.514 -0.286467
59.215 91.514 -0.251932
69.9813 91.514 -0.118373
5.38318 102.28 -0.299489
16.1495 102.28 -0.452094
26.9159 102.28 -0.426886
37.6822 102.28 -0.415519
48.4486 102.28 -0.406196
59.215 102.28 -0.318303
69.9813 102.28 -0.139387
5.38318 113.047 -0.298971
16.1495 113.047 -0.451037
26.9159 113.047 -0.452114
37.6822 113.047 -0.434257
48.4486 113.047 -0.419427
59.215 113.047 -0.329208
69.9813 113.047 -0.147732
5.38318 123.813 -0.289374
16.1495 123.813 -0.432124
26.9159 123.813 -0.396144
37.6822 123.813 -0.380369
48.4486 123.813 -0.376911
59.215 123.813 -0.301114
69.9813 123.813 -0.135913
5.38318 134.579 -0.156743
16.1495 134.579 -0.225798
26.9159 134.579 -0.176399
37.6822 134.579 -0.171814
48.4486 134.579 -0.210255
59.215 134.579 -0.166332
69.9813 134.579 -0.0672474
5.38318 145.346 0.337224
16.1495 145.346 0.558837
26.9159 145.346 0.720771
37.6822 145.346 0.722434
48.4486 145.346 0.450138
59.215 145.346 0.354573
69.9813 145.346 0.232698
5.38318 156.112 1.68903
16.1495 156.112 2.41553
26.9159 156.112 2.3449
37.6822 156.112 2.02902
48.4486 156.112 1.5099
59.215 156.112 1.22918
69.9813 156.112 0.689678
5.38318 166.879 3.16067
16.1495 166.879 4.4562
26.9159 166.879 4.02857
37.6822 166.879 3.27251
48.4486 166.879 2.51446
59.215 166.879 2.0453
69.9813 166.879 1.16507
5.38318 177.645 3.84288
16.1495 177.645 5.42452
26.9159 177.645 4.83869
37.6822 177.645 3.72044
48.4486 177.645 2.90049
59.215 177.645 2.38233
69.9813 177.645 1.39428
5.38318 188.411 2.976
16.1495 188.411 4.32167
26.9159 188.411 4.05086
37.6822 188.411 3.13616
48.4486 188.411 2.45352
59.215 188.411 2.05103
69.9813 188.411 1.28547
5.38318 199.178 1.26017
16.1495 199.178 2.0694
26.9159 199.178 2.2426
37.6822 199.178 1.75158
48.4486 199.178 1.35653
59.215 199.178 1.27392
69.9813 199.178 0.94018
5.38318 209.944 0.563185
16.1495 209.944 1.02512
26.9159 209.944 1.31217
37.6822 209.944 0.964096
48.4486 209.944 0.841981
59.215 209.944 0.90005
69.9813 209.944 0.720025
