48 177
0 157 72 40
0 141 72 72
0 134 72 82
0 72 72 144
0 0 72 216
5.38318 5.38318 0.213725
16.1495 5.38318 0.39964
26.9159 5.38318 0.948936
37.6822 5.38318 1.21021
48.4486 5.38318 1.24488
59.215 5.38318 1.03406
69.9813 5.38318 0.649153
5.38318 16.1495 0.450535
16.1495 16.1495 1.07972
26.9159 16.1495 2.07368
37.6822 16.1495 2.55352
48.4486 16.1495 2.65773
59.215 16.1495 2.17593
69.9813 16.1495 1.35188
5.38318 26.9159 0.478759
16.1495 26.9159 1.29438
26.9159 26.9159 2.59056
37.6822 26.9159 3.43027
48.4486 26.9159 3.65462
59.215 26.9159 2.97864
69.9813 26.9159 1.80326
5.38318 37.6822 0.966976
16.1495 37.6822 1.94231
26.9159 37.6822 3.08184
37.6822 37.6822 3.96402
48.4486 37.6822 4.14719
59.215 37.6822 3.30855
69.9813 37.6822 1.93832
5.38318 48.4486 1.16441
16.1495 48.4486 2.10457
26.9159 48.4486 2.95617
37.6822 48.4486 3.56441
48.4486 48.4486 3.55401
59.215 48.4486 2.83137
69.9813 48.4486 1.64331
5.38318 59.215 1.05629
16.1495 59.215 1.72648
26.9159 59.215 2.19407
37.6822 59.215 2.26596
48.4486 59.215 2.25505
59.215 59.215 1.96701
69.9813 59.215 1.28301
5.38318 69.9813 0.329889
16.1495 69.9813 0.512052
26.9159 69.9813 0.884679
37.6822 69.9813 0.855518
48.4486 69.9813 0.930901
59.215 69.9813 0.985646
69.9813 69.9813 0.785331
5.38318 80.7477 -0.186873
16.1495 80.7477 -0.344933
26.9159 80.7477 -0.289549
37.6822 80.7477 -0.305673
48.4486 80.7477 -0.186064
59.215 80.7477 0.118348
69.9813 80.7477 0.376862
5.38318 91.514 -0.485035
16.1495 91.514 -0.810981
26.9159 91.514 -0.859001
37.6822 91.514 -0.8469
48.4486 91.514 -0.728004
59.215 91.514 -0.471949
69.9813 91.514 -0.153716
5.38318 102.28 -0.568511
16.1495 102.28 -0.925949
26.9159 102.28 -1.01741
37.6822 102.28 -1.01294
48.4486 102.28 -0.942431
59.215 102.28 -0.687629
69.9813 102.28 -0.277119
5.38318 113.047 -0.565361
16.1495 113.047 -0.911472
26.9159 113.047 -1.0055
37.6822 113.047 -1.01444
48.4486 113.047 -0.963585
59.215 113.047 -0.751056
69.9813 113.047 -0.320031
5.38318 123.813 -0.447323
16.1495 123.813 -0.717472
26.9159 123.813 -0.795739
37.6822 123.813 -0.853908
48.4486 123.813 -0.859512
59.215 123.813 -0.643046
69.9813 123.813 -0.265312
5.38318 134.579 -0.125502
16.1495 134.579 -0.21961
26.9159 134.579 -0.30184
37.6822 134.579 -0.410068
48.4486 134.579 -0.502836
59.215 134.579 -0.359732
69.9813 134.579 -0.111348
5.38318 145.346 0.813709
16.1495 145.346 1.29311
26.9159 145.346 1.2167
37.6822 145.346 0.915732
48.4486 145.346 0.448426
59.215 145.346 0.41249
69.9813 145.346 0.433421
5.38318 156.112 1.51042
16.1495 156.112 2.3687
26.9159 156.112 2.66631
37.6822 156.112 2.72005
48.4486 156.112 2.48043
59.215 156.112 1.98991
69.9813 156.112 1.21827
5.38318 166.879 1.86299
16.1495 166.879 2.93681
26.9159 166.879 3.68183
37.6822 166.879 4.28138
48.4486 166.879 4.19184
59.215 166.879 3.24845
69.9813 166.879 1.80609
5.38318 177.645 1.58604
16.1495 177.645 2.58519
26.9159 177.645 3.76259
37.6822 177.645 4.93341
48.4486 177.645 5.13944
59.215 177.645 3.91366
69.9813 177.645 2.06338
5.38318 188.411 1.22205
16.1495 188.411 2.1047
26.9159 188.411 3.36361
37.6822 188.411 4.47594
48.4486 188.411 4.5344
59.215 188.411 3.41941
69.9813 188.411 1.76571
5.38318 199.178 0.451415
16.1495 199.178 1.06985
26.9159 199.178 2.0335
37.6822 199.178 2.63328
48.4486 199.178 2.57846
59.215 199.178 2.04797
69.9813 199.178 1.15944
5.38318 209.944 0.10881
16.1495 209.944 0.560853
26.9159 209.944 1.03046
37.6822 209.944 1.04845
48.4486 209.944 0.87035
59.215 209.944 0.72877
69.9813 209.944 0.604381
