37 48
0 28 72 40
0 12 72 72
0 7 72 82
0 0 72 144
0 0 72 216
5.38318 5.38318 0.263373
16.1495 5.38318 0.2939
26.9159 5.38318 0.441443
37.6822 5.38318 0.300434
48.4486 5.38318 0.343866
59.215 5.38318 0.313964
69.9813 5.38318 0.264639
5.38318 16.1495 0.406317
16.1495 16.1495 0.842762
26.9159 16.1495 1.48909
37.6822 16.1495 1.31542
48.4486 16.1495 1.40082
59.215 16.1495 1.06036
69.9813 16.1495 0.752053
5.38318 26.9159 0.107855
16.1495 26.9159 0.649682
26.9159 26.9159 1.79817
37.6822 26.9159 1.7046
48.4486 26.9159 1.80841
59.215 26.9159 1.19991
69.9813 26.9159 0.861978
5.38318 37.6822 0.426675
16.1495 37.6822 1.47082
26.9159 37.6822 3.09205
37.6822 37.6822 3.17349
48.4486 37.6822 3.03078
59.215 37.6822 1.92864
69.9813 37.6822 1.17538
5.38318 48.4486 0.440386
16.1495 48.4486 1.5885
26.9159 48.4486 3.23492
37.6822 48.4486 3.493
48.4486 48.4486 3.21775
59.215 48.4486 1.99055
69.9813 48.4486 1.19666
5.38318 59.215 0.607176
16.1495 59.215 1.52821
26.9159 59.215 2.74371
37.6822 59.215 2.81905
48.4486 59.215 2.55628
59.215 59.215 1.6373
69.9813 59.215 1.07003
5.38318 69.9813 0.0417984
16.1495 69.9813 0.246832
26.9159 69.9813 0.896139
37.6822 69.9813 0.771183
48.4486 69.9813 0.753004
59.215 69.9813 0.528264
69.9813 69.9813 0.621643
5.38318 80.7477 -0.1298
16.1495 80.7477 -0.133515
26.9159 80.7477 0.245285
37.6822 80.7477 0.0694474
48.4486 80.7477 0.13905
59.215 80.7477 0.0316562
69.9813 80.7477 0.382881
5.38318 91.514 -0.298083
16.1495 91.514 -0.419674
26.9159 91.514 -0.261549
37.6822 91.514 -0.236417
48.4486 91.514 -0.163599
59.215 91.514 -0.176972
69.9813 91.514 0.0221688
5.38318 102.28 -0.295527
16.1495 102.28 -0.413516
26.9159 102.28 -0.309683
37.6822 102.28 -0.291529
48.4486 102.28 -0.286609
59.215 102.28 -0.261683
69.9813 102.28 -0.100513
5.38318 113.047 -0.296163
16.1495 113.047 -0.444567
26.9159 113.047 -0.441568
37.6822 113.047 -0.425339
48.4486 113.047 -0.406906
59.215 113.047 -0.316651
69.9813 113.047 -0.1367
5.38318 123.813 -0.288275
16.1495 123.813 -0.416642
26.9159 123.813 -0.332964
37.6822 123.813 -0.277292
48.4486 123.813 -0.270269
59.215 123.813 -0.221622
69.9813 123.813 -0.0976581
5.38318 134.579 -0.24617
16.1495 134.579 -0.278567
26.9159 134.579 -0.0316219
37.6822 134.579 0.251338
48.4486 134.579 0.156337
59.215 134.579 0.0040786
69.9813 134.579 0.00052733
5.38318 145.346 -0.172787
16.1495 145.346 -0.026502
26.9159 145.346 1.03997
37.6822 145.346 1.58015
48.4486 145.346 1.40496
59.215 145.346 0.821799
69.9813 145.346 0.365569
5.38318 156.112 -0.0506522
16.1495 156.112 0.551958
26.9159 156.112 1.99869
37.6822 156.112 2.76253
48.4486 156.112 2.43828
59.215 156.112 1.50687
69.9813 156.112 0.642196
5.38318 166.879 0.135843
16.1495 166.879 1.02603
26.9159 166.879 2.53494
37.6822 166.879 3.45787
48.4486 166.879 3.06837
59.215 166.879 1.90436
69.9813 166.879 0.853142
5.38318 177.645 0.527417
16.1495 177.645 1.46022
26.9159 177.645 2.56001
37.6822 177.645 3.20982
48.4486 177.645 2.83216
59.215 177.645 1.86846
69.9813 177.645 0.886842
5.38318 188.411 0.883375
16.1495 188.411 1.81259
26.9159 188.411 2.41208
37.6822 188.411 2.7064
48.4486 188.411 2.38021
59.215 188.411 1.68226
69.9813 188.411 0.927009
5.38318 199.178 1.0531
16.1495 199.178 1.83123
26.9159 199.178 2.11249
37.6822 199.178 2.13552
48.4486 199.178 2.00537
59.215 199.178 1.59716
69.9813 199.178 1.04435
5.38318 209.944 0.75487
16.1495 209.944 1.27292
26.9159 209.944 1.40815
37.6822 209.944 1.4889
48.4486 209.944 1.55521
59.215 209.944 1.34011
69.9813 209.944 0.903653
