37 37
0 17 72 40
0 1 72 72
0 0 72 82
0 0 72 144
0 0 72 216
5.38318 5.38318 0.107434
16.1495 5.38318 0.11316
26.9159 5.38318 0.341988
37.6822 5.38318 0.3782
48.4486 5.38318 0.425286
59.215 5.38318 0.332557
69.9813 5.38318 0.24094
5.38318 16.1495 0.418459
16.1495 16.1495 0.808471
26.9159 16.1495 1.48385
37.6822 16.1495 1.59614
48.4486 16.1495 1.58894
59.215 16.1495 1.20476
69.9813 16.1495 0.779647
5.38318 26.9159 0.756368
16.1495 26.9159 1.54255
26.9159 26.9159 2.48722
37.6822 26.9159 2.66248
48.4486 26.9159 2.54733
59.215 26.9159 1.76892
69.9813 26.9159 1.077
5.38318 37.6822 1.32851
16.1495 37.6822 2.5145
26.9159 37.6822 3.7564
37.6822 37.6822 3.94998
48.4486 37.6822 3.67177
59.215 37.6822 2.5328
69.9813 37.6822 1.45968
5.38318 48.4486 1.26731
16.1495 48.4486 2.34281
26.9159 48.4486 3.50396
37.6822 48.4486 3.60578
48.4486 48.4486 3.32055
59.215 48.4486 2.27067
69.9813 48.4486 1.29549
5.38318 59.215 0.58298
16.1495 59.215 1.17387
26.9159 59.215 1.97606
37.6822 59.215 2.09081
48.4486 59.215 1.91834
59.215 59.215 1.30653
69.9813 59.215 0.730762
5.38318 69.9813 -0.0607926
16.1495 69.9813 -0.0422083
26.9159 69.9813 0.256849
37.6822 69.9813 0.281326
48.4486 69.9813 0.202311
59.215 69.9813 0.0523183
69.9813 69.9813 0.0809794
5.38318 80.7477 -0.219943
16.1495 80.7477 -0.302359
26.9159 80.7477 -0.284046
37.6822 80.7477 -0.279385
48.4486 80.7477 -0.279365
59.215 80.7477 -0.24492
69.9813 80.7477 -0.0955141
5.38318 91.514 -0.275611
16.1495 91.514 -0.424536
26.9159 91.514 -0.446315
37.6822 91.514 -0.476256
48.4486 91.514 -0.443741
59.215 91.514 -0.360607
69.9813 91.514 -0.145515
5.38318 102.28 -0.295069
16.1495 102.28 -0.446855
26.9159 102.28 -0.447796
37.6822 102.28 -0.450521
48.4486 102.28 -0.432033
59.215 102.28 -0.349288
69.9813 102.28 -0.153222
5.38318 113.047 -0.28131
16.1495 113.047 -0.426273
26.9159 113.047 -0.412633
37.6822 113.047 -0.418579
48.4486 113.047 -0.413308
59.215 113.047 -0.328219
69.9813 113.047 -0.145357
5.38318 123.813 -0.200008
16.1495 123.813 -0.294424
26.9159 123.813 -0.260624
37.6822 123.813 -0.280427
48.4486 123.813 -0.280417
59.215 123.813 -0.216057
69.9813 123.813 -0.0767435
5.38318 134.579 -0.0531078
16.1495 134.579 -0.05057
26.9159 134.579 0.0239445
37.6822 134.579 -0.0311666
48.4486 134.579 -0.0387532
59.215 134.579 -0.0171079
69.9813 134.579 0.115348
5.38318 145.346 0.271831
16.1495 145.346 0.564831
26.9159 145.346 0.806096
37.6822 145.346 0.763771
48.4486 145.346 0.778373
59.215 145.346 0.653883
69.9813 145.346 0.503676
5.38318 156.112 0.607276
16.1495 156.112 1.26776
26.9159 156.112 1.75676
37.6822 156.112 1.76743
48.4486 156.112 1.70413
59.215 156.112 1.34689
69.9813 156.112 0.890054
5.38318 166.879 0.918333
16.1495 166.879 1.84072
26.9159 166.879 2.42603
37.6822 166.879 2.38691
48.4486 166.879 2.24049
59.215 166.879 1.74467
69.9813 166.879 1.12356
5.38318 177.645 0.982366
16.1495 177.645 1.98719
26.9159 177.645 2.91521
37.6822 177.645 2.96887
48.4486 177.645 2.74955
59.215 177.645 2.00914
69.9813 177.645 1.23193
5.38318 188.411 0.970935
16.1495 188.411 1.88256
26.9159 188.411 2.82459
37.6822 188.411 2.89806
48.4486 188.411 2.68137
59.215 188.411 1.94871
69.9813 188.411 1.16496
5.38318 199.178 0.605867
16.1495 199.178 1.23164
26.9159 199.178 1.99975
37.6822 199.178 2.11667
48.4486 199.178 2.01085
59.215 199.178 1.51551
69.9813 199.178 0.912334
5.38318 209.944 0.283646
16.1495 209.944 0.547026
26.9159 209.944 0.913278
37.6822 209.944 0.861451
48.4486 209.944 0.739596
59.215 209.944 0.618604
69.9813 209.944 0.408635
