37 177
0 157 72 40
0 141 72 72
0 134 72 82
0 72 72 144
0 0 72 216
5.38318 5.38318 -0.0201113
16.1495 5.38318 -0.0521092
26.9159 5.38318 0.0749372
37.6822 5.38318 0.287061
48.4486 5.38318 0.453463
59.215 5.38318 0.500509
69.9813 5.38318 0.345839
5.38318 16.1495 -0.0557259
16.1495 16.1495 -0.0182042
26.9159 16.1495 0.406771
37.6822 16.1495 0.8328
48.4486 16.1495 1.1997
59.215 16.1495 1.19935
69.9813 16.1495 0.832784
5.38318 26.9159 -0.22293
16.1495 26.9159 -0.293326
26.9159 26.9159 -0.154755
37.6822 26.9159 0.277097
48.4486 26.9159 0.822894
59.215 26.9159 0.987335
69.9813 26.9159 0.804156
5.38318 37.6822 -0.153228
16.1495 37.6822 -0.154491
26.9159 37.6822 0.0207681
37.6822 37.6822 0.488857
48.4486 37.6822 0.773388
59.215 37.6822 0.827807
69.9813 37.6822 0.684403
5.38318 48.4486 -0.0935474
16.1495 48.4486 -0.0769064
26.9159 48.4486 0.00667629
37.6822 48.4486 0.189578
48.4486 48.4486 0.268589
59.215 48.4486 0.438986
69.9813 48.4486 0.426483
5.38318 59.215 -0.0427149
16.1495 59.215 -0.00557684
26.9159 59.215 0.114793
37.6822 59.215 0.0943559
48.4486 59.215 -0.0275286
59.215 59.215 0.213981
69.9813 59.215 0.271304
5.38318 69.9813 -0.117622
16.1495 69.9813 -0.147475
26.9159 69.9813 -0.146788
37.6822 69.9813 -0.206359
48.4486 69.9813 -0.30256
59.215 69.9813 -0.163126
69.9813 69.9813 -0.0452196
5.38318 80.7477 -0.184895
16.1495 80.7477 -0.270484
26.9159 80.7477 -0.285188
37.6822 80.7477 -0.335307
48.4486 80.7477 -0.388182
59.215 80.7477 -0.267955
69.9813 80.7477 -0.108023
5.38318 91.514 -0.262178
16.1495 91.514 -0.398177
26.9159 91.514 -0.411314
37.6822 91.514 -0.447547
48.4486 91.514 -0.484158
59.215 91.514 -0.370209
69.9813 91.514 -0.175038
5.38318 102.28 -0.282556
16.1495 102.28 -0.417345
26.9159 102.28 -0.398796
37.6822 102.28 -0.391185
48.4486 102.28 -0.393644
59.215 102.28 -0.306693
69.9813 102.28 -0.136278
5.38318 113.047 -0.296438
16.1495 113.047 -0.449633
26.9159 113.047 -0.455191
37.6822 113.047 -0.439726
48.4486 113.047 -0.42485
59.215 113.047 -0.334258
69.9813 113.047 -0.149242
5.38318 123.813 -0.288975
16.1495 123.813 -0.440485
26.9159 123.813 -0.422324
37.6822 123.813 -0.410918
48.4486 123.813 -0.384668
59.215 123.813 -0.2909
69.9813 123.813 -0.119896
5.38318 134.579 -0.214711
16.1495 134.579 -0.318667
26.9159 134.579 -0.264169
37.6822 134.579 -0.23982
48.4486 134.579 -0.203551
59.215 134.579 -0.140679
69.9813 134.579 -0.0224819
5.38318 145.346 -0.0431662
16.1495 145.346 -0.0319401
26.9159 145.346 0.355539
37.6822 145.346 0.494772
48.4486 145.346 0.521686
59.215 145.346 0.389364
69.9813 145.346 0.317211
5.38318 156.112 0.400649
16.1495 156.112 0.874884
26.9159 156.112 1.77073
37.6822 156.112 1.97341
48.4486 156.112 1.86434
59.215 156.112 1.35063
69.9813 156.112 0.823047
5.38318 166.879 1.00508
16.1495 166.879 1.92365
26.9159 166.879 3.23855
37.6822 166.879 3.54195
48.4486 166.879 3.20475
59.215 166.879 2.1952
69.9813 166.879 1.22744
5.38318 177.645 1.22172
16.1495 177.645 2.34372
26.9159 177.645 3.94408
37.6822 177.645 4.2998
48.4486 177.645 3.90625
59.215 177.645 2.6847
69.9813 177.645 1.52353
5.38318 188.411 1.29959
16.1495 188.411 2.3425
26.9159 188.411 3.57459
37.6822 188.411 3.62134
48.4486 188.411 3.25837
59.215 188.411 2.29655
69.9813 188.411 1.41694
5.38318 199.178 0.871658
16.1495 199.178 1.30643
26.9159 199.178 1.71593
37.6822 199.178 1.52126
48.4486 199.178 1.55861
59.215 199.178 1.33341
69.9813 199.178 1.05675
5.38318 209.944 0.518771
16.1495 209.944 0.752545
26.9159 209.944 0.796001
37.6822 209.944 0.531885
48.4486 209.944 0.577279
59.215 209.944 0.628567
69.9813 209.944 0.640613
