37 177
0 157 72 40
0 141 72 72
0 134 72 82
0 72 72 144
0 0 72 216
5.38318 5.38318 0.600643
16.1495 5.38318 0.94994
26.9159 5.38318 1.37944
37.6822 5.38318 1.51046
48.4486 5.38318 1.43322
59.215 5.38318 1.08991
69.9813 5.38318 0.633595
5.38318 16.1495 1.14156
16.1495 16.1495 1.98375
26.9159 16.1495 2.69731
37.6822 16.1495 2.94278
48.4486 16.1495 2.78396
59.215 16.1495 2.16596
69.9813 16.1495 1.2534
5.38318 26.9159 1.32642
16.1495 26.9159 2.35336
26.9159 26.9159 3.16754
37.6822 26.9159 3.3658
48.4486 26.9159 3.159
59.215 26.9159 2.55877
69.9813 26.9159 1.56056
5.38318 37.6822 1.44756
16.1495 37.6822 2.56712
26.9159 37.6822 3.50695
37.6822 37.6822 3.54755
48.4486 37.6822 3.18939
59.215 37.6822 2.53779
69.9813 37.6822 1.61337
5.38318 48.4486 1.18343
16.1495 48.4486 2.17219
26.9159 48.4486 3.21241
37.6822 48.4486 3.17784
48.4486 48.4486 2.7482
59.215 48.4486 2.06379
69.9813 48.4486 1.35685
5.38318 59.215 1.02941
16.1495 59.215 1.65131
26.9159 59.215 2.22099
37.6822 59.215 2.05614
48.4486 59.215 1.94582
59.215 59.215 1.68869
69.9813 59.215 1.26783
5.38318 69.9813 0.79368
16.1495 69.9813 1.12112
26.9159 69.9813 1.33069
37.6822 69.9813 1.03889
48.4486 69.9813 1.02586
59.215 69.9813 1.08798
69.9813 69.9813 0.955309
5.38318 80.7477 0.32696
16.1495 80.7477 0.456804
26.9159 80.7477 0.597417
37.6822 80.7477 0.362712
48.4486 80.7477 0.325081
59.215 80.7477 0.419286
69.9813 80.7477 0.464055
5.38318 91.514 -0.201667
16.1495 91.514 -0.280003
26.9159 91.514 -0.22285
37.6822 91.514 -0.212344
48.4486 91.514 -0.214404
59.215 91.514 -0.151174
69.9813 91.514 -0.0261759
5.38318 102.28 -0.291494
16.1495 102.28 -0.415285
26.9159 102.28 -0.355144
37.6822 102.28 -0.318436
48.4486 102.28 -0.328778
59.215 102.28 -0.268786
69.9813 102.28 -0.123836
5.38318 113.047 -0.300256
16.1495 113.047 -0.453525
26.9159 113.047 -0.455369
37.6822 113.047 -0.435621
48.4486 113.047 -0.418682
59.215 113.047 -0.325183
69.9813 113.047 -0.144082
5.38318 123.813 -0.296344
16.1495 123.813 -0.444678
26.9159 123.813 -0.41749
37.6822 123.813 -0.39271
48.4486 123.813 -0.369625
59.215 123.813 -0.298809
69.9813 123.813 -0.130488
5.38318 134.579 -0.249693
16.1495 134.579 -0.334252
26.9159 134.579 -0.224453
37.6822 134.579 -0.175627
48.4486 134.579 -0.178482
59.215 134.579 -0.180881
69.9813 134.579 -0.0743547
5.38318 145.346 -0.0918882
16.1495 145.346 -0.0231462
26.9159 145.346 0.495259
37.6822 145.346 0.698521
48.4486 145.346 0.601734
59.215 145.346 0.319771
69.9813 145.346 0.234721
5.38318 156.112 0.29204
16.1495 156.112 1.03572
26.9159 156.112 1.94643
37.6822 156.112 2.24495
48.4486 156.112 1.90518
59.215 156.112 1.17518
69.9813 156.112 0.613126
5.38318 166.879 0.727616
16.1495 166.879 1.91644
26.9159 166.879 3.23689
37.6822 166.879 3.71917
48.4486 166.879 3.18547
59.215 166.879 2.01072
69.9813 166.879 1.02373
5.38318 177.645 0.86455
16.1495 177.645 2.29489
26.9159 177.645 3.82329
37.6822 177.645 4.44735
48.4486 177.645 3.82447
59.215 177.645 2.41172
69.9813 177.645 1.1829
5.38318 188.411 0.798001
16.1495 188.411 1.97316
26.9159 188.411 3.18346
37.6822 188.411 3.65109
48.4486 188.411 3.07419
59.215 188.411 2.00479
69.9813 188.411 0.988512
5.38318 199.178 0.477219
16.1495 199.178 1.43428
26.9159 199.178 2.23544
37.6822 199.178 2.63748
48.4486 199.178 2.13032
59.215 199.178 1.46253
69.9813 199.178 0.725458
5.38318 209.944 0.440941
16.1495 209.944 1.18545
26.9159 209.944 1.82725
37.6822 209.944 2.17887
48.4486 209.944 1.7354
59.215 209.944 1.16499
69.9813 209.944 0.55971
