37 166
0 146 72 40
0 130 72 72
0 125 72 82
0 72 72 144
0 0 72 216
5.38318 5.38318 0.322133
16.1495 5.38318 0.357682
26.9159 5.38318 0.235898
37.6822 5.38318 0.126837
48.4486 5.38318 0.00743257
59.215 5.38318 0.13287
69.9813 5.38318 0.1712
5.38318 16.1495 0.672947
16.1495 16.1495 0.992847
26.9159 16.1495 0.873065
37.6822 16.1495 0.551872
48.4486 16.1495 0.25898
59.215 16.1495 0.34962
69.9813 16.1495 0.421959
5.38318 26.9159 0.83472
16.1495 26.9159 1.22002
26.9159 26.9159 0.951638
37.6822 26.9159 0.0968395
48.4486 26.9159 -0.243808
59.215 26.9159 -0.174799
69.9813 26.9159 0.101047
5.38318 37.6822 1.11281
16.1495 37.6822 1.69122
26.9159 37.6822 1.56597
37.6822 37.6822 0.686712
48.4486 37.6822 -0.0160721
59.215 37.6822 -0.0439905
69.9813 37.6822 0.240102
5.38318 48.4486 0.839971
16.1495 48.4486 1.23052
26.9159 48.4486 1.10876
37.6822 48.4486 0.388643
48.4486 48.4486 -0.049422
59.215 48.4486 -0.0219694
69.9813 48.4486 0.256446
5.38318 59.215 0.417202
16.1495 59.215 0.457873
26.9159 59.215 0.158686
37.6822 59.215 -0.215269
48.4486 59.215 -0.283204
59.215 59.215 -0.0933963
69.9813 59.215 0.24208
5.38318 69.9813 -0.225011
16.1495 69.9813 -0.412265
26.9159 69.9813 -0.558938
37.6822 69.9813 -0.67557
48.4486 69.9813 -0.664513
59.215 69.9813 -0.38415
69.9813 69.9813 -0.0884769
5.38318 80.7477 -0.517881
16.1495 80.7477 -0.846089
26.9159 80.7477 -0.968597
37.6822 80.7477 -0.985093
48.4486 80.7477 -0.944983
59.215 80.7477 -0.672503
69.9813 80.7477 -0.266858
5.38318 91.514 -0.582498
16.1495 91.514 -0.936564
26.9159 91.514 -1.02998
37.6822 91.514 -1.03369
48.4486 91.514 -0.984968
59.215 91.514 -0.779224
69.9813 91.514 -0.343473
5.38318 102.28 -0.58516
16.1495 102.28 -0.936935
26.9159 102.28 -1.02029
37.6822 102.28 -1.02112
48.4486 102.28 -0.966911
59.215 102.28 -0.765172
69.9813 102.28 -0.331042
5.38318 113.047 -0.576725
16.1495 113.047 -0.919334
26.9159 113.047 -0.995433
37.6822 113.047 -0.993484
48.4486 113.047 -0.942189
59.215 113.047 -0.737736
69.9813 113.047 -0.316338
5.38318 123.813 -0.548563
16.1495 123.813 -0.853882
26.9159 123.813 -0.859634
37.6822 123.813 -0.838733
48.4486 123.813 -0.806018
59.215 123.813 -0.623104
69.9813 123.813 -0.270141
5.38318 134.579 -0.427358
16.1495 134.579 -0.575541
26.9159 134.579 -0.368883
37.6822 134.579 -0.328051
48.4486 134.579 -0.362723
59.215 134.579 -0.362804
69.9813 134.579 -0.16436
5.38318 145.346 -0.185042
16.1495 145.346 -0.0342478
26.9159 145.346 1.08986
37.6822 145.346 1.42956
48.4486 145.346 1.09157
59.215 145.346 0.399537
69.9813 145.346 0.124564
5.38318 156.112 0.256363
16.1495 156.112 1.39163
26.9159 156.112 3.08358
37.6822 156.112 3.55027
48.4486 156.112 2.91913
59.215 156.112 1.52912
69.9813 156.112 0.615527
5.38318 166.879 0.646106
16.1495 166.879 2.2591
26.9159 166.879 4.26352
37.6822 166.879 4.98017
48.4486 166.879 4.10281
59.215 166.879 2.3613
69.9813 166.879 1.0133
5.38318 177.645 0.821484
16.1495 177.645 2.38967
26.9159 177.645 4.20213
37.6822 177.645 4.74214
48.4486 177.645 3.87484
59.215 177.645 2.24886
69.9813 177.645 1.05631
5.38318 188.411 0.817615
16.1495 188.411 2.00273
26.9159 188.411 3.17902
37.6822 188.411 3.36143
48.4486 188.411 2.85874
59.215 188.411 1.82493
69.9813 188.411 1.07242
5.38318 199.178 0.849878
16.1495 199.178 1.75553
26.9159 199.178 2.373
37.6822 199.178 2.4001
48.4486 199.178 2.26244
59.215 199.178 1.70691
69.9813 199.178 1.18926
5.38318 209.944 0.741517
16.1495 209.944 1.47657
26.9159 209.944 1.8944
37.6822 209.944 1.90776
48.4486 209.944 1.93902
59.215 209.944 1.58311
69.9813 209.944 1.0971
