37 177
0 157 72 40
0 141 72 72
0 134 72 82
0 72 72 144
0 0 72 216
5.38318 5.38318 0.11533
16.1495 5.38318 0.29659
26.9159 5.38318 0.777337
37.6822 5.38318 1.13422
48.4486 5.38318 1.23685
59.215 5.38318 1.04887
69.9813 5.38318 0.648077
5.38318 16.1495 0.136882
16.1495 16.1495 0.720838
26.9159 16.1495 1.85178
37.6822 16.1495 2.55344
48.4486 16.1495 2.70748
59.215 16.1495 2.23318
69.9813 16.1495 1.31489
5.38318 26.9159 -0.00833844
16.1495 26.9159 0.777384
26.9159 26.9159 2.4379
37.6822 26.9159 3.55211
48.4486 26.9159 3.74739
59.215 26.9159 3.03453
69.9813 26.9159 1.71209
5.38318 37.6822 0.478857
16.1495 37.6822 1.46376
26.9159 37.6822 2.98391
37.6822 37.6822 3.963
48.4486 37.6822 3.93628
59.215 37.6822 3.01734
69.9813 37.6822 1.63135
5.38318 48.4486 1.17472
16.1495 48.4486 2.18874
26.9159 48.4486 3.02579
37.6822 48.4486 3.23634
48.4486 48.4486 2.88237
59.215 48.4486 2.09763
69.9813 48.4486 1.21179
5.38318 59.215 1.76564
16.1495 59.215 2.98653
26.9159 59.215 3.14876
37.6822 59.215 2.50978
48.4486 59.215 1.88033
59.215 59.215 1.16571
69.9813 59.215 0.891587
5.38318 69.9813 1.59219
16.1495 69.9813 2.63391
26.9159 69.9813 2.58179
37.6822 69.9813 1.72263
48.4486 69.9813 0.909607
59.215 69.9813 0.379145
69.9813 69.9813 0.547799
5.38318 80.7477 0.438552
16.1495 80.7477 0.775012
26.9159 80.7477 0.565386
37.6822 80.7477 0.040483
48.4486 80.7477 -0.163534
59.215 80.7477 -0.152371
69.9813 80.7477 0.222228
5.38318 91.514 -0.487402
16.1495 91.514 -0.795088
26.9159 91.514 -0.889496
37.6822 91.514 -0.900149
48.4486 91.514 -0.833795
59.215 91.514 -0.597559
69.9813 91.514 -0.210181
5.38318 102.28 -0.574743
16.1495 102.28 -0.92871
26.9159 102.28 -1.01918
37.6822 102.28 -1.01773
48.4486 102.28 -0.952316
59.215 102.28 -0.701849
69.9813 102.28 -0.278223
5.38318 113.047 -0.575945
16.1495 113.047 -0.918051
26.9159 113.047 -0.992371
37.6822 113.047 -0.988721
48.4486 113.047 -0.936799
59.215 113.047 -0.72251
69.9813 113.047 -0.306445
5.38318 123.813 -0.542096
16.1495 123.813 -0.844899
26.9159 123.813 -0.83653
37.6822 123.813 -0.804976
48.4486 123.813 -0.743363
59.215 123.813 -0.564054
69.9813 123.813 -0.225391
5.38318 134.579 -0.400652
16.1495 134.579 -0.545508
26.9159 134.579 -0.394197
37.6822 134.579 -0.328255
48.4486 134.579 -0.296149
59.215 134.579 -0.257801
69.9813 134.579 -0.0650498
5.38318 145.346 -0.14068
16.1495 145.346 -0.0120281
26.9159 145.346 0.87993
37.6822 145.346 1.28388
48.4486 145.346 1.29692
59.215 145.346 0.764846
69.9813 145.346 0.53463
5.38318 156.112 0.483382
16.1495 156.112 1.48335
26.9159 156.112 2.80219
37.6822 156.112 3.33508
48.4486 156.112 3.10643
59.215 156.112 2.0528
69.9813 156.112 1.1301
5.38318 166.879 1.13324
16.1495 166.879 2.62966
26.9159 166.879 4.47751
37.6822 166.879 5.18078
48.4486 166.879 4.70157
59.215 166.879 3.03943
69.9813 166.879 1.60899
5.38318 177.645 1.41158
16.1495 177.645 3.04768
26.9159 177.645 4.9272
37.6822 177.645 5.47235
48.4486 177.645 4.7385
59.215 177.645 3.0678
69.9813 177.645 1.59727
5.38318 188.411 1.36144
16.1495 188.411 2.69292
26.9159 188.411 3.96933
37.6822 188.411 4.16879
48.4486 188.411 3.61265
59.215 188.411 2.63344
69.9813 188.411 1.54696
5.38318 199.178 0.920888
16.1495 199.178 1.52191
26.9159 199.178 1.67289
37.6822 199.178 1.54883
48.4486 199.178 1.33181
59.215 199.178 1.51882
69.9813 199.178 1.17737
5.38318 209.944 0.546317
16.1495 209.944 0.832502
26.9159 209.944 0.661023
37.6822 209.944 0.599306
48.4486 209.944 0.678687
59.215 209.944 1.20944
69.9813 209.944 1.01864
