37 188
0 168 72 40
0 144 72 72
0 134 72 82
0 72 72 144
0 0 72 216
5.38318 5.38318 0.148807
16.1495 5.38318 0.221965
26.9159 5.38318 0.361574
37.6822 5.38318 0.336606
48.4486 5.38318 0.338971
59.215 5.38318 0.284685
69.9813 5.38318 0.235906
5.38318 16.1495 0.34255
16.1495 16.1495 0.841711
26.9159 16.1495 1.36951
37.6822 16.1495 1.44452
48.4486 16.1495 1.37513
59.215 16.1495 1.02766
69.9813 16.1495 0.703796
5.38318 26.9159 0.323593
16.1495 26.9159 1.02974
26.9159 26.9159 1.90534
37.6822 26.9159 2.06049
48.4486 26.9159 1.90872
59.215 26.9159 1.44392
69.9813 26.9159 0.940196
5.38318 37.6822 0.754584
16.1495 37.6822 1.77924
26.9159 37.6822 2.86285
37.6822 37.6822 3.09556
48.4486 37.6822 2.85519
59.215 37.6822 2.04547
69.9813 37.6822 1.223
5.38318 48.4486 0.684104
16.1495 48.4486 1.6739
26.9159 48.4486 2.84685
37.6822 48.4486 3.12522
48.4486 48.4486 2.8598
59.215 48.4486 2.00917
69.9813 48.4486 1.16047
5.38318 59.215 0.474076
16.1495 59.215 1.24279
26.9159 59.215 2.2284
37.6822 59.215 2.38533
48.4486 59.215 2.06927
59.215 59.215 1.4035
69.9813 59.215 0.762408
5.38318 69.9813 -0.0461013
16.1495 69.9813 0.0637519
26.9159 69.9813 0.547414
37.6822 69.9813 0.597993
48.4486 69.9813 0.320804
59.215 69.9813 0.217101
69.9813 69.9813 0.113927
5.38318 80.7477 -0.187952
16.1495 80.7477 -0.247936
26.9159 80.7477 -0.212679
37.6822 80.7477 -0.201722
48.4486 80.7477 -0.284754
59.215 80.7477 -0.228003
69.9813 80.7477 -0.119142
5.38318 91.514 -0.274762
16.1495 91.514 -0.41974
26.9159 91.514 -0.441506
37.6822 91.514 -0.463142
48.4486 91.514 -0.473142
59.215 91.514 -0.373781
69.9813 91.514 -0.171348
5.38318 102.28 -0.295205
16.1495 102.28 -0.448081
26.9159 102.28 -0.461375
37.6822 102.28 -0.455834
48.4486 102.28 -0.443376
59.215 102.28 -0.35819
69.9813 102.28 -0.16014
5.38318 113.047 -0.298979
16.1495 113.047 -0.452529
26.9159 113.047 -0.456995
37.6822 113.047 -0.441087
48.4486 113.047 -0.426829
59.215 113.047 -0.3407
69.9813 113.047 -0.153952
5.38318 123.813 -0.299294
16.1495 123.813 -0.453172
26.9159 123.813 -0.457987
37.6822 123.813 -0.442529
48.4486 123.813 -0.427753
59.215 123.813 -0.340564
69.9813 123.813 -0.153049
5.38318 134.579 -0.29835
16.1495 134.579 -0.450072
26.9159 134.579 -0.450565
37.6822 134.579 -0.436401
48.4486 134.579 -0.423138
59.215 134.579 -0.333789
69.9813 134.579 -0.150664
5.38318 145.346 -0.249037
16.1495 145.346 -0.346762
26.9159 145.346 -0.285109
37.6822 145.346 -0.259597
48.4486 145.346 -0.27549
59.215 145.346 -0.226826
69.9813 145.346 -0.0988954
5.38318 156.112 -0.0540025
16.1495 156.112 -0.0155264
26.9159 156.112 0.346177
37.6822 156.112 0.423685
48.4486 156.112 0.276511
59.215 156.112 0.141463
69.9813 156.112 0.156497
5.38318 166.879 0.525923
16.1495 166.879 1.21056
26.9159 166.879 1.85889
37.6822 166.879 1.96098
48.4486 166.879 1.64646
59.215 166.879 1.12834
69.9813 166.879 0.65799
5.38318 177.645 1.11283
16.1495 177.645 2.25476
26.9159 177.645 3.32907
37.6822 177.645 3.43483
48.4486 177.645 2.96805
59.215 177.645 2.04441
69.9813 177.645 1.18734
5.38318 188.411 1.31148
16.1495 188.411 2.69328
26.9159 188.411 3.92572
37.6822 188.411 4.01901
48.4486 188.411 3.49378
59.215 188.411 2.41415
69.9813 188.411 1.39871
5.38318 199.178 0.971841
16.1495 199.178 1.92962
26.9159 199.178 2.87386
37.6822 199.178 2.85999
48.4486 199.178 2.49781
59.215 199.178 1.73714
69.9813 199.178 1.03641
5.38318 209.944 0.387043
16.1495 209.944 0.782748
26.9159 209.944 1.16809
37.6822 209.944 1.11421
48.4486 209.944 0.913047
59.215 209.944 0.62474
69.9813 209.944 0.385651
