48 37
0 17 72 40
0 1 72 72
0 0 72 82
0 0 72 144
0 0 72 216
5.38318 5.38318 0.784575
16.1495 5.38318 1.33393
26.9159 5.38318 1.59395
37.6822 5.38318 1.55855
48.4486 5.38318 1.42601
59.215 5.38318 1.14041
69.9813 5.38318 0.745114
5.38318 16.1495 1.26092
16.1495 16.1495 2.30818
26.9159 16.1495 2.80122
37.6822 16.1495 2.85074
48.4486 16.1495 2.79774
59.215 16.1495 2.30298
69.9813 16.1495 1.56666
5.38318 26.9159 1.41946
16.1495 26.9159 2.55334
26.9159 26.9159 3.07518
37.6822 26.9159 3.36073
48.4486 26.9159 3.58736
59.215 26.9159 3.15472
69.9813 26.9159 2.14135
5.38318 37.6822 1.42404
16.1495 37.6822 2.42702
26.9159 37.6822 2.86937
37.6822 37.6822 3.43769
48.4486 37.6822 3.90358
59.215 37.6822 3.51746
69.9813 37.6822 2.30537
5.38318 48.4486 1.19786
16.1495 48.4486 2.17293
26.9159 48.4486 2.67287
37.6822 48.4486 3.38754
48.4486 48.4486 3.7113
59.215 48.4486 3.40884
69.9813 48.4486 2.16736
5.38318 59.215 1.03838
16.1495 59.215 1.97326
26.9159 59.215 2.36408
37.6822 59.215 2.54342
48.4486 59.215 2.43685
59.215 59.215 2.23985
69.9813 59.215 1.50992
5.38318 69.9813 0.456393
16.1495 69.9813 0.890411
26.9159 69.9813 1.06705
37.6822 69.9813 0.905988
48.4486 69.9813 0.767029
59.215 69.9813 0.875023
69.9813 69.9813 0.829996
5.38318 80.7477 0.0487111
16.1495 80.7477 0.170729
26.9159 80.7477 0.299476
37.6822 80.7477 -0.0362896
48.4486 80.7477 -0.107341
59.215 80.7477 0.0684085
69.9813 80.7477 0.394413
5.38318 91.514 -0.170894
16.1495 91.514 -0.233036
26.9159 91.514 -0.15356
37.6822 91.514 -0.182509
48.4486 91.514 -0.168172
59.215 91.514 -0.0477261
69.9813 91.514 0.228709
5.38318 102.28 -0.209708
16.1495 102.28 -0.277609
26.9159 102.28 -0.185886
37.6822 102.28 -0.170117
48.4486 102.28 -0.172672
59.215 102.28 -0.120293
69.9813 102.28 -7.28209e-05
5.38318 113.047 -0.295194
16.1495 113.047 -0.442024
26.9159 113.047 -0.430734
37.6822 113.047 -0.418755
48.4486 113.047 -0.405172
59.215 113.047 -0.319951
69.9813 113.047 -0.140145
5.38318 123.813 -0.297627
16.1495 123.813 -0.450625
26.9159 123.813 -0.455413
37.6822 123.813 -0.440476
48.4486 123.813 -0.42675
59.215 123.813 -0.341351
69.9813 123.813 -0.153794
5.38318 134.579 -0.287674
16.1495 134.579 -0.438453
26.9159 134.579 -0.442681
37.6822 134.579 -0.434756
48.4486 134.579 -0.423332
59.215 134.579 -0.336832
69.9813 134.579 -0.1516
5.38318 145.346 -0.21694
16.1495 145.346 -0.353527
26.9159 145.346 -0.332277
37.6822 145.346 -0.354522
48.4486 145.346 -0.355848
59.215 145.346 -0.276443
69.9813 145.346 -0.116261
5.38318 156.112 -0.00464213
16.1495 156.112 -0.0298831
26.9159 156.112 0.0684426
37.6822 156.112 -0.0514307
48.4486 156.112 -0.106793
59.215 156.112 -0.10261
69.9813 156.112 -0.00852937
5.38318 166.879 0.641759
16.1495 166.879 0.979061
26.9159 166.879 1.1405
37.6822 166.879 0.761378
48.4486 166.879 0.56627
59.215 166.879 0.380172
69.9813 166.879 0.343911
5.38318 177.645 1.26827
16.1495 177.645 2.00517
26.9159 177.645 2.23787
37.6822 177.645 1.72637
48.4486 177.645 1.37672
59.215 177.645 1.00077
69.9813 177.645 0.763762
5.38318 188.411 1.46645
16.1495 188.411 2.35696
26.9159 188.411 2.54366
37.6822 188.411 2.01539
48.4486 188.411 1.53639
59.215 188.411 1.24624
69.9813 188.411 0.952026
5.38318 199.178 1.06842
16.1495 199.178 1.75408
26.9159 199.178 1.85296
37.6822 199.178 1.43058
48.4486 199.178 1.1172
59.215 199.178 1.12716
69.9813 199.178 0.938579
5.38318 209.944 0.411276
16.1495 209.944 0.753814
26.9159 209.944 0.682753
37.6822 209.944 0.595674
48.4486 209.944 0.515087
59.215 209.944 0.801923
69.9813 209.944 0.691671
