37 177
0 157 72 40
0 141 72 72
0 134 72 82
0 72 72 144
0 0 72 216
5.38318 5.38318 0.765605
16.1495 5.38318 1.35067
26.9159 5.38318 1.59272
37.6822 5.38318 1.33861
48.4486 5.38318 0.887955
59.215 5.38318 0.499524
69.9813 5.38318 0.28093
5.38318 16.1495 1.20853
16.1495 16.1495 2.32467
26.9159 16.1495 2.91266
37.6822 16.1495 2.65743
48.4486 16.1495 1.95134
59.215 16.1495 1.3129
69.9813 16.1495 0.719673
5.38318 26.9159 1.39018
16.1495 26.9159 2.74047
26.9159 26.9159 3.587
37.6822 26.9159 3.44321
48.4486 26.9159 2.63777
59.215 26.9159 1.82834
69.9813 26.9159 1.01458
5.38318 37.6822 1.45808
16.1495 37.6822 2.60507
26.9159 37.6822 3.38823
37.6822 37.6822 3.50015
48.4486 37.6822 3.11368
59.215 37.6822 2.38434
69.9813 37.6822 1.36739
5.38318 48.4486 1.68033
16.1495 48.4486 2.7771
26.9159 48.4486 3.37569
37.6822 48.4486 3.44789
48.4486 48.4486 3.29812
59.215 48.4486 2.65537
69.9813 48.4486 1.63559
5.38318 59.215 1.67967
16.1495 59.215 2.64229
26.9159 59.215 2.93846
37.6822 59.215 2.87606
48.4486 59.215 2.89678
59.215 59.215 2.54645
69.9813 59.215 1.72394
5.38318 69.9813 1.09256
16.1495 69.9813 1.6847
26.9159 69.9813 1.79683
37.6822 69.9813 1.7792
48.4486 69.9813 1.90127
59.215 69.9813 1.82618
69.9813 69.9813 1.32933
5.38318 80.7477 0.210032
16.1495 80.7477 0.339677
26.9159 80.7477 0.293691
37.6822 80.7477 0.267079
48.4486 80.7477 0.272064
59.215 80.7477 0.454272
69.9813 80.7477 0.491225
5.38318 91.514 -0.243249
16.1495 91.514 -0.36036
26.9159 91.514 -0.357255
37.6822 91.514 -0.31882
48.4486 91.514 -0.323798
59.215 91.514 -0.206551
69.9813 91.514 -0.0651014
5.38318 102.28 -0.303486
16.1495 102.28 -0.462346
26.9159 102.28 -0.451671
37.6822 102.28 -0.445561
48.4486 102.28 -0.440667
59.215 102.28 -0.351633
69.9813 102.28 -0.157973
5.38318 113.047 -0.299873
16.1495 113.047 -0.453657
26.9159 113.047 -0.457737
37.6822 113.047 -0.443904
48.4486 113.047 -0.429324
59.215 113.047 -0.344724
69.9813 113.047 -0.153946
5.38318 123.813 -0.298335
16.1495 123.813 -0.447305
26.9159 123.813 -0.432572
37.6822 123.813 -0.408908
48.4486 123.813 -0.382556
59.215 123.813 -0.3017
69.9813 123.813 -0.129855
5.38318 134.579 -0.223747
16.1495 134.579 -0.279476
26.9159 134.579 -0.146928
37.6822 134.579 -0.0958137
48.4486 134.579 -0.107817
59.215 134.579 -0.126648
69.9813 134.579 -0.0462591
5.38318 145.346 -0.0755151
16.1495 145.346 0.147193
26.9159 145.346 0.862054
37.6822 145.346 1.15365
48.4486 145.346 0.942094
59.215 145.346 0.492296
69.9813 145.346 0.250593
5.38318 156.112 0.390643
16.1495 156.112 1.4129
26.9159 156.112 2.62208
37.6822 156.112 3.07115
48.4486 156.112 2.51101
59.215 156.112 1.48958
69.9813 156.112 0.656692
5.38318 166.879 0.729147
16.1495 166.879 2.18293
26.9159 166.879 3.88841
37.6822 166.879 4.54876
48.4486 166.879 3.70143
59.215 166.879 2.14853
69.9813 166.879 0.933532
5.38318 177.645 0.928867
16.1495 177.645 2.54546
26.9159 177.645 4.19801
37.6822 177.645 4.75966
48.4486 177.645 3.77046
59.215 177.645 2.14768
69.9813 177.645 0.973491
5.38318 188.411 0.890863
16.1495 188.411 2.16158
26.9159 188.411 3.14621
37.6822 188.411 3.39318
48.4486 188.411 2.7218
59.215 188.411 1.64147
69.9813 188.411 0.910267
5.38318 199.178 0.650706
16.1495 199.178 1.57549
26.9159 199.178 2.07843
37.6822 199.178 2.21373
48.4486 199.178 1.79991
59.215 199.178 1.19871
69.9813 199.178 0.741962
5.38318 209.944 0.418335
16.1495 209.944 1.0025
26.9159 209.944 1.33927
37.6822 209.944 1.43205
48.4486 209.944 1.20497
59.215 209.944 0.848855
69.9813 209.944 0.537197
