37 177
0 157 72 40
0 141 72 72
0 134 72 82
0 72 72 144
0 0 72 216
5.38318 5.38318 0.610769
16.1495 5.38318 1.06786
26.9159 5.38318 1.40322
37.6822 5.38318 1.5825
48.4486 5.38318 1.44758
59.215 5.38318 1.02017
69.9813 5.38318 0.614284
5.38318 16.1495 1.11749
16.1495 16.1495 2.12967
26.9159 16.1495 2.8459
37.6822 16.1495 3.16153
48.4486 16.1495 2.91806
59.215 16.1495 2.10784
69.9813 16.1495 1.24657
5.38318 26.9159 1.41951
16.1495 26.9159 2.72425
26.9159 26.9159 3.65172
37.6822 26.9159 4.01299
48.4486 26.9159 3.62812
59.215 26.9159 2.70484
69.9813 26.9159 1.58174
5.38318 37.6822 1.73738
16.1495 37.6822 3.10544
26.9159 37.6822 3.94322
37.6822 37.6822 4.08226
48.4486 37.6822 3.66589
59.215 37.6822 2.81403
69.9813 37.6822 1.66546
5.38318 48.4486 1.76769
16.1495 48.4486 3.00965
26.9159 48.4486 3.62467
37.6822 48.4486 3.54576
48.4486 48.4486 3.30599
59.215 48.4486 2.70248
69.9813 48.4486 1.76079
5.38318 59.215 1.68931
16.1495 59.215 2.68044
26.9159 59.215 2.88045
37.6822 59.215 2.70888
48.4486 59.215 2.82037
59.215 59.215 2.67549
69.9813 59.215 1.9486
5.38318 69.9813 1.21309
16.1495 69.9813 1.86767
26.9159 69.9813 1.9874
37.6822 69.9813 1.77989
48.4486 69.9813 2.22736
59.215 69.9813 2.33206
69.9813 69.9813 1.8745
5.38318 80.7477 0.0791189
16.1495 80.7477 0.0785756
26.9159 80.7477 0.319782
37.6822 80.7477 0.327943
48.4486 80.7477 0.794383
59.215 80.7477 1.20924
69.9813 80.7477 1.16575
5.38318 91.514 -0.41007
16.1495 91.514 -0.691486
26.9159 91.514 -0.630899
37.6822 91.514 -0.630106
48.4486 91.514 -0.522006
59.215 91.514 -0.304365
69.9813 91.514 -0.0174035
5.38318 102.28 -0.561829
16.1495 102.28 -0.913444
26.9159 102.28 -0.97026
37.6822 102.28 -0.965056
48.4486 102.28 -0.899508
59.215 102.28 -0.660035
69.9813 102.28 -0.271557
5.38318 113.047 -0.576652
16.1495 113.047 -0.921945
26.9159 113.047 -0.997479
37.6822 113.047 -0.990702
48.4486 113.047 -0.935149
59.215 113.047 -0.715041
69.9813 113.047 -0.304169
5.38318 123.813 -0.537751
16.1495 123.813 -0.829635
26.9159 123.813 -0.814825
37.6822 123.813 -0.746373
48.4486 123.813 -0.698684
59.215 123.813 -0.513133
69.9813 123.813 -0.201738
5.38318 134.579 -0.37447
16.1495 134.579 -0.491211
26.9159 134.579 -0.358147
37.6822 134.579 -0.208486
48.4486 134.579 -0.211576
59.215 134.579 -0.149044
69.9813 134.579 -0.00062777
5.38318 145.346 -0.0748615
16.1495 145.346 0.170696
26.9159 145.346 1.1088
37.6822 145.346 1.72411
48.4486 145.346 1.62574
59.215 145.346 1.08985
69.9813 145.346 0.708683
5.38318 156.112 0.67196
16.1495 156.112 1.72292
26.9159 156.112 3.20418
37.6822 156.112 3.84872
48.4486 156.112 3.51871
59.215 156.112 2.29866
69.9813 156.112 1.26196
5.38318 166.879 1.20144
16.1495 166.879 2.75987
26.9159 166.879 5.0105
37.6822 166.879 5.76053
48.4486 166.879 5.14507
59.215 166.879 3.12362
69.9813 166.879 1.59107
5.38318 177.645 1.35586
16.1495 177.645 3.07116
26.9159 177.645 5.46185
37.6822 177.645 6.00552
48.4486 177.645 5.16585
59.215 177.645 3.00871
69.9813 177.645 1.48691
5.38318 188.411 1.08452
16.1495 188.411 2.4831
26.9159 188.411 4.26407
37.6822 188.411 4.50663
48.4486 188.411 3.70195
59.215 188.411 2.11757
69.9813 188.411 1.06352
5.38318 199.178 0.516151
16.1495 199.178 1.25066
26.9159 199.178 1.99032
37.6822 199.178 1.88536
48.4486 199.178 1.38244
59.215 199.178 0.601893
69.9813 199.178 0.468537
5.38318 209.944 0.159713
16.1495 209.944 0.534008
26.9159 209.944 0.706104
37.6822 209.944 0.456799
48.4486 209.944 0.120008
59.215 209.944 -0.0475154
69.9813 209.944 0.190451
