48 26
0 6 72 40
0 0 72 72
0 0 72 82
0 0 72 144
0 0 72 216
5.38318 5.38318 1.29747
16.1495 5.38318 2.05838
26.9159 5.38318 2.17154
37.6822 5.38318 2.21604
48.4486 5.38318 2.27026
59.215 5.38318 1.8895
69.9813 5.38318 1.20174
5.38318 16.1495 2.28787
16.1495 16.1495 3.76612
26.9159 16.1495 4.02987
37.6822 16.1495 4.05359
48.4486 16.1495 4.16625
59.215 16.1495 3.58791
69.9813 16.1495 2.31953
5.38318 26.9159 2.66116
16.1495 26.9159 4.43045
26.9159 26.9159 4.83476
37.6822 26.9159 4.82584
48.4486 26.9159 4.86352
59.215 26.9159 4.27527
69.9813 26.9159 2.70513
5.38318 37.6822 2.10821
16.1495 37.6822 3.38805
26.9159 37.6822 3.7819
37.6822 37.6822 3.75691
48.4486 37.6822 3.77678
59.215 37.6822 3.36817
69.9813 37.6822 2.13038
5.38318 48.4486 1.50796
16.1495 48.4486 2.42148
26.9159 48.4486 2.93764
37.6822 48.4486 2.85439
48.4486 48.4486 2.90421
59.215 48.4486 2.60419
69.9813 48.4486 1.70222
5.38318 59.215 1.34051
16.1495 59.215 2.20294
26.9159 59.215 2.79322
37.6822 59.215 2.72437
48.4486 59.215 2.79592
59.215 59.215 2.46344
69.9813 59.215 1.69378
5.38318 69.9813 0.985107
16.1495 69.9813 1.6705
26.9159 69.9813 2.24659
37.6822 69.9813 2.14503
48.4486 69.9813 2.34395
59.215 69.9813 2.05603
69.9813 69.9813 1.52349
5.38318 80.7477 0.458648
16.1495 80.7477 0.768108
26.9159 80.7477 1.07348
37.6822 80.7477 0.790653
48.4486 80.7477 0.966064
59.215 80.7477 0.8918
69.9813 80.7477 0.860989
5.38318 91.514 -0.296248
16.1495 91.514 -0.481056
26.9159 91.514 -0.474423
37.6822 91.514 -0.586211
48.4486 91.514 -0.537808
59.215 91.514 -0.394601
69.9813 91.514 -0.0785952
5.38318 102.28 -0.517776
16.1495 102.28 -0.837228
26.9159 102.28 -0.915188
37.6822 102.28 -0.954166
48.4486 102.28 -0.909789
59.215 102.28 -0.686936
69.9813 102.28 -0.274969
5.38318 113.047 -0.576787
16.1495 113.047 -0.92446
26.9159 113.047 -1.01108
37.6822 113.047 -1.01357
48.4486 113.047 -0.959275
59.215 113.047 -0.747228
69.9813 113.047 -0.317207
5.38318 123.813 -0.550949
16.1495 123.813 -0.869566
26.9159 123.813 -0.943862
37.6822 123.813 -0.930963
48.4486 123.813 -0.881115
59.215 123.813 -0.640354
69.9813 123.813 -0.26116
5.38318 134.579 -0.455251
16.1495 134.579 -0.688276
26.9159 134.579 -0.707633
37.6822 134.579 -0.68991
48.4486 134.579 -0.662839
59.215 134.579 -0.457001
69.9813 134.579 -0.163771
5.38318 145.346 -0.227841
16.1495 145.346 -0.283812
26.9159 145.346 -0.234183
37.6822 145.346 -0.220707
48.4486 145.346 -0.263841
59.215 145.346 -0.176097
69.9813 145.346 -0.0173384
5.38318 156.112 0.234666
16.1495 156.112 0.68122
26.9159 156.112 1.00294
37.6822 156.112 0.934478
48.4486 156.112 0.603081
59.215 156.112 0.476374
69.9813 156.112 0.365562
5.38318 166.879 0.740214
16.1495 166.879 1.52647
26.9159 166.879 1.9684
37.6822 166.879 1.8335
48.4486 166.879 1.44562
59.215 166.879 1.03489
69.9813 166.879 0.643575
5.38318 177.645 0.907812
16.1495 177.645 1.68836
26.9159 177.645 2.02744
37.6822 177.645 1.79645
48.4486 177.645 1.43825
59.215 177.645 1.1819
69.9813 177.645 0.820098
5.38318 188.411 0.587045
16.1495 188.411 1.09893
26.9159 188.411 1.20159
37.6822 188.411 0.95705
48.4486 188.411 0.831927
59.215 188.411 1.0125
69.9813 188.411 0.878721
5.38318 199.178 0.263373
16.1495 199.178 0.507892
26.9159 199.178 0.393013
37.6822 199.178 0.17257
48.4486 199.178 0.164893
59.215 199.178 0.66504
69.9813 199.178 0.733356
5.38318 209.944 0.0221216
16.1495 209.944 0.119148
26.9159 209.944 -0.00278209
37.6822 209.944 -0.0352096
48.4486 209.944 -0.0295706
59.215 209.944 0.357683
69.9813 209.944 0.455537
