37 166
0 146 72 40
0 130 72 72
0 125 72 82
0 72 72 144
0 0 72 216
5.38318 5.38318 0.180079
16.1495 5.38318 0.374928
26.9159 5.38318 0.678641
37.6822 5.38318 0.758204
48.4486 5.38318 0.485719
59.215 5.38318 0.268723
69.9813 5.38318 0.122691
5.38318 16.1495 0.200994
16.1495 16.1495 0.627683
26.9159 16.1495 1.26535
37.6822 16.1495 1.47618
48.4486 16.1495 1.09787
59.215 16.1495 0.695599
69.9813 16.1495 0.370718
5.38318 26.9159 -0.0918731
16.1495 26.9159 0.0895429
26.9159 26.9159 0.984599
37.6822 26.9159 1.38621
48.4486 26.9159 1.20333
59.215 26.9159 0.797326
69.9813 26.9159 0.427475
5.38318 37.6822 -0.0611551
16.1495 37.6822 -0.0173047
26.9159 37.6822 0.801065
37.6822 37.6822 1.17227
48.4486 37.6822 1.43302
59.215 37.6822 1.12624
69.9813 37.6822 0.743404
5.38318 48.4486 0.00887499
16.1495 48.4486 0.012447
26.9159 48.4486 0.686214
37.6822 48.4486 0.89346
48.4486 48.4486 1.41776
59.215 48.4486 1.22493
69.9813 48.4486 0.96413
5.38318 59.215 0.127299
16.1495 59.215 0.0212892
26.9159 59.215 0.443229
37.6822 59.215 0.517036
48.4486 59.215 1.14881
59.215 59.215 1.13726
69.9813 59.215 1.04469
5.38318 69.9813 -0.00810585
16.1495 69.9813 -0.0922158
26.9159 69.9813 0.0120443
37.6822 69.9813 0.0255412
48.4486 69.9813 0.587925
59.215 69.9813 0.698239
69.9813 69.9813 0.808048
5.38318 80.7477 -0.124444
16.1495 80.7477 -0.221603
26.9159 80.7477 -0.183835
37.6822 80.7477 -0.167225
48.4486 80.7477 0.0168853
59.215 80.7477 0.224221
69.9813 80.7477 0.472596
5.38318 91.514 -0.257806
16.1495 91.514 -0.392487
26.9159 91.514 -0.390439
37.6822 91.514 -0.346943
48.4486 91.514 -0.277894
59.215 91.514 -0.185662
69.9813 91.514 -0.00926384
5.38318 102.28 -0.285538
16.1495 102.28 -0.424988
26.9159 102.28 -0.426893
37.6822 102.28 -0.425049
48.4486 102.28 -0.425775
59.215 102.28 -0.337503
69.9813 102.28 -0.146046
5.38318 113.047 -0.285519
16.1495 113.047 -0.426366
26.9159 113.047 -0.397642
37.6822 113.047 -0.38792
48.4486 113.047 -0.376707
59.215 113.047 -0.298234
69.9813 113.047 -0.129382
5.38318 123.813 -0.1742
16.1495 123.813 -0.224324
26.9159 123.813 -0.121904
37.6822 123.813 -0.12027
48.4486 123.813 -0.137077
59.215 123.813 -0.128928
69.9813 123.813 -0.0283018
5.38318 134.579 -0.00641524
16.1495 134.579 0.241946
26.9159 134.579 0.70755
37.6822 134.579 0.761585
48.4486 134.579 0.609073
59.215 134.579 0.345156
69.9813 134.579 0.288016
5.38318 145.346 0.535752
16.1495 145.346 1.39393
26.9159 145.346 2.20498
37.6822 145.346 2.28796
48.4486 145.346 1.94495
59.215 145.346 1.22948
69.9813 145.346 0.754604
5.38318 156.112 0.844639
16.1495 156.112 2.1005
26.9159 156.112 3.37745
37.6822 156.112 3.60136
48.4486 156.112 3.10088
59.215 156.112 1.88337
69.9813 156.112 1.05883
5.38318 166.879 1.1036
16.1495 166.879 2.68424
26.9159 166.879 4.34653
37.6822 166.879 4.65701
48.4486 166.879 3.9373
59.215 166.879 2.31023
69.9813 166.879 1.18742
5.38318 177.645 1.01898
16.1495 177.645 2.38807
26.9159 177.645 4.01468
37.6822 177.645 4.32936
48.4486 177.645 3.73028
59.215 177.645 2.17204
69.9813 177.645 1.09744
5.38318 188.411 0.960117
16.1495 188.411 2.08218
26.9159 188.411 3.29999
37.6822 188.411 3.50045
48.4486 188.411 2.87731
59.215 188.411 1.69508
69.9813 188.411 0.872262
5.38318 199.178 0.685795
16.1495 199.178 1.43597
26.9159 199.178 2.02511
37.6822 199.178 2.00483
48.4486 199.178 1.72396
59.215 199.178 1.09075
69.9813 199.178 0.771663
5.38318 209.944 0.556827
16.1495 209.944 1.09503
26.9159 209.944 1.26015
37.6822 209.944 1.11425
48.4486 209.944 0.920142
59.215 209.944 0.709638
69.9813 209.944 0.625496
