37 37
0 17 72 40
0 1 72 72
0 0 72 82
0 0 72 144
0 0 72 216
5.38318 5.38318 0.518918
16.1495 5.38318 0.868483
26.9159 5.38318 1.52922
37.6822 5.38318 1.59158
48.4486 5.38318 1.50919
59.215 5.38318 0.946917
69.9813 5.38318 0.588323
5.38318 16.1495 0.791696
16.1495 16.1495 1.7934
26.9159 16.1495 3.16986
37.6822 16.1495 3.4331
48.4486 16.1495 3.17246
59.215 16.1495 1.95815
69.9813 16.1495 1.13461
5.38318 26.9159 0.921741
16.1495 26.9159 2.33813
26.9159 26.9159 4.55132
37.6822 26.9159 5.06289
48.4486 26.9159 4.56875
59.215 26.9159 2.68589
69.9813 26.9159 1.42832
5.38318 37.6822 0.870973
16.1495 37.6822 2.29583
26.9159 37.6822 4.57788
37.6822 37.6822 5.17358
48.4486 37.6822 4.53519
59.215 37.6822 2.56689
69.9813 37.6822 1.30523
5.38318 48.4486 0.891442
16.1495 48.4486 2.04474
26.9159 48.4486 3.77229
37.6822 48.4486 3.91687
48.4486 48.4486 3.37807
59.215 48.4486 1.89329
69.9813 48.4486 1.02235
5.38318 59.215 0.765997
16.1495 59.215 1.32398
26.9159 59.215 1.9821
37.6822 59.215 1.57682
48.4486 59.215 1.34497
59.215 59.215 0.796292
69.9813 59.215 0.767637
5.38318 69.9813 0.411888
16.1495 69.9813 0.590514
26.9159 69.9813 0.872881
37.6822 69.9813 0.351386
48.4486 69.9813 0.294829
59.215 69.9813 0.339593
69.9813 69.9813 0.588448
5.38318 80.7477 -0.106811
16.1495 80.7477 -0.209369
26.9159 80.7477 -0.0754048
37.6822 80.7477 -0.19997
48.4486 80.7477 -0.169235
59.215 80.7477 -0.0368179
69.9813 80.7477 0.22919
5.38318 91.514 -0.293328
16.1495 91.514 -0.463303
26.9159 91.514 -0.366649
37.6822 91.514 -0.354797
48.4486 91.514 -0.323029
59.215 91.514 -0.199762
69.9813 91.514 -0.0597715
5.38318 102.28 -0.307363
16.1495 102.28 -0.449741
26.9159 102.28 -0.357428
37.6822 102.28 -0.306858
48.4486 102.28 -0.307738
59.215 102.28 -0.249884
69.9813 102.28 -0.116291
5.38318 113.047 -0.30006
16.1495 113.047 -0.454184
26.9159 113.047 -0.458813
37.6822 113.047 -0.443335
48.4486 113.047 -0.428255
59.215 113.047 -0.336742
69.9813 113.047 -0.149352
5.38318 123.813 -0.291983
16.1495 123.813 -0.442882
26.9159 123.813 -0.436461
37.6822 123.813 -0.431418
48.4486 123.813 -0.414553
59.215 123.813 -0.312625
69.9813 123.813 -0.133764
5.38318 134.579 -0.263991
16.1495 134.579 -0.39235
26.9159 134.579 -0.351223
37.6822 134.579 -0.341644
48.4486 134.579 -0.33639
59.215 134.579 -0.233331
69.9813 134.579 -0.095168
5.38318 145.346 -0.191996
16.1495 145.346 -0.234348
26.9159 145.346 -0.102554
37.6822 145.346 -0.0293279
48.4486 145.346 -0.0334936
59.215 145.346 0.0337369
69.9813 145.346 0.0896923
5.38318 156.112 -0.0843935
16.1495 156.112 0.0438908
26.9159 156.112 0.744269
37.6822 156.112 1.15565
48.4486 156.112 1.19476
59.215 156.112 0.940118
69.9813 156.112 0.560066
5.38318 166.879 0.263726
16.1495 166.879 0.84863
26.9159 166.879 1.89104
37.6822 166.879 2.45855
48.4486 166.879 2.50096
59.215 166.879 1.86232
69.9813 166.879 1.05109
5.38318 177.645 0.86753
16.1495 177.645 1.62632
26.9159 177.645 2.61306
37.6822 177.645 3.2774
48.4486 177.645 3.46583
59.215 177.645 2.6452
69.9813 177.645 1.50836
5.38318 188.411 1.57026
16.1495 188.411 2.4234
26.9159 188.411 3.02083
37.6822 188.411 3.27181
48.4486 188.411 3.31697
59.215 188.411 2.62479
69.9813 188.411 1.5076
5.38318 199.178 1.86016
16.1495 199.178 2.49306
26.9159 199.178 2.5075
37.6822 199.178 2.16881
48.4486 199.178 2.11312
59.215 199.178 1.89687
69.9813 199.178 1.18073
5.38318 209.944 1.39137
16.1495 209.944 1.78571
26.9159 209.944 1.68032
37.6822 209.944 1.24268
48.4486 209.944 1.16201
59.215 209.944 1.11908
69.9813 209.944 0.753035
