48 188
0 168 72 40
0 144 72 72
0 134 72 82
0 72 72 144
0 0 72 216
5.38318 5.38318 -0.0201113
16.1495 5.38318 -0.0521092
26.9159 5.38318 0.0749372
37.6822 5.38318 0.287061
48.4486 5.38318 0.453463
59.215 5.38318 0.500509
69.9813 5.38318 0.345839
5.38318 16.1495 -0.0557259
16.1495 16.1495 -0.0182042
26.9159 16.1495 0.406771
37.6822 16.1495 0.8328
48.4486 16.1495 1.1997
59.215 16.1495 1.19935
69.9813 16.1495 0.832784
5.38318 26.9159 -0.22293
16.1495 26.9159 -0.293326
26.9159 26.9159 -0.154755
37.6822 26.9159 0.277097
48.4486 26.9159 0.822894
59.215 26.9159 0.987335
69.9813 26.9159 0.804156
5.38318 37.6822 -0.153228
16.1495 37.6822 -0.154491
26.9159 37.6822 0.0207681
37.6822 37.6822 0.488857
48.4486 37.6822 0.773388
59.215 37.6822 0.827807
69.9813 37.6822 0.684403
5.38318 48.4486 -0.0935474
16.1495 48.4486 -0.0769064
26.9159 48.4486 0.00667629
37.6822 48.4486 0.189578
48.4486 48.4486 0.268589
59.215 48.4486 0.438986
69.9813 48.4486 0.426483
5.38318 59.215 -0.0427153
16.1495 59.215 -0.00557731
26.9159 59.215 0.114793
37.6822 59.215 0.0943552
48.4486 59.215 -0.0275289
59.215 59.215 0.21398
69.9813 59.215 0.271304
5.38318 69.9813 -0.117623
16.1495 69.9813 -0.147475
26.9159 69.9813 -0.146788
37.6822 69.9813 -0.206359
48.4486 69.9813 -0.30256
59.215 69.9813 -0.163126
69.9813 69.9813 -0.0452199
5.38318 80.7477 -0.184895
16.1495 80.7477 -0.270484
26.9159 80.7477 -0.285188
37.6822 80.7477 -0.335308
48.4486 80.7477 -0.388183
59.215 80.7477 -0.267955
69.9813 80.7477 -0.108023
5.38318 91.514 -0.262178
16.1495 91.514 -0.398177
26.9159 91.514 -0.411314
37.6822 91.514 -0.447548
48.4486 91.514 -0.484158
59.215 91.514 -0.370209
69.9813 91.514 -0.175038
5.38318 102.28 -0.280929
16.1495 102.28 -0.415475
26.9159 102.28 -0.39782
37.6822 102.28 -0.391005
48.4486 102.28 -0.393735
59.215 102.28 -0.306777
69.9813 102.28 -0.136274
5.38318 113.047 -0.267081
16.1495 113.047 -0.418071
26.9159 113.047 -0.41381
37.6822 113.047 -0.425661
48.4486 113.047 -0.422622
59.215 113.047 -0.33569
69.9813 113.047 -0.15132
5.38318 123.813 -0.080932
16.1495 123.813 -0.143678
26.9159 123.813 -0.156495
37.6822 123.813 -0.263268
48.4486 123.813 -0.352377
59.215 123.813 -0.30286
69.9813 123.813 -0.13268
5.38318 134.579 0.57051
16.1495 134.579 0.731069
26.9159 134.579 0.623044
37.6822 134.579 0.018977
48.4486 134.579 -0.196972
59.215 134.579 -0.206167
69.9813 134.579 -0.0786631
5.38318 145.346 1.49552
16.1495 145.346 2.14897
26.9159 145.346 1.99873
37.6822 145.346 1.05339
48.4486 145.346 0.367501
59.215 145.346 0.0765269
69.9813 145.346 0.160666
5.38318 156.112 2.2429
16.1495 156.112 3.18092
26.9159 156.112 3.03508
37.6822 156.112 2.07626
48.4486 156.112 1.45114
59.215 156.112 0.942255
69.9813 156.112 0.614427
5.38318 166.879 2.43833
16.1495 166.879 3.51883
26.9159 166.879 3.57209
37.6822 166.879 3.05257
48.4486 166.879 2.62616
59.215 166.879 1.91941
69.9813 166.879 1.0834
5.38318 177.645 1.98906
16.1495 177.645 2.88867
26.9159 177.645 3.35657
37.6822 177.645 3.75924
48.4486 177.645 3.75218
59.215 177.645 2.8645
69.9813 177.645 1.46691
5.38318 188.411 1.47054
16.1495 188.411 2.28151
26.9159 188.411 2.9807
37.6822 188.411 3.79068
48.4486 188.411 3.85689
59.215 188.411 2.98163
69.9813 188.411 1.48787
5.38318 199.178 0.73548
16.1495 199.178 1.41477
26.9159 199.178 2.07832
37.6822 199.178 2.66612
48.4486 199.178 2.61576
59.215 199.178 2.14067
69.9813 199.178 1.15238
5.38318 209.944 0.494933
16.1495 209.944 1.11778
26.9159 209.944 1.397
37.6822 209.944 1.36439
48.4486 209.944 1.17141
59.215 209.944 0.994085
69.9813 209.944 0.706613
