37 48
0 28 72 40
0 12 72 72
0 7 72 82
0 0 72 144
0 0 72 216
5.38318 5.38318 0.0342056
16.1495 5.38318 0.03699
26.9159 5.38318 0.201126
37.6822 5.38318 0.348647
48.4486 5.38318 0.448769
59.215 5.38318 0.407305
69.9813 5.38318 0.302516
5.38318 16.1495 0.173477
16.1495 16.1495 0.584535
26.9159 16.1495 1.19347
37.6822 16.1495 1.49054
48.4486 16.1495 1.58287
59.215 16.1495 1.22755
69.9813 16.1495 0.806318
5.38318 26.9159 0.108026
16.1495 26.9159 0.732776
26.9159 26.9159 1.80574
37.6822 26.9159 2.18953
48.4486 26.9159 2.27402
59.215 26.9159 1.63253
69.9813 26.9159 1.01867
5.38318 37.6822 0.606727
16.1495 37.6822 1.7342
26.9159 37.6822 3.11336
37.6822 37.6822 3.42713
48.4486 37.6822 3.28424
59.215 37.6822 2.14073
69.9813 37.6822 1.23408
5.38318 48.4486 0.657105
16.1495 48.4486 1.74346
26.9159 48.4486 3.1693
37.6822 48.4486 3.49802
48.4486 48.4486 3.26103
59.215 48.4486 2.02264
69.9813 48.4486 1.11144
5.38318 59.215 0.498452
16.1495 59.215 1.29068
26.9159 59.215 2.33931
37.6822 59.215 2.51652
48.4486 59.215 2.20572
59.215 59.215 1.35204
69.9813 59.215 0.691882
5.38318 69.9813 0.0267302
16.1495 69.9813 0.17024
26.9159 69.9813 0.560055
37.6822 69.9813 0.482297
48.4486 69.9813 0.196415
59.215 69.9813 0.0168657
69.9813 69.9813 0.00440805
5.38318 80.7477 -0.164253
16.1495 80.7477 -0.221924
26.9159 80.7477 -0.20447
37.6822 80.7477 -0.237488
48.4486 80.7477 -0.312934
59.215 80.7477 -0.270293
69.9813 80.7477 -0.140291
5.38318 91.514 -0.270596
16.1495 91.514 -0.41762
26.9159 91.514 -0.436287
37.6822 91.514 -0.471543
48.4486 91.514 -0.4731
59.215 91.514 -0.376693
69.9813 91.514 -0.172707
5.38318 102.28 -0.296657
16.1495 102.28 -0.447408
26.9159 102.28 -0.446853
37.6822 102.28 -0.45148
48.4486 102.28 -0.436163
59.215 102.28 -0.35296
69.9813 102.28 -0.157204
5.38318 113.047 -0.298744
16.1495 113.047 -0.449406
26.9159 113.047 -0.442817
37.6822 113.047 -0.412065
48.4486 113.047 -0.375046
59.215 113.047 -0.275035
69.9813 113.047 -0.113998
5.38318 123.813 -0.297324
16.1495 123.813 -0.443035
26.9159 123.813 -0.395435
37.6822 123.813 -0.305809
48.4486 123.813 -0.193118
59.215 123.813 -0.0918389
69.9813 123.813 0.0570967
5.38318 134.579 -0.284562
16.1495 134.579 -0.404487
26.9159 134.579 -0.282057
37.6822 134.579 -0.0857134
48.4486 134.579 0.355108
59.215 134.579 0.553862
69.9813 134.579 0.570602
5.38318 145.346 -0.226215
16.1495 145.346 -0.291083
26.9159 145.346 -0.0955756
37.6822 145.346 0.4669
48.4486 145.346 1.23834
59.215 145.346 1.46659
69.9813 145.346 1.17739
5.38318 156.112 -0.14182
16.1495 156.112 -0.145071
26.9159 156.112 0.206768
37.6822 156.112 0.829401
48.4486 156.112 1.67165
59.215 156.112 1.92367
69.9813 156.112 1.51335
5.38318 166.879 -0.06295
16.1495 166.879 -0.00512601
26.9159 166.879 0.553246
37.6822 166.879 1.00815
48.4486 166.879 1.67186
59.215 166.879 1.83128
69.9813 166.879 1.40941
5.38318 177.645 0.052942
16.1495 177.645 0.330124
26.9159 177.645 0.871155
37.6822 177.645 1.04751
48.4486 177.645 1.3091
59.215 177.645 1.23037
69.9813 177.645 0.922315
5.38318 188.411 0.217932
16.1495 188.411 0.599959
26.9159 188.411 1.19645
37.6822 188.411 1.23308
48.4486 188.411 1.26853
59.215 188.411 1.02148
69.9813 188.411 0.776879
5.38318 199.178 0.339025
16.1495 199.178 0.878574
26.9159 199.178 1.58232
37.6822 199.178 1.60879
48.4486 199.178 1.42979
59.215 199.178 1.03576
69.9813 199.178 0.727827
5.38318 209.944 0.283421
16.1495 209.944 0.878268
26.9159 209.944 1.46124
37.6822 209.944 1.54235
48.4486 209.944 1.2673
59.215 209.944 0.834313
69.9813 209.944 0.503301
