37 37
0 17 72 40
0 1 72 72
0 0 72 82
0 0 72 144
0 0 72 216
5.38318 5.38318 0.198987
16.1495 5.38318 0.361221
26.9159 5.38318 0.770544
37.6822 5.38318 0.825783
48.4486 5.38318 0.677178
59.215 5.38318 0.345575
69.9813 5.38318 0.209196
5.38318 16.1495 0.378606
16.1495 16.1495 1.0704
26.9159 16.1495 2.06464
37.6822 16.1495 2.30515
48.4486 16.1495 2.013
59.215 16.1495 1.18484
69.9813 16.1495 0.662103
5.38318 26.9159 0.508659
16.1495 26.9159 1.80393
26.9159 26.9159 3.29224
37.6822 26.9159 3.81634
48.4486 26.9159 3.1825
59.215 26.9159 1.85866
69.9813 26.9159 0.867977
5.38318 37.6822 0.80453
16.1495 37.6822 2.35304
26.9159 37.6822 4.11304
37.6822 37.6822 4.81309
48.4486 37.6822 4.01763
59.215 37.6822 2.48559
69.9813 37.6822 1.22458
5.38318 48.4486 0.879576
16.1495 48.4486 2.25514
26.9159 48.4486 3.60306
37.6822 48.4486 4.01319
48.4486 48.4486 3.35852
59.215 48.4486 2.23338
69.9813 48.4486 1.23829
5.38318 59.215 0.673609
16.1495 59.215 1.54845
26.9159 59.215 2.0419
37.6822 59.215 2.00875
48.4486 59.215 1.74448
59.215 59.215 1.36876
69.9813 59.215 1.03336
5.38318 69.9813 0.386232
16.1495 69.9813 0.821602
26.9159 69.9813 0.956588
37.6822 69.9813 0.771189
48.4486 69.9813 0.806167
59.215 69.9813 0.914299
69.9813 69.9813 0.847628
5.38318 80.7477 -0.088644
16.1495 80.7477 -0.0951152
26.9159 80.7477 -0.0924293
37.6822 80.7477 -0.239492
48.4486 80.7477 -0.215132
59.215 80.7477 -0.042976
69.9813 80.7477 0.301537
5.38318 91.514 -0.458524
16.1495 91.514 -0.749749
26.9159 91.514 -0.813771
37.6822 91.514 -0.870105
48.4486 91.514 -0.824942
59.215 91.514 -0.565945
69.9813 91.514 -0.217958
5.38318 102.28 -0.566275
16.1495 102.28 -0.911016
26.9159 102.28 -1.00027
37.6822 102.28 -1.00428
48.4486 102.28 -0.958856
59.215 102.28 -0.741551
69.9813 102.28 -0.324775
5.38318 113.047 -0.585977
16.1495 113.047 -0.940142
26.9159 113.047 -1.02384
37.6822 113.047 -1.01818
48.4486 113.047 -0.954477
59.215 113.047 -0.726345
69.9813 113.047 -0.302774
5.38318 123.813 -0.584095
16.1495 123.813 -0.932974
26.9159 123.813 -1.00404
37.6822 123.813 -0.969675
48.4486 123.813 -0.87702
59.215 123.813 -0.565674
69.9813 123.813 -0.199954
5.38318 134.579 -0.579119
16.1495 134.579 -0.915945
26.9159 134.579 -0.955835
37.6822 134.579 -0.84751
48.4486 134.579 -0.610722
59.215 134.579 -0.267228
69.9813 134.579 0.00335084
5.38318 145.346 -0.545857
16.1495 145.346 -0.845446
26.9159 145.346 -0.784801
37.6822 145.346 -0.56848
48.4486 145.346 -0.2383
59.215 145.346 0.304615
69.9813 145.346 0.518697
5.38318 156.112 -0.362884
16.1495 156.112 -0.493096
26.9159 156.112 -0.248759
37.6822 156.112 -0.00118377
48.4486 156.112 0.715013
59.215 156.112 1.09222
69.9813 156.112 0.913647
5.38318 166.879 0.000921868
16.1495 166.879 0.212647
26.9159 166.879 0.915418
37.6822 166.879 1.23346
48.4486 166.879 1.46411
59.215 166.879 1.48515
69.9813 166.879 1.06109
5.38318 177.645 0.984593
16.1495 177.645 1.70634
26.9159 177.645 2.41601
37.6822 177.645 2.56174
48.4486 177.645 2.42248
59.215 177.645 1.9602
69.9813 177.645 1.23341
5.38318 188.411 1.35259
16.1495 188.411 2.20169
26.9159 188.411 2.81986
37.6822 188.411 3.12051
48.4486 188.411 3.24421
59.215 188.411 2.84928
69.9813 188.411 1.83667
5.38318 199.178 1.15554
16.1495 199.178 1.80022
26.9159 199.178 2.21102
37.6822 199.178 2.58322
48.4486 199.178 3.12218
59.215 199.178 3.13079
69.9813 199.178 2.13853
5.38318 209.944 0.315046
16.1495 209.944 0.527692
26.9159 209.944 0.726003
37.6822 209.944 1.13968
48.4486 209.944 1.83474
59.215 209.944 2.20184
69.9813 209.944 1.5706
