37 188
0 168 72 40
0 144 72 72
0 134 72 82
0 72 72 144
0 0 72 216
5.38318 5.38318 0.109179
16.1495 5.38318 0.132066
26.9159 5.38318 0.288397
37.6822 5.38318 0.297284
48.4486 5.38318 0.258392
59.215 5.38318 0.187106
69.9813 5.38318 0.162808
5.38318 16.1495 0.166004
16.1495 16.1495 0.352414
26.9159 16.1495 0.691054
37.6822 16.1495 0.666715
48.4486 16.1495 0.676998
59.215 16.1495 0.507838
69.9813 16.1495 0.437304
5.38318 26.9159 0.0205937
16.1495 26.9159 0.20297
26.9159 26.9159 0.567872
37.6822 26.9159 0.553463
48.4486 26.9159 0.634001
59.215 26.9159 0.426812
69.9813 26.9159 0.446812
5.38318 37.6822 0.261882
16.1495 37.6822 0.548408
26.9159 37.6822 0.80009
37.6822 37.6822 0.680238
48.4486 37.6822 0.790953
59.215 37.6822 0.597454
69.9813 37.6822 0.580047
5.38318 48.4486 0.417366
16.1495 48.4486 0.727861
26.9159 48.4486 0.855772
37.6822 48.4486 0.699699
48.4486 48.4486 0.720605
59.215 48.4486 0.611593
69.9813 48.4486 0.564232
5.38318 59.215 0.343988
16.1495 59.215 0.598009
26.9159 59.215 0.712087
37.6822 59.215 0.616158
48.4486 59.215 0.527218
59.215 59.215 0.476678
69.9813 59.215 0.391167
5.38318 69.9813 0.142366
16.1495 69.9813 0.274312
26.9159 69.9813 0.335328
37.6822 69.9813 0.161554
48.4486 69.9813 -0.00904811
59.215 69.9813 0.000886731
69.9813 69.9813 0.0861719
5.38318 80.7477 -0.110916
16.1495 80.7477 -0.141519
26.9159 80.7477 -0.138277
37.6822 80.7477 -0.188455
48.4486 80.7477 -0.216012
59.215 80.7477 -0.186077
69.9813 80.7477 -0.0689012
5.38318 91.514 -0.250323
16.1495 91.514 -0.375123
26.9159 91.514 -0.394916
37.6822 91.514 -0.426387
48.4486 91.514 -0.419946
59.215 91.514 -0.349125
69.9813 91.514 -0.151541
5.38318 102.28 -0.293556
16.1495 102.28 -0.445903
26.9159 102.28 -0.458291
37.6822 102.28 -0.451602
48.4486 102.28 -0.423763
59.215 102.28 -0.3347
69.9813 102.28 -0.144762
5.38318 113.047 -0.300119
16.1495 113.047 -0.455925
26.9159 113.047 -0.466264
37.6822 113.047 -0.448414
48.4486 113.047 -0.427554
59.215 113.047 -0.327878
69.9813 113.047 -0.141728
5.38318 123.813 -0.293912
16.1495 123.813 -0.446118
26.9159 123.813 -0.430738
37.6822 123.813 -0.41408
48.4486 123.813 -0.381592
59.215 123.813 -0.286806
69.9813 123.813 -0.116391
5.38318 134.579 -0.275533
16.1495 134.579 -0.410547
26.9159 134.579 -0.377156
37.6822 134.579 -0.345439
48.4486 134.579 -0.298418
59.215 134.579 -0.222704
69.9813 134.579 -0.0762279
5.38318 145.346 -0.260244
16.1495 145.346 -0.367388
26.9159 145.346 -0.279059
37.6822 145.346 -0.219212
48.4486 145.346 -0.163708
59.215 145.346 -0.144983
69.9813 145.346 -0.0278152
5.38318 156.112 -0.165973
16.1495 156.112 -0.132225
26.9159 156.112 0.274165
37.6822 156.112 0.511976
48.4486 156.112 0.409823
59.215 156.112 0.0515546
69.9813 156.112 0.075824
5.38318 166.879 -0.0258566
16.1495 166.879 0.423275
26.9159 166.879 1.31965
37.6822 166.879 1.5574
48.4486 166.879 1.20619
59.215 166.879 0.49492
69.9813 166.879 0.225833
5.38318 177.645 0.483531
16.1495 177.645 1.47115
26.9159 177.645 2.65115
37.6822 177.645 2.92936
48.4486 177.645 2.19522
59.215 177.645 1.13285
69.9813 177.645 0.444502
5.38318 188.411 0.852547
16.1495 188.411 2.12306
26.9159 188.411 3.54401
37.6822 188.411 3.86645
48.4486 188.411 2.97527
59.215 188.411 1.62912
69.9813 188.411 0.727536
5.38318 199.178 0.96969
16.1495 199.178 2.24811
26.9159 199.178 3.40663
37.6822 199.178 3.62979
48.4486 199.178 2.93985
59.215 199.178 1.66998
69.9813 199.178 0.871678
5.38318 209.944 0.750041
16.1495 209.944 1.61242
26.9159 209.944 2.07412
37.6822 209.944 2.09598
48.4486 209.944 1.81468
59.215 209.944 1.1758
69.9813 209.944 0.71786
