37 26
0 6 72 40
0 0 72 72
0 0 72 82
0 0 72 144
0 0 72 216
5.38318 5.38318 0.436248
16.1495 5.38318 0.779874
26.9159 5.38318 1.25036
37.6822 5.38318 1.31667
48.4486 5.38318 1.18524
59.215 5.38318 0.794072
69.9813 5.38318 0.444407
5.38318 16.1495 0.747311
16.1495 16.1495 1.64998
26.9159 16.1495 2.56242
37.6822 16.1495 2.79062
48.4486 16.1495 2.51825
59.215 16.1495 1.77436
69.9813 16.1495 1.00392
5.38318 26.9159 0.88732
16.1495 26.9159 1.98557
26.9159 26.9159 3.23562
37.6822 26.9159 3.52917
48.4486 26.9159 3.07835
59.215 26.9159 2.08566
69.9813 26.9159 1.12565
5.38318 37.6822 1.02296
16.1495 37.6822 2.08688
26.9159 37.6822 3.26878
37.6822 37.6822 3.4608
48.4486 37.6822 3.00252
59.215 37.6822 2.0887
69.9813 37.6822 1.17678
5.38318 48.4486 1.01161
16.1495 48.4486 1.87429
26.9159 48.4486 2.63139
37.6822 48.4486 2.51093
48.4486 48.4486 2.16661
59.215 48.4486 1.55259
69.9813 48.4486 1.01023
5.38318 59.215 0.716886
16.1495 59.215 1.20302
26.9159 59.215 1.4608
37.6822 59.215 1.23049
48.4486 59.215 1.20736
59.215 59.215 1.08709
69.9813 59.215 0.936424
5.38318 69.9813 0.300628
16.1495 69.9813 0.485238
26.9159 69.9813 0.461677
37.6822 69.9813 0.228791
48.4486 69.9813 0.309444
59.215 69.9813 0.515763
69.9813 69.9813 0.667286
5.38318 80.7477 -0.176459
16.1495 80.7477 -0.28675
26.9159 80.7477 -0.316807
37.6822 80.7477 -0.387746
48.4486 80.7477 -0.361925
59.215 80.7477 -0.204621
69.9813 80.7477 0.0758657
5.38318 91.514 -0.471731
16.1495 91.514 -0.751563
26.9159 91.514 -0.78518
37.6822 91.514 -0.804507
48.4486 91.514 -0.78993
59.215 91.514 -0.578863
69.9813 91.514 -0.236024
5.38318 102.28 -0.560187
16.1495 102.28 -0.885124
26.9159 102.28 -0.947021
37.6822 102.28 -0.944544
48.4486 102.28 -0.913659
59.215 102.28 -0.712418
69.9813 102.28 -0.31827
5.38318 113.047 -0.574637
16.1495 113.047 -0.917483
26.9159 113.047 -0.993096
37.6822 113.047 -0.98987
48.4486 113.047 -0.935417
59.215 113.047 -0.720525
69.9813 113.047 -0.305329
5.38318 123.813 -0.534924
16.1495 123.813 -0.852553
26.9159 123.813 -0.930245
37.6822 123.813 -0.92688
48.4486 123.813 -0.872636
59.215 123.813 -0.605146
69.9813 123.813 -0.235905
5.38318 134.579 -0.421771
16.1495 134.579 -0.661935
26.9159 134.579 -0.716532
37.6822 134.579 -0.698774
48.4486 134.579 -0.63268
59.215 134.579 -0.371431
69.9813 134.579 -0.096319
5.38318 145.346 -0.206895
16.1495 145.346 -0.32557
26.9159 145.346 -0.423249
37.6822 145.346 -0.401211
48.4486 145.346 -0.350703
59.215 145.346 -0.0480259
69.9813 145.346 0.255689
5.38318 156.112 0.0876257
16.1495 156.112 0.230806
26.9159 156.112 0.0425363
37.6822 156.112 -0.000293891
48.4486 156.112 0.0499294
59.215 156.112 0.610927
69.9813 156.112 0.625631
5.38318 166.879 0.323579
16.1495 166.879 0.564949
26.9159 166.879 0.503683
37.6822 166.879 0.378619
48.4486 166.879 0.342965
59.215 166.879 0.680791
69.9813 166.879 0.647178
5.38318 177.645 0.0869067
16.1495 177.645 0.147829
26.9159 177.645 0.190626
37.6822 177.645 0.0425535
48.4486 177.645 -0.0240256
59.215 177.645 0.174915
69.9813 177.645 0.321114
5.38318 188.411 -0.117316
16.1495 188.411 -0.225815
26.9159 188.411 -0.240632
37.6822 188.411 -0.283648
48.4486 188.411 -0.287142
59.215 188.411 -0.220432
69.9813 188.411 -0.0552975
5.38318 199.178 -0.0125294
16.1495 199.178 -0.0862013
26.9159 199.178 -0.130666
37.6822 199.178 -0.17367
48.4486 199.178 -0.183838
59.215 199.178 -0.100172
69.9813 199.178 0.0939571
5.38318 209.944 0.108406
16.1495 209.944 0.0972144
26.9159 209.944 -0.0094318
37.6822 209.944 -0.0582078
48.4486 209.944 -0.0613197
59.215 209.944 0.0188418
69.9813 209.944 0.210503
