26 37
0 17 72 40
0 1 72 72
0 0 72 82
0 0 72 144
0 0 72 216
5.38318 5.38318 0.452142
16.1495 5.38318 0.642238
26.9159 5.38318 0.745895
37.6822 5.38318 0.721104
48.4486 5.38318 0.541536
59.215 5.38318 0.449553
69.9813 5.38318 0.298518
5.38318 16.1495 1.01911
16.1495 16.1495 1.75343
26.9159 16.1495 2.01498
37.6822 16.1495 1.85104
48.4486 16.1495 1.41915
59.215 16.1495 1.09059
69.9813 16.1495 0.679499
5.38318 26.9159 1.28697
16.1495 26.9159 2.37091
26.9159 26.9159 2.70271
37.6822 26.9159 2.39915
48.4486 26.9159 1.75923
59.215 26.9159 1.27047
69.9813 26.9159 0.835862
5.38318 37.6822 1.60831
16.1495 37.6822 2.98645
26.9159 37.6822 3.3744
37.6822 37.6822 2.7247
48.4486 37.6822 1.76774
59.215 37.6822 1.15585
69.9813 37.6822 0.778838
5.38318 48.4486 1.28078
16.1495 48.4486 2.38424
26.9159 48.4486 2.69447
37.6822 48.4486 2.02042
48.4486 48.4486 1.07722
59.215 48.4486 0.794663
69.9813 48.4486 0.661454
5.38318 59.215 0.562667
16.1495 59.215 0.979225
26.9159 59.215 1.23662
37.6822 59.215 0.710549
48.4486 59.215 0.246545
59.215 59.215 0.448149
69.9813 59.215 0.491728
5.38318 69.9813 -0.125581
16.1495 69.9813 -0.236401
26.9159 69.9813 -0.160155
37.6822 69.9813 -0.241557
48.4486 69.9813 -0.209146
59.215 69.9813 0.0903776
69.9813 69.9813 0.353927
5.38318 80.7477 -0.172331
16.1495 80.7477 -0.270686
26.9159 80.7477 -0.166305
37.6822 80.7477 -0.168454
48.4486 80.7477 -0.0905719
59.215 80.7477 0.196096
69.9813 80.7477 0.390124
5.38318 91.514 -0.199153
16.1495 91.514 -0.277968
26.9159 91.514 -0.193506
37.6822 91.514 -0.1803
48.4486 91.514 -0.119576
59.215 91.514 0.0290327
69.9813 91.514 0.269334
5.38318 102.28 -0.207557
16.1495 102.28 -0.278301
26.9159 102.28 -0.199515
37.6822 102.28 -0.185752
48.4486 102.28 -0.172947
59.215 102.28 -0.109172
69.9813 102.28 0.0378506
5.38318 113.047 -0.291855
16.1495 113.047 -0.435788
26.9159 113.047 -0.401839
37.6822 113.047 -0.377319
48.4486 113.047 -0.349244
59.215 113.047 -0.269838
69.9813 113.047 -0.11112
5.38318 123.813 -0.246111
16.1495 123.813 -0.335551
26.9159 123.813 -0.185914
37.6822 123.813 -0.121384
48.4486 123.813 -0.0536099
59.215 123.813 -0.0430247
69.9813 123.813 0.0768929
5.38318 134.579 -0.13976
16.1495 134.579 -0.0992652
26.9159 134.579 0.497074
37.6822 134.579 0.830305
48.4486 134.579 1.05544
59.215 134.579 0.778681
69.9813 134.579 0.569608
5.38318 145.346 0.0515022
16.1495 145.346 0.614475
26.9159 145.346 1.72347
37.6822 145.346 2.22981
48.4486 145.346 2.42927
59.215 145.346 1.84289
69.9813 145.346 1.12939
5.38318 156.112 0.344168
16.1495 156.112 1.30829
26.9159 156.112 2.50723
37.6822 156.112 3.12102
48.4486 156.112 3.17392
59.215 156.112 2.32034
69.9813 156.112 1.35914
5.38318 166.879 0.51612
16.1495 166.879 1.60862
26.9159 166.879 2.70264
37.6822 166.879 3.09827
48.4486 166.879 2.82311
59.215 166.879 1.88544
69.9813 166.879 1.04432
5.38318 177.645 0.630667
16.1495 177.645 1.62048
26.9159 177.645 2.33659
37.6822 177.645 2.29828
48.4486 177.645 1.69805
59.215 177.645 0.863597
69.9813 177.645 0.428852
5.38318 188.411 0.536683
16.1495 188.411 1.38419
26.9159 188.411 1.9787
37.6822 188.411 1.84962
48.4486 188.411 1.12758
59.215 188.411 0.426974
69.9813 188.411 0.109658
5.38318 199.178 0.227872
16.1495 199.178 0.870347
26.9159 199.178 1.50459
37.6822 199.178 1.49537
48.4486 199.178 0.86705
59.215 199.178 0.356492
69.9813 199.178 0.082806
5.38318 209.944 0.0386165
16.1495 209.944 0.455977
26.9159 209.944 0.839049
37.6822 209.944 0.906984
48.4486 209.944 0.504601
59.215 209.944 0.26271
69.9813 209.944 0.118442
