48 177
0 157 72 40
0 141 72 72
0 134 72 82
0 72 72 144
0 0 72 216
5.38318 5.38318 0.592935
16.1495 5.38318 1.10381
26.9159 5.38318 1.36265
37.6822 5.38318 1.48547
48.4486 5.38318 1.36853
59.215 5.38318 1.05862
69.9813 5.38318 0.652824
5.38318 16.1495 0.984624
16.1495 16.1495 1.93916
26.9159 16.1495 2.53932
37.6822 16.1495 2.73384
48.4486 16.1495 2.57408
59.215 16.1495 2.00136
69.9813 16.1495 1.24234
5.38318 26.9159 1.08822
16.1495 26.9159 2.17983
26.9159 26.9159 3.0492
37.6822 26.9159 3.27923
48.4486 26.9159 3.15091
59.215 26.9159 2.43538
69.9813 26.9159 1.53343
5.38318 37.6822 1.18168
16.1495 37.6822 2.31035
26.9159 37.6822 3.54551
37.6822 37.6822 3.68332
48.4486 37.6822 3.50656
59.215 37.6822 2.43896
69.9813 37.6822 1.48616
5.38318 48.4486 1.11129
16.1495 48.4486 2.2648
26.9159 48.4486 3.63864
37.6822 48.4486 3.88632
48.4486 48.4486 3.66439
59.215 48.4486 2.37021
69.9813 48.4486 1.38784
5.38318 59.215 1.19276
16.1495 59.215 2.12495
26.9159 59.215 2.98985
37.6822 59.215 2.96326
48.4486 59.215 2.66719
59.215 59.215 1.73577
69.9813 59.215 1.02911
5.38318 69.9813 0.873593
16.1495 69.9813 1.17853
26.9159 69.9813 1.25945
37.6822 69.9813 0.908022
48.4486 69.9813 0.689503
59.215 69.9813 0.498543
69.9813 69.9813 0.489516
5.38318 80.7477 0.33259
16.1495 80.7477 0.25532
26.9159 80.7477 0.0294383
37.6822 80.7477 -0.266234
48.4486 80.7477 -0.40469
59.215 80.7477 -0.298433
69.9813 80.7477 -0.0736386
5.38318 91.514 -0.371386
16.1495 91.514 -0.650231
26.9159 91.514 -0.727273
37.6822 91.514 -0.819639
48.4486 91.514 -0.802897
59.215 91.514 -0.590241
69.9813 91.514 -0.234348
5.38318 102.28 -0.541297
16.1495 102.28 -0.877291
26.9159 102.28 -0.957749
37.6822 102.28 -0.979945
48.4486 102.28 -0.946202
59.215 102.28 -0.73663
69.9813 102.28 -0.325944
5.38318 113.047 -0.574556
16.1495 113.047 -0.921914
26.9159 113.047 -1.0046
37.6822 113.047 -1.00924
48.4486 113.047 -0.958177
59.215 113.047 -0.745038
69.9813 113.047 -0.318483
5.38318 123.813 -0.542982
16.1495 123.813 -0.878063
26.9159 123.813 -0.947156
37.6822 123.813 -0.949108
48.4486 123.813 -0.892139
59.215 123.813 -0.635122
69.9813 123.813 -0.254558
5.38318 134.579 -0.459663
16.1495 134.579 -0.749117
26.9159 134.579 -0.706303
37.6822 134.579 -0.673549
48.4486 134.579 -0.586805
59.215 134.579 -0.359026
69.9813 134.579 -0.0971083
5.38318 145.346 -0.268384
16.1495 145.346 -0.417252
26.9159 145.346 -0.256335
37.6822 145.346 -0.106279
48.4486 145.346 0.0789342
59.215 145.346 0.423054
69.9813 145.346 0.501013
5.38318 156.112 -0.0251434
16.1495 156.112 0.185288
26.9159 156.112 1.04189
37.6822 156.112 1.7911
48.4486 156.112 2.17839
59.215 156.112 1.96764
69.9813 156.112 1.27251
5.38318 166.879 0.542531
16.1495 166.879 1.36755
26.9159 166.879 2.57634
37.6822 166.879 3.51621
48.4486 166.879 3.75856
59.215 166.879 3.08148
69.9813 166.879 1.7947
5.38318 177.645 0.879479
16.1495 177.645 1.98493
26.9159 177.645 3.3573
37.6822 177.645 4.42334
48.4486 177.645 4.49974
59.215 177.645 3.54225
69.9813 177.645 2.00119
5.38318 188.411 1.00842
16.1495 188.411 2.04483
26.9159 188.411 3.34127
37.6822 188.411 4.04096
48.4486 188.411 3.79054
59.215 188.411 2.94244
69.9813 188.411 1.62956
5.38318 199.178 0.731282
16.1495 199.178 1.46598
26.9159 199.178 2.31658
37.6822 199.178 2.42204
48.4486 199.178 2.2517
59.215 199.178 2.01643
69.9813 199.178 1.29393
5.38318 209.944 0.385171
16.1495 209.944 0.726139
26.9159 209.944 1.23451
37.6822 209.944 1.16633
48.4486 209.944 1.2039
59.215 209.944 1.33265
69.9813 209.944 0.966962
