37 37
0 17 72 40
0 1 72 72
0 0 72 82
0 0 72 144
0 0 72 216
5.38318 5.38318 0.598093
16.1495 5.38318 1.05091
26.9159 5.38318 1.50274
37.6822 5.38318 1.62662
48.4486 5.38318 1.45386
59.215 5.38318 1.03031
69.9813 5.38318 0.592564
5.38318 16.1495 1.11806
16.1495 16.1495 2.25674
26.9159 16.1495 3.30988
37.6822 16.1495 3.63757
48.4486 16.1495 3.18381
59.215 16.1495 2.15905
69.9813 16.1495 1.1669
5.38318 26.9159 1.47865
16.1495 26.9159 3.19011
26.9159 26.9159 4.89989
37.6822 26.9159 5.4014
48.4486 26.9159 4.69803
59.215 26.9159 3.11396
69.9813 26.9159 1.59478
5.38318 37.6822 1.68618
16.1495 37.6822 3.68423
26.9159 37.6822 5.48139
37.6822 37.6822 6.00982
48.4486 37.6822 5.14185
59.215 37.6822 3.37222
69.9813 37.6822 1.66178
5.38318 48.4486 1.81162
16.1495 48.4486 3.5047
26.9159 48.4486 4.79237
37.6822 48.4486 5.12407
48.4486 48.4486 4.53524
59.215 48.4486 3.15901
69.9813 48.4486 1.70144
5.38318 59.215 1.74523
16.1495 59.215 2.99017
26.9159 59.215 3.36998
37.6822 59.215 3.51606
48.4486 59.215 3.28072
59.215 59.215 2.74594
69.9813 59.215 1.69041
5.38318 69.9813 1.6189
16.1495 69.9813 2.64572
26.9159 69.9813 2.76376
37.6822 69.9813 2.78111
48.4486 69.9813 2.44221
59.215 69.9813 2.15016
69.9813 69.9813 1.37226
5.38318 80.7477 0.593281
16.1495 80.7477 1.23921
26.9159 80.7477 1.51557
37.6822 80.7477 1.65723
48.4486 80.7477 1.14775
59.215 80.7477 1.04592
69.9813 80.7477 0.665265
5.38318 91.514 -0.243484
16.1495 91.514 -0.254564
26.9159 91.514 -0.10651
37.6822 91.514 -0.017577
48.4486 91.514 -0.183723
59.215 91.514 -0.146907
69.9813 91.514 -0.0700417
5.38318 102.28 -0.328323
16.1495 102.28 -0.47306
26.9159 102.28 -0.379131
37.6822 102.28 -0.333399
48.4486 102.28 -0.327219
59.215 102.28 -0.245733
69.9813 102.28 -0.0978993
5.38318 113.047 -0.289074
16.1495 113.047 -0.438783
26.9159 113.047 -0.429051
37.6822 113.047 -0.425277
48.4486 113.047 -0.407781
59.215 113.047 -0.31521
69.9813 113.047 -0.134397
5.38318 123.813 -0.218315
16.1495 123.813 -0.335549
26.9159 123.813 -0.298794
37.6822 123.813 -0.302464
48.4486 123.813 -0.269341
59.215 123.813 -0.205927
69.9813 123.813 -0.0678999
5.38318 134.579 -0.0483317
16.1495 134.579 -0.0806104
26.9159 134.579 0.0253245
37.6822 134.579 -0.00614344
48.4486 134.579 0.110802
59.215 134.579 0.0997244
69.9813 134.579 0.221116
5.38318 145.346 0.383519
16.1495 145.346 0.687081
26.9159 145.346 1.20696
37.6822 145.346 1.28363
48.4486 145.346 1.424
59.215 145.346 1.04338
69.9813 145.346 0.760704
5.38318 156.112 0.851357
16.1495 156.112 1.59723
26.9159 156.112 2.45666
37.6822 156.112 2.57195
48.4486 156.112 2.55407
59.215 156.112 1.87659
69.9813 156.112 1.18679
5.38318 166.879 1.11054
16.1495 166.879 2.15743
26.9159 166.879 3.53101
37.6822 166.879 3.70838
48.4486 166.879 3.47832
59.215 166.879 2.36355
69.9813 166.879 1.37719
5.38318 177.645 0.980128
16.1495 177.645 2.07627
26.9159 177.645 3.64397
37.6822 177.645 3.81698
48.4486 177.645 3.42993
59.215 177.645 2.16444
69.9813 177.645 1.2151
5.38318 188.411 0.867271
16.1495 188.411 1.78246
26.9159 188.411 2.96905
37.6822 188.411 2.94314
48.4486 188.411 2.45834
59.215 188.411 1.36305
69.9813 188.411 0.763826
5.38318 199.178 0.822159
16.1495 199.178 1.26739
26.9159 199.178 1.60298
37.6822 199.178 1.33916
48.4486 199.178 1.13957
59.215 199.178 0.622346
69.9813 199.178 0.577922
5.38318 209.944 0.667751
16.1495 209.944 0.935002
26.9159 209.944 0.879331
37.6822 209.944 0.539153
48.4486 209.944 0.406493
59.215 209.944 0.313061
69.9813 209.944 0.406891
