48 177
0 157 72 40
0 141 72 72
0 134 72 82
0 72 72 144
0 0 72 216
5.38318 5.38318 0.116703
16.1495 5.38318 0.121051
26.9159 5.38318 0.234445
37.6822 5.38318 0.252871
48.4486 5.38318 0.269401
59.215 5.38318 0.265766
69.9813 5.38318 0.222009
5.38318 16.1495 0.279676
16.1495 16.1495 0.597081
26.9159 16.1495 1.0788
37.6822 16.1495 1.11653
48.4486 16.1495 1.1488
59.215 16.1495 0.872444
69.9813 16.1495 0.633292
5.38318 26.9159 0.183272
16.1495 26.9159 0.716739
26.9159 26.9159 1.66802
37.6822 26.9159 1.84967
48.4486 26.9159 1.82265
59.215 26.9159 1.11867
69.9813 26.9159 0.718552
5.38318 37.6822 0.651866
16.1495 37.6822 1.6861
26.9159 37.6822 2.96312
37.6822 37.6822 3.10922
48.4486 37.6822 2.89717
59.215 37.6822 1.72679
69.9813 37.6822 0.989014
5.38318 48.4486 0.658697
16.1495 48.4486 1.8084
26.9159 48.4486 3.25772
37.6822 48.4486 3.44666
48.4486 48.4486 3.1166
59.215 48.4486 1.72448
69.9813 48.4486 0.935259
5.38318 59.215 0.388595
16.1495 59.215 1.23986
26.9159 59.215 2.45337
37.6822 59.215 2.48364
48.4486 59.215 2.1188
59.215 59.215 0.792175
69.9813 59.215 0.436772
5.38318 69.9813 -0.180904
16.1495 69.9813 -0.181259
26.9159 69.9813 0.371456
37.6822 69.9813 0.172401
48.4486 69.9813 -0.0907525
59.215 69.9813 -0.319664
69.9813 69.9813 -0.139652
5.38318 80.7477 -0.447683
16.1495 80.7477 -0.681231
26.9159 80.7477 -0.67549
37.6822 80.7477 -0.740582
48.4486 80.7477 -0.811969
59.215 80.7477 -0.68925
69.9813 80.7477 -0.317163
5.38318 91.514 -0.555225
16.1495 91.514 -0.89153
26.9159 91.514 -0.994819
37.6822 91.514 -1.0263
48.4486 91.514 -1.00733
59.215 91.514 -0.816315
69.9813 91.514 -0.368847
5.38318 102.28 -0.581712
16.1495 102.28 -0.933707
26.9159 102.28 -1.0306
37.6822 102.28 -1.04397
48.4486 102.28 -0.998427
59.215 102.28 -0.795536
69.9813 102.28 -0.351253
5.38318 113.047 -0.566395
16.1495 113.047 -0.909395
26.9159 113.047 -0.997844
37.6822 113.047 -1.00568
48.4486 113.047 -0.957993
59.215 113.047 -0.748352
69.9813 113.047 -0.321022
5.38318 123.813 -0.449532
16.1495 123.813 -0.726689
26.9159 123.813 -0.801857
37.6822 123.813 -0.858369
48.4486 123.813 -0.859455
59.215 123.813 -0.627507
69.9813 123.813 -0.255906
5.38318 134.579 -0.144029
16.1495 134.579 -0.264354
26.9159 134.579 -0.335315
37.6822 134.579 -0.433063
48.4486 134.579 -0.506208
59.215 134.579 -0.326088
69.9813 134.579 -0.0955089
5.38318 145.346 0.793089
16.1495 145.346 1.20241
26.9159 145.346 1.11604
37.6822 145.346 0.795958
48.4486 145.346 0.432337
59.215 145.346 0.513694
69.9813 145.346 0.50615
5.38318 156.112 1.49812
16.1495 156.112 2.30016
26.9159 156.112 2.55458
37.6822 156.112 2.60781
48.4486 156.112 2.47519
59.215 156.112 2.11892
69.9813 156.112 1.31736
5.38318 166.879 1.91569
16.1495 166.879 2.98821
26.9159 166.879 3.66602
37.6822 166.879 4.20385
48.4486 166.879 4.24777
59.215 166.879 3.41441
69.9813 166.879 1.98776
5.38318 177.645 1.63009
16.1495 177.645 2.65155
26.9159 177.645 3.88116
37.6822 177.645 5.05785
48.4486 177.645 5.30851
59.215 177.645 4.1636
69.9813 177.645 2.27954
5.38318 188.411 1.22461
16.1495 188.411 2.11187
26.9159 188.411 3.53844
37.6822 188.411 4.68855
48.4486 188.411 4.82691
59.215 188.411 3.72573
69.9813 188.411 1.99896
5.38318 199.178 0.335808
16.1495 199.178 0.854777
26.9159 199.178 2.18011
37.6822 199.178 2.91588
48.4486 199.178 3.0848
59.215 199.178 2.53796
69.9813 199.178 1.48132
5.38318 209.944 -0.0115087
16.1495 209.944 0.327942
26.9159 209.944 1.1595
37.6822 209.944 1.38056
48.4486 209.944 1.46624
59.215 209.944 1.2761
69.9813 209.944 0.882665
