37 37
0 17 72 40
0 1 72 72
0 0 72 82
0 0 72 144
0 0 72 216
5.38318 5.38318 0.453909
16.1495 5.38318 0.915516
26.9159 5.38318 1.21934
37.6822 5.38318 1.1869
48.4486 5.38318 0.844773
59.215 5.38318 0.446101
69.9813 5.38318 0.250409
5.38318 16.1495 0.7743
16.1495 16.1495 1.87288
26.9159 16.1495 2.70942
37.6822 16.1495 2.81375
48.4486 16.1495 2.18506
59.215 16.1495 1.30146
69.9813 16.1495 0.658191
5.38318 26.9159 0.814842
16.1495 26.9159 2.32114
26.9159 26.9159 3.74169
37.6822 26.9159 4.1422
48.4486 26.9159 3.19396
59.215 26.9159 1.80661
69.9813 26.9159 0.818273
5.38318 37.6822 0.837095
16.1495 37.6822 2.33454
26.9159 37.6822 4.00472
37.6822 37.6822 4.65141
48.4486 37.6822 3.72324
59.215 37.6822 2.13479
69.9813 37.6822 0.932676
5.38318 48.4486 0.6794
16.1495 48.4486 1.83702
26.9159 48.4486 2.98129
37.6822 48.4486 3.42631
48.4486 48.4486 2.72487
59.215 48.4486 1.71806
69.9813 48.4486 0.803353
5.38318 59.215 0.674051
16.1495 59.215 1.36499
26.9159 59.215 1.78273
37.6822 59.215 1.78122
48.4486 59.215 1.30161
59.215 59.215 1.06301
69.9813 59.215 0.674847
5.38318 69.9813 0.539716
16.1495 69.9813 1.02698
26.9159 69.9813 0.971598
37.6822 69.9813 0.80412
48.4486 69.9813 0.461739
59.215 69.9813 0.72573
69.9813 69.9813 0.607957
5.38318 80.7477 0.0188241
16.1495 80.7477 0.328556
26.9159 80.7477 0.409402
37.6822 80.7477 0.297726
48.4486 80.7477 0.115364
59.215 80.7477 0.377937
69.9813 80.7477 0.411944
5.38318 91.514 -0.246448
16.1495 91.514 -0.291138
26.9159 91.514 -0.216429
37.6822 91.514 -0.197448
48.4486 91.514 -0.207996
59.215 91.514 -0.109506
69.9813 91.514 0.0310105
5.38318 102.28 -0.312826
16.1495 102.28 -0.441343
26.9159 102.28 -0.353629
37.6822 102.28 -0.31523
48.4486 102.28 -0.3228
59.215 102.28 -0.259365
69.9813 102.28 -0.113474
5.38318 113.047 -0.2916
16.1495 113.047 -0.437666
26.9159 113.047 -0.418237
37.6822 113.047 -0.409081
48.4486 113.047 -0.396978
59.215 113.047 -0.3179
69.9813 113.047 -0.139963
5.38318 123.813 -0.21867
16.1495 123.813 -0.333262
26.9159 123.813 -0.286235
37.6822 123.813 -0.290671
48.4486 123.813 -0.298345
59.215 123.813 -0.243906
69.9813 123.813 -0.103832
5.38318 134.579 -0.0114744
16.1495 134.579 -0.028313
26.9159 134.579 0.109821
37.6822 134.579 -0.00986673
48.4486 134.579 -0.0941202
59.215 134.579 -0.0897771
69.9813 134.579 -0.0222803
5.38318 145.346 0.489449
16.1495 145.346 0.787869
26.9159 145.346 1.00441
37.6822 145.346 0.910882
48.4486 145.346 0.619639
59.215 145.346 0.517854
69.9813 145.346 0.32319
5.38318 156.112 1.36265
16.1495 156.112 2.26301
26.9159 156.112 2.51779
37.6822 156.112 2.20449
48.4486 156.112 1.54281
59.215 156.112 1.17843
69.9813 156.112 0.680189
5.38318 166.879 1.94027
16.1495 166.879 3.30717
26.9159 166.879 3.58337
37.6822 166.879 3.08208
48.4486 166.879 2.28265
59.215 166.879 1.72051
69.9813 166.879 1.02113
5.38318 177.645 2.45588
16.1495 177.645 4.29103
26.9159 177.645 4.63365
37.6822 177.645 3.68908
48.4486 177.645 2.55583
59.215 177.645 1.82717
69.9813 177.645 1.11827
5.38318 188.411 2.11443
16.1495 188.411 3.84242
26.9159 188.411 4.24271
37.6822 188.411 3.2317
48.4486 188.411 1.99624
59.215 188.411 1.27519
69.9813 188.411 0.82511
5.38318 199.178 1.10557
16.1495 199.178 2.03718
26.9159 199.178 2.36254
37.6822 199.178 1.76539
48.4486 199.178 0.871238
59.215 199.178 0.598
69.9813 199.178 0.451489
5.38318 209.944 -0.00199325
16.1495 209.944 0.117527
26.9159 209.944 0.36356
37.6822 209.944 0.184608
48.4486 209.944 -0.0819919
59.215 209.944 -0.0169194
69.9813 209.944 0.0770605
