37 166
0 146 72 40
0 130 72 72
0 125 72 82
0 72 72 144
0 0 72 216
5.38318 5.38318 0.331341
16.1495 5.38318 0.812815
26.9159 5.38318 1.43709
37.6822 5.38318 1.60612
48.4486 5.38318 1.28953
59.215 5.38318 0.718772
69.9813 5.38318 0.300311
5.38318 16.1495 0.520469
16.1495 16.1495 1.65569
26.9159 16.1495 2.88811
37.6822 16.1495 3.28649
48.4486 16.1495 2.68147
59.215 16.1495 1.61036
69.9813 16.1495 0.697281
5.38318 26.9159 0.558909
16.1495 26.9159 1.97666
26.9159 26.9159 3.56615
37.6822 26.9159 4.08469
48.4486 26.9159 3.25022
59.215 26.9159 1.88148
69.9813 26.9159 0.762722
5.38318 37.6822 0.7664
16.1495 37.6822 2.06221
26.9159 37.6822 3.35465
37.6822 37.6822 3.70838
48.4486 37.6822 3.01137
59.215 37.6822 1.92456
69.9813 37.6822 1.00036
5.38318 48.4486 1.13092
16.1495 48.4486 2.06503
26.9159 48.4486 2.7312
37.6822 48.4486 2.66532
48.4486 48.4486 2.38825
59.215 48.4486 1.92554
69.9813 48.4486 1.3682
5.38318 59.215 1.42291
16.1495 59.215 2.27125
26.9159 59.215 2.51233
37.6822 59.215 2.26704
48.4486 59.215 2.35031
59.215 59.215 2.41284
69.9813 59.215 1.89901
5.38318 69.9813 1.33699
16.1495 69.9813 1.97605
26.9159 69.9813 2.10635
37.6822 69.9813 1.53422
48.4486 69.9813 1.88385
59.215 69.9813 2.19606
69.9813 69.9813 1.89898
5.38318 80.7477 0.289761
16.1495 80.7477 0.362192
26.9159 80.7477 0.647152
37.6822 80.7477 0.354699
48.4486 80.7477 0.730412
59.215 80.7477 1.17852
69.9813 80.7477 1.21753
5.38318 91.514 -0.467903
16.1495 91.514 -0.769687
26.9159 91.514 -0.675856
37.6822 91.514 -0.699045
48.4486 91.514 -0.625406
59.215 91.514 -0.445369
69.9813 91.514 -0.130461
5.38318 102.28 -0.569194
16.1495 102.28 -0.924769
26.9159 102.28 -0.97185
37.6822 102.28 -0.97558
48.4486 102.28 -0.915178
59.215 102.28 -0.708946
69.9813 102.28 -0.305325
5.38318 113.047 -0.580139
16.1495 113.047 -0.927759
26.9159 113.047 -1.00473
37.6822 113.047 -1.00301
48.4486 113.047 -0.947658
59.215 113.047 -0.737039
69.9813 113.047 -0.314391
5.38318 123.813 -0.543768
16.1495 123.813 -0.848295
26.9159 123.813 -0.838675
37.6822 123.813 -0.811898
48.4486 123.813 -0.759566
59.215 123.813 -0.581895
69.9813 123.813 -0.243094
5.38318 134.579 -0.405433
16.1495 134.579 -0.549371
26.9159 134.579 -0.360891
37.6822 134.579 -0.294237
48.4486 134.579 -0.292781
59.215 134.579 -0.277833
69.9813 134.579 -0.104273
5.38318 145.346 -0.128334
16.1495 145.346 0.0847917
26.9159 145.346 1.13661
37.6822 145.346 1.55235
48.4486 145.346 1.34452
59.215 145.346 0.743456
69.9813 145.346 0.401872
5.38318 156.112 0.431615
16.1495 156.112 1.5799
26.9159 156.112 3.09242
37.6822 156.112 3.60695
48.4486 156.112 3.08929
59.215 156.112 1.94265
69.9813 156.112 0.896063
5.38318 166.879 0.926432
16.1495 166.879 2.57064
26.9159 166.879 4.51993
37.6822 166.879 5.16598
48.4486 166.879 4.28666
59.215 166.879 2.6304
69.9813 166.879 1.22447
5.38318 177.645 1.01471
16.1495 177.645 2.62516
26.9159 177.645 4.53851
37.6822 177.645 4.97601
48.4486 177.645 3.99736
59.215 177.645 2.38657
69.9813 177.645 1.11273
5.38318 188.411 0.771956
16.1495 188.411 2.05523
26.9159 188.411 3.50443
37.6822 188.411 3.64806
48.4486 188.411 2.78586
59.215 188.411 1.61017
69.9813 188.411 0.779939
5.38318 199.178 0.315224
16.1495 199.178 1.04422
26.9159 199.178 1.75658
37.6822 199.178 1.802
48.4486 199.178 1.39204
59.215 199.178 0.890214
69.9813 199.178 0.678743
5.38318 209.944 0.163806
16.1495 209.944 0.668238
26.9159 209.944 0.929003
37.6822 209.944 0.977412
48.4486 209.944 0.716901
59.215 209.944 0.632112
69.9813 209.944 0.561011
