26 166
0 146 72 40
0 130 72 72
0 125 72 82
0 72 72 144
0 0 72 216
5.38318 5.38318 0.246709
16.1495 5.38318 0.443169
26.9159 5.38318 0.599261
37.6822 5.38318 0.65066
48.4486 5.38318 0.546582
59.215 5.38318 0.33591
69.9813 5.38318 0.259662
5.38318 16.1495 0.410055
16.1495 16.1495 1.06343
26.9159 16.1495 1.5164
37.6822 16.1495 1.63025
48.4486 16.1495 1.42818
59.215 16.1495 0.986304
69.9813 16.1495 0.671651
5.38318 26.9159 0.328995
16.1495 26.9159 1.12472
26.9159 26.9159 1.75291
37.6822 26.9159 1.81385
48.4486 26.9159 1.38206
59.215 26.9159 0.829426
69.9813 26.9159 0.535693
5.38318 37.6822 0.300917
16.1495 37.6822 1.14934
26.9159 37.6822 1.8444
37.6822 37.6822 1.92957
48.4486 37.6822 1.42985
59.215 37.6822 0.818174
69.9813 37.6822 0.443468
5.38318 48.4486 0.0944253
16.1495 48.4486 0.65505
26.9159 48.4486 1.38424
37.6822 48.4486 1.58259
48.4486 48.4486 1.21765
59.215 48.4486 0.712168
69.9813 48.4486 0.355677
5.38318 59.215 0.0116353
16.1495 59.215 0.484291
26.9159 59.215 1.15639
37.6822 59.215 1.54538
48.4486 59.215 1.38854
59.215 59.215 0.93456
69.9813 59.215 0.454602
5.38318 69.9813 -0.0720215
16.1495 69.9813 0.105496
26.9159 69.9813 0.564754
37.6822 69.9813 0.825545
48.4486 69.9813 0.718937
59.215 69.9813 0.475783
69.9813 69.9813 0.244277
5.38318 80.7477 -0.184155
16.1495 80.7477 -0.216805
26.9159 80.7477 -0.161417
37.6822 80.7477 -0.11068
48.4486 80.7477 -0.13224
59.215 80.7477 -0.110448
69.9813 80.7477 -0.0409223
5.38318 91.514 -0.266612
16.1495 91.514 -0.401979
26.9159 91.514 -0.431153
37.6822 91.514 -0.450973
48.4486 91.514 -0.458921
59.215 91.514 -0.364851
69.9813 91.514 -0.169618
5.38318 102.28 -0.294477
16.1495 102.28 -0.447245
26.9159 102.28 -0.459805
37.6822 102.28 -0.458169
48.4486 102.28 -0.434183
59.215 102.28 -0.342103
69.9813 102.28 -0.146804
5.38318 113.047 -0.29788
16.1495 113.047 -0.450859
26.9159 113.047 -0.452857
37.6822 113.047 -0.440829
48.4486 113.047 -0.425367
59.215 113.047 -0.33098
69.9813 113.047 -0.148454
5.38318 123.813 -0.219647
16.1495 123.813 -0.332096
26.9159 123.813 -0.30162
37.6822 123.813 -0.300055
48.4486 123.813 -0.2956
59.215 123.813 -0.214727
69.9813 123.813 -0.0801967
5.38318 134.579 0.00939596
16.1495 134.579 0.040879
26.9159 134.579 0.269923
37.6822 134.579 0.240843
48.4486 134.579 0.240812
59.215 134.579 0.26039
69.9813 134.579 0.296848
5.38318 145.346 0.771838
16.1495 145.346 1.31955
26.9159 145.346 1.63845
37.6822 145.346 1.5984
48.4486 145.346 1.61856
59.215 145.346 1.40011
69.9813 145.346 0.978357
5.38318 156.112 1.47745
16.1495 156.112 2.53934
26.9159 156.112 3.02425
37.6822 156.112 2.96345
48.4486 156.112 3.02021
59.215 156.112 2.57223
69.9813 156.112 1.70279
5.38318 166.879 1.72834
16.1495 166.879 3.03691
26.9159 166.879 3.56519
37.6822 166.879 3.53091
48.4486 166.879 3.53702
59.215 166.879 3.05569
69.9813 166.879 1.98308
5.38318 177.645 1.42974
16.1495 177.645 2.53822
26.9159 177.645 3.08641
37.6822 177.645 3.07816
48.4486 177.645 2.9409
59.215 177.645 2.54309
69.9813 177.645 1.61961
5.38318 188.411 1.04903
16.1495 188.411 1.82677
26.9159 188.411 2.2909
37.6822 188.411 2.27086
48.4486 188.411 1.95907
59.215 188.411 1.76637
69.9813 188.411 1.0947
5.38318 199.178 0.897642
16.1495 199.178 1.56779
26.9159 199.178 2.02901
37.6822 199.178 2.04895
48.4486 199.178 1.70922
59.215 199.178 1.61858
69.9813 199.178 1.02154
5.38318 209.944 0.678456
16.1495 209.944 1.11263
26.9159 209.944 1.4225
37.6822 209.944 1.40578
48.4486 209.944 1.25539
59.215 209.944 1.26675
69.9813 209.944 0.85324
