37 26
0 6 72 40
0 0 72 72
0 0 72 82
0 0 72 144
0 0 72 216
5.38318 5.38318 0.50709
16.1495 5.38318 1.11586
26.9159 5.38318 1.83636
37.6822 5.38318 2.02548
48.4486 5.38318 1.66838
59.215 5.38318 0.981696
69.9813 5.38318 0.444653
5.38318 16.1495 0.81971
16.1495 16.1495 2.19226
26.9159 16.1495 3.78941
37.6822 16.1495 4.24219
48.4486 16.1495 3.50005
59.215 16.1495 2.03356
69.9813 16.1495 0.923713
5.38318 26.9159 0.906439
16.1495 26.9159 2.66598
26.9159 26.9159 4.80578
37.6822 26.9159 5.43987
48.4486 26.9159 4.42303
59.215 26.9159 2.49719
69.9813 26.9159 1.10531
5.38318 37.6822 0.941463
16.1495 37.6822 2.63531
26.9159 37.6822 4.4792
37.6822 37.6822 4.9674
48.4486 37.6822 3.92016
59.215 37.6822 2.28349
69.9813 37.6822 1.0017
5.38318 48.4486 0.992755
16.1495 48.4486 2.23902
26.9159 48.4486 3.25479
37.6822 48.4486 3.5639
48.4486 48.4486 2.97856
59.215 48.4486 2.14514
69.9813 48.4486 1.22041
5.38318 59.215 1.17662
16.1495 59.215 2.42346
26.9159 59.215 3.15317
37.6822 59.215 3.59413
48.4486 59.215 3.08566
59.215 59.215 2.53217
69.9813 59.215 1.404
5.38318 69.9813 1.09027
16.1495 69.9813 2.17964
26.9159 69.9813 2.90666
37.6822 69.9813 3.39459
48.4486 69.9813 3.02197
59.215 69.9813 2.49115
69.9813 69.9813 1.39112
5.38318 80.7477 0.228488
16.1495 80.7477 0.780883
26.9159 80.7477 1.31088
37.6822 80.7477 1.64539
48.4486 80.7477 1.11534
59.215 80.7477 0.946454
69.9813 80.7477 0.459297
5.38318 91.514 -0.398047
16.1495 91.514 -0.594382
26.9159 91.514 -0.565389
37.6822 91.514 -0.558647
48.4486 91.514 -0.69045
59.215 91.514 -0.507616
69.9813 91.514 -0.263158
5.38318 102.28 -0.55765
16.1495 102.28 -0.890355
26.9159 102.28 -0.966129
37.6822 102.28 -0.971613
48.4486 102.28 -0.943349
59.215 102.28 -0.715571
69.9813 102.28 -0.316292
5.38318 113.047 -0.567807
16.1495 113.047 -0.911077
26.9159 113.047 -0.991148
37.6822 113.047 -0.993709
48.4486 113.047 -0.937684
59.215 113.047 -0.709767
69.9813 113.047 -0.293991
5.38318 123.813 -0.474208
16.1495 123.813 -0.725578
26.9159 123.813 -0.730264
37.6822 123.813 -0.689747
48.4486 123.813 -0.637709
59.215 123.813 -0.41731
69.9813 123.813 -0.136762
5.38318 134.579 -0.168397
16.1495 134.579 -0.199319
26.9159 134.579 -0.192889
37.6822 134.579 -0.120015
48.4486 134.579 -0.145737
59.215 134.579 0.0966054
69.9813 134.579 0.329614
5.38318 145.346 0.598833
16.1495 145.346 1.30682
26.9159 145.346 1.57308
37.6822 145.346 1.85148
48.4486 145.346 1.61955
59.215 145.346 1.5984
69.9813 145.346 1.0692
5.38318 156.112 1.39223
16.1495 156.112 2.62944
26.9159 156.112 3.0543
37.6822 156.112 3.1304
48.4486 156.112 2.71856
59.215 156.112 2.3867
69.9813 156.112 1.47321
5.38318 166.879 1.64532
16.1495 166.879 3.19202
26.9159 166.879 4.04025
37.6822 166.879 4.02224
48.4486 166.879 3.37013
59.215 166.879 2.56287
69.9813 166.879 1.50492
5.38318 177.645 1.3319
16.1495 177.645 2.75597
26.9159 177.645 3.77524
37.6822 177.645 3.7378
48.4486 177.645 2.99368
59.215 177.645 2.02463
69.9813 177.645 1.16731
5.38318 188.411 0.878184
16.1495 188.411 2.02936
26.9159 188.411 3.09192
37.6822 188.411 3.09333
48.4486 188.411 2.45219
59.215 188.411 1.37806
69.9813 188.411 0.7988
5.38318 199.178 0.58235
16.1495 199.178 1.384
26.9159 199.178 1.96208
37.6822 199.178 1.96746
48.4486 199.178 1.74139
59.215 199.178 1.13594
69.9813 199.178 0.867249
5.38318 209.944 0.523438
16.1495 209.944 1.12948
26.9159 209.944 1.37754
37.6822 209.944 1.26788
48.4486 209.944 1.15974
59.215 209.944 0.953867
69.9813 209.944 0.773648
