37 26
0 6 72 40
0 0 72 72
0 0 72 82
0 0 72 144
0 0 72 216
5.38318 5.38318 0.532561
16.1495 5.38318 1.10305
26.9159 5.38318 1.70328
37.6822 5.38318 1.88316
48.4486 5.38318 1.58498
59.215 5.38318 1.04036
69.9813 5.38318 0.499713
5.38318 16.1495 0.822591
16.1495 16.1495 2.06961
26.9159 16.1495 3.42222
37.6822 16.1495 3.90401
48.4486 16.1495 3.32298
59.215 16.1495 2.13258
69.9813 16.1495 1.03292
5.38318 26.9159 0.926546
16.1495 26.9159 2.54016
26.9159 26.9159 4.47147
37.6822 26.9159 5.13695
48.4486 26.9159 4.26692
59.215 26.9159 2.63756
69.9813 26.9159 1.21139
5.38318 37.6822 0.827727
16.1495 37.6822 2.34404
26.9159 37.6822 4.14663
37.6822 37.6822 4.66832
48.4486 37.6822 3.7533
59.215 37.6822 2.27231
69.9813 37.6822 1.02548
5.38318 48.4486 0.697084
16.1495 48.4486 1.81892
26.9159 48.4486 2.93942
37.6822 48.4486 3.05378
48.4486 48.4486 2.35639
59.215 48.4486 1.42922
69.9813 48.4486 0.768281
5.38318 59.215 0.433527
16.1495 59.215 1.06163
26.9159 59.215 1.37959
37.6822 59.215 1.34962
48.4486 59.215 0.904171
59.215 59.215 0.762642
69.9813 59.215 0.623468
5.38318 69.9813 0.0657489
16.1495 69.9813 0.371508
26.9159 69.9813 0.318029
37.6822 69.9813 0.250887
48.4486 69.9813 -0.0005732
59.215 69.9813 0.274295
69.9813 69.9813 0.500533
5.38318 80.7477 -0.194487
16.1495 80.7477 -0.263079
26.9159 80.7477 -0.337342
37.6822 80.7477 -0.368228
48.4486 80.7477 -0.384492
59.215 80.7477 -0.198186
69.9813 80.7477 0.112714
5.38318 91.514 -0.495003
16.1495 91.514 -0.798029
26.9159 91.514 -0.87851
37.6822 91.514 -0.88092
48.4486 91.514 -0.846589
59.215 91.514 -0.603829
69.9813 91.514 -0.234915
5.38318 102.28 -0.565259
16.1495 102.28 -0.903481
26.9159 102.28 -0.986191
37.6822 102.28 -0.978001
48.4486 102.28 -0.930021
59.215 102.28 -0.715854
69.9813 102.28 -0.309059
5.38318 113.047 -0.584226
16.1495 113.047 -0.936902
26.9159 113.047 -1.02112
37.6822 113.047 -1.02272
48.4486 113.047 -0.967846
59.215 113.047 -0.765839
69.9813 113.047 -0.330007
5.38318 123.813 -0.573447
16.1495 123.813 -0.917698
26.9159 123.813 -0.997726
37.6822 123.813 -0.998999
48.4486 123.813 -0.945325
59.215 123.813 -0.733371
69.9813 123.813 -0.312905
5.38318 134.579 -0.546406
16.1495 134.579 -0.865871
26.9159 134.579 -0.935045
37.6822 134.579 -0.935901
48.4486 134.579 -0.88103
59.215 134.579 -0.650355
69.9813 134.579 -0.268539
5.38318 145.346 -0.450608
16.1495 145.346 -0.674849
26.9159 145.346 -0.612539
37.6822 145.346 -0.594816
48.4486 145.346 -0.568026
59.215 145.346 -0.427695
69.9813 145.346 -0.160604
5.38318 156.112 -0.185053
16.1495 156.112 -0.1929
26.9159 156.112 0.151079
37.6822 156.112 0.184118
48.4486 156.112 0.0863819
59.215 156.112 -0.0055234
69.9813 156.112 0.143332
5.38318 166.879 0.349257
16.1495 166.879 0.929298
26.9159 166.879 1.91107
37.6822 166.879 1.93941
48.4486 166.879 1.67912
59.215 166.879 1.04214
69.9813 166.879 0.665202
5.38318 177.645 0.912069
16.1495 177.645 1.82836
26.9159 177.645 2.92351
37.6822 177.645 2.90335
48.4486 177.645 2.62997
59.215 177.645 1.77023
69.9813 177.645 1.05908
5.38318 188.411 1.01149
16.1495 188.411 1.94428
26.9159 188.411 3.00413
37.6822 188.411 2.91322
48.4486 188.411 2.62714
59.215 188.411 1.75
69.9813 188.411 1.07252
5.38318 199.178 0.58515
16.1495 199.178 1.19797
26.9159 199.178 1.94841
37.6822 199.178 1.79177
48.4486 199.178 1.61621
59.215 199.178 0.9533
69.9813 199.178 0.682932
5.38318 209.944 0.150799
16.1495 209.944 0.38496
26.9159 209.944 0.736288
37.6822 209.944 0.502712
48.4486 209.944 0.294197
59.215 209.944 0.0511428
69.9813 209.944 0.206262
