37 188
0 168 72 40
0 144 72 72
0 134 72 82
0 72 72 144
0 0 72 216
5.38318 5.38318 0.562494
16.1495 5.38318 0.868686
26.9159 5.38318 1.31625
37.6822 5.38318 1.52993
48.4486 5.38318 1.48889
59.215 5.38318 1.109
69.9813 5.38318 0.639058
5.38318 16.1495 1.03298
16.1495 16.1495 1.76669
26.9159 16.1495 2.55731
37.6822 16.1495 2.90416
48.4486 16.1495 2.7826
59.215 16.1495 2.12741
69.9813 16.1495 1.23016
5.38318 26.9159 1.16767
16.1495 26.9159 2.13349
26.9159 26.9159 3.13554
37.6822 26.9159 3.39852
48.4486 26.9159 3.16301
59.215 26.9159 2.43556
69.9813 26.9159 1.47339
5.38318 37.6822 1.27719
16.1495 37.6822 2.41742
26.9159 37.6822 3.47807
37.6822 37.6822 3.57632
48.4486 37.6822 3.18238
59.215 37.6822 2.53476
69.9813 37.6822 1.64809
5.38318 48.4486 1.15195
16.1495 48.4486 2.22019
26.9159 48.4486 3.2452
37.6822 48.4486 3.24215
48.4486 48.4486 2.82842
59.215 48.4486 2.31229
69.9813 48.4486 1.58945
5.38318 59.215 1.09765
16.1495 59.215 1.89362
26.9159 59.215 2.31858
37.6822 59.215 2.05375
48.4486 59.215 1.68357
59.215 59.215 1.575
69.9813 59.215 1.2677
5.38318 69.9813 0.818876
16.1495 69.9813 1.25384
26.9159 69.9813 1.23352
37.6822 69.9813 0.692261
48.4486 69.9813 0.272636
59.215 69.9813 0.431699
69.9813 69.9813 0.581664
5.38318 80.7477 -0.00187828
16.1495 80.7477 -0.0205746
26.9159 80.7477 -0.142328
37.6822 80.7477 -0.32961
48.4486 80.7477 -0.435138
59.215 80.7477 -0.285415
69.9813 80.7477 -0.0416535
5.38318 91.514 -0.465868
16.1495 91.514 -0.74547
26.9159 91.514 -0.822079
37.6822 91.514 -0.875653
48.4486 91.514 -0.86234
59.215 91.514 -0.638473
69.9813 91.514 -0.26142
5.38318 102.28 -0.568979
16.1495 102.28 -0.912345
26.9159 102.28 -1.00008
37.6822 102.28 -1.00423
48.4486 102.28 -0.959195
59.215 102.28 -0.756854
69.9813 102.28 -0.33213
5.38318 113.047 -0.58465
16.1495 113.047 -0.935814
26.9159 113.047 -1.01843
37.6822 113.047 -1.01867
48.4486 113.047 -0.964825
59.215 113.047 -0.76316
69.9813 113.047 -0.329595
5.38318 123.813 -0.57137
16.1495 123.813 -0.910495
26.9159 123.813 -0.979789
37.6822 123.813 -0.97579
48.4486 123.813 -0.919673
59.215 123.813 -0.702795
69.9813 123.813 -0.295867
5.38318 134.579 -0.525762
16.1495 134.579 -0.815883
26.9159 134.579 -0.772132
37.6822 134.579 -0.753786
48.4486 134.579 -0.695541
59.215 134.579 -0.523129
69.9813 134.579 -0.200153
5.38318 145.346 -0.332551
16.1495 145.346 -0.440262
26.9159 145.346 -0.314929
37.6822 145.346 -0.29642
48.4486 145.346 -0.259131
59.215 145.346 -0.19252
69.9813 145.346 -0.0110712
5.38318 156.112 -0.056502
16.1495 156.112 0.258863
26.9159 156.112 0.949766
37.6822 156.112 1.14697
48.4486 156.112 1.14843
59.215 156.112 0.797808
69.9813 156.112 0.577638
5.38318 166.879 0.575387
16.1495 166.879 1.63759
26.9159 166.879 2.64058
37.6822 166.879 3.01322
48.4486 166.879 2.82696
59.215 166.879 2.04325
69.9813 166.879 1.19389
5.38318 177.645 0.918179
16.1495 177.645 2.26296
26.9159 177.645 3.83724
37.6822 177.645 4.52919
48.4486 177.645 4.24493
59.215 177.645 2.88167
69.9813 177.645 1.5675
5.38318 188.411 1.01544
16.1495 188.411 2.36114
26.9159 188.411 4.21084
37.6822 188.411 4.94982
48.4486 188.411 4.55661
59.215 188.411 3.02908
69.9813 188.411 1.59516
5.38318 199.178 0.569953
16.1495 199.178 1.74837
26.9159 199.178 3.47526
37.6822 199.178 4.0221
48.4486 199.178 3.57548
59.215 199.178 2.2178
69.9813 199.178 1.14308
5.38318 209.944 0.225324
16.1495 209.944 0.823311
26.9159 209.944 1.71168
37.6822 209.944 1.84304
48.4486 209.944 1.5726
59.215 209.944 0.89367
69.9813 209.944 0.507088
