37 177
0 157 72 40
0 141 72 72
0 134 72 82
0 72 72 144
0 0 72 216
5.38318 5.38318 0.198119
16.1495 5.38318 0.628017
26.9159 5.38318 1.23545
37.6822 5.38318 1.35812
48.4486 5.38318 0.986852
59.215 5.38318 0.483943
69.9813 5.38318 0.176694
5.38318 16.1495 0.397149
16.1495 16.1495 1.44599
26.9159 16.1495 2.59477
37.6822 16.1495 2.92804
48.4486 16.1495 2.19281
59.215 16.1495 1.22591
69.9813 16.1495 0.509436
5.38318 26.9159 0.59167
16.1495 26.9159 1.973
26.9159 26.9159 3.48218
37.6822 26.9159 3.92189
48.4486 26.9159 3.01742
59.215 26.9159 1.6269
69.9813 26.9159 0.685672
5.38318 37.6822 0.940908
16.1495 37.6822 2.37192
26.9159 37.6822 3.74448
37.6822 37.6822 4.04841
48.4486 37.6822 3.25008
59.215 37.6822 1.84465
69.9813 37.6822 0.938458
5.38318 48.4486 1.03344
16.1495 48.4486 2.19672
26.9159 48.4486 3.14746
37.6822 48.4486 3.31264
48.4486 48.4486 2.97279
59.215 48.4486 1.93011
69.9813 48.4486 1.16193
5.38318 59.215 0.82696
16.1495 59.215 1.6812
26.9159 59.215 2.40761
37.6822 59.215 2.54026
48.4486 59.215 2.47433
59.215 59.215 1.71221
69.9813 59.215 1.0758
5.38318 69.9813 0.327636
16.1495 69.9813 0.673867
26.9159 69.9813 1.04956
37.6822 69.9813 1.17714
48.4486 69.9813 1.36424
59.215 69.9813 1.04258
69.9813 69.9813 0.744976
5.38318 80.7477 -0.0884617
16.1495 80.7477 -0.0906107
26.9159 80.7477 -0.00261266
37.6822 80.7477 -0.0113644
48.4486 80.7477 0.143983
59.215 80.7477 0.076954
69.9813 80.7477 0.22624
5.38318 91.514 -0.23373
16.1495 91.514 -0.345283
26.9159 91.514 -0.353536
37.6822 91.514 -0.361525
48.4486 91.514 -0.332437
59.215 91.514 -0.262777
69.9813 91.514 -0.0973872
5.38318 102.28 -0.288089
16.1495 102.28 -0.435998
26.9159 102.28 -0.435876
37.6822 102.28 -0.409292
48.4486 102.28 -0.382951
59.215 102.28 -0.298679
69.9813 102.28 -0.130978
5.38318 113.047 -0.277248
16.1495 113.047 -0.4282
26.9159 113.047 -0.418185
37.6822 113.047 -0.415827
48.4486 113.047 -0.39766
59.215 113.047 -0.309151
69.9813 113.047 -0.133307
5.38318 123.813 -0.17834
16.1495 123.813 -0.249012
26.9159 123.813 -0.217251
37.6822 123.813 -0.21449
48.4486 123.813 -0.226939
59.215 123.813 -0.165686
69.9813 123.813 -0.0507342
5.38318 134.579 -0.0042371
16.1495 134.579 0.0473362
26.9159 134.579 0.269317
37.6822 134.579 0.241549
48.4486 134.579 0.174893
59.215 134.579 0.173863
69.9813 134.579 0.229505
5.38318 145.346 0.345826
16.1495 145.346 0.794982
26.9159 145.346 1.38226
37.6822 145.346 1.54742
48.4486 145.346 1.37915
59.215 145.346 1.00989
69.9813 145.346 0.648191
5.38318 156.112 0.638421
16.1495 156.112 1.52019
26.9159 156.112 2.64632
37.6822 156.112 2.75806
48.4486 156.112 2.46413
59.215 156.112 1.63689
69.9813 156.112 0.965855
5.38318 166.879 0.605464
16.1495 166.879 1.91631
26.9159 166.879 3.61977
37.6822 166.879 3.94025
48.4486 166.879 3.47494
59.215 166.879 2.05792
69.9813 166.879 1.11101
5.38318 177.645 0.485904
16.1495 177.645 1.96723
26.9159 177.645 4.04888
37.6822 177.645 4.39125
48.4486 177.645 3.69912
59.215 177.645 1.89631
69.9813 177.645 0.900174
5.38318 188.411 -0.00204983
16.1495 188.411 1.16843
26.9159 188.411 3.19164
37.6822 188.411 3.52144
48.4486 188.411 2.81289
59.215 188.411 1.09508
69.9813 188.411 0.442935
5.38318 199.178 -0.176082
16.1495 199.178 0.11598
26.9159 199.178 1.47473
37.6822 199.178 1.56645
48.4486 199.178 0.997605
59.215 199.178 -0.00905527
69.9813 199.178 0.00717712
5.38318 209.944 -0.165807
16.1495 209.944 -0.130284
26.9159 209.944 0.104845
37.6822 209.944 0.0121429
48.4486 209.944 -0.147646
59.215 209.944 -0.180042
69.9813 209.944 -0.0287717
