26 188
0 168 72 40
0 144 72 72
0 134 72 82
0 72 72 144
0 0 72 216
5.38318 5.38318 0.4082
16.1495 5.38318 0.602409
26.9159 5.38318 0.799432
37.6822 5.38318 0.867236
48.4486 5.38318 0.851625
59.215 5.38318 0.714858
69.9813 5.38318 0.46892
5.38318 16.1495 0.727835
16.1495 16.1495 1.29481
26.9159 16.1495 1.62583
37.6822 16.1495 1.71307
48.4486 16.1495 1.66546
59.215 16.1495 1.48601
69.9813 16.1495 1.00698
5.38318 26.9159 0.9663
16.1495 26.9159 1.6765
26.9159 26.9159 1.87046
37.6822 26.9159 1.9755
48.4486 26.9159 1.78301
59.215 26.9159 1.75268
69.9813 26.9159 1.17434
5.38318 37.6822 1.19062
16.1495 37.6822 2.10501
26.9159 37.6822 2.22192
37.6822 37.6822 2.36123
48.4486 37.6822 2.03099
59.215 37.6822 1.96887
69.9813 37.6822 1.27268
5.38318 48.4486 1.27839
16.1495 48.4486 2.26497
26.9159 48.4486 2.29045
37.6822 48.4486 2.42796
48.4486 48.4486 1.91664
59.215 48.4486 1.8539
69.9813 48.4486 1.11066
5.38318 59.215 1.0189
16.1495 59.215 1.85246
26.9159 59.215 1.90889
37.6822 59.215 2.08857
48.4486 59.215 1.66362
59.215 59.215 1.65862
69.9813 59.215 1.01919
5.38318 69.9813 0.593546
16.1495 69.9813 1.02967
26.9159 69.9813 0.970152
37.6822 69.9813 0.989962
48.4486 69.9813 0.610104
59.215 69.9813 0.876453
69.9813 69.9813 0.595017
5.38318 80.7477 -0.0274583
16.1495 80.7477 -0.00480907
26.9159 80.7477 0.164521
37.6822 80.7477 0.25581
48.4486 80.7477 0.138337
59.215 80.7477 0.455721
69.9813 80.7477 0.382202
5.38318 91.514 -0.21545
16.1495 91.514 -0.314487
26.9159 91.514 -0.254236
37.6822 91.514 -0.25466
48.4486 91.514 -0.249294
59.215 91.514 -0.142853
69.9813 91.514 -0.0194576
5.38318 102.28 -0.290171
16.1495 102.28 -0.427597
26.9159 102.28 -0.35649
37.6822 102.28 -0.333453
48.4486 102.28 -0.312605
59.215 102.28 -0.239079
69.9813 102.28 -0.0931688
5.38318 113.047 -0.298289
16.1495 113.047 -0.446475
26.9159 113.047 -0.431991
37.6822 113.047 -0.410947
48.4486 113.047 -0.391286
59.215 113.047 -0.307102
69.9813 113.047 -0.133635
5.38318 123.813 -0.289875
16.1495 123.813 -0.408592
26.9159 123.813 -0.325086
37.6822 123.813 -0.251822
48.4486 123.813 -0.234287
59.215 123.813 -0.183159
69.9813 123.813 -0.0743008
5.38318 134.579 -0.247173
16.1495 134.579 -0.287416
26.9159 134.579 -0.121621
37.6822 134.579 0.0492433
48.4486 134.579 0.0875778
59.215 134.579 0.105296
69.9813 134.579 0.110273
5.38318 145.346 -0.172494
16.1495 145.346 -0.116859
26.9159 145.346 0.355566
37.6822 145.346 0.819659
48.4486 145.346 0.851906
59.215 145.346 0.704569
69.9813 145.346 0.403868
5.38318 156.112 -0.0184375
16.1495 156.112 0.344008
26.9159 156.112 1.00916
37.6822 156.112 1.48142
48.4486 156.112 1.40774
59.215 156.112 1.09844
69.9813 156.112 0.574231
5.38318 166.879 0.306437
16.1495 166.879 0.928061
26.9159 166.879 1.64605
37.6822 166.879 1.82147
48.4486 166.879 1.54313
59.215 166.879 1.12848
69.9813 166.879 0.57313
5.38318 177.645 0.698133
16.1495 177.645 1.73618
26.9159 177.645 2.51818
37.6822 177.645 2.37717
48.4486 177.645 1.68099
59.215 177.645 1.05107
69.9813 177.645 0.510182
5.38318 188.411 0.870055
16.1495 188.411 2.07744
26.9159 188.411 3.01431
37.6822 188.411 2.7936
48.4486 188.411 1.83401
59.215 188.411 1.06486
69.9813 188.411 0.463592
5.38318 199.178 0.761457
16.1495 199.178 1.80738
26.9159 199.178 2.68024
37.6822 199.178 2.49836
48.4486 199.178 1.66128
59.215 199.178 1.00618
69.9813 199.178 0.431347
5.38318 209.944 0.394961
16.1495 209.944 0.900994
26.9159 209.944 1.28181
37.6822 209.944 1.16282
48.4486 209.944 0.738273
59.215 209.944 0.563836
69.9813 209.944 0.2881
