26 37
0 17 72 40
0 1 72 72
0 0 72 82
0 0 72 144
0 0 72 216
5.38318 5.38318 0.435495
16.1495 5.38318 0.595904
26.9159 5.38318 0.752483
37.6822 5.38318 0.714987
48.4486 5.38318 0.886149
59.215 5.38318 0.829637
69.9813 5.38318 0.598162
5.38318 16.1495 0.909718
16.1495 16.1495 1.58845
26.9159 16.1495 2.114
37.6822 16.1495 1.97704
48.4486 16.1495 2.15164
59.215 16.1495 1.78341
69.9813 16.1495 1.23907
5.38318 26.9159 0.913709
16.1495 26.9159 1.80943
26.9159 26.9159 2.67544
37.6822 26.9159 2.63755
48.4486 26.9159 2.89245
59.215 26.9159 2.31007
69.9813 26.9159 1.57759
5.38318 37.6822 1.25367
16.1495 37.6822 2.523
26.9159 37.6822 3.86078
37.6822 37.6822 3.84204
48.4486 37.6822 3.83077
59.215 37.6822 2.68198
69.9813 37.6822 1.67815
5.38318 48.4486 1.08582
16.1495 48.4486 2.30096
26.9159 48.4486 3.67139
37.6822 48.4486 3.85705
48.4486 48.4486 3.70175
59.215 48.4486 2.48035
69.9813 48.4486 1.46183
5.38318 59.215 0.709821
16.1495 59.215 1.54966
26.9159 59.215 2.54418
37.6822 59.215 2.61021
48.4486 59.215 2.37977
59.215 59.215 1.50454
69.9813 59.215 0.865714
5.38318 69.9813 0.0292046
16.1495 69.9813 0.0971392
26.9159 69.9813 0.450367
37.6822 69.9813 0.315805
48.4486 69.9813 0.204986
59.215 69.9813 0.0212706
69.9813 69.9813 0.11447
5.38318 80.7477 -0.182341
16.1495 80.7477 -0.273002
26.9159 80.7477 -0.249243
37.6822 80.7477 -0.280424
48.4486 80.7477 -0.322615
59.215 80.7477 -0.281432
69.9813 80.7477 -0.133475
5.38318 91.514 -0.269058
16.1495 91.514 -0.426361
26.9159 91.514 -0.462339
37.6822 91.514 -0.487665
48.4486 91.514 -0.470959
59.215 91.514 -0.367394
69.9813 91.514 -0.158475
5.38318 102.28 -0.294289
16.1495 102.28 -0.440479
26.9159 102.28 -0.431005
37.6822 102.28 -0.419892
48.4486 102.28 -0.402473
59.215 102.28 -0.32514
69.9813 102.28 -0.14243
5.38318 113.047 -0.284406
16.1495 113.047 -0.428511
26.9159 113.047 -0.411299
37.6822 113.047 -0.410028
48.4486 113.047 -0.402398
59.215 113.047 -0.321456
69.9813 113.047 -0.143248
5.38318 123.813 -0.217751
16.1495 123.813 -0.32673
26.9159 123.813 -0.300385
37.6822 123.813 -0.316836
48.4486 123.813 -0.321154
59.215 123.813 -0.244668
69.9813 123.813 -0.0980232
5.38318 134.579 -0.104269
16.1495 134.579 -0.150615
26.9159 134.579 -0.11754
37.6822 134.579 -0.161735
48.4486 134.579 -0.161553
59.215 134.579 -0.0969213
69.9813 134.579 0.0093662
5.38318 145.346 0.0296946
16.1495 145.346 0.0910971
26.9159 145.346 0.256206
37.6822 145.346 0.166907
48.4486 145.346 0.22469
59.215 145.346 0.323535
69.9813 145.346 0.334107
5.38318 156.112 0.233211
16.1495 156.112 0.606952
26.9159 156.112 1.11917
37.6822 156.112 1.03467
48.4486 156.112 1.11058
59.215 156.112 0.905081
69.9813 156.112 0.691211
5.38318 166.879 0.364
16.1495 166.879 1.01116
26.9159 166.879 2.09953
37.6822 166.879 2.02622
48.4486 166.879 2.05481
59.215 166.879 1.47657
69.9813 166.879 1.02377
5.38318 177.645 0.565539
16.1495 177.645 1.65749
26.9159 177.645 3.23
37.6822 177.645 3.2047
48.4486 177.645 3.05383
59.215 177.645 1.92922
69.9813 177.645 1.19911
5.38318 188.411 0.64109
16.1495 188.411 1.91086
26.9159 188.411 3.6334
37.6822 188.411 3.83863
48.4486 188.411 3.63514
59.215 188.411 2.25906
69.9813 188.411 1.33521
5.38318 199.178 0.714865
16.1495 199.178 1.74037
26.9159 199.178 2.99048
37.6822 199.178 3.02968
48.4486 199.178 2.75326
59.215 199.178 1.6762
69.9813 199.178 1.03187
5.38318 209.944 0.415248
16.1495 209.944 0.883139
26.9159 209.944 1.34878
37.6822 209.944 1.26434
48.4486 209.944 1.17718
59.215 209.944 0.817876
69.9813 209.944 0.642009
