37 26
0 6 72 40
0 0 72 72
0 0 72 82
0 0 72 144
0 0 72 216
5.38318 5.38318 0.505667
16.1495 5.38318 1.02098
26.9159 5.38318 1.3998
37.6822 5.38318 1.42102
48.4486 5.38318 1.19044
59.215 5.38318 0.889205
69.9813 5.38318 0.527222
5.38318 16.1495 0.861636
16.1495 16.1495 1.83779
26.9159 16.1495 2.54654
37.6822 16.1495 2.6439
48.4486 16.1495 2.27101
59.215 16.1495 1.69094
69.9813 16.1495 1.05258
5.38318 26.9159 1.11369
16.1495 26.9159 2.23941
26.9159 26.9159 3.12165
37.6822 26.9159 3.23424
48.4486 26.9159 2.77966
59.215 26.9159 2.05551
69.9813 26.9159 1.27456
5.38318 37.6822 1.20867
16.1495 37.6822 2.18034
26.9159 37.6822 2.82215
37.6822 37.6822 2.86619
48.4486 37.6822 2.55112
59.215 37.6822 2.0303
69.9813 37.6822 1.2916
5.38318 48.4486 1.08871
16.1495 48.4486 1.94278
26.9159 48.4486 2.46344
37.6822 48.4486 2.416
48.4486 48.4486 2.12852
59.215 48.4486 1.76312
69.9813 48.4486 1.1784
5.38318 59.215 0.968309
16.1495 59.215 1.71615
26.9159 59.215 2.0134
37.6822 59.215 1.7534
48.4486 59.215 1.37114
59.215 59.215 1.29016
69.9813 59.215 0.973023
5.38318 69.9813 0.418232
16.1495 69.9813 0.725206
26.9159 69.9813 0.78265
37.6822 69.9813 0.534235
48.4486 69.9813 0.392711
59.215 69.9813 0.594306
69.9813 69.9813 0.610182
5.38318 80.7477 -0.0397352
16.1495 80.7477 -0.0370439
26.9159 80.7477 0.07546
37.6822 80.7477 -0.0680681
48.4486 80.7477 -0.0441844
59.215 80.7477 0.222137
69.9813 80.7477 0.4305
5.38318 91.514 -0.224411
16.1495 91.514 -0.334578
26.9159 91.514 -0.266012
37.6822 91.514 -0.229486
48.4486 91.514 -0.125314
59.215 91.514 0.0965613
69.9813 91.514 0.305018
5.38318 102.28 -0.252692
16.1495 102.28 -0.36225
26.9159 102.28 -0.281404
37.6822 102.28 -0.241941
48.4486 102.28 -0.208056
59.215 102.28 -0.139002
69.9813 102.28 -0.0198015
5.38318 113.047 -0.291571
16.1495 113.047 -0.434055
26.9159 113.047 -0.401424
37.6822 113.047 -0.382446
48.4486 113.047 -0.372185
59.215 113.047 -0.29759
69.9813 113.047 -0.1284
5.38318 123.813 -0.209125
16.1495 123.813 -0.24895
26.9159 123.813 -0.134485
37.6822 123.813 -0.0809611
48.4486 123.813 -0.109912
59.215 123.813 -0.128241
69.9813 123.813 -0.0445656
5.38318 134.579 -0.0853697
16.1495 134.579 0.0407607
26.9159 134.579 0.551622
37.6822 134.579 0.81982
48.4486 134.579 0.647023
59.215 134.579 0.373046
69.9813 134.579 0.248216
5.38318 145.346 0.233097
16.1495 145.346 0.936161
26.9159 145.346 1.7305
37.6822 145.346 2.16313
48.4486 145.346 1.94201
59.215 145.346 1.33312
69.9813 145.346 0.744605
5.38318 156.112 0.379498
16.1495 156.112 1.29017
26.9159 156.112 2.21725
37.6822 156.112 2.86941
48.4486 156.112 2.73412
59.215 156.112 1.9545
69.9813 156.112 1.08884
5.38318 166.879 0.422383
16.1495 166.879 1.3572
26.9159 166.879 2.28079
37.6822 166.879 2.94049
48.4486 166.879 3.02287
59.215 166.879 2.21741
69.9813 166.879 1.3358
5.38318 177.645 0.271279
16.1495 177.645 0.873688
26.9159 177.645 1.7675
37.6822 177.645 2.23414
48.4486 177.645 2.50351
59.215 177.645 1.89529
69.9813 177.645 1.25806
5.38318 188.411 0.14235
16.1495 188.411 0.643836
26.9159 188.411 1.58914
37.6822 188.411 1.90619
48.4486 188.411 2.04614
59.215 188.411 1.37444
69.9813 188.411 0.929256
5.38318 199.178 0.0530845
16.1495 199.178 0.556981
26.9159 199.178 1.5333
37.6822 199.178 1.72372
48.4486 199.178 1.52551
59.215 199.178 0.77132
69.9813 199.178 0.465261
5.38318 209.944 -0.00543581
16.1495 209.944 0.418867
26.9159 209.944 1.15364
37.6822 209.944 1.32266
48.4486 209.944 1.09051
59.215 209.944 0.492122
69.9813 209.944 0.277314
