37 37
0 17 72 40
0 1 72 72
0 0 72 82
0 0 72 144
0 0 72 216
5.38318 5.38318 0.41653
16.1495 5.38318 0.73895
26.9159 5.38318 1.23557
37.6822 5.38318 1.39456
48.4486 5.38318 1.19333
59.215 5.38318 0.868803
69.9813 5.38318 0.431593
5.38318 16.1495 0.782268
16.1495 16.1495 1.5962
26.9159 16.1495 2.67352
37.6822 16.1495 3.06228
48.4486 16.1495 2.6301
59.215 16.1495 1.7962
69.9813 16.1495 0.906937
5.38318 26.9159 1.16306
16.1495 26.9159 2.33019
26.9159 26.9159 3.92211
37.6822 26.9159 4.43283
48.4486 26.9159 3.61529
59.215 26.9159 2.35918
69.9813 26.9159 1.09916
5.38318 37.6822 1.2816
16.1495 37.6822 2.6064
26.9159 37.6822 4.33326
37.6822 37.6822 4.78298
48.4486 37.6822 3.88062
59.215 37.6822 2.4078
69.9813 37.6822 1.11356
5.38318 48.4486 1.14774
16.1495 48.4486 2.296
26.9159 48.4486 3.5615
37.6822 48.4486 3.72129
48.4486 48.4486 2.96418
59.215 48.4486 1.82051
69.9813 48.4486 0.910843
5.38318 59.215 0.633022
16.1495 59.215 1.33932
26.9159 59.215 1.95616
37.6822 59.215 2.01486
48.4486 59.215 1.8261
59.215 59.215 1.34216
69.9813 59.215 0.911052
5.38318 69.9813 0.298677
16.1495 69.9813 0.723392
26.9159 69.9813 0.958475
37.6822 69.9813 0.988492
48.4486 69.9813 1.02829
59.215 69.9813 0.896211
69.9813 69.9813 0.790398
5.38318 80.7477 -0.0955737
16.1495 80.7477 -0.0205438
26.9159 80.7477 0.173889
37.6822 80.7477 0.26546
48.4486 80.7477 0.41197
59.215 80.7477 0.415768
69.9813 80.7477 0.493305
5.38318 91.514 -0.279234
16.1495 91.514 -0.371032
26.9159 91.514 -0.333462
37.6822 91.514 -0.30571
48.4486 91.514 -0.281593
59.215 91.514 -0.212026
69.9813 91.514 -0.043536
5.38318 102.28 -0.306622
16.1495 102.28 -0.437092
26.9159 102.28 -0.384563
37.6822 102.28 -0.348562
48.4486 102.28 -0.345484
59.215 102.28 -0.285499
69.9813 102.28 -0.124156
5.38318 113.047 -0.300948
16.1495 113.047 -0.455585
26.9159 113.047 -0.464041
37.6822 113.047 -0.445383
48.4486 113.047 -0.423554
59.215 113.047 -0.322232
69.9813 113.047 -0.137048
5.38318 123.813 -0.294291
16.1495 123.813 -0.446491
26.9159 123.813 -0.43042
37.6822 123.813 -0.412785
48.4486 123.813 -0.378824
59.215 123.813 -0.284058
69.9813 123.813 -0.114545
5.38318 134.579 -0.276843
16.1495 134.579 -0.411645
26.9159 134.579 -0.377693
37.6822 134.579 -0.3435
48.4486 134.579 -0.295215
59.215 134.579 -0.218267
69.9813 134.579 -0.0742419
5.38318 145.346 -0.263411
16.1495 145.346 -0.372369
26.9159 145.346 -0.285878
37.6822 145.346 -0.225496
48.4486 145.346 -0.171062
59.215 145.346 -0.147429
69.9813 145.346 -0.0318591
5.38318 156.112 -0.159636
16.1495 156.112 -0.117524
26.9159 156.112 0.335305
37.6822 156.112 0.560679
48.4486 156.112 0.428025
59.215 156.112 0.0564496
69.9813 156.112 0.0640129
5.38318 166.879 -0.0163905
16.1495 166.879 0.466001
26.9159 166.879 1.44745
37.6822 166.879 1.68334
48.4486 166.879 1.28569
59.215 166.879 0.526581
69.9813 166.879 0.21892
5.38318 177.645 0.526156
16.1495 177.645 1.62777
26.9159 177.645 3.01897
37.6822 177.645 3.35233
48.4486 177.645 2.48617
59.215 177.645 1.24577
69.9813 177.645 0.459733
5.38318 188.411 0.842322
16.1495 188.411 2.26808
26.9159 188.411 3.96073
37.6822 188.411 4.37179
48.4486 188.411 3.312
59.215 188.411 1.74847
69.9813 188.411 0.723286
5.38318 199.178 0.917899
16.1495 199.178 2.32645
26.9159 199.178 3.69797
37.6822 199.178 4.01858
48.4486 199.178 3.15313
59.215 199.178 1.76726
69.9813 199.178 0.851498
5.38318 209.944 0.684783
16.1495 209.944 1.55293
26.9159 209.944 2.03764
37.6822 209.944 2.09491
48.4486 209.944 1.74809
59.215 209.944 1.15643
69.9813 209.944 0.67578
