48 177
0 157 72 40
0 141 72 72
0 134 72 82
0 72 72 144
0 0 72 216
5.38318 5.38318 0.189104
16.1495 5.38318 0.551057
26.9159 5.38318 1.24856
37.6822 5.38318 1.36264
48.4486 5.38318 1.02588
59.215 5.38318 0.510629
69.9813 5.38318 0.188477
5.38318 16.1495 0.266
16.1495 16.1495 1.0916
26.9159 16.1495 2.30588
37.6822 16.1495 2.59331
48.4486 16.1495 1.97383
59.215 16.1495 1.12525
69.9813 16.1495 0.453825
5.38318 26.9159 0.139156
16.1495 26.9159 1.11243
26.9159 26.9159 2.64106
37.6822 26.9159 3.22246
48.4486 26.9159 2.44626
59.215 26.9159 1.26955
69.9813 26.9159 0.362882
5.38318 37.6822 0.25698
16.1495 37.6822 1.11781
26.9159 37.6822 2.3777
37.6822 37.6822 2.90984
48.4486 37.6822 2.30773
59.215 37.6822 1.33651
69.9813 37.6822 0.454272
5.38318 48.4486 0.384617
16.1495 48.4486 1.16953
26.9159 48.4486 2.10128
37.6822 48.4486 2.47672
48.4486 48.4486 2.08604
59.215 48.4486 1.27309
69.9813 48.4486 0.560052
5.38318 59.215 0.514318
16.1495 59.215 1.32863
26.9159 59.215 2.05385
37.6822 59.215 2.41023
48.4486 59.215 2.28049
59.215 59.215 1.6402
69.9813 59.215 0.969476
5.38318 69.9813 0.418419
16.1495 69.9813 1.21487
26.9159 69.9813 1.90411
37.6822 69.9813 2.35601
48.4486 69.9813 2.36542
59.215 69.9813 1.80767
69.9813 69.9813 1.1132
5.38318 80.7477 0.0382228
16.1495 80.7477 0.415819
26.9159 80.7477 0.799851
37.6822 80.7477 1.25086
48.4486 80.7477 1.44072
59.215 80.7477 1.28087
69.9813 80.7477 0.88868
5.38318 91.514 -0.21752
16.1495 91.514 -0.281816
26.9159 91.514 -0.256549
37.6822 91.514 -0.171663
48.4486 91.514 -0.0872687
59.215 91.514 -0.000723773
69.9813 91.514 0.215589
5.38318 102.28 -0.285538
16.1495 102.28 -0.4281
26.9159 102.28 -0.421812
37.6822 102.28 -0.408166
48.4486 102.28 -0.393366
59.215 102.28 -0.302126
69.9813 102.28 -0.127788
5.38318 113.047 -0.293152
16.1495 113.047 -0.438276
26.9159 113.047 -0.424505
37.6822 113.047 -0.41727
48.4486 113.047 -0.40824
59.215 113.047 -0.325785
69.9813 113.047 -0.145436
5.38318 123.813 -0.246434
16.1495 123.813 -0.3478
26.9159 123.813 -0.282632
37.6822 123.813 -0.274564
48.4486 123.813 -0.293845
59.215 123.813 -0.233217
69.9813 123.813 -0.0985022
5.38318 134.579 -0.175076
16.1495 134.579 -0.174113
26.9159 134.579 0.0579317
37.6822 134.579 0.203803
48.4486 134.579 0.106996
59.215 134.579 0.0921664
69.9813 134.579 0.114302
5.38318 145.346 -0.0639859
16.1495 145.346 0.183065
26.9159 145.346 0.977789
37.6822 145.346 1.35077
48.4486 145.346 1.39011
59.215 145.346 1.15978
69.9813 145.346 0.758204
5.38318 156.112 0.00125667
16.1495 156.112 0.666972
26.9159 156.112 2.0965
37.6822 156.112 2.83502
48.4486 156.112 3.03378
59.215 156.112 2.45711
69.9813 156.112 1.50577
5.38318 166.879 0.224648
16.1495 166.879 1.12464
26.9159 166.879 2.78273
37.6822 166.879 3.87954
48.4486 166.879 4.36546
59.215 166.879 3.62416
69.9813 166.879 2.29152
5.38318 177.645 0.369771
16.1495 177.645 1.28005
26.9159 177.645 2.76632
37.6822 177.645 3.85976
48.4486 177.645 4.37263
59.215 177.645 3.79112
69.9813 177.645 2.45973
5.38318 188.411 0.63357
16.1495 188.411 1.56538
26.9159 188.411 2.44916
37.6822 188.411 2.97322
48.4486 188.411 3.21385
59.215 188.411 2.90641
69.9813 188.411 2.0225
5.38318 199.178 0.676293
16.1495 199.178 1.37259
26.9159 199.178 1.6763
37.6822 199.178 1.46452
48.4486 199.178 1.28783
59.215 199.178 1.30014
69.9813 199.178 1.14918
5.38318 209.944 0.593578
16.1495 209.944 1.11489
26.9159 209.944 1.29862
37.6822 209.944 0.932964
48.4486 209.944 0.757455
59.215 209.944 0.86959
69.9813 209.944 0.889388
