37 26
0 6 72 40
0 0 72 72
0 0 72 82
0 0 72 144
0 0 72 216
5.38318 5.38318 0.307627
16.1495 5.38318 0.595506
26.9159 5.38318 1.3598
37.6822 5.38318 1.74763
48.4486 5.38318 1.7298
59.215 5.38318 1.24143
69.9813 5.38318 0.676146
5.38318 16.1495 0.650302
16.1495 16.1495 1.46346
26.9159 16.1495 2.83009
37.6822 16.1495 3.73055
48.4486 16.1495 3.71215
59.215 16.1495 2.63576
69.9813 16.1495 1.39568
5.38318 26.9159 1.09152
16.1495 26.9159 2.14145
26.9159 26.9159 3.86112
37.6822 26.9159 5.11823
48.4486 26.9159 5.09254
59.215 26.9159 3.61355
69.9813 26.9159 1.82678
5.38318 37.6822 1.5348
16.1495 37.6822 2.63903
26.9159 37.6822 4.01796
37.6822 37.6822 4.90952
48.4486 37.6822 4.78253
59.215 37.6822 3.37524
69.9813 37.6822 1.73284
5.38318 48.4486 1.58958
16.1495 48.4486 2.4374
26.9159 48.4486 3.16442
37.6822 48.4486 3.23443
48.4486 48.4486 2.89867
59.215 48.4486 2.06407
69.9813 48.4486 1.10515
5.38318 59.215 0.964366
16.1495 59.215 1.36086
26.9159 59.215 1.58603
37.6822 59.215 1.1723
48.4486 59.215 0.95458
59.215 59.215 0.845969
69.9813 59.215 0.694909
5.38318 69.9813 0.0801589
16.1495 69.9813 0.0430025
26.9159 69.9813 0.0867191
37.6822 69.9813 -0.147453
48.4486 69.9813 -0.224982
59.215 69.9813 -0.026029
69.9813 69.9813 0.255122
5.38318 80.7477 -0.30132
16.1495 80.7477 -0.509346
26.9159 80.7477 -0.56952
37.6822 80.7477 -0.604987
48.4486 80.7477 -0.553795
59.215 80.7477 -0.240487
69.9813 80.7477 0.0784147
5.38318 91.514 -0.534733
16.1495 91.514 -0.859181
26.9159 91.514 -0.950627
37.6822 91.514 -0.922988
48.4486 91.514 -0.860364
59.215 91.514 -0.570917
69.9813 91.514 -0.207864
5.38318 102.28 -0.567415
16.1495 102.28 -0.899775
26.9159 102.28 -0.975272
37.6822 102.28 -0.959267
48.4486 102.28 -0.905556
59.215 102.28 -0.668307
69.9813 102.28 -0.273533
5.38318 113.047 -0.573271
16.1495 113.047 -0.916474
26.9159 113.047 -0.987507
37.6822 113.047 -0.984706
48.4486 113.047 -0.929715
59.215 113.047 -0.71617
69.9813 113.047 -0.303772
5.38318 123.813 -0.523884
16.1495 123.813 -0.820049
26.9159 123.813 -0.81286
37.6822 123.813 -0.797644
48.4486 123.813 -0.752983
59.215 123.813 -0.563988
69.9813 123.813 -0.22571
5.38318 134.579 -0.356384
16.1495 134.579 -0.5047
26.9159 134.579 -0.401198
37.6822 134.579 -0.361849
48.4486 134.579 -0.350414
59.215 134.579 -0.267004
69.9813 134.579 -0.0759436
5.38318 145.346 -0.113715
16.1495 145.346 0.0023364
26.9159 145.346 0.588587
37.6822 145.346 0.861782
48.4486 145.346 0.74256
59.215 145.346 0.446312
69.9813 145.346 0.358413
5.38318 156.112 0.333122
16.1495 156.112 1.17487
26.9159 156.112 2.09209
37.6822 156.112 2.40157
48.4486 156.112 2.11171
59.215 156.112 1.3359
69.9813 156.112 0.73761
5.38318 166.879 0.682907
16.1495 166.879 1.80262
26.9159 166.879 2.92921
37.6822 166.879 3.25484
48.4486 166.879 2.74825
59.215 166.879 1.68025
69.9813 166.879 0.83969
5.38318 177.645 0.838007
16.1495 177.645 1.91108
26.9159 177.645 3.11225
37.6822 177.645 3.3368
48.4486 177.645 2.74044
59.215 177.645 1.62945
69.9813 177.645 0.802928
5.38318 188.411 1.0524
16.1495 188.411 2.04791
26.9159 188.411 2.99349
37.6822 188.411 2.99812
48.4486 188.411 2.35425
59.215 188.411 1.41776
69.9813 188.411 0.731529
5.38318 199.178 0.959693
16.1495 199.178 1.64577
26.9159 199.178 2.02049
37.6822 199.178 2.00696
48.4486 199.178 1.73242
59.215 199.178 1.3781
69.9813 199.178 0.921449
5.38318 209.944 0.743549
16.1495 209.944 1.23304
26.9159 209.944 1.28051
37.6822 209.944 1.21237
48.4486 209.944 1.10386
59.215 209.944 1.05743
69.9813 209.944 0.767402
