37 177
0 157 72 40
0 141 72 72
0 134 72 82
0 72 72 144
0 0 72 216
5.38318 5.38318 1.09792
16.1495 5.38318 1.70137
26.9159 5.38318 1.99764
37.6822 5.38318 1.76931
48.4486 5.38318 1.48645
59.215 5.38318 1.13719
69.9813 5.38318 0.695741
5.38318 16.1495 1.69461
16.1495 16.1495 2.80815
26.9159 16.1495 3.38156
37.6822 16.1495 3.06842
48.4486 16.1495 2.6127
59.215 16.1495 2.03047
69.9813 16.1495 1.28968
5.38318 26.9159 1.80015
16.1495 26.9159 3.01977
26.9159 26.9159 3.64344
37.6822 26.9159 3.47388
48.4486 26.9159 3.05482
59.215 26.9159 2.48095
69.9813 26.9159 1.58217
5.38318 37.6822 1.2474
16.1495 37.6822 2.19988
26.9159 37.6822 2.77321
37.6822 37.6822 2.93091
48.4486 37.6822 2.66127
59.215 37.6822 2.22534
69.9813 37.6822 1.43133
5.38318 48.4486 0.88935
16.1495 48.4486 1.89138
26.9159 48.4486 2.67874
37.6822 48.4486 3.0672
48.4486 48.4486 2.8173
59.215 48.4486 2.33706
69.9813 48.4486 1.44705
5.38318 59.215 0.737741
16.1495 59.215 1.63422
26.9159 59.215 2.33859
37.6822 59.215 2.65967
48.4486 59.215 2.48084
59.215 59.215 1.98501
69.9813 59.215 1.2108
5.38318 69.9813 0.313605
16.1495 69.9813 0.953368
26.9159 69.9813 1.67908
37.6822 69.9813 2.0042
48.4486 69.9813 2.00637
59.215 69.9813 1.62235
69.9813 69.9813 1.01158
5.38318 80.7477 -0.0796498
16.1495 80.7477 0.0129635
26.9159 80.7477 0.331131
37.6822 80.7477 0.416492
48.4486 80.7477 0.491497
59.215 80.7477 0.37892
69.9813 80.7477 0.375697
5.38318 91.514 -0.253431
16.1495 91.514 -0.37055
26.9159 91.514 -0.344354
37.6822 91.514 -0.305878
48.4486 91.514 -0.268312
59.215 91.514 -0.188583
69.9813 91.514 -0.0537799
5.38318 102.28 -0.299255
16.1495 102.28 -0.449
26.9159 102.28 -0.455685
37.6822 102.28 -0.43864
48.4486 102.28 -0.428482
59.215 102.28 -0.350407
69.9813 102.28 -0.158809
5.38318 113.047 -0.29912
16.1495 113.047 -0.453243
26.9159 113.047 -0.460081
37.6822 113.047 -0.446663
48.4486 113.047 -0.432798
59.215 113.047 -0.347966
69.9813 113.047 -0.155981
5.38318 123.813 -0.298309
16.1495 123.813 -0.447266
26.9159 123.813 -0.432521
37.6822 123.813 -0.408873
48.4486 123.813 -0.382563
59.215 123.813 -0.30171
69.9813 123.813 -0.129876
5.38318 134.579 -0.223749
16.1495 134.579 -0.279478
26.9159 134.579 -0.146929
37.6822 134.579 -0.095814
48.4486 134.579 -0.107818
59.215 134.579 -0.126648
69.9813 134.579 -0.0462596
5.38318 145.346 -0.0755149
16.1495 145.346 0.147192
26.9159 145.346 0.862053
37.6822 145.346 1.15365
48.4486 145.346 0.942091
59.215 145.346 0.492294
69.9813 145.346 0.250592
5.38318 156.112 0.390643
16.1495 156.112 1.4129
26.9159 156.112 2.62207
37.6822 156.112 3.07115
48.4486 156.112 2.51101
59.215 156.112 1.48958
69.9813 156.112 0.656692
5.38318 166.879 0.729148
16.1495 166.879 2.18293
26.9159 166.879 3.88841
37.6822 166.879 4.54876
48.4486 166.879 3.70143
59.215 166.879 2.14853
69.9813 166.879 0.933532
5.38318 177.645 0.928868
16.1495 177.645 2.54546
26.9159 177.645 4.19801
37.6822 177.645 4.75966
48.4486 177.645 3.77046
59.215 177.645 2.14768
69.9813 177.645 0.973491
5.38318 188.411 0.890865
16.1495 188.411 2.16158
26.9159 188.411 3.14621
37.6822 188.411 3.39318
48.4486 188.411 2.7218
59.215 188.411 1.64147
69.9813 188.411 0.910268
5.38318 199.178 0.650707
16.1495 199.178 1.57549
26.9159 199.178 2.07843
37.6822 199.178 2.21373
48.4486 199.178 1.79991
59.215 199.178 1.19871
69.9813 199.178 0.741962
5.38318 209.944 0.418335
16.1495 209.944 1.0025
26.9159 209.944 1.33927
37.6822 209.944 1.43205
48.4486 209.944 1.20497
59.215 209.944 0.848855
69.9813 209.944 0.537197
