59 177
0 157 72 40
0 141 72 72
0 134 72 82
0 72 72 144
0 0 72 216
5.38318 5.38318 0.402944
16.1495 5.38318 0.830995
26.9159 5.38318 1.16426
37.6822 5.38318 1.13626
48.4486 5.38318 1.0982
59.215 5.38318 0.82293
69.9813 5.38318 0.586173
5.38318 16.1495 0.613146
16.1495 16.1495 1.5302
26.9159 16.1495 2.27783
37.6822 16.1495 2.35496
48.4486 16.1495 2.26082
59.215 16.1495 1.7433
69.9813 16.1495 1.177
5.38318 26.9159 0.369326
16.1495 26.9159 1.1706
26.9159 26.9159 2.21945
37.6822 26.9159 2.5915
48.4486 26.9159 2.65493
59.215 26.9159 2.14397
69.9813 26.9159 1.42389
5.38318 37.6822 0.709051
16.1495 37.6822 1.44093
26.9159 37.6822 2.39673
37.6822 37.6822 2.87605
48.4486 37.6822 3.02017
59.215 37.6822 2.44894
69.9813 37.6822 1.50643
5.38318 48.4486 1.14481
16.1495 48.4486 1.92694
26.9159 48.4486 2.4947
37.6822 48.4486 2.65829
48.4486 48.4486 2.68828
59.215 48.4486 2.20511
69.9813 48.4486 1.39864
5.38318 59.215 1.35389
16.1495 59.215 2.14831
26.9159 59.215 2.45549
37.6822 59.215 2.18116
48.4486 59.215 2.03116
59.215 59.215 1.71398
69.9813 59.215 1.19853
5.38318 69.9813 0.78462
16.1495 69.9813 1.30884
26.9159 69.9813 1.43711
37.6822 69.9813 1.01923
48.4486 69.9813 0.82933
59.215 69.9813 0.77088
69.9813 69.9813 0.76698
5.38318 80.7477 -0.0215535
16.1495 80.7477 0.0859764
26.9159 80.7477 0.201634
37.6822 80.7477 0.0830767
48.4486 80.7477 -0.0420921
59.215 80.7477 0.124937
69.9813 80.7477 0.386434
5.38318 91.514 -0.324055
16.1495 91.514 -0.444918
26.9159 91.514 -0.395644
37.6822 91.514 -0.32675
48.4486 91.514 -0.343283
59.215 91.514 -0.225467
69.9813 91.514 -0.0440113
5.38318 102.28 -0.326887
16.1495 102.28 -0.462427
26.9159 102.28 -0.377239
37.6822 102.28 -0.294848
48.4486 102.28 -0.285157
59.215 102.28 -0.207647
69.9813 102.28 -0.0664955
5.38318 113.047 -0.2869
16.1495 113.047 -0.418451
26.9159 113.047 -0.380662
37.6822 113.047 -0.355865
48.4486 113.047 -0.348564
59.215 113.047 -0.283967
69.9813 113.047 -0.121031
5.38318 123.813 -0.18342
16.1495 123.813 -0.233363
26.9159 123.813 -0.159294
37.6822 123.813 -0.16339
48.4486 123.813 -0.215295
59.215 123.813 -0.212996
69.9813 123.813 -0.0933874
5.38318 134.579 0.0561049
16.1495 134.579 0.353258
26.9159 134.579 0.64796
37.6822 134.579 0.578625
48.4486 134.579 0.310703
59.215 134.579 0.0549119
69.9813 134.579 0.0978364
5.38318 145.346 0.71203
16.1495 145.346 1.44136
26.9159 145.346 1.86286
37.6822 145.346 1.76226
48.4486 145.346 1.42245
59.215 145.346 0.988301
69.9813 145.346 0.651917
5.38318 156.112 1.50617
16.1495 156.112 2.55412
26.9159 156.112 2.89451
37.6822 156.112 2.78392
48.4486 156.112 2.58462
59.215 156.112 2.16521
69.9813 156.112 1.44854
5.38318 166.879 2.40168
16.1495 166.879 3.56689
26.9159 166.879 3.50035
37.6822 166.879 3.25968
48.4486 166.879 3.54881
59.215 166.879 3.57039
69.9813 166.879 2.54313
5.38318 177.645 2.77892
16.1495 177.645 3.87142
26.9159 177.645 3.28031
37.6822 177.645 2.87759
48.4486 177.645 3.5755
59.215 177.645 4.1498
69.9813 177.645 3.14811
5.38318 188.411 2.40818
16.1495 188.411 3.29213
26.9159 188.411 2.78145
37.6822 188.411 2.45961
48.4486 188.411 3.24519
59.215 188.411 3.9151
69.9813 188.411 3.06618
5.38318 199.178 1.11431
16.1495 199.178 1.77582
26.9159 199.178 1.80088
37.6822 199.178 1.7856
48.4486 199.178 2.12382
59.215 199.178 2.33668
69.9813 199.178 1.85759
5.38318 209.944 0.513754
16.1495 209.944 0.960457
26.9159 209.944 1.2473
37.6822 209.944 1.40348
48.4486 209.944 1.63393
59.215 209.944 1.49163
69.9813 209.944 1.127
