37 166
0 146 72 40
0 130 72 72
0 125 72 82
0 72 72 144
0 0 72 216
5.38318 5.38318 0.813378
16.1495 5.38318 1.17201
26.9159 5.38318 1.25971
37.6822 5.38318 1.23424
48.4486 5.38318 1.28105
59.215 5.38318 1.20185
69.9813 5.38318 0.760029
5.38318 16.1495 1.26591
16.1495 16.1495 1.98595
26.9159 16.1495 2.35293
37.6822 16.1495 2.36327
48.4486 16.1495 2.41521
59.215 16.1495 2.15249
69.9813 16.1495 1.36367
5.38318 26.9159 1.10093
16.1495 26.9159 2.00559
26.9159 26.9159 2.66127
37.6822 26.9159 2.81818
48.4486 26.9159 2.7233
59.215 26.9159 2.31475
69.9813 26.9159 1.4391
5.38318 37.6822 0.7763
16.1495 37.6822 1.72054
26.9159 37.6822 2.60789
37.6822 37.6822 2.85144
48.4486 37.6822 2.52491
59.215 37.6822 1.86666
69.9813 37.6822 1.10867
5.38318 48.4486 0.485747
16.1495 48.4486 1.24906
26.9159 48.4486 2.05105
37.6822 48.4486 2.27434
48.4486 48.4486 1.97498
59.215 48.4486 1.52416
69.9813 48.4486 0.954749
5.38318 59.215 0.434822
16.1495 59.215 0.844732
26.9159 59.215 1.42515
37.6822 59.215 1.49845
48.4486 59.215 1.28512
59.215 59.215 1.17581
69.9813 59.215 0.874566
5.38318 69.9813 -0.00295298
16.1495 69.9813 -0.086359
26.9159 69.9813 -0.011924
37.6822 69.9813 -0.0189806
48.4486 69.9813 0.115175
59.215 69.9813 0.608809
69.9813 69.9813 0.641042
5.38318 80.7477 -0.256576
16.1495 80.7477 -0.471781
26.9159 80.7477 -0.470778
37.6822 80.7477 -0.500022
48.4486 80.7477 -0.413443
59.215 80.7477 -0.154642
69.9813 80.7477 0.157497
5.38318 91.514 -0.513631
16.1495 91.514 -0.849149
26.9159 91.514 -0.919689
37.6822 91.514 -0.935817
48.4486 91.514 -0.856154
59.215 91.514 -0.589278
69.9813 91.514 -0.224361
5.38318 102.28 -0.571958
16.1495 102.28 -0.921116
26.9159 102.28 -0.998999
37.6822 102.28 -1.00091
48.4486 102.28 -0.949095
59.215 102.28 -0.730826
69.9813 102.28 -0.313893
5.38318 113.047 -0.54972
16.1495 113.047 -0.894577
26.9159 113.047 -0.993758
37.6822 113.047 -0.997316
48.4486 113.047 -0.930084
59.215 113.047 -0.656722
69.9813 113.047 -0.251079
5.38318 123.813 -0.360369
16.1495 123.813 -0.669072
26.9159 123.813 -0.794964
37.6822 123.813 -0.815641
48.4486 123.813 -0.662457
59.215 123.813 -0.30914
69.9813 123.813 0.041996
5.38318 134.579 0.146922
16.1495 134.579 -0.0548529
26.9159 134.579 -0.21733
37.6822 134.579 -0.237517
48.4486 134.579 0.00725547
59.215 134.579 0.83254
69.9813 134.579 1.02598
5.38318 145.346 1.2945
16.1495 145.346 1.72077
26.9159 145.346 1.69612
37.6822 145.346 1.61824
48.4486 145.346 2.14442
59.215 145.346 2.53865
69.9813 145.346 2.0566
5.38318 156.112 1.78481
16.1495 156.112 2.85057
26.9159 156.112 3.51243
37.6822 156.112 3.4626
48.4486 156.112 3.57337
59.215 156.112 3.41271
69.9813 156.112 2.49724
5.38318 166.879 1.50307
16.1495 166.879 2.82417
26.9159 166.879 4.3806
37.6822 166.879 4.56604
48.4486 166.879 4.14151
59.215 166.879 3.14364
69.9813 166.879 1.99727
5.38318 177.645 0.697477
16.1495 177.645 1.98616
26.9159 177.645 3.86248
37.6822 177.645 4.18982
48.4486 177.645 3.35415
59.215 177.645 1.86846
69.9813 177.645 0.909118
5.38318 188.411 0.296606
16.1495 188.411 1.17345
26.9159 188.411 2.77621
37.6822 188.411 3.03433
48.4486 188.411 2.30862
59.215 188.411 0.980433
69.9813 188.411 0.43013
5.38318 199.178 -0.00996695
16.1495 199.178 0.707109
26.9159 199.178 2.065
37.6822 199.178 2.25112
48.4486 199.178 1.58271
59.215 199.178 0.476702
69.9813 199.178 0.200747
5.38318 209.944 -0.0709317
16.1495 209.944 0.459908
26.9159 209.944 1.46768
37.6822 209.944 1.69345
48.4486 209.944 1.23084
59.215 209.944 0.432634
69.9813 209.944 0.180762
