37 166
0 146 72 40
0 130 72 72
0 125 72 82
0 72 72 144
0 0 72 216
5.38318 5.38318 0.0901609
16.1495 5.38318 0.230289
26.9159 5.38318 0.455283
37.6822 5.38318 0.480605
48.4486 5.38318 0.194939
59.215 5.38318 0.0365356
69.9813 5.38318 -0.0131313
5.38318 16.1495 -0.0181848
16.1495 16.1495 0.311519
26.9159 16.1495 0.788831
37.6822 16.1495 0.925411
48.4486 16.1495 0.455373
59.215 16.1495 0.179076
69.9813 16.1495 0.0551947
5.38318 26.9159 -0.267863
16.1495 26.9159 -0.264184
26.9159 26.9159 0.0547617
37.6822 26.9159 0.256217
48.4486 26.9159 -0.19527
59.215 26.9159 -0.243176
69.9813 26.9159 -0.162924
5.38318 37.6822 -0.358906
16.1495 37.6822 -0.477252
26.9159 37.6822 -0.227345
37.6822 37.6822 -0.110616
48.4486 37.6822 -0.241371
59.215 37.6822 -0.179881
69.9813 37.6822 -0.093783
5.38318 48.4486 -0.414422
16.1495 48.4486 -0.644517
26.9159 48.4486 -0.377981
37.6822 48.4486 -0.23525
48.4486 48.4486 -0.134897
59.215 48.4486 0.179055
69.9813 48.4486 0.209639
5.38318 59.215 -0.46827
16.1495 59.215 -0.735787
26.9159 59.215 -0.484883
37.6822 59.215 -0.305005
48.4486 59.215 -0.117182
59.215 59.215 0.305138
69.9813 59.215 0.349907
5.38318 69.9813 -0.492911
16.1495 69.9813 -0.787577
26.9159 69.9813 -0.623301
37.6822 69.9813 -0.542423
48.4486 69.9813 -0.416311
59.215 69.9813 -0.169682
69.9813 69.9813 0.0245349
5.38318 80.7477 -0.524206
16.1495 80.7477 -0.838516
26.9159 80.7477 -0.804609
37.6822 80.7477 -0.85141
48.4486 80.7477 -0.848789
59.215 80.7477 -0.618001
69.9813 80.7477 -0.270416
5.38318 91.514 -0.562687
16.1495 91.514 -0.918939
26.9159 91.514 -1.01477
37.6822 91.514 -1.06558
48.4486 91.514 -1.03525
59.215 91.514 -0.822675
69.9813 91.514 -0.362296
5.38318 102.28 -0.578725
16.1495 102.28 -0.930997
26.9159 102.28 -1.01825
37.6822 102.28 -1.03478
48.4486 102.28 -0.987734
59.215 102.28 -0.779403
69.9813 102.28 -0.335542
5.38318 113.047 -0.579926
16.1495 113.047 -0.925261
26.9159 113.047 -1.00266
37.6822 113.047 -1.0006
48.4486 113.047 -0.947492
59.215 113.047 -0.739495
69.9813 113.047 -0.316935
5.38318 123.813 -0.543434
16.1495 123.813 -0.84759
26.9159 123.813 -0.854306
37.6822 123.813 -0.83695
48.4486 123.813 -0.775426
59.215 123.813 -0.597736
69.9813 123.813 -0.243151
5.38318 134.579 -0.420317
16.1495 134.579 -0.614396
26.9159 134.579 -0.482129
37.6822 134.579 -0.446012
48.4486 134.579 -0.360266
59.215 134.579 -0.301089
69.9813 134.579 -0.078536
5.38318 145.346 -0.101435
16.1495 145.346 -0.0472858
26.9159 145.346 0.523931
37.6822 145.346 0.670943
48.4486 145.346 0.831248
59.215 145.346 0.5403
69.9813 145.346 0.489031
5.38318 156.112 0.549797
16.1495 156.112 1.18198
26.9159 156.112 1.84307
37.6822 156.112 1.98759
48.4486 156.112 2.12035
59.215 156.112 1.66751
69.9813 156.112 1.12119
5.38318 166.879 1.23484
16.1495 166.879 2.16007
26.9159 166.879 2.48601
37.6822 166.879 2.49064
48.4486 166.879 2.44595
59.215 166.879 2.13624
69.9813 166.879 1.39113
5.38318 177.645 1.3567
16.1495 177.645 2.28748
26.9159 177.645 2.38201
37.6822 177.645 2.34584
48.4486 177.645 2.21917
59.215 177.645 2.2142
69.9813 177.645 1.4641
5.38318 188.411 1.19974
16.1495 188.411 2.07448
26.9159 188.411 2.00037
37.6822 188.411 1.98253
48.4486 188.411 1.60702
59.215 188.411 1.87504
69.9813 188.411 1.20747
5.38318 199.178 0.650768
16.1495 199.178 1.30237
26.9159 199.178 1.28998
37.6822 199.178 1.47897
48.4486 199.178 1.15198
59.215 199.178 1.50669
69.9813 199.178 0.979219
5.38318 209.944 0.339612
16.1495 209.944 0.745606
26.9159 209.944 0.696645
37.6822 209.944 0.777061
48.4486 209.944 0.548059
59.215 209.944 0.821211
69.9813 209.944 0.566987
