37 177
0 157 72 40
0 141 72 72
0 134 72 82
0 72 72 144
0 0 72 216
5.38318 5.38318 0.694833
16.1495 5.38318 1.12701
26.9159 5.38318 1.33333
37.6822 5.38318 1.2434
48.4486 5.38318 1.10754
59.215 5.38318 0.897231
69.9813 5.38318 0.582755
5.38318 16.1495 1.1594
16.1495 16.1495 2.02663
26.9159 16.1495 2.46504
37.6822 16.1495 2.32435
48.4486 16.1495 2.1537
59.215 16.1495 1.79091
69.9813 16.1495 1.227
5.38318 26.9159 1.46564
16.1495 26.9159 2.435
26.9159 26.9159 2.7671
37.6822 26.9159 2.55073
48.4486 26.9159 2.53112
59.215 26.9159 2.25126
69.9813 26.9159 1.64556
5.38318 37.6822 1.95345
16.1495 37.6822 3.054
26.9159 37.6822 3.22064
37.6822 37.6822 2.91222
48.4486 37.6822 3.12155
59.215 37.6822 2.95073
69.9813 37.6822 2.12085
5.38318 48.4486 2.09461
16.1495 48.4486 3.29566
26.9159 48.4486 3.4427
37.6822 48.4486 3.09259
48.4486 48.4486 3.24542
59.215 48.4486 3.06449
69.9813 48.4486 2.15402
5.38318 59.215 1.50627
16.1495 59.215 2.36007
26.9159 59.215 2.5938
37.6822 59.215 2.41457
48.4486 59.215 2.51444
59.215 59.215 2.32778
69.9813 59.215 1.60593
5.38318 69.9813 -0.0362563
16.1495 69.9813 -0.0196432
26.9159 69.9813 0.32445
37.6822 69.9813 0.355816
48.4486 69.9813 0.332163
59.215 69.9813 0.396869
69.9813 69.9813 0.377677
5.38318 80.7477 -0.376487
16.1495 80.7477 -0.587442
26.9159 80.7477 -0.511685
37.6822 80.7477 -0.499745
48.4486 80.7477 -0.571757
59.215 80.7477 -0.421086
69.9813 80.7477 -0.20983
5.38318 91.514 -0.540327
16.1495 91.514 -0.862101
26.9159 91.514 -0.864552
37.6822 91.514 -0.876073
48.4486 91.514 -0.9112
59.215 91.514 -0.677764
69.9813 91.514 -0.338427
5.38318 102.28 -0.556589
16.1495 102.28 -0.892896
26.9159 102.28 -0.969943
37.6822 102.28 -0.991813
48.4486 102.28 -0.981482
59.215 102.28 -0.782154
69.9813 102.28 -0.364865
5.38318 113.047 -0.572215
16.1495 113.047 -0.913739
26.9159 113.047 -0.988556
37.6822 113.047 -0.990742
48.4486 113.047 -0.94155
59.215 113.047 -0.735915
69.9813 113.047 -0.31582
5.38318 123.813 -0.537045
16.1495 123.813 -0.831006
26.9159 123.813 -0.81755
37.6822 123.813 -0.787978
48.4486 123.813 -0.728379
59.215 123.813 -0.552197
69.9813 123.813 -0.217942
5.38318 134.579 -0.365617
16.1495 134.579 -0.475801
26.9159 134.579 -0.315119
37.6822 134.579 -0.24932
48.4486 134.579 -0.238473
59.215 134.579 -0.199872
69.9813 134.579 -0.0296626
5.38318 145.346 -0.0771962
16.1495 145.346 0.284594
26.9159 145.346 1.084
37.6822 145.346 1.47661
48.4486 145.346 1.26405
59.215 145.346 0.853688
69.9813 145.346 0.556093
5.38318 156.112 0.552685
16.1495 156.112 1.66762
26.9159 156.112 2.6852
37.6822 156.112 3.14651
48.4486 156.112 2.76748
59.215 156.112 1.94956
69.9813 156.112 1.11362
5.38318 166.879 1.00382
16.1495 166.879 2.50768
26.9159 166.879 3.89682
37.6822 166.879 4.42759
48.4486 166.879 3.72616
59.215 166.879 2.41996
69.9813 166.879 1.27645
5.38318 177.645 1.1276
16.1495 177.645 2.7291
26.9159 177.645 4.43882
37.6822 177.645 4.96671
48.4486 177.645 4.20873
59.215 177.645 2.54762
69.9813 177.645 1.28496
5.38318 188.411 1.0143
16.1495 188.411 2.54512
26.9159 188.411 4.23226
37.6822 188.411 4.64819
48.4486 188.411 3.69886
59.215 188.411 2.10487
69.9813 188.411 0.933463
5.38318 199.178 0.73532
16.1495 199.178 1.74727
26.9159 199.178 2.67016
37.6822 199.178 2.8512
48.4486 199.178 2.42944
59.215 199.178 1.63936
69.9813 199.178 0.98818
5.38318 209.944 0.547827
16.1495 209.944 1.12066
26.9159 209.944 1.30128
37.6822 209.944 1.27339
48.4486 209.944 1.06917
59.215 209.944 0.927371
69.9813 209.944 0.686054
