37 177
0 157 72 40
0 141 72 72
0 134 72 82
0 72 72 144
0 0 72 216
5.38318 5.38318 0.42348
16.1495 5.38318 0.815792
26.9159 5.38318 1.21299
37.6822 5.38318 1.33059
48.4486 5.38318 1.16901
59.215 5.38318 0.828616
69.9813 5.38318 0.460379
5.38318 16.1495 0.772305
16.1495 16.1495 1.76125
26.9159 16.1495 2.61966
37.6822 16.1495 2.98624
48.4486 16.1495 2.62837
59.215 16.1495 1.88239
69.9813 16.1495 1.03292
5.38318 26.9159 0.919735
16.1495 26.9159 2.2185
26.9159 26.9159 3.5262
37.6822 26.9159 4.07519
48.4486 26.9159 3.45057
59.215 26.9159 2.32294
69.9813 26.9159 1.18731
5.38318 37.6822 1.02084
16.1495 37.6822 2.33853
26.9159 37.6822 3.7484
37.6822 37.6822 4.27645
48.4486 37.6822 3.59971
59.215 37.6822 2.37294
69.9813 37.6822 1.21846
5.38318 48.4486 0.92988
16.1495 48.4486 1.98153
26.9159 48.4486 3.08825
37.6822 48.4486 3.26978
48.4486 48.4486 2.68779
59.215 48.4486 1.74615
69.9813 48.4486 0.969773
5.38318 59.215 0.48134
16.1495 59.215 0.989689
26.9159 59.215 1.48344
37.6822 59.215 1.50415
48.4486 59.215 1.32361
59.215 59.215 0.992823
69.9813 59.215 0.765189
5.38318 69.9813 0.0649042
16.1495 69.9813 0.179691
26.9159 69.9813 0.313555
37.6822 69.9813 0.226101
48.4486 69.9813 0.181645
59.215 69.9813 0.282606
69.9813 69.9813 0.448181
5.38318 80.7477 -0.267277
16.1495 80.7477 -0.41511
26.9159 80.7477 -0.399609
37.6822 80.7477 -0.408527
48.4486 80.7477 -0.376427
59.215 80.7477 -0.242681
69.9813 80.7477 -0.0184024
5.38318 91.514 -0.489601
16.1495 91.514 -0.775409
26.9159 91.514 -0.801792
37.6822 91.514 -0.827128
48.4486 91.514 -0.816046
59.215 91.514 -0.6164
69.9813 91.514 -0.259566
5.38318 102.28 -0.562314
16.1495 102.28 -0.889366
26.9159 102.28 -0.95408
37.6822 102.28 -0.957317
48.4486 102.28 -0.926824
59.215 102.28 -0.728437
69.9813 102.28 -0.324656
5.38318 113.047 -0.58159
16.1495 113.047 -0.927796
26.9159 113.047 -1.00378
37.6822 113.047 -0.998852
48.4486 113.047 -0.944981
59.215 113.047 -0.737107
69.9813 113.047 -0.316593
5.38318 123.813 -0.562429
16.1495 123.813 -0.887381
26.9159 123.813 -0.94448
37.6822 123.813 -0.930432
48.4486 123.813 -0.879098
59.215 123.813 -0.653042
69.9813 123.813 -0.270791
5.38318 134.579 -0.505147
16.1495 134.579 -0.768674
26.9159 134.579 -0.731407
37.6822 134.579 -0.700996
48.4486 134.579 -0.652933
59.215 134.579 -0.480855
69.9813 134.579 -0.175333
5.38318 145.346 -0.277557
16.1495 145.346 -0.273975
26.9159 145.346 -0.0347349
37.6822 145.346 0.143029
48.4486 145.346 0.0226516
59.215 145.346 -0.042213
69.9813 145.346 0.0520737
5.38318 156.112 0.11033
16.1495 156.112 0.875906
26.9159 156.112 1.82853
37.6822 156.112 2.15906
48.4486 156.112 1.7898
59.215 156.112 1.07435
69.9813 156.112 0.586895
5.38318 166.879 0.837768
16.1495 166.879 2.33347
26.9159 166.879 3.90237
37.6822 166.879 4.34773
48.4486 166.879 3.61184
59.215 166.879 2.15987
69.9813 166.879 0.997586
5.38318 177.645 1.09975
16.1495 177.645 2.75665
26.9159 177.645 4.7541
37.6822 177.645 5.34041
48.4486 177.645 4.5249
59.215 177.645 2.67475
69.9813 177.645 1.26753
5.38318 188.411 0.978737
16.1495 188.411 2.47445
26.9159 188.411 4.26105
37.6822 188.411 4.77462
48.4486 188.411 3.95129
59.215 188.411 2.29284
69.9813 188.411 1.08348
5.38318 199.178 0.535758
16.1495 199.178 1.43835
26.9159 199.178 2.29667
37.6822 199.178 2.51308
48.4486 199.178 2.11778
59.215 199.178 1.32488
69.9813 199.178 0.81475
5.38318 209.944 0.328533
16.1495 209.944 0.93296
26.9159 209.944 1.118
37.6822 209.944 1.21172
48.4486 209.944 0.849081
59.215 209.944 0.717216
69.9813 209.944 0.554619
