48 26
0 6 72 40
0 0 72 72
0 0 72 82
0 0 72 144
0 0 72 216
5.38318 5.38318 -0.102471
16.1495 5.38318 -0.110541
26.9159 5.38318 0.390507
37.6822 5.38318 1.16738
48.4486 5.38318 1.48951
59.215 5.38318 1.18967
69.9813 5.38318 0.71078
5.38318 16.1495 -0.257409
16.1495 16.1495 -0.171484
26.9159 16.1495 0.846715
37.6822 16.1495 2.24717
48.4486 16.1495 2.86533
59.215 16.1495 2.37107
69.9813 16.1495 1.43512
5.38318 26.9159 -0.507499
16.1495 26.9159 -0.495472
26.9159 26.9159 0.53009
37.6822 26.9159 2.48519
48.4486 26.9159 3.27092
59.215 26.9159 2.6779
69.9813 26.9159 1.60105
5.38318 37.6822 -0.417649
16.1495 37.6822 -0.336771
26.9159 37.6822 0.715075
37.6822 37.6822 2.43565
48.4486 37.6822 3.03639
59.215 37.6822 2.44822
69.9813 37.6822 1.50002
5.38318 48.4486 -0.199852
16.1495 48.4486 -0.0324077
26.9159 48.4486 1.09582
37.6822 48.4486 2.39404
48.4486 48.4486 2.66393
59.215 48.4486 2.05171
69.9813 48.4486 1.2059
5.38318 59.215 -0.0291267
16.1495 59.215 0.371961
26.9159 59.215 0.953097
37.6822 59.215 1.47982
48.4486 59.215 1.45904
59.215 59.215 1.02912
69.9813 59.215 0.744777
5.38318 69.9813 -0.0268421
16.1495 69.9813 0.166388
26.9159 69.9813 0.290938
37.6822 69.9813 0.151172
48.4486 69.9813 -0.216389
59.215 69.9813 -0.23061
69.9813 69.9813 -0.0628521
5.38318 80.7477 -0.23485
16.1495 80.7477 -0.328881
26.9159 80.7477 -0.415246
37.6822 80.7477 -0.55657
48.4486 80.7477 -0.773335
59.215 80.7477 -0.657139
69.9813 80.7477 -0.307368
5.38318 91.514 -0.484167
16.1495 91.514 -0.756238
26.9159 91.514 -0.824837
37.6822 91.514 -0.902667
48.4486 91.514 -0.980332
59.215 91.514 -0.805434
69.9813 91.514 -0.377578
5.38318 102.28 -0.556585
16.1495 102.28 -0.878024
26.9159 102.28 -0.95469
37.6822 102.28 -0.971168
48.4486 102.28 -0.96164
59.215 102.28 -0.786785
69.9813 102.28 -0.358962
5.38318 113.047 -0.57506
16.1495 113.047 -0.9174
26.9159 113.047 -0.997598
37.6822 113.047 -0.999855
48.4486 113.047 -0.952223
59.215 113.047 -0.75048
69.9813 113.047 -0.324011
5.38318 123.813 -0.55694
16.1495 123.813 -0.88072
26.9159 123.813 -0.945163
37.6822 123.813 -0.940238
48.4486 123.813 -0.890455
59.215 123.813 -0.667359
69.9813 123.813 -0.276762
5.38318 134.579 -0.489162
16.1495 134.579 -0.737962
26.9159 134.579 -0.723222
37.6822 134.579 -0.709196
48.4486 134.579 -0.6729
59.215 134.579 -0.487173
69.9813 134.579 -0.177961
5.38318 145.346 -0.301154
16.1495 145.346 -0.392331
26.9159 145.346 -0.245891
37.6822 145.346 -0.173795
48.4486 145.346 -0.113177
59.215 145.346 -0.0590383
69.9813 145.346 0.161392
5.38318 156.112 -0.00663884
16.1495 156.112 0.283367
26.9159 156.112 0.97563
37.6822 156.112 1.17098
48.4486 156.112 1.3029
59.215 156.112 0.990899
69.9813 156.112 0.754697
5.38318 166.879 0.591323
16.1495 166.879 1.30517
26.9159 166.879 2.22457
37.6822 166.879 2.41955
48.4486 166.879 2.61002
59.215 166.879 1.92182
69.9813 166.879 1.25501
5.38318 177.645 0.829045
16.1495 177.645 1.59755
26.9159 177.645 2.59823
37.6822 177.645 2.7202
48.4486 177.645 2.91494
59.215 177.645 2.11106
69.9813 177.645 1.37585
5.38318 188.411 0.724801
16.1495 188.411 1.46372
26.9159 188.411 2.41255
37.6822 188.411 2.45621
48.4486 188.411 2.47882
59.215 188.411 1.72529
69.9813 188.411 1.11522
5.38318 199.178 0.329743
16.1495 199.178 0.799407
26.9159 199.178 1.68456
37.6822 199.178 1.6706
48.4486 199.178 1.55593
59.215 199.178 0.994765
69.9813 199.178 0.665777
5.38318 209.944 0.0879943
16.1495 209.944 0.341586
26.9159 209.944 0.858572
37.6822 209.944 0.779398
48.4486 209.944 0.583935
59.215 209.944 0.340651
69.9813 209.944 0.28455
