37 37
0 17 72 40
0 1 72 72
0 0 72 82
0 0 72 144
0 0 72 216
5.38318 5.38318 0.631824
16.1495 5.38318 1.03764
26.9159 5.38318 1.60138
37.6822 5.38318 1.88717
48.4486 5.38318 1.80566
59.215 5.38318 1.28062
69.9813 5.38318 0.715906
5.38318 16.1495 1.13851
16.1495 16.1495 2.12876
26.9159 16.1495 3.29266
37.6822 16.1495 3.77354
48.4486 16.1495 3.51138
59.215 16.1495 2.45767
69.9813 16.1495 1.34096
5.38318 26.9159 1.33293
16.1495 26.9159 2.78167
26.9159 26.9159 4.53453
37.6822 26.9159 4.97634
48.4486 26.9159 4.43933
59.215 26.9159 2.95441
69.9813 26.9159 1.63605
5.38318 37.6822 1.24158
16.1495 37.6822 2.73526
26.9159 37.6822 4.69083
37.6822 37.6822 5.02343
48.4486 37.6822 4.40244
59.215 37.6822 2.97066
69.9813 37.6822 1.70846
5.38318 48.4486 0.69318
16.1495 48.4486 1.9756
26.9159 48.4486 3.76137
37.6822 48.4486 4.03065
48.4486 48.4486 3.58184
59.215 48.4486 2.50172
69.9813 48.4486 1.50717
5.38318 59.215 0.297836
16.1495 59.215 0.668394
26.9159 59.215 1.40751
37.6822 59.215 1.27414
48.4486 59.215 1.23888
59.215 59.215 1.15126
69.9813 59.215 0.987884
5.38318 69.9813 -0.0171853
16.1495 69.9813 -0.0242716
26.9159 69.9813 -0.0244998
37.6822 69.9813 -0.223513
48.4486 69.9813 -0.259794
59.215 69.9813 -0.0997163
69.9813 69.9813 0.285595
5.38318 80.7477 -0.23341
16.1495 80.7477 -0.377839
26.9159 80.7477 -0.47344
37.6822 80.7477 -0.604209
48.4486 80.7477 -0.618495
59.215 80.7477 -0.435867
69.9813 80.7477 -0.11012
5.38318 91.514 -0.494274
16.1495 91.514 -0.794832
26.9159 91.514 -0.858216
37.6822 91.514 -0.893875
48.4486 91.514 -0.871062
59.215 91.514 -0.668427
69.9813 91.514 -0.274475
5.38318 102.28 -0.569575
16.1495 102.28 -0.900229
26.9159 102.28 -0.966168
37.6822 102.28 -0.956049
48.4486 102.28 -0.915849
59.215 102.28 -0.712907
69.9813 102.28 -0.314489
5.38318 113.047 -0.580967
16.1495 113.047 -0.922356
26.9159 113.047 -0.997241
37.6822 113.047 -0.992156
48.4486 113.047 -0.942525
59.215 113.047 -0.73892
69.9813 113.047 -0.317526
5.38318 123.813 -0.553454
16.1495 123.813 -0.852261
26.9159 123.813 -0.852606
37.6822 123.813 -0.820052
48.4486 123.813 -0.81037
59.215 123.813 -0.642431
69.9813 123.813 -0.287608
5.38318 134.579 -0.487088
16.1495 134.579 -0.615132
26.9159 134.579 -0.375917
37.6822 134.579 -0.282152
48.4486 134.579 -0.403536
59.215 134.579 -0.42545
69.9813 134.579 -0.213294
5.38318 145.346 -0.328186
16.1495 145.346 -0.158956
26.9159 145.346 1.06467
37.6822 145.346 1.5261
48.4486 145.346 0.813423
59.215 145.346 -0.0218163
69.9813 145.346 -0.0975637
5.38318 156.112 -0.182193
16.1495 156.112 0.5838
26.9159 156.112 2.50117
37.6822 156.112 3.04834
48.4486 156.112 2.15976
59.215 156.112 0.736537
69.9813 156.112 0.0495801
5.38318 166.879 -0.0750549
16.1495 166.879 0.945936
26.9159 166.879 2.84326
37.6822 166.879 3.34385
48.4486 166.879 2.48829
59.215 166.879 0.99464
69.9813 166.879 0.265933
5.38318 177.645 0.091393
16.1495 177.645 0.941045
26.9159 177.645 2.25388
37.6822 177.645 2.38018
48.4486 177.645 1.88306
59.215 177.645 0.701103
69.9813 177.645 0.389511
5.38318 188.411 0.419479
16.1495 188.411 1.14738
26.9159 188.411 1.85964
37.6822 188.411 1.73047
48.4486 188.411 1.5578
59.215 188.411 0.84468
69.9813 188.411 0.710754
5.38318 199.178 0.621578
16.1495 199.178 1.41643
26.9159 199.178 1.83905
37.6822 199.178 1.74877
48.4486 199.178 1.72131
59.215 199.178 1.10786
69.9813 199.178 0.902266
5.38318 209.944 0.507348
16.1495 209.944 1.07125
26.9159 209.944 1.28916
37.6822 209.944 1.28231
48.4486 209.944 1.30633
59.215 209.944 1.03004
69.9813 209.944 0.786535
