37 188
0 168 72 40
0 144 72 72
0 134 72 82
0 72 72 144
0 0 72 216
5.38318 5.38318 0.59921
16.1495 5.38318 1.12987
26.9159 5.38318 1.45336
37.6822 5.38318 1.50864
48.4486 5.38318 1.28325
59.215 5.38318 0.976859
69.9813 5.38318 0.570618
5.38318 16.1495 1.02045
16.1495 16.1495 1.97733
26.9159 16.1495 2.58953
37.6822 16.1495 2.7632
48.4486 16.1495 2.39252
59.215 16.1495 1.8472
69.9813 16.1495 1.1284
5.38318 26.9159 1.21685
16.1495 26.9159 2.24858
26.9159 26.9159 2.95674
37.6822 26.9159 3.19465
48.4486 26.9159 2.82668
59.215 26.9159 2.25094
69.9813 26.9159 1.37698
5.38318 37.6822 1.32525
16.1495 37.6822 2.28236
26.9159 37.6822 2.81099
37.6822 37.6822 2.91456
48.4486 37.6822 2.58153
59.215 37.6822 2.16706
69.9813 37.6822 1.35136
5.38318 48.4486 1.24388
16.1495 48.4486 2.10293
26.9159 48.4486 2.49481
37.6822 48.4486 2.36262
48.4486 48.4486 2.00415
59.215 48.4486 1.76097
69.9813 48.4486 1.17827
5.38318 59.215 1.05863
16.1495 59.215 1.78017
26.9159 59.215 1.94262
37.6822 59.215 1.58363
48.4486 59.215 1.17724
59.215 59.215 1.26202
69.9813 59.215 0.981478
5.38318 69.9813 0.441898
16.1495 69.9813 0.725734
26.9159 69.9813 0.760455
37.6822 69.9813 0.445145
48.4486 69.9813 0.320804
59.215 69.9813 0.561612
69.9813 69.9813 0.597174
5.38318 80.7477 -0.0406115
16.1495 80.7477 -0.0447284
26.9159 80.7477 0.0542006
37.6822 80.7477 -0.0789542
48.4486 80.7477 -0.0413872
59.215 80.7477 0.241729
69.9813 80.7477 0.452192
5.38318 91.514 -0.227131
16.1495 91.514 -0.338264
26.9159 91.514 -0.267058
37.6822 91.514 -0.221655
48.4486 91.514 -0.116032
59.215 91.514 0.120226
69.9813 91.514 0.309465
5.38318 102.28 -0.256026
16.1495 102.28 -0.367081
26.9159 102.28 -0.284921
37.6822 102.28 -0.243533
48.4486 102.28 -0.207672
59.215 102.28 -0.137074
69.9813 102.28 -0.0182444
5.38318 113.047 -0.275855
16.1495 113.047 -0.415094
26.9159 113.047 -0.391931
37.6822 113.047 -0.398058
48.4486 113.047 -0.397991
59.215 113.047 -0.317545
69.9813 113.047 -0.138122
5.38318 123.813 -0.20219
16.1495 123.813 -0.301335
26.9159 123.813 -0.264565
37.6822 123.813 -0.28407
48.4486 123.813 -0.287288
59.215 123.813 -0.214096
69.9813 123.813 -0.0764004
5.38318 134.579 -0.0506656
16.1495 134.579 -0.0574633
26.9159 134.579 -0.00976351
37.6822 134.579 -0.062423
48.4486 134.579 -0.0782803
59.215 134.579 -0.0195396
69.9813 134.579 0.123983
5.38318 145.346 0.214932
16.1495 145.346 0.416777
26.9159 145.346 0.574829
37.6822 145.346 0.523356
48.4486 145.346 0.634489
59.215 145.346 0.683872
69.9813 145.346 0.579298
5.38318 156.112 0.590187
16.1495 156.112 1.17033
26.9159 156.112 1.56908
37.6822 156.112 1.48907
48.4486 156.112 1.66197
59.215 156.112 1.4617
69.9813 156.112 1.05024
5.38318 166.879 0.879362
16.1495 166.879 1.72643
26.9159 166.879 2.40874
37.6822 166.879 2.32688
48.4486 166.879 2.48704
59.215 166.879 2.0365
69.9813 166.879 1.41247
5.38318 177.645 1.2269
16.1495 177.645 2.43857
26.9159 177.645 3.62255
37.6822 177.645 3.55077
48.4486 177.645 3.50104
59.215 177.645 2.50374
69.9813 177.645 1.59114
5.38318 188.411 1.22005
16.1495 188.411 2.51681
26.9159 188.411 3.8358
37.6822 188.411 3.86543
48.4486 188.411 3.69908
59.215 188.411 2.52806
69.9813 188.411 1.5317
5.38318 199.178 0.946362
16.1495 199.178 1.93595
26.9159 199.178 2.9663
37.6822 199.178 3.0079
48.4486 199.178 2.73556
59.215 199.178 1.78279
69.9813 199.178 1.0629
5.38318 209.944 0.366325
16.1495 209.944 0.744299
26.9159 209.944 1.13824
37.6822 209.944 1.04305
48.4486 209.944 0.9503
59.215 209.944 0.581607
69.9813 209.944 0.456676
