37 177
0 157 72 40
0 141 72 72
0 134 72 82
0 72 72 144
0 0 72 216
5.38318 5.38318 0.250861
16.1495 5.38318 0.404241
26.9159 5.38318 0.656292
37.6822 5.38318 0.614802
48.4486 5.38318 0.572178
59.215 5.38318 0.354756
69.9813 5.38318 0.261111
5.38318 16.1495 0.37018
16.1495 16.1495 0.90821
26.9159 16.1495 1.44502
37.6822 16.1495 1.42031
48.4486 16.1495 1.29415
59.215 16.1495 0.906743
69.9813 16.1495 0.630695
5.38318 26.9159 0.163159
16.1495 26.9159 0.686248
26.9159 26.9159 1.27403
37.6822 26.9159 1.34308
48.4486 26.9159 1.23271
59.215 26.9159 0.920756
69.9813 26.9159 0.659529
5.38318 37.6822 0.321448
16.1495 37.6822 0.810572
26.9159 37.6822 1.30287
37.6822 37.6822 1.30978
48.4486 37.6822 1.16183
59.215 37.6822 1.01184
69.9813 37.6822 0.690618
5.38318 48.4486 0.364331
16.1495 48.4486 0.704958
26.9159 48.4486 0.989513
37.6822 48.4486 0.884098
48.4486 48.4486 0.816608
59.215 48.4486 0.794336
69.9813 48.4486 0.569969
5.38318 59.215 0.134469
16.1495 59.215 0.44797
26.9159 59.215 0.77898
37.6822 59.215 0.743284
48.4486 59.215 0.67728
59.215 59.215 0.578642
69.9813 59.215 0.41565
5.38318 69.9813 -0.102164
16.1495 69.9813 -0.0216776
26.9159 69.9813 0.216967
37.6822 69.9813 0.23716
48.4486 69.9813 0.094421
59.215 69.9813 -0.0238589
69.9813 69.9813 0.0520606
5.38318 80.7477 -0.223723
16.1495 80.7477 -0.247039
26.9159 80.7477 -0.192982
37.6822 80.7477 -0.1697
48.4486 80.7477 -0.20596
59.215 80.7477 -0.220999
69.9813 80.7477 -0.0918739
5.38318 91.514 -0.274351
16.1495 91.514 -0.384103
26.9159 91.514 -0.400305
37.6822 91.514 -0.402139
48.4486 91.514 -0.432506
59.215 91.514 -0.366138
69.9813 91.514 -0.17249
5.38318 102.28 -0.296558
16.1495 102.28 -0.45026
26.9159 102.28 -0.454983
37.6822 102.28 -0.435335
48.4486 102.28 -0.422759
59.215 102.28 -0.335468
69.9813 102.28 -0.156032
5.38318 113.047 -0.290506
16.1495 113.047 -0.440512
26.9159 113.047 -0.428218
37.6822 113.047 -0.41758
48.4486 113.047 -0.395501
59.215 113.047 -0.31189
69.9813 113.047 -0.135642
5.38318 123.813 -0.235953
16.1495 123.813 -0.352219
26.9159 123.813 -0.288085
37.6822 123.813 -0.281757
48.4486 123.813 -0.26153
59.215 123.813 -0.22207
69.9813 123.813 -0.0864374
5.38318 134.579 -0.0843957
16.1495 134.579 -0.0670997
26.9159 134.579 0.20565
37.6822 134.579 0.292827
48.4486 134.579 0.308348
59.215 134.579 0.162332
69.9813 134.579 0.18162
5.38318 145.346 0.339764
16.1495 145.346 0.73295
26.9159 145.346 1.36516
37.6822 145.346 1.61003
48.4486 145.346 1.5528
59.215 145.346 1.09835
69.9813 145.346 0.660218
5.38318 156.112 1.0187
16.1495 156.112 2.05474
26.9159 156.112 3.10736
37.6822 156.112 3.5173
48.4486 156.112 3.2206
59.215 156.112 2.24258
69.9813 156.112 1.24359
5.38318 166.879 1.62179
16.1495 166.879 3.07446
26.9159 166.879 4.56702
37.6822 166.879 5.06088
48.4486 166.879 4.53038
59.215 166.879 3.08756
69.9813 166.879 1.63823
5.38318 177.645 1.82457
16.1495 177.645 3.60369
26.9159 177.645 5.49917
37.6822 177.645 5.9646
48.4486 177.645 5.25294
59.215 177.645 3.42666
69.9813 177.645 1.8009
5.38318 188.411 1.55279
16.1495 188.411 3.26401
26.9159 188.411 5.12337
37.6822 188.411 5.51727
48.4486 188.411 4.60584
59.215 188.411 2.91473
69.9813 188.411 1.49996
5.38318 199.178 0.749645
16.1495 199.178 1.89927
26.9159 199.178 3.19539
37.6822 199.178 3.47868
48.4486 199.178 2.86413
59.215 199.178 1.90783
69.9813 199.178 1.07068
5.38318 209.944 0.293801
16.1495 209.944 0.822866
26.9159 209.944 1.22815
37.6822 209.944 1.39068
48.4486 209.944 1.13087
59.215 209.944 1.0392
69.9813 209.944 0.707937
