37 188
0 168 72 40
0 144 72 72
0 134 72 82
0 72 72 144
0 0 72 216
5.38318 5.38318 0.533154
16.1495 5.38318 1.04615
26.9159 5.38318 1.48642
37.6822 5.38318 1.5076
48.4486 5.38318 1.13852
59.215 5.38318 0.644697
69.9813 5.38318 0.29467
5.38318 16.1495 0.998663
16.1495 16.1495 2.00054
26.9159 16.1495 2.75733
37.6822 16.1495 2.76868
48.4486 16.1495 2.14964
59.215 16.1495 1.327
69.9813 16.1495 0.678907
5.38318 26.9159 1.53068
16.1495 26.9159 2.6905
26.9159 26.9159 3.3591
37.6822 26.9159 3.22773
48.4486 26.9159 2.61422
59.215 26.9159 1.74316
69.9813 26.9159 0.912962
5.38318 37.6822 2.1447
16.1495 37.6822 3.42038
26.9159 37.6822 3.67966
37.6822 37.6822 3.23314
48.4486 37.6822 2.65624
59.215 37.6822 1.98398
69.9813 37.6822 1.16942
5.38318 48.4486 2.44337
16.1495 48.4486 3.80413
26.9159 48.4486 3.90662
37.6822 48.4486 3.26788
48.4486 48.4486 2.83717
59.215 48.4486 2.31192
69.9813 48.4486 1.49784
5.38318 59.215 1.77473
16.1495 59.215 2.91327
26.9159 59.215 3.23256
37.6822 59.215 2.88309
48.4486 59.215 2.73448
59.215 59.215 2.52004
69.9813 59.215 1.7446
5.38318 69.9813 0.601878
16.1495 69.9813 1.37789
26.9159 69.9813 1.93603
37.6822 69.9813 2.03904
48.4486 69.9813 2.18075
59.215 69.9813 2.2096
69.9813 69.9813 1.63303
5.38318 80.7477 -0.0175603
16.1495 80.7477 0.338251
26.9159 80.7477 0.78234
37.6822 80.7477 0.850924
48.4486 80.7477 0.922258
59.215 80.7477 1.09196
69.9813 80.7477 0.924173
5.38318 91.514 -0.221889
16.1495 91.514 -0.271996
26.9159 91.514 -0.219093
37.6822 91.514 -0.216087
48.4486 91.514 -0.287921
59.215 91.514 -0.218394
69.9813 91.514 -0.0869524
5.38318 102.28 -0.283815
16.1495 102.28 -0.431782
26.9159 102.28 -0.422258
37.6822 102.28 -0.424152
48.4486 102.28 -0.457455
59.215 102.28 -0.357005
69.9813 102.28 -0.171465
5.38318 113.047 -0.301453
16.1495 113.047 -0.456913
26.9159 113.047 -0.462571
37.6822 113.047 -0.444442
48.4486 113.047 -0.430825
59.215 113.047 -0.343637
69.9813 113.047 -0.156992
5.38318 123.813 -0.297401
16.1495 123.813 -0.453869
26.9159 123.813 -0.463397
37.6822 123.813 -0.451245
48.4486 123.813 -0.428159
59.215 123.813 -0.325115
69.9813 123.813 -0.137286
5.38318 134.579 -0.293586
16.1495 134.579 -0.44715
26.9159 134.579 -0.4079
37.6822 134.579 -0.382081
48.4486 134.579 -0.331471
59.215 134.579 -0.239116
69.9813 134.579 -0.0882568
5.38318 145.346 -0.211561
16.1495 145.346 -0.307298
26.9159 145.346 -0.195062
37.6822 145.346 -0.122887
48.4486 145.346 -0.0317538
59.215 145.346 0.000880718
69.9813 145.346 0.1164
5.38318 156.112 -0.033017
16.1495 156.112 0.0119025
26.9159 156.112 0.707389
37.6822 156.112 1.14145
48.4486 156.112 1.31366
59.215 156.112 0.974882
69.9813 156.112 0.563839
5.38318 166.879 0.530912
16.1495 166.879 1.05703
26.9159 166.879 2.12899
37.6822 166.879 2.79544
48.4486 166.879 2.8551
59.215 166.879 2.02312
69.9813 166.879 1.04329
5.38318 177.645 1.12385
16.1495 177.645 1.92799
26.9159 177.645 3.26147
37.6822 177.645 4.27425
48.4486 177.645 4.3208
59.215 177.645 2.99371
69.9813 177.645 1.42379
5.38318 188.411 1.36094
16.1495 188.411 2.25107
26.9159 188.411 3.47625
37.6822 188.411 4.33117
48.4486 188.411 4.26762
59.215 188.411 2.9541
69.9813 188.411 1.40458
5.38318 199.178 1.0071
16.1495 199.178 1.60064
26.9159 199.178 2.34345
37.6822 199.178 2.63467
48.4486 199.178 2.60458
59.215 199.178 1.97039
69.9813 199.178 1.05665
5.38318 209.944 0.414135
16.1495 209.944 0.714036
26.9159 209.944 0.994389
37.6822 209.944 0.823428
48.4486 209.944 0.869762
59.215 209.944 0.85327
69.9813 209.944 0.652608
