37 37
0 17 72 40
0 1 72 72
0 0 72 82
0 0 72 144
0 0 72 216
5.38318 5.38318 0.378392
16.1495 5.38318 0.681961
26.9159 5.38318 1.06024
37.6822 5.38318 1.14633
48.4486 5.38318 1.05824
59.215 5.38318 0.72998
69.9813 5.38318 0.43566
5.38318 16.1495 0.916283
16.1495 16.1495 1.77599
26.9159 16.1495 2.64132
37.6822 16.1495 2.86525
48.4486 16.1495 2.58489
59.215 16.1495 1.7531
69.9813 16.1495 0.978224
5.38318 26.9159 1.39237
16.1495 26.9159 2.71233
26.9159 26.9159 4.1809
37.6822 26.9159 4.62719
48.4486 26.9159 4.10382
59.215 26.9159 2.69703
69.9813 26.9159 1.40029
5.38318 37.6822 1.80659
16.1495 37.6822 3.4214
26.9159 37.6822 5.06335
37.6822 37.6822 5.49922
48.4486 37.6822 4.80417
59.215 37.6822 3.14784
69.9813 37.6822 1.58101
5.38318 48.4486 1.67531
16.1495 48.4486 3.00384
26.9159 48.4486 4.32436
37.6822 48.4486 4.54878
48.4486 48.4486 3.92997
59.215 48.4486 2.57975
69.9813 48.4486 1.32967
5.38318 59.215 0.895624
16.1495 59.215 1.61473
26.9159 59.215 2.26741
37.6822 59.215 2.25782
48.4486 59.215 1.91332
59.215 59.215 1.31018
69.9813 59.215 0.78115
5.38318 69.9813 0.227942
16.1495 69.9813 0.408126
26.9159 69.9813 0.825954
37.6822 69.9813 0.675373
48.4486 69.9813 0.53657
59.215 69.9813 0.377709
69.9813 69.9813 0.358662
5.38318 80.7477 -0.178557
16.1495 80.7477 -0.259445
26.9159 80.7477 -0.161246
37.6822 80.7477 -0.208613
48.4486 80.7477 -0.209415
59.215 80.7477 -0.136398
69.9813 80.7477 -0.00197391
5.38318 91.514 -0.294606
16.1495 91.514 -0.461325
26.9159 91.514 -0.448905
37.6822 91.514 -0.481012
48.4486 91.514 -0.45732
59.215 91.514 -0.316183
69.9813 91.514 -0.122285
5.38318 102.28 -0.307218
16.1495 102.28 -0.461723
26.9159 102.28 -0.458029
37.6822 102.28 -0.451546
48.4486 102.28 -0.443879
59.215 102.28 -0.332296
69.9813 102.28 -0.146422
5.38318 113.047 -0.292499
16.1495 113.047 -0.442117
26.9159 113.047 -0.437152
37.6822 113.047 -0.42291
48.4486 113.047 -0.395272
59.215 113.047 -0.304278
69.9813 113.047 -0.129356
5.38318 123.813 -0.241369
16.1495 123.813 -0.330579
26.9159 123.813 -0.274606
37.6822 123.813 -0.2305
48.4486 123.813 -0.207167
59.215 123.813 -0.164253
69.9813 123.813 -0.0518947
5.38318 134.579 -0.0950307
16.1495 134.579 -0.0560122
26.9159 134.579 0.134261
37.6822 134.579 0.365754
48.4486 134.579 0.358814
59.215 134.579 0.257482
69.9813 134.579 0.231494
5.38318 145.346 0.163147
16.1495 145.346 0.642606
26.9159 145.346 1.18269
37.6822 145.346 1.62837
48.4486 145.346 1.52496
59.215 145.346 1.11099
69.9813 145.346 0.671415
5.38318 156.112 0.592176
16.1495 156.112 1.44928
26.9159 156.112 2.2069
37.6822 156.112 2.68662
48.4486 156.112 2.4579
59.215 156.112 1.77107
69.9813 156.112 1.00656
5.38318 166.879 0.820139
16.1495 166.879 1.848
26.9159 166.879 2.94277
37.6822 166.879 3.48182
48.4486 166.879 3.13926
59.215 166.879 2.10501
69.9813 166.879 1.12135
5.38318 177.645 0.954582
16.1495 177.645 2.03578
26.9159 177.645 3.33035
37.6822 177.645 3.79834
48.4486 177.645 3.387
59.215 177.645 2.1853
69.9813 177.645 1.12075
5.38318 188.411 1.08687
16.1495 188.411 2.20254
26.9159 188.411 3.39625
37.6822 188.411 3.74276
48.4486 188.411 3.28596
59.215 188.411 2.06323
69.9813 188.411 1.04232
5.38318 199.178 1.00173
16.1495 199.178 1.78611
26.9159 199.178 2.25564
37.6822 199.178 2.4271
48.4486 199.178 2.30458
59.215 199.178 1.74945
69.9813 199.178 1.07402
5.38318 209.944 0.80743
16.1495 209.944 1.31841
26.9159 209.944 1.33004
37.6822 209.944 1.33383
48.4486 209.944 1.39438
59.215 209.944 1.24121
69.9813 209.944 0.856824
