37 37
0 17 72 40
0 1 72 72
0 0 72 82
0 0 72 144
0 0 72 216
5.38318 5.38318 0.406594
16.1495 5.38318 0.686903
26.9159 5.38318 1.1462
37.6822 5.38318 1.44211
48.4486 5.38318 1.55148
59.215 5.38318 1.22997
69.9813 5.38318 0.766463
5.38318 16.1495 0.712902
16.1495 16.1495 1.54819
26.9159 16.1495 2.60153
37.6822 16.1495 3.38261
48.4486 16.1495 3.53913
59.215 16.1495 2.71818
69.9813 16.1495 1.59701
5.38318 26.9159 0.976422
16.1495 26.9159 2.27186
26.9159 26.9159 4.04491
37.6822 26.9159 5.43112
48.4486 26.9159 5.4965
59.215 26.9159 4.01282
69.9813 26.9159 2.16142
5.38318 37.6822 1.21133
16.1495 37.6822 2.64545
26.9159 37.6822 4.62808
37.6822 37.6822 6.15395
48.4486 37.6822 6.06768
59.215 37.6822 4.39117
69.9813 37.6822 2.25842
5.38318 48.4486 1.31929
16.1495 48.4486 2.57869
26.9159 48.4486 4.08447
37.6822 48.4486 5.0427
48.4486 48.4486 4.91998
59.215 48.4486 3.64426
69.9813 48.4486 1.93586
5.38318 59.215 0.930259
16.1495 59.215 1.70674
26.9159 59.215 2.34314
37.6822 59.215 2.45173
48.4486 59.215 2.44083
59.215 59.215 2.18035
69.9813 59.215 1.42747
5.38318 69.9813 0.490686
16.1495 69.9813 0.894526
26.9159 69.9813 1.23947
37.6822 69.9813 1.24692
48.4486 69.9813 1.49677
59.215 69.9813 1.66972
69.9813 69.9813 1.24061
5.38318 80.7477 -0.0653633
16.1495 80.7477 -0.0128521
26.9159 80.7477 0.228317
37.6822 80.7477 0.394196
48.4486 80.7477 0.68443
59.215 80.7477 0.989384
69.9813 80.7477 0.862966
5.38318 91.514 -0.253184
16.1495 91.514 -0.318424
26.9159 91.514 -0.227044
37.6822 91.514 -0.117897
48.4486 91.514 -0.0540859
59.215 91.514 0.10255
69.9813 91.514 0.245831
5.38318 102.28 -0.283206
16.1495 102.28 -0.398147
26.9159 102.28 -0.328772
37.6822 102.28 -0.263826
48.4486 102.28 -0.243447
59.215 102.28 -0.18599
69.9813 102.28 -0.0619966
5.38318 113.047 -0.294871
16.1495 113.047 -0.443372
26.9159 113.047 -0.43701
37.6822 113.047 -0.417258
48.4486 113.047 -0.397467
59.215 113.047 -0.310795
69.9813 113.047 -0.135348
5.38318 123.813 -0.25014
16.1495 123.813 -0.373847
26.9159 123.813 -0.351444
37.6822 123.813 -0.334511
48.4486 123.813 -0.320153
59.215 123.813 -0.23342
69.9813 123.813 -0.0887201
5.38318 134.579 -0.177906
16.1495 134.579 -0.252407
26.9159 134.579 -0.225441
37.6822 134.579 -0.195128
48.4486 134.579 -0.18332
59.215 134.579 -0.0950627
69.9813 134.579 -0.000382534
5.38318 145.346 -0.0673273
16.1495 145.346 -0.0399228
26.9159 145.346 0.0120668
37.6822 145.346 0.194401
48.4486 145.346 0.196135
59.215 145.346 0.351709
69.9813 145.346 0.311358
5.38318 156.112 0.171296
16.1495 156.112 0.539552
26.9159 156.112 0.901517
37.6822 156.112 1.09499
48.4486 156.112 1.03343
59.215 156.112 0.943776
69.9813 156.112 0.655302
5.38318 166.879 0.47529
16.1495 166.879 1.14792
26.9159 166.879 1.79064
37.6822 166.879 1.92581
48.4486 166.879 1.79285
59.215 166.879 1.43198
69.9813 166.879 0.923017
5.38318 177.645 0.770634
16.1495 177.645 1.72042
26.9159 177.645 2.62985
37.6822 177.645 2.69615
48.4486 177.645 2.44459
59.215 177.645 1.7694
69.9813 177.645 1.09951
5.38318 188.411 0.853473
16.1495 188.411 1.82159
26.9159 188.411 2.7747
37.6822 188.411 2.82565
48.4486 188.411 2.51231
59.215 188.411 1.76978
69.9813 188.411 1.06129
5.38318 199.178 0.632659
16.1495 199.178 1.33638
26.9159 199.178 2.04148
37.6822 199.178 2.03716
48.4486 199.178 1.77918
59.215 199.178 1.28213
69.9813 199.178 0.778793
5.38318 209.944 0.287914
16.1495 209.944 0.563716
26.9159 209.944 0.883365
37.6822 209.944 0.815889
48.4486 209.944 0.659436
59.215 209.944 0.533255
69.9813 209.944 0.358606
