37 37
0 17 72 40
0 1 72 72
0 0 72 82
0 0 72 144
0 0 72 216
5.38318 5.38318 0.63544
16.1495 5.38318 1.23469
26.9159 5.38318 1.69818
37.6822 5.38318 1.78952
48.4486 5.38318 1.57923
59.215 5.38318 1.08966
69.9813 5.38318 0.612744
5.38318 16.1495 1.14171
16.1495 16.1495 2.52848
26.9159 16.1495 3.67267
37.6822 16.1495 3.90384
48.4486 16.1495 3.32932
59.215 16.1495 2.17281
69.9813 16.1495 1.18331
5.38318 26.9159 1.26509
16.1495 26.9159 3.14572
26.9159 26.9159 5.09886
37.6822 26.9159 5.72953
48.4486 26.9159 4.86818
59.215 26.9159 3.05183
69.9813 26.9159 1.51329
5.38318 37.6822 1.18454
16.1495 37.6822 3.08623
26.9159 37.6822 5.27836
37.6822 37.6822 6.09196
48.4486 37.6822 5.1209
59.215 37.6822 3.06878
69.9813 37.6822 1.39407
5.38318 48.4486 0.928911
16.1495 48.4486 2.42918
26.9159 48.4486 4.20906
37.6822 48.4486 4.9031
48.4486 48.4486 4.10596
59.215 48.4486 2.52553
69.9813 48.4486 1.15499
5.38318 59.215 0.590332
16.1495 59.215 1.70411
26.9159 59.215 2.68326
37.6822 59.215 3.27732
48.4486 59.215 2.73398
59.215 59.215 1.86251
69.9813 59.215 0.899447
5.38318 69.9813 0.315476
16.1495 69.9813 1.30293
26.9159 69.9813 2.28352
37.6822 69.9813 3.0004
48.4486 69.9813 2.43081
59.215 69.9813 1.6985
69.9813 69.9813 0.728987
5.38318 80.7477 -0.0771226
16.1495 80.7477 0.420324
26.9159 80.7477 1.12978
37.6822 80.7477 1.65009
48.4486 80.7477 1.06382
59.215 80.7477 0.705923
69.9813 80.7477 0.177896
5.38318 91.514 -0.263977
16.1495 91.514 -0.308991
26.9159 91.514 -0.216366
37.6822 91.514 -0.0994049
48.4486 91.514 -0.265503
59.215 91.514 -0.195504
69.9813 91.514 -0.15909
5.38318 102.28 -0.297876
16.1495 102.28 -0.442858
26.9159 102.28 -0.426096
37.6822 102.28 -0.39857
48.4486 102.28 -0.439031
59.215 102.28 -0.325565
69.9813 102.28 -0.167333
5.38318 113.047 -0.282193
16.1495 113.047 -0.426066
26.9159 113.047 -0.405118
37.6822 113.047 -0.39738
48.4486 113.047 -0.383379
59.215 113.047 -0.300898
69.9813 113.047 -0.129552
5.38318 123.813 -0.200339
16.1495 123.813 -0.287057
26.9159 123.813 -0.224829
37.6822 123.813 -0.228081
48.4486 123.813 -0.214644
59.215 123.813 -0.177164
69.9813 123.813 -0.054314
5.38318 134.579 0.00735912
16.1495 134.579 0.104267
26.9159 134.579 0.428394
37.6822 134.579 0.377088
48.4486 134.579 0.396417
59.215 134.579 0.253509
69.9813 134.579 0.280538
5.38318 145.346 0.57424
16.1495 145.346 1.09165
26.9159 145.346 1.64244
37.6822 145.346 1.60091
48.4486 145.346 1.56969
59.215 145.346 1.14582
69.9813 145.346 0.822868
5.38318 156.112 1.09977
16.1495 156.112 2.04233
26.9159 156.112 2.71232
37.6822 156.112 2.68381
48.4486 156.112 2.57241
59.215 156.112 1.97793
69.9813 156.112 1.3206
5.38318 166.879 1.40726
16.1495 166.879 2.55646
26.9159 166.879 3.25608
37.6822 166.879 3.28733
48.4486 166.879 3.09367
59.215 166.879 2.44518
69.9813 166.879 1.56009
5.38318 177.645 1.26324
16.1495 177.645 2.32097
26.9159 177.645 3.01564
37.6822 177.645 3.10808
48.4486 177.645 2.98083
59.215 177.645 2.37975
69.9813 177.645 1.48961
5.38318 188.411 1.12803
16.1495 188.411 2.13463
26.9159 188.411 2.79201
37.6822 188.411 2.93454
48.4486 188.411 2.68398
59.215 188.411 2.10719
69.9813 188.411 1.2819
5.38318 199.178 0.655667
16.1495 199.178 1.61713
26.9159 199.178 2.3102
37.6822 199.178 2.4827
48.4486 199.178 2.24659
59.215 199.178 1.72023
69.9813 199.178 1.10196
5.38318 209.944 0.485057
16.1495 209.944 1.15689
26.9159 209.944 1.5462
37.6822 209.944 1.53304
48.4486 209.944 1.33187
59.215 209.944 1.04163
69.9813 209.944 0.761191
