48 166
0 146 72 40
0 130 72 72
0 125 72 82
0 72 72 144
0 0 72 216
5.38318 5.38318 0.404719
16.1495 5.38318 0.794153
26.9159 5.38318 1.15905
37.6822 5.38318 1.12202
48.4486 5.38318 0.896736
59.215 5.38318 0.573238
69.9813 5.38318 0.346956
5.38318 16.1495 0.796702
16.1495 16.1495 1.69782
26.9159 16.1495 2.25747
37.6822 16.1495 2.20777
48.4486 16.1495 1.9288
59.215 16.1495 1.50988
69.9813 16.1495 1.02568
5.38318 26.9159 1.12012
16.1495 26.9159 2.05908
26.9159 26.9159 2.5142
37.6822 26.9159 2.42109
48.4486 26.9159 2.2924
59.215 26.9159 1.95207
69.9813 26.9159 1.40368
5.38318 37.6822 1.83361
16.1495 37.6822 2.86748
26.9159 37.6822 2.95063
37.6822 37.6822 2.74433
48.4486 37.6822 3.00732
59.215 37.6822 3.01785
69.9813 37.6822 2.21152
5.38318 48.4486 2.13587
16.1495 48.4486 3.21721
26.9159 48.4486 3.09263
37.6822 48.4486 2.71279
48.4486 48.4486 3.11667
59.215 48.4486 3.3167
69.9813 48.4486 2.4755
5.38318 59.215 1.49342
16.1495 59.215 2.21382
26.9159 59.215 2.18198
37.6822 59.215 1.99689
48.4486 59.215 2.4249
59.215 59.215 2.61199
69.9813 59.215 1.95738
5.38318 69.9813 0.0517347
16.1495 69.9813 0.0766245
26.9159 69.9813 0.170562
37.6822 69.9813 0.104943
48.4486 69.9813 0.286886
59.215 69.9813 0.530745
69.9813 69.9813 0.569354
5.38318 80.7477 -0.193662
16.1495 80.7477 -0.314099
26.9159 80.7477 -0.276863
37.6822 80.7477 -0.310347
48.4486 80.7477 -0.309644
59.215 80.7477 -0.196355
69.9813 80.7477 -0.0109735
5.38318 91.514 -0.226787
16.1495 91.514 -0.334888
26.9159 91.514 -0.287656
37.6822 91.514 -0.324337
48.4486 91.514 -0.348316
59.215 91.514 -0.27975
69.9813 91.514 -0.0954075
5.38318 102.28 -0.234673
16.1495 102.28 -0.333137
26.9159 102.28 -0.283175
37.6822 102.28 -0.282385
48.4486 102.28 -0.28679
59.215 102.28 -0.21804
69.9813 102.28 -0.0742409
5.38318 113.047 -0.29354
16.1495 113.047 -0.439758
26.9159 113.047 -0.417951
37.6822 113.047 -0.394478
48.4486 113.047 -0.367389
59.215 113.047 -0.272206
69.9813 113.047 -0.111103
5.38318 123.813 -0.272571
16.1495 123.813 -0.365517
26.9159 123.813 -0.243754
37.6822 123.813 -0.13151
48.4486 123.813 -0.0809187
59.215 123.813 -0.0107345
69.9813 123.813 0.128555
5.38318 134.579 -0.160959
16.1495 134.579 -0.121522
26.9159 134.579 0.335077
37.6822 134.579 0.73463
48.4486 134.579 0.878735
59.215 134.579 0.860126
69.9813 134.579 0.64267
5.38318 145.346 0.0590034
16.1495 145.346 0.593929
26.9159 145.346 1.57157
37.6822 145.346 2.23399
48.4486 145.346 2.41877
59.215 145.346 2.19953
69.9813 145.346 1.44623
5.38318 156.112 0.554445
16.1495 156.112 1.49833
26.9159 156.112 2.63004
37.6822 156.112 3.33
48.4486 156.112 3.44368
59.215 156.112 2.97696
69.9813 156.112 1.94265
5.38318 166.879 1.01286
16.1495 166.879 2.04717
26.9159 166.879 3.18441
37.6822 166.879 3.67179
48.4486 166.879 3.70188
59.215 166.879 3.09755
69.9813 166.879 2.02445
5.38318 177.645 1.09465
16.1495 177.645 1.92431
26.9159 177.645 2.67993
37.6822 177.645 2.69639
48.4486 177.645 2.64709
59.215 177.645 2.16514
69.9813 177.645 1.51289
5.38318 188.411 0.90534
16.1495 188.411 1.38734
26.9159 188.411 1.98859
37.6822 188.411 1.56837
48.4486 188.411 1.65087
59.215 188.411 1.34139
69.9813 188.411 1.13155
5.38318 199.178 0.331353
16.1495 199.178 0.490446
26.9159 199.178 0.964072
37.6822 199.178 0.620765
48.4486 199.178 0.733969
59.215 199.178 0.661417
69.9813 199.178 0.704367
5.38318 209.944 0.00160182
16.1495 209.944 0.021301
26.9159 209.944 0.310755
37.6822 209.944 -0.0183174
48.4486 209.944 0.0595931
59.215 209.944 0.012737
69.9813 209.944 0.299729
