26 26
0 6 72 40
0 0 72 72
0 0 72 82
0 0 72 144
0 0 72 216
5.38318 5.38318 0.730545
16.1495 5.38318 0.991772
26.9159 5.38318 1.19456
37.6822 5.38318 1.10787
48.4486 5.38318 1.04823
59.215 5.38318 0.825998
69.9813 5.38318 0.581956
5.38318 16.1495 1.30841
16.1495 16.1495 2.02074
26.9159 16.1495 2.3765
37.6822 16.1495 2.20003
48.4486 16.1495 2.13441
59.215 16.1495 1.83037
69.9813 16.1495 1.24868
5.38318 26.9159 1.60998
16.1495 26.9159 2.49792
26.9159 26.9159 2.93424
37.6822 26.9159 2.68401
48.4486 26.9159 2.60086
59.215 26.9159 2.26291
69.9813 26.9159 1.57786
5.38318 37.6822 1.39286
16.1495 37.6822 2.15439
26.9159 37.6822 2.56419
37.6822 37.6822 2.34547
48.4486 37.6822 2.26638
59.215 37.6822 2.02218
69.9813 37.6822 1.46441
5.38318 48.4486 0.695304
16.1495 48.4486 1.08076
26.9159 48.4486 1.46445
37.6822 48.4486 1.38609
48.4486 48.4486 1.19139
59.215 48.4486 1.01704
69.9813 48.4486 0.839887
5.38318 59.215 -0.0165931
16.1495 59.215 -0.0174464
26.9159 59.215 0.3416
37.6822 59.215 0.555467
48.4486 59.215 0.317323
59.215 59.215 0.349277
69.9813 59.215 0.377657
5.38318 69.9813 -0.240595
16.1495 69.9813 -0.338411
26.9159 69.9813 -0.215266
37.6822 69.9813 -0.0165021
48.4486 69.9813 -0.119287
59.215 69.9813 -0.0363329
69.9813 69.9813 0.021465
5.38318 80.7477 -0.339083
16.1495 80.7477 -0.50055
26.9159 80.7477 -0.422674
37.6822 80.7477 -0.294885
48.4486 80.7477 -0.350604
59.215 80.7477 -0.288523
69.9813 80.7477 -0.159446
5.38318 91.514 -0.307489
16.1495 91.514 -0.462435
26.9159 91.514 -0.445031
37.6822 91.514 -0.412518
48.4486 91.514 -0.413059
59.215 91.514 -0.328321
69.9813 91.514 -0.152207
5.38318 102.28 -0.297628
16.1495 102.28 -0.447481
26.9159 102.28 -0.447047
37.6822 102.28 -0.431207
48.4486 102.28 -0.418009
59.215 102.28 -0.331068
69.9813 102.28 -0.148861
5.38318 113.047 -0.298026
16.1495 113.047 -0.449848
26.9159 113.047 -0.445135
37.6822 113.047 -0.43526
48.4486 113.047 -0.418854
59.215 113.047 -0.333114
69.9813 113.047 -0.149661
5.38318 123.813 -0.277401
16.1495 123.813 -0.375692
26.9159 123.813 -0.285342
37.6822 123.813 -0.234188
48.4486 123.813 -0.266923
59.215 123.813 -0.237105
69.9813 123.813 -0.121962
5.38318 134.579 -0.205102
16.1495 134.579 -0.197309
26.9159 134.579 0.0823594
37.6822 134.579 0.319286
48.4486 134.579 0.0545715
59.215 134.579 -0.0724924
69.9813 134.579 -0.0658232
5.38318 145.346 -0.0964874
16.1495 145.346 0.261406
26.9159 145.346 1.26127
37.6822 145.346 1.66691
48.4486 145.346 1.18153
59.215 145.346 0.52818
69.9813 145.346 0.0760753
5.38318 156.112 -0.0231469
16.1495 156.112 0.628079
26.9159 156.112 1.95204
37.6822 156.112 2.47003
48.4486 156.112 1.87085
59.215 156.112 0.933975
69.9813 156.112 0.230752
5.38318 166.879 0.00103989
16.1495 166.879 0.815116
26.9159 166.879 2.2268
37.6822 166.879 2.81206
48.4486 166.879 2.19563
59.215 166.879 1.13939
69.9813 166.879 0.30277
5.38318 177.645 -0.0582472
16.1495 177.645 0.429829
26.9159 177.645 1.58766
37.6822 177.645 2.0663
48.4486 177.645 1.69374
59.215 177.645 0.806465
69.9813 177.645 0.258049
5.38318 188.411 -0.0935225
16.1495 188.411 0.180011
26.9159 188.411 1.09476
37.6822 188.411 1.51604
48.4486 188.411 1.27298
59.215 188.411 0.510949
69.9813 188.411 0.210406
5.38318 199.178 -0.146604
16.1495 199.178 -0.0807899
26.9159 199.178 0.452756
37.6822 199.178 0.729419
48.4486 199.178 0.657484
59.215 199.178 0.192279
69.9813 199.178 0.152062
5.38318 209.944 -0.101258
16.1495 209.944 -0.043215
26.9159 209.944 0.276103
37.6822 209.944 0.402506
48.4486 209.944 0.307471
59.215 209.944 -0.00800548
69.9813 209.944 0.0625272
