37 26
0 6 72 40
0 0 72 72
0 0 72 82
0 0 72 144
0 0 72 216
5.38318 5.38318 0.34368
16.1495 5.38318 0.744191
26.9159 5.38318 1.32505
37.6822 5.38318 1.33569
48.4486 5.38318 0.932726
59.215 5.38318 0.549682
69.9813 5.38318 0.257144
5.38318 16.1495 0.65364
16.1495 16.1495 1.64986
26.9159 16.1495 2.73247
37.6822 16.1495 2.7662
48.4486 16.1495 2.10005
59.215 16.1495 1.36015
69.9813 16.1495 0.713467
5.38318 26.9159 0.762457
16.1495 26.9159 2.07479
26.9159 26.9159 3.57279
37.6822 26.9159 3.69266
48.4486 26.9159 2.84305
59.215 26.9159 1.86725
69.9813 26.9159 0.997346
5.38318 37.6822 0.996912
16.1495 37.6822 2.07002
26.9159 37.6822 3.2332
37.6822 37.6822 3.21663
48.4486 37.6822 2.65198
59.215 37.6822 1.95112
69.9813 37.6822 1.21102
5.38318 48.4486 0.831792
16.1495 48.4486 1.31126
26.9159 48.4486 1.94917
37.6822 48.4486 1.76267
48.4486 48.4486 1.56991
59.215 48.4486 1.3651
69.9813 48.4486 1.04894
5.38318 59.215 0.358766
16.1495 59.215 0.29736
26.9159 59.215 0.443018
37.6822 59.215 0.0501175
48.4486 59.215 -0.0263538
59.215 59.215 0.207189
69.9813 59.215 0.42197
5.38318 69.9813 -0.239476
16.1495 69.9813 -0.475179
26.9159 69.9813 -0.469591
37.6822 69.9813 -0.530218
48.4486 69.9813 -0.479516
59.215 69.9813 -0.276804
69.9813 69.9813 -0.0403597
5.38318 80.7477 -0.409464
16.1495 80.7477 -0.701674
26.9159 80.7477 -0.722314
37.6822 80.7477 -0.759179
48.4486 80.7477 -0.699987
59.215 80.7477 -0.455039
69.9813 80.7477 -0.143595
5.38318 91.514 -0.534143
16.1495 91.514 -0.866819
26.9159 91.514 -0.904324
37.6822 91.514 -0.928619
48.4486 91.514 -0.856255
59.215 91.514 -0.605526
69.9813 91.514 -0.235135
5.38318 102.28 -0.553415
16.1495 102.28 -0.88556
26.9159 102.28 -0.944782
37.6822 102.28 -0.947367
48.4486 102.28 -0.895521
59.215 102.28 -0.666251
69.9813 102.28 -0.273811
5.38318 113.047 -0.583697
16.1495 113.047 -0.935195
26.9159 113.047 -1.01724
37.6822 113.047 -1.0182
48.4486 113.047 -0.963472
59.215 113.047 -0.760799
69.9813 113.047 -0.327284
5.38318 123.813 -0.573468
16.1495 123.813 -0.917717
26.9159 123.813 -0.997721
37.6822 123.813 -0.998967
48.4486 123.813 -0.945277
59.215 123.813 -0.733279
69.9813 123.813 -0.312867
5.38318 134.579 -0.546405
16.1495 134.579 -0.865871
26.9159 134.579 -0.935045
37.6822 134.579 -0.935901
48.4486 134.579 -0.881029
59.215 134.579 -0.650354
69.9813 134.579 -0.268539
5.38318 145.346 -0.450608
16.1495 145.346 -0.674849
26.9159 145.346 -0.612539
37.6822 145.346 -0.594816
48.4486 145.346 -0.568026
59.215 145.346 -0.427694
69.9813 145.346 -0.160604
5.38318 156.112 -0.185053
16.1495 156.112 -0.1929
26.9159 156.112 0.15108
37.6822 156.112 0.184118
48.4486 156.112 0.0863815
59.215 156.112 -0.00552293
69.9813 156.112 0.143333
5.38318 166.879 0.349258
16.1495 166.879 0.929298
26.9159 166.879 1.91107
37.6822 166.879 1.93941
48.4486 166.879 1.67912
59.215 166.879 1.04214
69.9813 166.879 0.665202
5.38318 177.645 0.912069
16.1495 177.645 1.82836
26.9159 177.645 2.92351
37.6822 177.645 2.90335
48.4486 177.645 2.62998
59.215 177.645 1.77023
69.9813 177.645 1.05908
5.38318 188.411 1.01149
16.1495 188.411 1.94428
26.9159 188.411 3.00413
37.6822 188.411 2.91322
48.4486 188.411 2.62714
59.215 188.411 1.75
69.9813 188.411 1.07252
5.38318 199.178 0.58515
16.1495 199.178 1.19797
26.9159 199.178 1.94841
37.6822 199.178 1.79177
48.4486 199.178 1.61621
59.215 199.178 0.9533
69.9813 199.178 0.682932
5.38318 209.944 0.150799
16.1495 209.944 0.38496
26.9159 209.944 0.736288
37.6822 209.944 0.502712
48.4486 209.944 0.294197
59.215 209.944 0.0511428
69.9813 209.944 0.206262
