48 166
0 146 72 40
0 130 72 72
0 125 72 82
0 72 72 144
0 0 72 216
5.38318 5.38318 1.10208
16.1495 5.38318 1.4163
26.9159 5.38318 1.52344
37.6822 5.38318 1.63624
48.4486 5.38318 1.81354
59.215 5.38318 1.49309
69.9813 5.38318 0.923948
5.38318 16.1495 1.64213
16.1495 16.1495 2.29775
26.9159 16.1495 2.55798
37.6822 16.1495 2.73574
48.4486 16.1495 3.10069
59.215 16.1495 2.67198
69.9813 16.1495 1.67766
5.38318 26.9159 1.30365
16.1495 26.9159 2.00186
26.9159 26.9159 2.45682
37.6822 26.9159 2.66142
48.4486 26.9159 2.99419
59.215 26.9159 2.52061
69.9813 26.9159 1.60644
5.38318 37.6822 0.587973
16.1495 37.6822 1.21512
26.9159 37.6822 1.89385
37.6822 37.6822 2.20217
48.4486 37.6822 2.39852
59.215 37.6822 1.93424
69.9813 37.6822 1.26464
5.38318 48.4486 0.309871
16.1495 48.4486 0.870948
26.9159 48.4486 1.67816
37.6822 48.4486 2.19846
48.4486 48.4486 2.48113
59.215 48.4486 1.99605
69.9813 48.4486 1.30836
5.38318 59.215 0.0301364
16.1495 59.215 0.586824
26.9159 59.215 1.59029
37.6822 59.215 2.35895
48.4486 59.215 2.66239
59.215 59.215 2.07912
69.9813 59.215 1.30681
5.38318 69.9813 -0.129709
16.1495 69.9813 0.00592285
26.9159 69.9813 1.0727
37.6822 69.9813 1.82305
48.4486 69.9813 1.95233
59.215 69.9813 1.4241
69.9813 69.9813 0.835172
5.38318 80.7477 -0.240801
16.1495 80.7477 -0.268795
26.9159 80.7477 0.113394
37.6822 80.7477 0.55371
48.4486 80.7477 0.450632
59.215 80.7477 0.112792
69.9813 80.7477 0.0188965
5.38318 91.514 -0.292688
16.1495 91.514 -0.423113
26.9159 91.514 -0.312764
37.6822 91.514 -0.289525
48.4486 91.514 -0.31571
59.215 91.514 -0.321633
69.9813 91.514 -0.174248
5.38318 102.28 -0.295114
16.1495 102.28 -0.449211
26.9159 102.28 -0.447211
37.6822 102.28 -0.451956
48.4486 102.28 -0.449508
59.215 102.28 -0.364001
69.9813 102.28 -0.172088
5.38318 113.047 -0.297357
16.1495 113.047 -0.448334
26.9159 113.047 -0.441137
37.6822 113.047 -0.416387
48.4486 113.047 -0.386426
59.215 113.047 -0.279267
69.9813 113.047 -0.115842
5.38318 123.813 -0.281643
16.1495 123.813 -0.386431
26.9159 123.813 -0.271833
37.6822 123.813 -0.159745
48.4486 123.813 -0.0913975
59.215 123.813 -0.00920626
69.9813 123.813 0.135469
5.38318 134.579 -0.197062
16.1495 134.579 -0.191128
26.9159 134.579 0.134241
37.6822 134.579 0.602461
48.4486 134.579 0.8437
59.215 134.579 0.876591
69.9813 134.579 0.656143
5.38318 145.346 -0.0372717
16.1495 145.346 0.334037
26.9159 145.346 1.18089
37.6822 145.346 1.95531
48.4486 145.346 2.27865
59.215 145.346 2.15493
69.9813 145.346 1.42816
5.38318 156.112 0.432009
16.1495 156.112 1.15759
26.9159 156.112 2.16028
37.6822 156.112 2.8516
48.4486 156.112 3.16313
59.215 156.112 2.91447
69.9813 156.112 1.94221
5.38318 166.879 1.02592
16.1495 166.879 1.89861
26.9159 166.879 2.80785
37.6822 166.879 3.17093
48.4486 166.879 3.32701
59.215 166.879 2.99851
69.9813 166.879 1.99456
5.38318 177.645 1.24184
16.1495 177.645 2.0216
26.9159 177.645 2.66879
37.6822 177.645 2.40306
48.4486 177.645 2.39577
59.215 177.645 2.1134
69.9813 177.645 1.51658
5.38318 188.411 1.15914
16.1495 188.411 1.68808
26.9159 188.411 2.204
37.6822 188.411 1.47145
48.4486 188.411 1.62688
59.215 188.411 1.46347
69.9813 188.411 1.22312
5.38318 199.178 0.401807
16.1495 199.178 0.549179
26.9159 199.178 0.942317
37.6822 199.178 0.428859
48.4486 199.178 0.792376
59.215 199.178 0.802164
69.9813 199.178 0.870419
5.38318 209.944 -0.00598377
16.1495 209.944 -0.0400382
26.9159 209.944 0.0397862
37.6822 209.944 -0.141895
48.4486 209.944 0.0797888
59.215 209.944 0.241013
69.9813 209.944 0.476775
