26 166
0 146 72 40
0 130 72 72
0 125 72 82
0 72 72 144
0 0 72 216
5.38318 5.38318 0.407103
16.1495 5.38318 0.685595
26.9159 5.38318 1.02538
37.6822 5.38318 0.860024
48.4486 5.38318 0.816199
59.215 5.38318 0.449394
69.9813 5.38318 0.31319
5.38318 16.1495 0.585187
16.1495 16.1495 1.26542
26.9159 16.1495 1.92324
37.6822 16.1495 1.76844
48.4486 16.1495 1.6497
59.215 16.1495 1.02042
69.9813 16.1495 0.677413
5.38318 26.9159 0.478162
16.1495 26.9159 1.35326
26.9159 26.9159 2.43467
37.6822 26.9159 2.3879
48.4486 26.9159 2.17732
59.215 26.9159 1.25508
69.9813 26.9159 0.729656
5.38318 37.6822 0.498249
16.1495 37.6822 1.40939
26.9159 37.6822 2.48973
37.6822 37.6822 2.62552
48.4486 37.6822 2.31457
59.215 37.6822 1.38259
69.9813 37.6822 0.7562
5.38318 48.4486 0.709008
16.1495 48.4486 1.54879
26.9159 48.4486 2.35841
37.6822 48.4486 2.35067
48.4486 48.4486 2.02568
59.215 48.4486 1.33008
69.9813 48.4486 0.787988
5.38318 59.215 0.675862
16.1495 59.215 1.23082
26.9159 59.215 1.55386
37.6822 59.215 1.44003
48.4486 59.215 1.42594
59.215 59.215 1.25839
69.9813 59.215 0.913784
5.38318 69.9813 0.375785
16.1495 69.9813 0.595443
26.9159 69.9813 0.764178
37.6822 69.9813 0.75369
48.4486 69.9813 1.07084
59.215 69.9813 1.19956
69.9813 69.9813 0.952763
5.38318 80.7477 -0.0247013
16.1495 80.7477 -0.0650688
26.9159 80.7477 0.0482513
37.6822 80.7477 0.12201
48.4486 80.7477 0.466757
59.215 80.7477 0.698959
69.9813 80.7477 0.625151
5.38318 91.514 -0.2526
16.1495 91.514 -0.397807
26.9159 91.514 -0.318263
37.6822 91.514 -0.256449
48.4486 91.514 -0.168261
59.215 91.514 -0.0514319
69.9813 91.514 0.111198
5.38318 102.28 -0.299837
16.1495 102.28 -0.44528
26.9159 102.28 -0.379892
37.6822 102.28 -0.329102
48.4486 102.28 -0.318479
59.215 102.28 -0.250499
69.9813 102.28 -0.110863
5.38318 113.047 -0.268063
16.1495 113.047 -0.405259
26.9159 113.047 -0.369331
37.6822 113.047 -0.354942
48.4486 113.047 -0.342719
59.215 113.047 -0.263249
69.9813 113.047 -0.111987
5.38318 123.813 -0.106167
16.1495 123.813 -0.142521
26.9159 123.813 -0.0688187
37.6822 123.813 -0.0523317
48.4486 123.813 -0.0794452
59.215 123.813 -0.0431677
69.9813 123.813 0.0506114
5.38318 134.579 0.46401
16.1495 134.579 0.795093
26.9159 134.579 1.15229
37.6822 134.579 1.15968
48.4486 134.579 1.05134
59.215 134.579 0.85048
69.9813 134.579 0.615054
5.38318 145.346 1.41764
16.1495 145.346 2.36058
26.9159 145.346 2.85277
37.6822 145.346 2.86851
48.4486 145.346 2.77346
59.215 145.346 2.27754
69.9813 145.346 1.45697
5.38318 156.112 2.31423
16.1495 156.112 3.84943
26.9159 156.112 4.5263
37.6822 156.112 4.5059
48.4486 156.112 4.4643
59.215 156.112 3.70839
69.9813 156.112 2.27546
5.38318 166.879 2.68349
16.1495 166.879 4.52769
26.9159 166.879 5.18493
37.6822 166.879 5.10597
48.4486 166.879 5.04102
59.215 166.879 4.28238
69.9813 166.879 2.60989
5.38318 177.645 2.17092
16.1495 177.645 3.75035
26.9159 177.645 4.27513
37.6822 177.645 4.14051
48.4486 177.645 3.9087
59.215 177.645 3.37707
69.9813 177.645 2.08569
5.38318 188.411 1.32971
16.1495 188.411 2.45125
26.9159 188.411 2.90901
37.6822 188.411 2.73255
48.4486 188.411 2.40143
59.215 188.411 2.21312
69.9813 188.411 1.44555
5.38318 199.178 0.87614
16.1495 199.178 1.70786
26.9159 199.178 2.25083
37.6822 199.178 2.1898
48.4486 199.178 1.82581
59.215 199.178 1.83942
69.9813 199.178 1.24023
5.38318 209.944 0.543394
16.1495 209.944 1.04736
26.9159 209.944 1.43753
37.6822 209.944 1.36197
48.4486 209.944 1.19516
59.215 209.944 1.28784
69.9813 209.944 0.922934
