37 166
0 146 72 40
0 130 72 72
0 125 72 82
0 72 72 144
0 0 72 216
5.38318 5.38318 0.436645
16.1495 5.38318 0.886199
26.9159 5.38318 1.30011
37.6822 5.38318 1.34879
48.4486 5.38318 1.3467
59.215 5.38318 1.06278
69.9813 5.38318 0.731593
5.38318 16.1495 0.725933
16.1495 16.1495 1.7014
26.9159 16.1495 2.59495
37.6822 16.1495 2.88179
48.4486 16.1495 2.88417
59.215 16.1495 2.21534
69.9813 16.1495 1.45083
5.38318 26.9159 0.528662
16.1495 26.9159 1.51134
26.9159 26.9159 2.96894
37.6822 26.9159 3.81299
48.4486 26.9159 4.00914
59.215 26.9159 3.10724
69.9813 26.9159 1.90837
5.38318 37.6822 0.861152
16.1495 37.6822 1.89492
26.9159 37.6822 3.38212
37.6822 37.6822 4.51646
48.4486 37.6822 4.73274
59.215 37.6822 3.63038
69.9813 37.6822 2.02112
5.38318 48.4486 1.27293
16.1495 48.4486 2.26397
26.9159 48.4486 3.31389
37.6822 48.4486 4.02861
48.4486 48.4486 4.06536
59.215 48.4486 3.09883
69.9813 48.4486 1.74611
5.38318 59.215 1.45152
16.1495 59.215 2.38215
26.9159 59.215 2.82516
37.6822 59.215 2.79292
48.4486 59.215 2.61189
59.215 59.215 2.05469
69.9813 59.215 1.349
5.38318 69.9813 0.938009
16.1495 69.9813 1.56927
26.9159 69.9813 1.70618
37.6822 69.9813 1.27687
48.4486 69.9813 1.06129
59.215 69.9813 0.812376
69.9813 69.9813 0.836788
5.38318 80.7477 -0.00199756
16.1495 80.7477 0.167297
26.9159 80.7477 0.267119
37.6822 80.7477 0.108429
48.4486 80.7477 -0.00852709
59.215 80.7477 0.106783
69.9813 80.7477 0.420731
5.38318 91.514 -0.322474
16.1495 91.514 -0.442802
26.9159 91.514 -0.394504
37.6822 91.514 -0.324865
48.4486 91.514 -0.334646
59.215 91.514 -0.218442
69.9813 91.514 -0.03049
5.38318 102.28 -0.327596
16.1495 102.28 -0.464924
26.9159 102.28 -0.381141
37.6822 102.28 -0.298584
48.4486 102.28 -0.288337
59.215 102.28 -0.209776
69.9813 102.28 -0.0675566
5.38318 113.047 -0.301645
16.1495 113.047 -0.453288
26.9159 113.047 -0.442817
37.6822 113.047 -0.422123
48.4486 113.047 -0.399603
59.215 113.047 -0.315769
69.9813 113.047 -0.136412
5.38318 123.813 -0.255882
16.1495 123.813 -0.340457
26.9159 123.813 -0.21667
37.6822 123.813 -0.173153
48.4486 123.813 -0.221737
59.215 123.813 -0.218732
69.9813 123.813 -0.114185
5.38318 134.579 -0.150761
16.1495 134.579 -0.0626012
26.9159 134.579 0.669248
37.6822 134.579 0.889417
48.4486 134.579 0.520931
59.215 134.579 0.0478162
69.9813 134.579 -0.0421717
5.38318 145.346 -0.00584469
16.1495 145.346 0.962547
26.9159 145.346 2.52234
37.6822 145.346 3.02934
48.4486 145.346 2.126
59.215 145.346 0.958927
69.9813 145.346 0.184973
5.38318 156.112 0.224116
16.1495 156.112 1.70811
26.9159 156.112 4.07958
37.6822 156.112 4.9151
48.4486 156.112 3.52772
59.215 156.112 1.56678
69.9813 156.112 0.322774
5.38318 166.879 0.24359
16.1495 166.879 1.83243
26.9159 166.879 4.26071
37.6822 166.879 5.10886
48.4486 166.879 3.75575
59.215 166.879 1.69598
69.9813 166.879 0.339689
5.38318 177.645 0.263913
16.1495 177.645 1.38975
26.9159 177.645 2.95877
37.6822 177.645 3.41373
48.4486 177.645 2.5616
59.215 177.645 1.17196
69.9813 177.645 0.280992
5.38318 188.411 0.223199
16.1495 188.411 0.836936
26.9159 188.411 1.79378
37.6822 188.411 1.94092
48.4486 188.411 1.58986
59.215 188.411 0.675251
69.9813 188.411 0.315026
5.38318 199.178 0.244483
16.1495 199.178 0.916902
26.9159 199.178 1.79953
37.6822 199.178 1.90657
48.4486 199.178 1.57431
59.215 199.178 0.650666
69.9813 199.178 0.337
5.38318 209.944 0.15357
16.1495 209.944 0.607738
26.9159 209.944 1.20536
37.6822 209.944 1.28505
48.4486 209.944 1.11554
59.215 209.944 0.527043
69.9813 209.944 0.294984
