37 37
0 17 72 40
0 1 72 72
0 0 72 82
0 0 72 144
0 0 72 216
5.38318 5.38318 0.591336
16.1495 5.38318 0.997266
26.9159 5.38318 1.29706
37.6822 5.38318 1.43186
48.4486 5.38318 1.33513
59.215 5.38318 1.02024
69.9813 5.38318 0.625576
5.38318 16.1495 1.04758
16.1495 16.1495 2.05418
26.9159 16.1495 2.85975
37.6822 16.1495 3.16344
48.4486 16.1495 2.85528
59.215 16.1495 2.04466
69.9813 16.1495 1.21271
5.38318 26.9159 1.21884
16.1495 26.9159 2.71836
26.9159 26.9159 4.24125
37.6822 26.9159 4.71601
48.4486 26.9159 4.07761
59.215 26.9159 2.66535
69.9813 26.9159 1.4379
5.38318 37.6822 1.27526
16.1495 37.6822 3.03527
26.9159 37.6822 5.08901
37.6822 37.6822 5.65124
48.4486 37.6822 4.69678
59.215 37.6822 2.79092
69.9813 37.6822 1.34946
5.38318 48.4486 1.09809
16.1495 48.4486 2.69939
26.9159 48.4486 4.5983
37.6822 48.4486 5.11306
48.4486 48.4486 4.20488
59.215 48.4486 2.4876
69.9813 48.4486 1.1937
5.38318 59.215 0.635821
16.1495 59.215 1.52407
26.9159 59.215 2.47163
37.6822 59.215 2.77625
48.4486 59.215 2.48663
59.215 59.215 1.87376
69.9813 59.215 1.10646
5.38318 69.9813 0.231521
16.1495 69.9813 0.61383
26.9159 69.9813 0.944991
37.6822 69.9813 1.24347
48.4486 69.9813 1.19631
59.215 69.9813 1.27905
69.9813 69.9813 0.881213
5.38318 80.7477 -0.117674
16.1495 80.7477 -0.0768467
26.9159 80.7477 0.213573
37.6822 80.7477 0.57591
48.4486 80.7477 0.593365
59.215 80.7477 0.764853
69.9813 80.7477 0.529075
5.38318 91.514 -0.292285
16.1495 91.514 -0.395828
26.9159 91.514 -0.277388
37.6822 91.514 -0.192387
48.4486 91.514 -0.20259
59.215 91.514 -0.106849
69.9813 91.514 -0.039602
5.38318 102.28 -0.30311
16.1495 102.28 -0.441503
26.9159 102.28 -0.349843
37.6822 102.28 -0.292512
48.4486 102.28 -0.2781
59.215 102.28 -0.206803
69.9813 102.28 -0.0859859
5.38318 113.047 -0.278283
16.1495 113.047 -0.411623
26.9159 113.047 -0.378678
37.6822 113.047 -0.364224
48.4486 113.047 -0.346793
59.215 113.047 -0.271318
69.9813 113.047 -0.11377
5.38318 123.813 -0.1059
16.1495 123.813 -0.092162
26.9159 123.813 -0.00881416
37.6822 123.813 0.0398974
48.4486 123.813 -0.00922865
59.215 123.813 -0.0317789
69.9813 123.813 0.056896
5.38318 134.579 0.370842
16.1495 134.579 0.784554
26.9159 134.579 1.10945
37.6822 134.579 1.25625
48.4486 134.579 1.16104
59.215 134.579 0.824846
69.9813 134.579 0.569999
5.38318 145.346 1.07501
16.1495 145.346 1.96636
26.9159 145.346 2.46854
37.6822 145.346 2.68659
48.4486 145.346 2.55804
59.215 145.346 1.92503
69.9813 145.346 1.18127
5.38318 156.112 1.30731
16.1495 156.112 2.32559
26.9159 156.112 2.98235
37.6822 156.112 3.25987
48.4486 156.112 3.21784
59.215 156.112 2.53409
69.9813 156.112 1.52512
5.38318 166.879 1.14377
16.1495 166.879 2.05855
26.9159 166.879 2.69496
37.6822 166.879 2.84925
48.4486 166.879 2.81438
59.215 166.879 2.30954
69.9813 166.879 1.45578
5.38318 177.645 0.563312
16.1495 177.645 1.15296
26.9159 177.645 1.88505
37.6822 177.645 2.01799
48.4486 177.645 1.89777
59.215 177.645 1.56923
69.9813 177.645 1.01081
5.38318 188.411 0.388433
16.1495 188.411 0.897578
26.9159 188.411 1.76682
37.6822 188.411 1.94131
48.4486 188.411 1.7002
59.215 188.411 1.2486
69.9813 188.411 0.725409
5.38318 199.178 0.297282
16.1495 199.178 0.706128
26.9159 199.178 1.46158
37.6822 199.178 1.52973
48.4486 199.178 1.29932
59.215 199.178 0.929975
69.9813 199.178 0.610532
5.38318 209.944 0.247292
16.1495 209.944 0.509674
26.9159 209.944 0.899204
37.6822 209.944 0.821107
48.4486 209.944 0.725457
59.215 209.944 0.613827
69.9813 209.944 0.513304
