37 166
0 146 72 40
0 130 72 72
0 125 72 82
0 72 72 144
0 0 72 216
5.38318 5.38318 -0.031276
16.1495 5.38318 -0.0599062
26.9159 5.38318 0.181695
37.6822 5.38318 0.418212
48.4486 5.38318 0.668855
59.215 5.38318 0.708203
69.9813 5.38318 0.494467
5.38318 16.1495 -0.102466
16.1495 16.1495 -0.0470371
26.9159 16.1495 0.406168
37.6822 16.1495 0.707649
48.4486 16.1495 0.97985
59.215 16.1495 1.02054
69.9813 16.1495 0.768761
5.38318 26.9159 -0.267137
16.1495 26.9159 -0.302677
26.9159 26.9159 -0.110963
37.6822 26.9159 0.0248626
48.4486 26.9159 0.34977
59.215 26.9159 0.629549
69.9813 26.9159 0.643504
5.38318 37.6822 -0.146055
16.1495 37.6822 -0.132435
26.9159 37.6822 0.0304123
37.6822 37.6822 0.0175095
48.4486 37.6822 -0.00937591
59.215 37.6822 0.106583
69.9813 37.6822 0.284386
5.38318 48.4486 0.122211
16.1495 48.4486 0.401055
26.9159 48.4486 0.701549
37.6822 48.4486 0.462629
48.4486 48.4486 0.121094
59.215 48.4486 0.0830023
69.9813 48.4486 0.214767
5.38318 59.215 0.257422
16.1495 59.215 0.601798
26.9159 59.215 0.982736
37.6822 59.215 0.856135
48.4486 59.215 0.316986
59.215 59.215 0.0751501
69.9813 59.215 0.116458
5.38318 69.9813 0.155041
16.1495 69.9813 0.458952
26.9159 69.9813 0.908585
37.6822 69.9813 0.74294
48.4486 69.9813 -0.00375257
59.215 69.9813 -0.188877
69.9813 69.9813 -0.103856
5.38318 80.7477 -0.225407
16.1495 80.7477 -0.350173
26.9159 80.7477 -0.286453
37.6822 80.7477 -0.348186
48.4486 80.7477 -0.495139
59.215 80.7477 -0.492429
69.9813 80.7477 -0.24118
5.38318 91.514 -0.507757
16.1495 91.514 -0.83215
26.9159 91.514 -0.90921
37.6822 91.514 -0.967193
48.4486 91.514 -0.949466
59.215 91.514 -0.755887
69.9813 91.514 -0.341031
5.38318 102.28 -0.583338
16.1495 102.28 -0.950563
26.9159 102.28 -1.04269
37.6822 102.28 -1.06313
48.4486 102.28 -1.00317
59.215 102.28 -0.793539
69.9813 102.28 -0.34599
5.38318 113.047 -0.587218
16.1495 113.047 -0.933861
26.9159 113.047 -1.00967
37.6822 113.047 -1.00315
48.4486 113.047 -0.951635
59.215 113.047 -0.747144
69.9813 113.047 -0.322858
5.38318 123.813 -0.568677
16.1495 123.813 -0.85742
26.9159 123.813 -0.828398
37.6822 123.813 -0.723687
48.4486 123.813 -0.717874
59.215 123.813 -0.566506
69.9813 123.813 -0.255605
5.38318 134.579 -0.537874
16.1495 134.579 -0.682021
26.9159 134.579 -0.32091
37.6822 134.579 0.0220235
48.4486 134.579 -0.0593574
59.215 134.579 -0.170782
69.9813 134.579 -0.0956053
5.38318 145.346 -0.472878
16.1495 145.346 -0.318699
26.9159 145.346 1.15621
37.6822 145.346 2.3939
48.4486 145.346 2.0497
59.215 145.346 1.00637
69.9813 145.346 0.371745
5.38318 156.112 -0.273009
16.1495 156.112 0.218182
26.9159 156.112 2.57222
37.6822 156.112 3.83477
48.4486 156.112 3.35672
59.215 156.112 1.92461
69.9813 156.112 0.703269
5.38318 166.879 -0.00890066
16.1495 166.879 1.14141
26.9159 166.879 3.18103
37.6822 166.879 4.02633
48.4486 166.879 3.29234
59.215 166.879 1.86888
69.9813 166.879 0.689901
5.38318 177.645 0.749872
16.1495 177.645 2.11513
26.9159 177.645 3.51019
37.6822 177.645 3.43088
48.4486 177.645 2.41247
59.215 177.645 1.24666
69.9813 177.645 0.589276
5.38318 188.411 1.08207
16.1495 188.411 2.57059
26.9159 188.411 3.70449
37.6822 188.411 3.389
48.4486 188.411 2.4109
59.215 188.411 1.46883
69.9813 188.411 0.866857
5.38318 199.178 1.11604
16.1495 199.178 2.21876
26.9159 199.178 3.04016
37.6822 199.178 3.03435
48.4486 199.178 2.66207
59.215 199.178 2.2034
69.9813 199.178 1.42027
5.38318 209.944 0.703013
16.1495 209.944 1.13017
26.9159 209.944 1.49466
37.6822 209.944 1.78726
48.4486 209.944 2.0835
59.215 209.944 2.01767
69.9813 209.944 1.35244
