37 37
0 17 72 40
0 1 72 72
0 0 72 82
0 0 72 144
0 0 72 216
5.38318 5.38318 0.119233
16.1495 5.38318 0.307911
26.9159 5.38318 0.72354
37.6822 5.38318 0.939399
48.4486 5.38318 0.894718
59.215 5.38318 0.55554
69.9813 5.38318 0.327869
5.38318 16.1495 0.303484
16.1495 16.1495 0.987238
26.9159 16.1495 2.07533
37.6822 16.1495 2.45459
48.4486 16.1495 2.25632
59.215 16.1495 1.48561
69.9813 16.1495 0.851918
5.38318 26.9159 0.481153
16.1495 26.9159 1.62646
26.9159 26.9159 3.31778
37.6822 26.9159 3.91057
48.4486 26.9159 3.4798
59.215 26.9159 2.19813
69.9813 26.9159 1.17225
5.38318 37.6822 0.915245
16.1495 37.6822 2.19704
26.9159 37.6822 4.06901
37.6822 37.6822 4.59702
48.4486 37.6822 4.03217
59.215 37.6822 2.648
69.9813 37.6822 1.44596
5.38318 48.4486 1.12116
16.1495 48.4486 2.21089
26.9159 48.4486 3.65918
37.6822 48.4486 3.86606
48.4486 48.4486 3.45377
59.215 48.4486 2.42278
69.9813 48.4486 1.47855
5.38318 59.215 1.03747
16.1495 59.215 1.73966
26.9159 59.215 2.30895
37.6822 59.215 2.17543
48.4486 59.215 2.05449
59.215 59.215 1.59326
69.9813 59.215 1.24508
5.38318 69.9813 0.648425
16.1495 69.9813 1.13116
26.9159 69.9813 1.55513
37.6822 69.9813 1.39843
48.4486 69.9813 1.38834
59.215 69.9813 1.10178
69.9813 69.9813 0.990554
5.38318 80.7477 0.193106
16.1495 80.7477 0.444187
26.9159 80.7477 0.936892
37.6822 80.7477 0.779579
48.4486 80.7477 0.804976
59.215 80.7477 0.652158
69.9813 80.7477 0.706446
5.38318 91.514 -0.134576
16.1495 91.514 -0.167367
26.9159 91.514 0.0222964
37.6822 91.514 -0.0636556
48.4486 91.514 -0.0465396
59.215 91.514 -0.0145476
69.9813 91.514 0.282304
5.38318 102.28 -0.202711
16.1495 102.28 -0.290022
26.9159 102.28 -0.230317
37.6822 102.28 -0.277145
48.4486 102.28 -0.278434
59.215 102.28 -0.208896
69.9813 102.28 -0.0482243
5.38318 113.047 -0.283536
16.1495 113.047 -0.417207
26.9159 113.047 -0.37669
37.6822 113.047 -0.366472
48.4486 113.047 -0.354028
59.215 113.047 -0.28545
69.9813 113.047 -0.118381
5.38318 123.813 -0.206999
16.1495 123.813 -0.26972
26.9159 123.813 -0.151148
37.6822 123.813 -0.122415
48.4486 123.813 -0.106114
59.215 123.813 -0.106174
69.9813 123.813 -0.00953956
5.38318 134.579 -0.0141845
16.1495 134.579 0.263345
26.9159 134.579 0.75024
37.6822 134.579 0.874465
48.4486 134.579 0.798312
59.215 134.579 0.495029
69.9813 134.579 0.381221
5.38318 145.346 0.431895
16.1495 145.346 1.30241
26.9159 145.346 2.12508
37.6822 145.346 2.30901
48.4486 145.346 2.09464
59.215 145.346 1.46473
69.9813 145.346 0.919439
5.38318 156.112 0.785459
16.1495 156.112 2.13431
26.9159 156.112 3.29101
37.6822 156.112 3.55337
48.4486 156.112 3.17141
59.215 156.112 2.18646
69.9813 156.112 1.34402
5.38318 166.879 0.845405
16.1495 166.879 2.35585
26.9159 166.879 3.61699
37.6822 166.879 3.92021
48.4486 166.879 3.53315
59.215 166.879 2.43745
69.9813 166.879 1.51079
5.38318 177.645 0.586875
16.1495 177.645 1.81292
26.9159 177.645 2.87335
37.6822 177.645 3.26582
48.4486 177.645 3.07629
59.215 177.645 2.17015
69.9813 177.645 1.38629
5.38318 188.411 0.475084
16.1495 188.411 1.35017
26.9159 188.411 2.1283
37.6822 188.411 2.55282
48.4486 188.411 2.43474
59.215 188.411 1.84154
69.9813 188.411 1.14946
5.38318 199.178 0.257644
16.1495 199.178 1.03046
26.9159 199.178 1.7505
37.6822 199.178 2.19693
48.4486 199.178 1.92859
59.215 199.178 1.50129
69.9813 199.178 0.875488
5.38318 209.944 0.187849
16.1495 209.944 0.847465
26.9159 209.944 1.30374
37.6822 209.944 1.58233
48.4486 209.944 1.21743
59.215 209.944 0.892863
69.9813 209.944 0.488485
