37 37
0 17 72 40
0 1 72 72
0 0 72 82
0 0 72 144
0 0 72 216
5.38318 5.38318 0.560489
16.1495 5.38318 1.03355
26.9159 5.38318 1.51822
37.6822 5.38318 1.54642
48.4486 5.38318 1.38219
59.215 5.38318 0.937634
69.9813 5.38318 0.522928
5.38318 16.1495 1.02139
16.1495 16.1495 2.15316
26.9159 16.1495 3.17249
37.6822 16.1495 3.25965
48.4486 16.1495 2.88051
59.215 16.1495 1.90516
69.9813 16.1495 1.06075
5.38318 26.9159 1.14956
16.1495 26.9159 2.66765
26.9159 26.9159 4.402
37.6822 26.9159 4.77418
48.4486 26.9159 4.28145
59.215 26.9159 2.72602
69.9813 26.9159 1.42092
5.38318 37.6822 1.18448
16.1495 37.6822 2.74821
26.9159 37.6822 4.64485
37.6822 37.6822 5.18669
48.4486 37.6822 4.61315
59.215 37.6822 2.89098
69.9813 37.6822 1.45471
5.38318 48.4486 1.11934
16.1495 48.4486 2.42299
26.9159 48.4486 3.87507
37.6822 48.4486 4.20331
48.4486 48.4486 3.66771
59.215 48.4486 2.37117
69.9813 48.4486 1.25854
5.38318 59.215 0.773594
16.1495 59.215 1.56659
26.9159 59.215 1.99548
37.6822 59.215 1.95266
48.4486 59.215 1.60657
59.215 59.215 1.27611
69.9813 59.215 0.914801
5.38318 69.9813 0.428708
16.1495 69.9813 0.977706
26.9159 69.9813 1.06714
37.6822 69.9813 0.976531
48.4486 69.9813 0.7753
59.215 69.9813 0.871276
69.9813 69.9813 0.781916
5.38318 80.7477 -0.106515
16.1495 80.7477 -0.00514497
26.9159 80.7477 0.230683
37.6822 80.7477 0.175904
48.4486 80.7477 0.148637
59.215 80.7477 0.324895
69.9813 80.7477 0.472822
5.38318 91.514 -0.328504
16.1495 91.514 -0.427913
26.9159 91.514 -0.343601
37.6822 91.514 -0.291888
48.4486 91.514 -0.279347
59.215 91.514 -0.183118
69.9813 91.514 -0.021508
5.38318 102.28 -0.313257
16.1495 102.28 -0.439473
26.9159 102.28 -0.35682
37.6822 102.28 -0.299963
48.4486 102.28 -0.308519
59.215 102.28 -0.252549
69.9813 102.28 -0.11339
5.38318 113.047 -0.297881
16.1495 113.047 -0.447158
26.9159 113.047 -0.442721
37.6822 113.047 -0.42792
48.4486 113.047 -0.411703
59.215 113.047 -0.323063
69.9813 113.047 -0.143215
5.38318 123.813 -0.248385
16.1495 123.813 -0.362214
26.9159 123.813 -0.306729
37.6822 123.813 -0.310318
48.4486 123.813 -0.325776
59.215 123.813 -0.286273
69.9813 123.813 -0.13116
5.38318 134.579 -0.108041
16.1495 134.579 -0.114583
26.9159 134.579 0.0162237
37.6822 134.579 -0.000267017
48.4486 134.579 -0.0880989
59.215 134.579 -0.149333
69.9813 134.579 -0.0779549
5.38318 145.346 0.31861
16.1495 145.346 0.705353
26.9159 145.346 1.20276
37.6822 145.346 1.15322
48.4486 145.346 0.735372
59.215 145.346 0.287165
69.9813 145.346 0.100878
5.38318 156.112 0.910603
16.1495 156.112 1.64205
26.9159 156.112 2.27208
37.6822 156.112 2.23492
48.4486 156.112 1.74114
59.215 156.112 0.996927
69.9813 156.112 0.49614
5.38318 166.879 1.25792
16.1495 166.879 2.19551
26.9159 166.879 2.9566
37.6822 166.879 3.04825
48.4486 166.879 2.61375
59.215 166.879 1.85531
69.9813 166.879 1.06066
5.38318 177.645 1.42411
16.1495 177.645 2.34085
26.9159 177.645 2.98866
37.6822 177.645 3.21043
48.4486 177.645 3.10909
59.215 177.645 2.51173
69.9813 177.645 1.5763
5.38318 188.411 1.41827
16.1495 188.411 2.38515
26.9159 188.411 2.954
37.6822 188.411 3.40226
48.4486 188.411 3.42833
59.215 188.411 2.95072
69.9813 188.411 1.89536
5.38318 199.178 1.49354
16.1495 199.178 2.67669
26.9159 199.178 3.19091
37.6822 199.178 3.57927
48.4486 199.178 3.38128
59.215 199.178 2.71204
69.9813 199.178 1.69983
5.38318 209.944 1.16786
16.1495 209.944 2.15674
26.9159 209.944 2.66635
37.6822 209.944 2.98291
48.4486 209.944 2.59058
59.215 209.944 1.80056
69.9813 209.944 0.974041
