37 37
0 17 72 40
0 1 72 72
0 0 72 82
0 0 72 144
0 0 72 216
5.38318 5.38318 0.393078
16.1495 5.38318 0.622458
26.9159 5.38318 0.952146
37.6822 5.38318 0.945774
48.4486 5.38318 0.957919
59.215 5.38318 0.640221
69.9813 5.38318 0.444485
5.38318 16.1495 0.673348
16.1495 16.1495 1.54623
26.9159 16.1495 2.40121
37.6822 16.1495 2.5159
48.4486 16.1495 2.39262
59.215 16.1495 1.66021
69.9813 16.1495 1.03934
5.38318 26.9159 0.768815
16.1495 26.9159 2.08339
26.9159 26.9159 3.48745
37.6822 26.9159 3.92207
48.4486 26.9159 3.70563
59.215 26.9159 2.44948
69.9813 26.9159 1.39088
5.38318 37.6822 0.925283
16.1495 37.6822 2.34359
26.9159 37.6822 4.02557
37.6822 37.6822 4.67169
48.4486 37.6822 4.35196
59.215 37.6822 2.91298
69.9813 37.6822 1.5654
5.38318 48.4486 1.03954
16.1495 48.4486 2.2613
26.9159 48.4486 3.62481
37.6822 48.4486 4.02833
48.4486 48.4486 3.643
59.215 48.4486 2.43519
69.9813 48.4486 1.30626
5.38318 59.215 0.765531
16.1495 59.215 1.47249
26.9159 59.215 1.97065
37.6822 59.215 1.88216
48.4486 59.215 1.68784
59.215 59.215 1.32191
69.9813 59.215 0.917312
5.38318 69.9813 0.439945
16.1495 69.9813 0.900542
26.9159 69.9813 0.958508
37.6822 69.9813 0.780356
48.4486 69.9813 0.682805
59.215 69.9813 0.785679
69.9813 69.9813 0.710437
5.38318 80.7477 -0.0986473
16.1495 80.7477 -0.0339304
26.9159 80.7477 0.10401
37.6822 80.7477 0.0743538
48.4486 80.7477 0.219224
59.215 80.7477 0.453175
69.9813 80.7477 0.520427
5.38318 91.514 -0.308401
16.1495 91.514 -0.401012
26.9159 91.514 -0.282593
37.6822 91.514 -0.18962
48.4486 91.514 -0.13967
59.215 91.514 -0.0427814
69.9813 91.514 0.101588
5.38318 102.28 -0.309902
16.1495 102.28 -0.431121
26.9159 102.28 -0.329189
37.6822 102.28 -0.268196
48.4486 102.28 -0.269347
59.215 102.28 -0.218463
69.9813 102.28 -0.098252
5.38318 113.047 -0.299888
16.1495 113.047 -0.453829
26.9159 113.047 -0.457289
37.6822 113.047 -0.440668
48.4486 113.047 -0.425074
59.215 113.047 -0.335042
69.9813 113.047 -0.14893
5.38318 123.813 -0.297579
16.1495 123.813 -0.450494
26.9159 123.813 -0.455267
37.6822 123.813 -0.44035
48.4486 123.813 -0.426678
59.215 123.813 -0.341283
69.9813 123.813 -0.153808
5.38318 134.579 -0.287244
16.1495 134.579 -0.438146
26.9159 134.579 -0.441315
37.6822 134.579 -0.434793
48.4486 134.579 -0.423025
59.215 134.579 -0.336439
69.9813 134.579 -0.151399
5.38318 145.346 -0.181146
16.1495 145.346 -0.302817
26.9159 145.346 -0.297677
37.6822 145.346 -0.335559
48.4486 145.346 -0.349668
59.215 145.346 -0.274978
69.9813 145.346 -0.116308
5.38318 156.112 0.126446
16.1495 156.112 0.126953
26.9159 156.112 0.159639
37.6822 156.112 -0.0410316
48.4486 156.112 -0.123935
59.215 156.112 -0.113062
69.9813 156.112 -0.0107718
5.38318 166.879 0.852586
16.1495 166.879 1.25989
26.9159 166.879 1.25737
37.6822 166.879 0.78271
48.4486 166.879 0.477592
59.215 166.879 0.327302
69.9813 166.879 0.33613
5.38318 177.645 1.38397
16.1495 177.645 2.15905
26.9159 177.645 2.23692
37.6822 177.645 1.62464
48.4486 177.645 1.16519
59.215 177.645 0.887271
69.9813 177.645 0.747021
5.38318 188.411 1.53781
16.1495 188.411 2.4278
26.9159 188.411 2.48391
37.6822 188.411 1.81041
48.4486 188.411 1.28047
59.215 188.411 1.12309
69.9813 188.411 0.940169
5.38318 199.178 0.970126
16.1495 199.178 1.60542
26.9159 199.178 1.6628
37.6822 199.178 1.17793
48.4486 199.178 0.937128
59.215 199.178 1.03969
69.9813 199.178 0.931741
5.38318 209.944 0.399802
16.1495 209.944 0.710103
26.9159 209.944 0.674934
37.6822 209.944 0.502157
48.4486 209.944 0.481858
59.215 209.944 0.784582
69.9813 209.944 0.695774
