26 188
0 168 72 40
0 144 72 72
0 134 72 82
0 72 72 144
0 0 72 216
5.38318 5.38318 0.327649
16.1495 5.38318 0.603656
26.9159 5.38318 1.09774
37.6822 5.38318 1.37855
48.4486 5.38318 1.4791
59.215 5.38318 1.31042
69.9813 5.38318 0.850866
5.38318 16.1495 0.672703
16.1495 16.1495 1.2937
26.9159 16.1495 2.12972
37.6822 16.1495 2.46491
48.4486 16.1495 2.61752
59.215 16.1495 2.28589
69.9813 16.1495 1.52999
5.38318 26.9159 0.809192
16.1495 26.9159 1.41343
26.9159 26.9159 2.31806
37.6822 26.9159 2.42083
48.4486 26.9159 2.59303
59.215 26.9159 2.1844
69.9813 26.9159 1.54187
5.38318 37.6822 0.965763
16.1495 37.6822 1.52865
26.9159 37.6822 2.26523
37.6822 37.6822 1.93913
48.4486 37.6822 2.1539
59.215 37.6822 1.69111
69.9813 37.6822 1.29196
5.38318 48.4486 0.704069
16.1495 48.4486 1.0369
26.9159 48.4486 1.59376
37.6822 48.4486 1.14411
48.4486 48.4486 1.53666
59.215 48.4486 1.26586
69.9813 48.4486 1.1238
5.38318 59.215 0.196269
16.1495 59.215 0.258106
26.9159 59.215 0.666863
37.6822 59.215 0.374905
48.4486 59.215 0.880025
59.215 59.215 0.903775
69.9813 59.215 0.95738
5.38318 69.9813 -0.126851
16.1495 69.9813 -0.252531
26.9159 69.9813 -0.197964
37.6822 69.9813 -0.250807
48.4486 69.9813 -0.00882868
59.215 69.9813 0.312988
69.9813 69.9813 0.590394
5.38318 80.7477 -0.147537
16.1495 80.7477 -0.2301
26.9159 80.7477 -0.135001
37.6822 80.7477 -0.135903
48.4486 80.7477 -0.00884672
59.215 80.7477 0.327388
69.9813 80.7477 0.499247
5.38318 91.514 -0.198342
16.1495 91.514 -0.276378
26.9159 91.514 -0.191676
37.6822 91.514 -0.17816
48.4486 91.514 -0.116294
59.215 91.514 0.040945
69.9813 91.514 0.275919
5.38318 102.28 -0.206454
16.1495 102.28 -0.276488
26.9159 102.28 -0.1977
37.6822 102.28 -0.184842
48.4486 102.28 -0.173352
59.215 102.28 -0.109408
69.9813 102.28 0.0366798
5.38318 113.047 -0.2816
16.1495 113.047 -0.416143
26.9159 113.047 -0.3762
37.6822 113.047 -0.369729
48.4486 113.047 -0.36965
59.215 113.047 -0.303727
69.9813 113.047 -0.135414
5.38318 123.813 -0.198022
16.1495 123.813 -0.247604
26.9159 123.813 -0.137396
37.6822 123.813 -0.143317
48.4486 123.813 -0.211107
59.215 123.813 -0.230419
69.9813 123.813 -0.118701
5.38318 134.579 -0.032897
16.1495 134.579 0.236193
26.9159 134.579 0.704254
37.6822 134.579 0.710036
48.4486 134.579 0.343927
59.215 134.579 -0.015565
69.9813 134.579 -0.0442292
5.38318 145.346 0.369858
16.1495 145.346 1.14
26.9159 145.346 1.94477
37.6822 145.346 1.99172
48.4486 145.346 1.42224
59.215 145.346 0.652045
69.9813 145.346 0.238017
5.38318 156.112 0.801574
16.1495 156.112 1.93442
26.9159 156.112 2.88397
37.6822 156.112 2.97741
48.4486 156.112 2.22636
59.215 156.112 1.23463
69.9813 156.112 0.531841
5.38318 166.879 1.33219
16.1495 166.879 2.51936
26.9159 166.879 3.32828
37.6822 166.879 3.33287
48.4486 166.879 2.69033
59.215 166.879 1.68332
69.9813 166.879 0.856432
5.38318 177.645 1.89056
16.1495 177.645 3.10895
26.9159 177.645 3.49801
37.6822 177.645 3.25715
48.4486 177.645 2.71312
59.215 177.645 1.95272
69.9813 177.645 1.10042
5.38318 188.411 2.24978
16.1495 188.411 3.51626
26.9159 188.411 3.68274
37.6822 188.411 3.23547
48.4486 188.411 2.82366
59.215 188.411 2.2164
69.9813 188.411 1.34752
5.38318 199.178 1.65755
16.1495 199.178 2.66232
26.9159 199.178 2.93595
37.6822 199.178 2.66224
48.4486 199.178 2.57145
59.215 199.178 2.33591
69.9813 199.178 1.54995
5.38318 209.944 0.688193
16.1495 209.944 1.26371
26.9159 209.944 1.59356
37.6822 209.944 1.69061
48.4486 209.944 1.8789
59.215 209.944 1.91657
69.9813 209.944 1.36539
