37 177
0 157 72 40
0 141 72 72
0 134 72 82
0 72 72 144
0 0 72 216
5.38318 5.38318 0.204207
16.1495 5.38318 0.667263
26.9159 5.38318 1.55452
37.6822 5.38318 1.71249
48.4486 5.38318 1.28847
59.215 5.38318 0.565528
69.9813 5.38318 0.208653
5.38318 16.1495 0.238763
16.1495 16.1495 1.16659
26.9159 16.1495 2.72682
37.6822 16.1495 3.08176
48.4486 16.1495 2.39902
59.215 16.1495 1.16733
69.9813 16.1495 0.503129
5.38318 26.9159 -0.0126277
16.1495 26.9159 0.950764
26.9159 26.9159 2.72369
37.6822 26.9159 3.13266
48.4486 26.9159 2.45841
59.215 26.9159 1.02873
69.9813 26.9159 0.42845
5.38318 37.6822 0.190979
16.1495 37.6822 0.935959
26.9159 37.6822 2.07613
37.6822 37.6822 2.18038
48.4486 37.6822 1.79281
59.215 37.6822 0.775207
69.9813 37.6822 0.52199
5.38318 48.4486 0.480554
16.1495 48.4486 1.19902
26.9159 48.4486 1.85599
37.6822 48.4486 1.78656
48.4486 48.4486 1.74502
59.215 48.4486 1.08768
69.9813 48.4486 0.876612
5.38318 59.215 0.632017
16.1495 59.215 1.39437
26.9159 59.215 1.88018
37.6822 59.215 1.70436
48.4486 59.215 1.64704
59.215 59.215 1.05255
69.9813 59.215 0.857152
5.38318 69.9813 0.196133
16.1495 69.9813 0.657597
26.9159 69.9813 0.97728
37.6822 69.9813 0.901864
48.4486 69.9813 0.903803
59.215 69.9813 0.593191
69.9813 69.9813 0.593682
5.38318 80.7477 -0.238974
16.1495 80.7477 -0.285222
26.9159 80.7477 -0.220318
37.6822 80.7477 -0.280941
48.4486 80.7477 -0.324623
59.215 80.7477 -0.317018
69.9813 80.7477 -0.0925726
5.38318 91.514 -0.49862
16.1495 91.514 -0.79107
26.9159 91.514 -0.831352
37.6822 91.514 -0.86647
48.4486 91.514 -0.854838
59.215 91.514 -0.657272
69.9813 91.514 -0.284834
5.38318 102.28 -0.573254
16.1495 102.28 -0.922263
26.9159 102.28 -1.00725
37.6822 102.28 -1.01823
48.4486 102.28 -0.972763
59.215 102.28 -0.775564
69.9813 102.28 -0.340711
5.38318 113.047 -0.587473
16.1495 113.047 -0.943614
26.9159 113.047 -1.03174
37.6822 113.047 -1.0342
48.4486 113.047 -0.978858
59.215 113.047 -0.773938
69.9813 113.047 -0.337642
5.38318 123.813 -0.58359
16.1495 123.813 -0.928758
26.9159 123.813 -1.00375
37.6822 123.813 -1.00021
48.4486 123.813 -0.950637
59.215 123.813 -0.751017
69.9813 123.813 -0.327619
5.38318 134.579 -0.55984
16.1495 134.579 -0.864785
26.9159 134.579 -0.877925
37.6822 134.579 -0.83967
48.4486 134.579 -0.830352
59.215 134.579 -0.648943
69.9813 134.579 -0.293898
5.38318 145.346 -0.44842
16.1495 145.346 -0.562433
26.9159 145.346 -0.302418
37.6822 145.346 -0.202785
48.4486 145.346 -0.30976
59.215 145.346 -0.317077
69.9813 145.346 -0.153317
5.38318 156.112 -0.146703
16.1495 156.112 0.103733
26.9159 156.112 1.28697
37.6822 156.112 1.62081
48.4486 156.112 1.10628
59.215 156.112 0.551171
69.9813 156.112 0.253347
5.38318 166.879 0.436007
16.1495 166.879 1.38744
26.9159 166.879 2.83104
37.6822 166.879 3.15278
48.4486 166.879 2.64752
59.215 166.879 1.74463
69.9813 166.879 0.920281
5.38318 177.645 0.99604
16.1495 177.645 2.01078
26.9159 177.645 3.18177
37.6822 177.645 3.34808
48.4486 177.645 2.97808
59.215 177.645 2.13747
69.9813 177.645 1.27415
5.38318 188.411 1.05818
16.1495 188.411 1.67322
26.9159 188.411 2.32245
37.6822 188.411 2.20324
48.4486 188.411 2.09529
59.215 188.411 1.70372
69.9813 188.411 1.19022
5.38318 199.178 0.653914
16.1495 199.178 0.898654
26.9159 199.178 1.16288
37.6822 199.178 0.893426
48.4486 199.178 0.843804
59.215 199.178 0.792719
69.9813 199.178 0.701773
5.38318 209.944 0.112229
16.1495 209.944 0.12483
26.9159 209.944 0.303624
37.6822 209.944 0.171985
48.4486 209.944 0.166419
59.215 209.944 0.250915
69.9813 209.944 0.318177
