37 48
0 28 72 40
0 12 72 72
0 7 72 82
0 0 72 144
0 0 72 216
5.38318 5.38318 0.46923
16.1495 5.38318 0.553943
26.9159 5.38318 0.635875
37.6822 5.38318 0.608947
48.4486 5.38318 0.711313
59.215 5.38318 0.712293
69.9813 5.38318 0.562601
5.38318 16.1495 0.871811
16.1495 16.1495 1.56119
26.9159 16.1495 1.94876
37.6822 16.1495 1.87424
48.4486 16.1495 1.85325
59.215 16.1495 1.64219
69.9813 16.1495 1.17375
5.38318 26.9159 0.804083
16.1495 26.9159 1.69584
26.9159 26.9159 2.41817
37.6822 26.9159 2.4895
48.4486 26.9159 2.4391
59.215 26.9159 2.10444
69.9813 26.9159 1.4265
5.38318 37.6822 1.35021
16.1495 37.6822 2.65373
26.9159 37.6822 3.56805
37.6822 37.6822 3.71981
48.4486 37.6822 3.37067
59.215 37.6822 2.63412
69.9813 37.6822 1.63751
5.38318 48.4486 1.46476
16.1495 48.4486 2.7664
26.9159 48.4486 3.76641
37.6822 48.4486 3.86388
48.4486 48.4486 3.41708
59.215 48.4486 2.66365
69.9813 48.4486 1.60849
5.38318 59.215 1.39664
16.1495 59.215 2.39371
26.9159 59.215 3.11068
37.6822 59.215 3.01465
48.4486 59.215 2.85435
59.215 59.215 2.40124
69.9813 59.215 1.59572
5.38318 69.9813 0.633291
16.1495 69.9813 0.870816
26.9159 69.9813 1.36882
37.6822 69.9813 1.28166
48.4486 69.9813 1.64
59.215 69.9813 1.67706
69.9813 69.9813 1.26664
5.38318 80.7477 -0.0315188
16.1495 80.7477 -0.107355
26.9159 80.7477 0.243814
37.6822 80.7477 0.312113
48.4486 80.7477 0.867238
59.215 80.7477 0.923953
69.9813 80.7477 0.871081
5.38318 91.514 -0.234096
16.1495 91.514 -0.374824
26.9159 91.514 -0.330794
37.6822 91.514 -0.291045
48.4486 91.514 -0.213523
59.215 91.514 -0.154146
69.9813 91.514 0.00172035
5.38318 102.28 -0.287994
16.1495 102.28 -0.435515
26.9159 102.28 -0.42954
37.6822 102.28 -0.410651
48.4486 102.28 -0.402369
59.215 102.28 -0.322674
69.9813 102.28 -0.142053
5.38318 113.047 -0.299947
16.1495 113.047 -0.454873
26.9159 113.047 -0.459334
37.6822 113.047 -0.442182
48.4486 113.047 -0.420569
59.215 113.047 -0.328461
69.9813 113.047 -0.14529
5.38318 123.813 -0.278407
16.1495 123.813 -0.412727
26.9159 123.813 -0.35585
37.6822 123.813 -0.336436
48.4486 123.813 -0.327698
59.215 123.813 -0.267056
69.9813 123.813 -0.118838
5.38318 134.579 -0.223443
16.1495 134.579 -0.260222
26.9159 134.579 -0.108859
37.6822 134.579 -0.0277275
48.4486 134.579 -0.0783418
59.215 134.579 -0.116177
69.9813 134.579 -0.0628909
5.38318 145.346 -0.104519
16.1495 145.346 0.0907138
26.9159 145.346 0.861608
37.6822 145.346 1.19093
48.4486 145.346 0.873687
59.215 145.346 0.397924
69.9813 145.346 0.102441
5.38318 156.112 0.0567524
16.1495 156.112 0.800188
26.9159 156.112 1.94024
37.6822 156.112 2.42486
48.4486 156.112 1.92004
59.215 156.112 1.01346
69.9813 156.112 0.34551
5.38318 166.879 0.403531
16.1495 166.879 1.41729
26.9159 166.879 2.65667
37.6822 166.879 3.14045
48.4486 166.879 2.5436
59.215 166.879 1.40245
69.9813 166.879 0.55963
5.38318 177.645 0.641651
16.1495 177.645 1.66746
26.9159 177.645 2.67893
37.6822 177.645 2.9498
48.4486 177.645 2.51499
59.215 177.645 1.49769
69.9813 177.645 0.815766
5.38318 188.411 0.891221
16.1495 188.411 1.83262
26.9159 188.411 2.51231
37.6822 188.411 2.65694
48.4486 188.411 2.49628
59.215 188.411 1.70102
69.9813 188.411 1.06991
5.38318 199.178 0.839946
16.1495 199.178 1.64004
26.9159 199.178 2.26321
37.6822 199.178 2.55983
48.4486 199.178 2.70384
59.215 199.178 1.97889
69.9813 199.178 1.22922
5.38318 209.944 0.60531
16.1495 209.944 1.10881
26.9159 209.944 1.48481
37.6822 209.944 1.81493
48.4486 209.944 2.01121
59.215 209.944 1.58348
69.9813 209.944 0.970574
