48 166
0 146 72 40
0 130 72 72
0 125 72 82
0 72 72 144
0 0 72 216
5.38318 5.38318 0.205462
16.1495 5.38318 0.258798
26.9159 5.38318 0.350223
37.6822 5.38318 0.343393
48.4486 5.38318 0.247478
59.215 5.38318 0.199559
69.9813 5.38318 0.133655
5.38318 16.1495 0.370305
16.1495 16.1495 0.628255
26.9159 16.1495 0.817147
37.6822 16.1495 0.834463
48.4486 16.1495 0.681092
59.215 16.1495 0.596125
69.9813 16.1495 0.410924
5.38318 26.9159 0.434901
16.1495 26.9159 0.703178
26.9159 26.9159 0.7306
37.6822 26.9159 0.788083
48.4486 26.9159 0.626886
59.215 26.9159 0.62935
69.9813 26.9159 0.434258
5.38318 37.6822 0.744391
16.1495 37.6822 1.06764
26.9159 37.6822 0.956986
37.6822 37.6822 0.938826
48.4486 37.6822 0.839135
59.215 37.6822 0.944843
69.9813 37.6822 0.652248
5.38318 48.4486 0.681303
16.1495 48.4486 0.958986
26.9159 48.4486 0.919779
37.6822 48.4486 0.919285
48.4486 48.4486 0.93116
59.215 48.4486 1.05999
69.9813 48.4486 0.726618
5.38318 59.215 0.339558
16.1495 59.215 0.513431
26.9159 59.215 0.690252
37.6822 59.215 0.736249
48.4486 59.215 0.822969
59.215 59.215 0.929467
69.9813 59.215 0.646332
5.38318 69.9813 0.0341353
16.1495 69.9813 0.0468623
26.9159 69.9813 0.248449
37.6822 69.9813 0.225499
48.4486 69.9813 0.286355
59.215 69.9813 0.402232
69.9813 69.9813 0.321596
5.38318 80.7477 -0.118095
16.1495 80.7477 -0.172396
26.9159 80.7477 -0.164192
37.6822 80.7477 -0.189303
48.4486 80.7477 -0.182653
59.215 80.7477 -0.1042
69.9813 80.7477 -0.00295844
5.38318 91.514 -0.245728
16.1495 91.514 -0.374211
26.9159 91.514 -0.407091
37.6822 91.514 -0.435125
48.4486 91.514 -0.432101
59.215 91.514 -0.339512
69.9813 91.514 -0.146811
5.38318 102.28 -0.292501
16.1495 102.28 -0.447305
26.9159 102.28 -0.465837
37.6822 102.28 -0.458097
48.4486 102.28 -0.424643
59.215 102.28 -0.327627
69.9813 102.28 -0.138602
5.38318 113.047 -0.297583
16.1495 113.047 -0.448388
26.9159 113.047 -0.439368
37.6822 113.047 -0.412457
48.4486 113.047 -0.377314
59.215 113.047 -0.274633
69.9813 113.047 -0.112101
5.38318 123.813 -0.281653
16.1495 123.813 -0.386453
26.9159 123.813 -0.271866
37.6822 123.813 -0.159789
48.4486 123.813 -0.091424
59.215 123.813 -0.00922609
69.9813 123.813 0.135468
5.38318 134.579 -0.197062
16.1495 134.579 -0.191128
26.9159 134.579 0.134239
37.6822 134.579 0.602461
48.4486 134.579 0.843699
59.215 134.579 0.876591
69.9813 134.579 0.656144
5.38318 145.346 -0.0372715
16.1495 145.346 0.334037
26.9159 145.346 1.18089
37.6822 145.346 1.95531
48.4486 145.346 2.27865
59.215 145.346 2.15493
69.9813 145.346 1.42816
5.38318 156.112 0.432009
16.1495 156.112 1.15759
26.9159 156.112 2.16028
37.6822 156.112 2.8516
48.4486 156.112 3.16313
59.215 156.112 2.91447
69.9813 156.112 1.94221
5.38318 166.879 1.02592
16.1495 166.879 1.89861
26.9159 166.879 2.80786
37.6822 166.879 3.17093
48.4486 166.879 3.32701
59.215 166.879 2.99851
69.9813 166.879 1.99456
5.38318 177.645 1.24185
16.1495 177.645 2.0216
26.9159 177.645 2.66879
37.6822 177.645 2.40306
48.4486 177.645 2.39577
59.215 177.645 2.1134
69.9813 177.645 1.51658
5.38318 188.411 1.15914
16.1495 188.411 1.68808
26.9159 188.411 2.204
37.6822 188.411 1.47145
48.4486 188.411 1.62688
59.215 188.411 1.46347
69.9813 188.411 1.22312
5.38318 199.178 0.401806
16.1495 199.178 0.549178
26.9159 199.178 0.942316
37.6822 199.178 0.428859
48.4486 199.178 0.792376
59.215 199.178 0.802164
69.9813 199.178 0.87042
5.38318 209.944 -0.00598377
16.1495 209.944 -0.0400382
26.9159 209.944 0.0397862
37.6822 209.944 -0.141895
48.4486 209.944 0.0797888
59.215 209.944 0.241013
69.9813 209.944 0.476775
