37 37
0 17 72 40
0 1 72 72
0 0 72 82
0 0 72 144
0 0 72 216
5.38318 5.38318 0.608748
16.1495 5.38318 1.17401
26.9159 5.38318 1.5858
37.6822 5.38318 1.73101
48.4486 5.38318 1.52717
59.215 5.38318 1.10683
69.9813 5.38318 0.610553
5.38318 16.1495 0.996446
16.1495 16.1495 2.23587
26.9159 16.1495 3.27729
37.6822 16.1495 3.65921
48.4486 16.1495 3.27556
59.215 16.1495 2.27928
69.9813 16.1495 1.26985
5.38318 26.9159 1.24994
16.1495 26.9159 2.89699
26.9159 26.9159 4.4891
37.6822 26.9159 5.06062
48.4486 26.9159 4.53209
59.215 26.9159 3.09846
69.9813 26.9159 1.67821
5.38318 37.6822 1.48679
16.1495 37.6822 3.25953
26.9159 37.6822 5.01211
37.6822 37.6822 5.52917
48.4486 37.6822 4.98496
59.215 37.6822 3.38192
69.9813 37.6822 1.88327
5.38318 48.4486 2.05286
16.1495 48.4486 3.82156
26.9159 48.4486 5.13978
37.6822 48.4486 5.4176
48.4486 48.4486 5.08013
59.215 48.4486 3.85722
69.9813 48.4486 2.33321
5.38318 59.215 2.3499
16.1495 59.215 3.90036
26.9159 59.215 4.4411
37.6822 59.215 4.50029
48.4486 59.215 4.57622
59.215 59.215 4.17224
69.9813 59.215 2.75599
5.38318 69.9813 2.01612
16.1495 69.9813 3.32894
26.9159 69.9813 3.65709
37.6822 69.9813 3.71397
48.4486 69.9813 3.64265
59.215 69.9813 3.43244
69.9813 69.9813 2.24254
5.38318 80.7477 0.412784
16.1495 80.7477 0.949054
26.9159 80.7477 1.43053
37.6822 80.7477 1.63754
48.4486 80.7477 1.20385
59.215 80.7477 1.1712
69.9813 80.7477 0.750501
5.38318 91.514 -0.537917
16.1495 91.514 -0.78823
26.9159 91.514 -0.720856
37.6822 91.514 -0.612986
48.4486 91.514 -0.77449
59.215 91.514 -0.596166
69.9813 91.514 -0.337818
5.38318 102.28 -0.582563
16.1495 102.28 -0.924316
26.9159 102.28 -0.994625
37.6822 102.28 -0.990346
48.4486 102.28 -0.979759
59.215 102.28 -0.784165
69.9813 102.28 -0.375515
5.38318 113.047 -0.585683
16.1495 113.047 -0.940632
26.9159 113.047 -1.02588
37.6822 113.047 -1.02732
48.4486 113.047 -0.972301
59.215 113.047 -0.768759
69.9813 113.047 -0.334878
5.38318 123.813 -0.58439
16.1495 123.813 -0.936898
26.9159 123.813 -1.01963
37.6822 123.813 -1.01873
48.4486 123.813 -0.961107
59.215 123.813 -0.750544
69.9813 123.813 -0.320616
5.38318 134.579 -0.584396
16.1495 134.579 -0.936327
26.9159 134.579 -1.00806
37.6822 134.579 -0.987506
48.4486 134.579 -0.905186
59.215 134.579 -0.634669
69.9813 134.579 -0.243805
5.38318 145.346 -0.582675
16.1495 145.346 -0.922919
26.9159 145.346 -0.963334
37.6822 145.346 -0.887655
48.4486 145.346 -0.67547
59.215 145.346 -0.393718
69.9813 145.346 -0.0850772
5.38318 156.112 -0.56568
16.1495 156.112 -0.874954
26.9159 156.112 -0.832503
37.6822 156.112 -0.601877
48.4486 156.112 -0.248921
59.215 156.112 0.0975914
69.9813 156.112 0.465033
5.38318 166.879 -0.519284
16.1495 166.879 -0.759515
26.9159 166.879 -0.596643
37.6822 166.879 -0.246429
48.4486 166.879 0.590239
59.215 166.879 1.0311
69.9813 166.879 0.9931
5.38318 177.645 -0.36823
16.1495 177.645 -0.486583
26.9159 177.645 -0.351422
37.6822 177.645 0.0212099
48.4486 177.645 0.943489
59.215 177.645 1.31984
69.9813 177.645 1.11305
5.38318 188.411 -0.145129
16.1495 188.411 -0.176216
26.9159 188.411 -0.17323
37.6822 188.411 -0.0109986
48.4486 188.411 0.387257
59.215 188.411 0.763775
69.9813 188.411 0.768565
5.38318 199.178 0.137463
16.1495 199.178 0.257381
26.9159 199.178 0.0743771
37.6822 199.178 -0.0285322
48.4486 199.178 -0.103621
59.215 199.178 0.11483
69.9813 199.178 0.362996
5.38318 209.944 0.338309
16.1495 209.944 0.558162
26.9159 209.944 0.451908
37.6822 209.944 0.209604
48.4486 209.944 0.0400575
59.215 209.944 0.219869
69.9813 209.944 0.350629
