37 166
0 146 72 40
0 130 72 72
0 125 72 82
0 72 72 144
0 0 72 216
5.38318 5.38318 0.605194
16.1495 5.38318 1.04867
26.9159 5.38318 1.19668
37.6822 5.38318 1.24363
48.4486 5.38318 1.12045
59.215 5.38318 0.95195
69.9813 5.38318 0.602799
5.38318 16.1495 1.14049
16.1495 16.1495 1.93355
26.9159 16.1495 2.1692
37.6822 16.1495 2.25768
48.4486 16.1495 2.12103
59.215 16.1495 1.85129
69.9813 16.1495 1.19135
5.38318 26.9159 1.47614
16.1495 26.9159 2.30141
26.9159 26.9159 2.36936
37.6822 26.9159 2.41523
48.4486 26.9159 2.42625
59.215 26.9159 2.32895
69.9813 26.9159 1.55779
5.38318 37.6822 1.61408
16.1495 37.6822 2.32338
26.9159 37.6822 2.2841
37.6822 37.6822 2.24777
48.4486 37.6822 2.4287
59.215 37.6822 2.43209
69.9813 37.6822 1.69029
5.38318 48.4486 1.38361
16.1495 48.4486 2.01318
26.9159 48.4486 2.22695
37.6822 48.4486 2.26396
48.4486 48.4486 2.49595
59.215 48.4486 2.32869
69.9813 48.4486 1.62536
5.38318 59.215 0.685044
16.1495 59.215 1.16849
26.9159 59.215 1.74909
37.6822 59.215 1.83223
48.4486 59.215 1.99051
59.215 59.215 1.51554
69.9813 59.215 1.09139
5.38318 69.9813 0.331105
16.1495 69.9813 0.657293
26.9159 69.9813 1.34681
37.6822 69.9813 1.2813
48.4486 69.9813 1.45645
59.215 69.9813 0.945295
69.9813 69.9813 0.838561
5.38318 80.7477 -0.124583
16.1495 80.7477 -0.169283
26.9159 80.7477 0.206865
37.6822 80.7477 -0.0426397
48.4486 80.7477 0.170421
59.215 80.7477 -0.0374903
69.9813 80.7477 0.341826
5.38318 91.514 -0.421115
16.1495 91.514 -0.697978
26.9159 91.514 -0.670939
37.6822 91.514 -0.783539
48.4486 91.514 -0.691599
59.215 91.514 -0.548673
69.9813 91.514 -0.169301
5.38318 102.28 -0.541165
16.1495 102.28 -0.880925
26.9159 102.28 -0.962529
37.6822 102.28 -0.999974
48.4486 102.28 -0.943605
59.215 102.28 -0.751624
69.9813 102.28 -0.309294
5.38318 113.047 -0.570136
16.1495 113.047 -0.913697
26.9159 113.047 -0.996283
37.6822 113.047 -1.00542
48.4486 113.047 -0.958912
59.215 113.047 -0.75735
69.9813 113.047 -0.327028
5.38318 123.813 -0.499433
16.1495 123.813 -0.745292
26.9159 123.813 -0.702706
37.6822 123.813 -0.719935
48.4486 123.813 -0.718076
59.215 123.813 -0.598152
69.9813 123.813 -0.254309
5.38318 134.579 -0.301837
16.1495 134.579 -0.370229
26.9159 134.579 -0.190235
37.6822 134.579 -0.21715
48.4486 134.579 -0.284152
59.215 134.579 -0.348309
69.9813 134.579 -0.128022
5.38318 145.346 -0.00928441
16.1495 145.346 0.592242
26.9159 145.346 1.49047
37.6822 145.346 1.57639
48.4486 145.346 1.22936
59.215 145.346 0.482591
69.9813 145.346 0.357655
5.38318 156.112 0.171764
16.1495 156.112 1.02005
26.9159 156.112 2.18767
37.6822 156.112 2.47569
48.4486 156.112 2.19021
59.215 156.112 1.32638
69.9813 156.112 0.769012
5.38318 166.879 0.0210029
16.1495 166.879 0.819146
26.9159 166.879 2.0818
37.6822 166.879 2.52154
48.4486 166.879 2.38607
59.215 166.879 1.71264
69.9813 166.879 1.0189
5.38318 177.645 -0.234019
16.1495 177.645 -0.108469
26.9159 177.645 0.881564
37.6822 177.645 1.40186
48.4486 177.645 1.52537
59.215 177.645 1.23542
69.9813 177.645 0.846453
5.38318 188.411 -0.309172
16.1495 188.411 -0.26028
26.9159 188.411 0.352497
37.6822 188.411 0.714643
48.4486 188.411 0.694339
59.215 188.411 0.451943
69.9813 188.411 0.439177
5.38318 199.178 -0.313543
16.1495 199.178 -0.28168
26.9159 199.178 -0.00631077
37.6822 199.178 0.121564
48.4486 199.178 -0.0878592
59.215 199.178 -0.169233
69.9813 199.178 -0.0231474
5.38318 209.944 -0.207698
16.1495 209.944 -0.150215
26.9159 209.944 0.092392
37.6822 209.944 0.096237
48.4486 209.944 -0.145193
59.215 209.944 -0.193303
69.9813 209.944 -0.0576197
