37 177
0 157 72 40
0 141 72 72
0 134 72 82
0 72 72 144
0 0 72 216
5.38318 5.38318 0.187828
16.1495 5.38318 0.465643
26.9159 5.38318 0.964803
37.6822 5.38318 1.15438
48.4486 5.38318 1.0642
59.215 5.38318 0.662011
69.9813 5.38318 0.363583
5.38318 16.1495 0.351794
16.1495 16.1495 1.20673
26.9159 16.1495 2.24658
37.6822 16.1495 2.61454
48.4486 16.1495 2.35802
59.215 16.1495 1.5234
69.9813 16.1495 0.827748
5.38318 26.9159 0.506174
16.1495 26.9159 1.67107
26.9159 26.9159 3.02924
37.6822 26.9159 3.52875
48.4486 26.9159 3.13336
59.215 26.9159 1.99721
69.9813 26.9159 1.01281
5.38318 37.6822 0.776541
16.1495 37.6822 1.90244
26.9159 37.6822 3.13145
37.6822 37.6822 3.52023
48.4486 37.6822 3.07576
59.215 37.6822 1.98812
69.9813 37.6822 1.01812
5.38318 48.4486 0.928051
16.1495 48.4486 1.75063
26.9159 48.4486 2.44224
37.6822 48.4486 2.46106
48.4486 48.4486 2.1322
59.215 48.4486 1.51425
69.9813 48.4486 0.906702
5.38318 59.215 0.777707
16.1495 59.215 1.39724
26.9159 59.215 1.56247
37.6822 59.215 1.3653
48.4486 59.215 1.20708
59.215 59.215 1.02407
69.9813 59.215 0.813086
5.38318 69.9813 0.544714
16.1495 69.9813 1.03891
26.9159 69.9813 1.04784
37.6822 69.9813 0.901405
48.4486 69.9813 0.820787
59.215 69.9813 0.863841
69.9813 69.9813 0.780797
5.38318 80.7477 -0.00234291
16.1495 80.7477 0.237829
26.9159 80.7477 0.357699
37.6822 80.7477 0.345429
48.4486 80.7477 0.304181
59.215 80.7477 0.447712
69.9813 80.7477 0.480689
5.38318 91.514 -0.257315
16.1495 91.514 -0.332442
26.9159 91.514 -0.266172
37.6822 91.514 -0.198236
48.4486 91.514 -0.191195
59.215 91.514 -0.108939
69.9813 91.514 0.0255474
5.38318 102.28 -0.296419
16.1495 102.28 -0.415329
26.9159 102.28 -0.335969
37.6822 102.28 -0.278875
48.4486 102.28 -0.270265
59.215 102.28 -0.210422
69.9813 102.28 -0.0844728
5.38318 113.047 -0.269382
16.1495 113.047 -0.405402
26.9159 113.047 -0.375142
37.6822 113.047 -0.374572
48.4486 113.047 -0.365319
59.215 113.047 -0.290074
69.9813 113.047 -0.12384
5.38318 123.813 -0.162807
16.1495 123.813 -0.237243
26.9159 123.813 -0.193063
37.6822 123.813 -0.202683
48.4486 123.813 -0.194892
59.215 123.813 -0.143007
69.9813 123.813 -0.0338972
5.38318 134.579 0.242595
16.1495 134.579 0.410329
26.9159 134.579 0.560162
37.6822 134.579 0.480804
48.4486 134.579 0.444566
59.215 134.579 0.367874
69.9813 134.579 0.334243
5.38318 145.346 0.943709
16.1495 145.346 1.56976
26.9159 145.346 1.91216
37.6822 145.346 1.84565
48.4486 145.346 1.73614
59.215 145.346 1.35668
69.9813 145.346 0.887753
5.38318 156.112 1.59075
16.1495 156.112 2.78917
26.9159 156.112 3.52148
37.6822 156.112 3.4594
48.4486 156.112 3.17094
59.215 156.112 2.36974
69.9813 156.112 1.43651
5.38318 166.879 1.85139
16.1495 166.879 3.58779
26.9159 166.879 5.07452
37.6822 166.879 5.15485
48.4486 166.879 4.56686
59.215 166.879 3.12659
69.9813 166.879 1.7507
5.38318 177.645 1.4889
16.1495 177.645 3.29859
26.9159 177.645 5.34503
37.6822 177.645 5.73316
48.4486 177.645 5.05583
59.215 177.645 3.25767
69.9813 177.645 1.70925
5.38318 188.411 1.11227
16.1495 188.411 2.59676
26.9159 188.411 4.39535
37.6822 188.411 4.78383
48.4486 188.411 4.08433
59.215 188.411 2.40415
69.9813 188.411 1.184
5.38318 199.178 0.805883
16.1495 199.178 1.51107
26.9159 199.178 2.23795
37.6822 199.178 2.23198
48.4486 199.178 1.94409
59.215 199.178 1.22095
69.9813 199.178 0.719382
5.38318 209.944 0.551484
16.1495 209.944 0.880027
26.9159 209.944 1.02334
37.6822 209.944 0.93364
48.4486 209.944 0.778313
59.215 209.944 0.590857
69.9813 209.944 0.447795
