37 26
0 6 72 40
0 0 72 72
0 0 72 82
0 0 72 144
0 0 72 216
5.38318 5.38318 0.622384
16.1495 5.38318 1.17917
26.9159 5.38318 1.7441
37.6822 5.38318 1.92425
48.4486 5.38318 1.7343
59.215 5.38318 1.13301
69.9813 5.38318 0.610362
5.38318 16.1495 0.999074
16.1495 16.1495 2.18693
26.9159 16.1495 3.35919
37.6822 16.1495 3.68293
48.4486 16.1495 3.27753
59.215 16.1495 2.11653
69.9813 16.1495 1.18026
5.38318 26.9159 1.26814
16.1495 26.9159 2.9021
26.9159 26.9159 4.39225
37.6822 26.9159 4.61314
48.4486 26.9159 3.95938
59.215 26.9159 2.47931
69.9813 26.9159 1.40993
5.38318 37.6822 1.25984
16.1495 37.6822 2.81935
26.9159 37.6822 4.20113
37.6822 37.6822 4.36273
48.4486 37.6822 3.81482
59.215 37.6822 2.3991
69.9813 37.6822 1.39906
5.38318 48.4486 1.46162
16.1495 48.4486 2.74974
26.9159 48.4486 3.75547
37.6822 48.4486 3.82996
48.4486 48.4486 3.64424
59.215 48.4486 2.56096
69.9813 48.4486 1.61733
5.38318 59.215 1.43448
16.1495 59.215 2.23139
26.9159 59.215 2.64585
37.6822 59.215 2.51677
48.4486 59.215 2.78305
59.215 59.215 2.35056
69.9813 59.215 1.72847
5.38318 69.9813 1.2102
16.1495 69.9813 1.657
26.9159 69.9813 1.85048
37.6822 69.9813 1.41586
48.4486 69.9813 1.82005
59.215 69.9813 1.68961
69.9813 69.9813 1.42685
5.38318 80.7477 0.0645546
16.1495 80.7477 -0.0357179
26.9159 80.7477 0.272367
37.6822 80.7477 -0.0302106
48.4486 80.7477 0.293213
59.215 80.7477 0.346937
69.9813 80.7477 0.606984
5.38318 91.514 -0.442331
16.1495 91.514 -0.748415
26.9159 91.514 -0.711725
37.6822 91.514 -0.793994
48.4486 91.514 -0.725252
59.215 91.514 -0.575402
69.9813 91.514 -0.209989
5.38318 102.28 -0.555098
16.1495 102.28 -0.901987
26.9159 102.28 -0.975829
37.6822 102.28 -0.995953
48.4486 102.28 -0.942533
59.215 102.28 -0.735583
69.9813 102.28 -0.311448
5.38318 113.047 -0.582829
16.1495 113.047 -0.927415
26.9159 113.047 -0.999989
37.6822 113.047 -0.990903
48.4486 113.047 -0.936292
59.215 113.047 -0.719393
69.9813 113.047 -0.306163
5.38318 123.813 -0.55751
16.1495 123.813 -0.861385
26.9159 123.813 -0.844889
37.6822 123.813 -0.745462
48.4486 123.813 -0.649
59.215 123.813 -0.458997
69.9813 123.813 -0.163643
5.38318 134.579 -0.462376
16.1495 134.579 -0.6206
26.9159 134.579 -0.407353
37.6822 134.579 -0.192862
48.4486 134.579 -0.0815378
59.215 134.579 -0.00096636
69.9813 134.579 0.237664
5.38318 145.346 -0.20912
16.1495 145.346 -0.099128
26.9159 145.346 0.845041
37.6822 145.346 1.58331
48.4486 145.346 1.79137
59.215 145.346 1.46061
69.9813 145.346 0.993505
5.38318 156.112 0.256469
16.1495 156.112 0.974462
26.9159 156.112 2.25458
37.6822 156.112 2.97144
48.4486 156.112 3.08252
59.215 156.112 2.47451
69.9813 156.112 1.52031
5.38318 166.879 0.737905
16.1495 166.879 1.85994
26.9159 166.879 3.19225
37.6822 166.879 3.91186
48.4486 166.879 3.80863
59.215 166.879 2.86643
69.9813 166.879 1.6506
5.38318 177.645 1.01475
16.1495 177.645 2.13625
26.9159 177.645 3.44511
37.6822 177.645 4.17714
48.4486 177.645 3.99848
59.215 177.645 3.05035
69.9813 177.645 1.68302
5.38318 188.411 0.965497
16.1495 188.411 1.90547
26.9159 188.411 3.06371
37.6822 188.411 3.78573
48.4486 188.411 3.57965
59.215 188.411 2.71247
69.9813 188.411 1.44057
5.38318 199.178 0.702777
16.1495 199.178 1.275
26.9159 199.178 1.91493
37.6822 199.178 2.23672
48.4486 199.178 2.10438
59.215 199.178 1.8092
69.9813 199.178 1.0439
5.38318 209.944 0.445675
16.1495 209.944 0.764175
26.9159 209.944 1.04778
37.6822 209.944 0.995239
48.4486 209.944 0.939567
59.215 209.944 0.968783
69.9813 209.944 0.707629
