59 48
0 28 72 40
0 12 72 72
0 7 72 82
0 0 72 144
0 0 72 216
5.38318 5.38318 0.404719
16.1495 5.38318 0.794153
26.9159 5.38318 1.15905
37.6822 5.38318 1.12202
48.4486 5.38318 0.896736
59.215 5.38318 0.573238
69.9813 5.38318 0.346956
5.38318 16.1495 0.796702
16.1495 16.1495 1.69782
26.9159 16.1495 2.25747
37.6822 16.1495 2.20777
48.4486 16.1495 1.9288
59.215 16.1495 1.50988
69.9813 16.1495 1.02568
5.38318 26.9159 1.12012
16.1495 26.9159 2.05908
26.9159 26.9159 2.5142
37.6822 26.9159 2.42109
48.4486 26.9159 2.2924
59.215 26.9159 1.95207
69.9813 26.9159 1.40368
5.38318 37.6822 1.83361
16.1495 37.6822 2.86748
26.9159 37.6822 2.95063
37.6822 37.6822 2.74433
48.4486 37.6822 3.00732
59.215 37.6822 3.01785
69.9813 37.6822 2.21152
5.38318 48.4486 2.13587
16.1495 48.4486 3.21721
26.9159 48.4486 3.09263
37.6822 48.4486 2.71279
48.4486 48.4486 3.11667
59.215 48.4486 3.3167
69.9813 48.4486 2.4755
5.38318 59.215 1.49342
16.1495 59.215 2.21382
26.9159 59.215 2.18198
37.6822 59.215 1.99689
48.4486 59.215 2.4249
59.215 59.215 2.61199
69.9813 59.215 1.95738
5.38318 69.9813 0.0517347
16.1495 69.9813 0.0766242
26.9159 69.9813 0.170562
37.6822 69.9813 0.104942
48.4486 69.9813 0.286886
59.215 69.9813 0.530745
69.9813 69.9813 0.569354
5.38318 80.7477 -0.193662
16.1495 80.7477 -0.314099
26.9159 80.7477 -0.276863
37.6822 80.7477 -0.310347
48.4486 80.7477 -0.309644
59.215 80.7477 -0.196355
69.9813 80.7477 -0.0109738
5.38318 91.514 -0.226787
16.1495 91.514 -0.334888
26.9159 91.514 -0.287657
37.6822 91.514 -0.324337
48.4486 91.514 -0.348316
59.215 91.514 -0.27975
69.9813 91.514 -0.0954075
5.38318 102.28 -0.234163
16.1495 102.28 -0.331911
26.9159 102.28 -0.28154
37.6822 102.28 -0.282592
48.4486 102.28 -0.288711
59.215 102.28 -0.221543
69.9813 102.28 -0.0762507
5.38318 113.047 -0.29133
16.1495 113.047 -0.4337
26.9159 113.047 -0.400056
37.6822 113.047 -0.385957
48.4486 113.047 -0.374065
59.215 113.047 -0.303365
69.9813 113.047 -0.133893
5.38318 123.813 -0.263509
16.1495 123.813 -0.338338
26.9159 123.813 -0.204829
37.6822 123.813 -0.134405
48.4486 123.813 -0.153704
59.215 123.813 -0.147163
69.9813 123.813 -0.0734466
5.38318 134.579 -0.201968
16.1495 134.579 -0.152708
26.9159 134.579 0.381748
37.6822 134.579 0.684534
48.4486 134.579 0.566304
59.215 134.579 0.321142
69.9813 134.579 0.15926
5.38318 145.346 -0.0989463
16.1495 145.346 0.325443
26.9159 145.346 1.48351
37.6822 145.346 1.99344
48.4486 145.346 1.77698
59.215 145.346 1.1457
69.9813 145.346 0.515805
5.38318 156.112 0.0706792
16.1495 156.112 0.828812
26.9159 156.112 2.20253
37.6822 156.112 2.82553
48.4486 156.112 2.52572
59.215 156.112 1.59072
69.9813 156.112 0.726845
5.38318 166.879 0.389346
16.1495 166.879 1.37792
26.9159 166.879 2.55223
37.6822 166.879 2.98231
48.4486 166.879 2.54023
59.215 166.879 1.62558
69.9813 166.879 0.75026
5.38318 177.645 0.818272
16.1495 177.645 1.84513
26.9159 177.645 2.63693
37.6822 177.645 2.58665
48.4486 177.645 2.04116
59.215 177.645 1.30265
69.9813 177.645 0.663182
5.38318 188.411 1.09964
16.1495 188.411 2.25675
26.9159 188.411 2.80845
37.6822 188.411 2.57916
48.4486 188.411 2.02911
59.215 188.411 1.42024
69.9813 188.411 0.857641
5.38318 199.178 1.12571
16.1495 199.178 2.07479
26.9159 199.178 2.49078
37.6822 199.178 2.35796
48.4486 199.178 2.13052
59.215 199.178 1.66214
69.9813 199.178 1.08799
5.38318 209.944 0.708229
16.1495 209.944 1.23976
26.9159 209.944 1.46764
37.6822 209.944 1.58459
48.4486 209.944 1.70443
59.215 209.944 1.47853
69.9813 209.944 0.993124
