37 188
0 168 72 40
0 144 72 72
0 134 72 82
0 72 72 144
0 0 72 216
5.38318 5.38318 0.532345
16.1495 5.38318 0.991517
26.9159 5.38318 1.37281
37.6822 5.38318 1.39243
48.4486 5.38318 1.23029
59.215 5.38318 0.830689
69.9813 5.38318 0.482182
5.38318 16.1495 0.966536
16.1495 16.1495 2.06959
26.9159 16.1495 3.02681
37.6822 16.1495 3.0886
48.4486 16.1495 2.68107
59.215 16.1495 1.76386
69.9813 16.1495 1.00542
5.38318 26.9159 1.26766
16.1495 26.9159 2.90647
26.9159 26.9159 4.50143
37.6822 26.9159 4.63106
48.4486 26.9159 3.89229
59.215 26.9159 2.39317
69.9813 26.9159 1.25462
5.38318 37.6822 1.52863
16.1495 37.6822 3.33274
26.9159 37.6822 5.10241
37.6822 37.6822 5.36898
48.4486 37.6822 4.56365
59.215 37.6822 2.79394
69.9813 37.6822 1.39425
5.38318 48.4486 1.89403
16.1495 48.4486 3.49161
26.9159 48.4486 4.69154
37.6822 48.4486 4.7661
48.4486 48.4486 4.28565
59.215 48.4486 2.81753
69.9813 48.4486 1.51366
5.38318 59.215 1.82206
16.1495 59.215 2.87825
26.9159 59.215 3.26482
37.6822 59.215 3.15519
48.4486 59.215 3.15377
59.215 59.215 2.42969
69.9813 59.215 1.50617
5.38318 69.9813 1.33808
16.1495 69.9813 2.08238
26.9159 69.9813 2.26496
37.6822 69.9813 2.1019
48.4486 69.9813 2.17092
59.215 69.9813 1.76694
69.9813 69.9813 1.20005
5.38318 80.7477 0.0424972
16.1495 80.7477 0.285151
26.9159 80.7477 0.610317
37.6822 80.7477 0.614788
48.4486 80.7477 0.625313
59.215 80.7477 0.48753
69.9813 80.7477 0.42913
5.38318 91.514 -0.293154
16.1495 91.514 -0.407097
26.9159 91.514 -0.302391
37.6822 91.514 -0.266788
48.4486 91.514 -0.286467
59.215 91.514 -0.251932
69.9813 91.514 -0.118373
5.38318 102.28 -0.299683
16.1495 102.28 -0.452448
26.9159 102.28 -0.427251
37.6822 102.28 -0.415759
48.4486 102.28 -0.406061
59.215 102.28 -0.31815
69.9813 102.28 -0.139272
5.38318 113.047 -0.296794
16.1495 113.047 -0.453021
26.9159 113.047 -0.457477
37.6822 113.047 -0.444253
48.4486 113.047 -0.422377
59.215 113.047 -0.326193
69.9813 113.047 -0.140973
5.38318 123.813 -0.204536
16.1495 123.813 -0.320378
26.9159 123.813 -0.2794
37.6822 123.813 -0.265284
48.4486 123.813 -0.260416
59.215 123.813 -0.182062
69.9813 123.813 -0.0635182
5.38318 134.579 -0.0124261
16.1495 134.579 -0.022438
26.9159 134.579 0.174803
37.6822 134.579 0.195114
48.4486 134.579 0.0552324
59.215 134.579 0.136782
69.9813 134.579 0.202694
5.38318 145.346 0.636885
16.1495 145.346 1.1199
26.9159 145.346 1.53948
37.6822 145.346 1.54137
48.4486 145.346 1.26612
59.215 145.346 1.08039
69.9813 145.346 0.730162
5.38318 156.112 1.27203
16.1495 156.112 2.24555
26.9159 156.112 2.89816
37.6822 156.112 2.77313
48.4486 156.112 2.30407
59.215 156.112 1.79254
69.9813 156.112 1.09963
5.38318 166.879 1.59715
16.1495 166.879 3.04827
26.9159 166.879 4.23706
37.6822 166.879 4.17615
48.4486 166.879 3.45075
59.215 166.879 2.35447
69.9813 166.879 1.32052
5.38318 177.645 1.51648
16.1495 177.645 3.28077
26.9159 177.645 5.25064
37.6822 177.645 5.46312
48.4486 177.645 4.4666
59.215 177.645 2.64211
69.9813 177.645 1.29355
5.38318 188.411 1.13898
16.1495 188.411 2.79603
26.9159 188.411 5.0312
37.6822 188.411 5.53277
48.4486 188.411 4.51492
59.215 188.411 2.46591
69.9813 188.411 1.08897
5.38318 199.178 0.598419
16.1495 199.178 1.74072
26.9159 199.178 3.33241
37.6822 199.178 3.60873
48.4486 199.178 2.97544
59.215 199.178 1.59565
69.9813 199.178 0.774758
5.38318 209.944 0.205713
16.1495 209.944 0.647757
26.9159 209.944 1.28466
37.6822 209.944 1.41993
48.4486 209.944 1.25998
59.215 209.944 0.850163
69.9813 209.944 0.572976
