48 37
0 17 72 40
0 1 72 72
0 0 72 82
0 0 72 144
0 0 72 216
5.38318 5.38318 0.102454
16.1495 5.38318 0.310585
26.9159 5.38318 0.84077
37.6822 5.38318 1.16113
48.4486 5.38318 1.14407
59.215 5.38318 0.864533
69.9813 5.38318 0.45717
5.38318 16.1495 0.286105
16.1495 16.1495 0.96329
26.9159 16.1495 2.12756
37.6822 16.1495 2.81173
48.4486 16.1495 2.78305
59.215 16.1495 2.03881
69.9813 16.1495 1.1073
5.38318 26.9159 0.507612
16.1495 26.9159 1.5476
26.9159 26.9159 3.16835
37.6822 26.9159 4.38585
48.4486 26.9159 4.40093
59.215 26.9159 3.24802
69.9813 26.9159 1.69216
5.38318 37.6822 1.32416
16.1495 37.6822 2.4204
26.9159 37.6822 3.80984
37.6822 37.6822 4.87731
48.4486 37.6822 4.90804
59.215 37.6822 3.6887
69.9813 37.6822 1.93618
5.38318 48.4486 2.027
16.1495 48.4486 3.0574
26.9159 48.4486 3.60226
37.6822 48.4486 3.88035
48.4486 48.4486 3.71283
59.215 48.4486 2.89216
69.9813 48.4486 1.56662
5.38318 59.215 2.30083
16.1495 59.215 3.0804
26.9159 59.215 2.8537
37.6822 59.215 2.25268
48.4486 59.215 1.95024
59.215 59.215 1.6904
69.9813 59.215 1.09065
5.38318 69.9813 1.69323
16.1495 69.9813 2.34127
26.9159 69.9813 2.20757
37.6822 69.9813 1.56846
48.4486 69.9813 1.2187
59.215 69.9813 1.15559
69.9813 69.9813 0.849346
5.38318 80.7477 0.629608
16.1495 80.7477 0.91497
26.9159 80.7477 0.982449
37.6822 80.7477 0.611086
48.4486 80.7477 0.401087
59.215 80.7477 0.553152
69.9813 80.7477 0.534918
5.38318 91.514 -0.0926063
16.1495 91.514 -0.093283
26.9159 91.514 -0.0713583
37.6822 91.514 -0.157151
48.4486 91.514 -0.237193
59.215 91.514 -0.141184
69.9813 91.514 -0.00081988
5.38318 102.28 -0.266842
16.1495 102.28 -0.394715
26.9159 102.28 -0.381159
37.6822 102.28 -0.405959
48.4486 102.28 -0.408349
59.215 102.28 -0.307241
69.9813 102.28 -0.119256
5.38318 113.047 -0.298984
16.1495 113.047 -0.448478
26.9159 113.047 -0.442183
37.6822 113.047 -0.429299
48.4486 113.047 -0.413718
59.215 113.047 -0.32722
69.9813 113.047 -0.144942
5.38318 123.813 -0.248418
16.1495 123.813 -0.362263
26.9159 123.813 -0.306801
37.6822 123.813 -0.310373
48.4486 123.813 -0.325826
59.215 123.813 -0.2863
69.9813 123.813 -0.131176
5.38318 134.579 -0.108041
16.1495 134.579 -0.114583
26.9159 134.579 0.0162234
37.6822 134.579 -0.000267342
48.4486 134.579 -0.0880986
59.215 134.579 -0.149332
69.9813 134.579 -0.0779547
5.38318 145.346 0.318609
16.1495 145.346 0.705352
26.9159 145.346 1.20276
37.6822 145.346 1.15322
48.4486 145.346 0.735372
59.215 145.346 0.287166
69.9813 145.346 0.100878
5.38318 156.112 0.910603
16.1495 156.112 1.64205
26.9159 156.112 2.27207
37.6822 156.112 2.23492
48.4486 156.112 1.74114
59.215 156.112 0.996927
69.9813 156.112 0.49614
5.38318 166.879 1.25792
16.1495 166.879 2.19551
26.9159 166.879 2.9566
37.6822 166.879 3.04825
48.4486 166.879 2.61375
59.215 166.879 1.85531
69.9813 166.879 1.06066
5.38318 177.645 1.42411
16.1495 177.645 2.34085
26.9159 177.645 2.98866
37.6822 177.645 3.21043
48.4486 177.645 3.10909
59.215 177.645 2.51173
69.9813 177.645 1.5763
5.38318 188.411 1.41826
16.1495 188.411 2.38515
26.9159 188.411 2.954
37.6822 188.411 3.40226
48.4486 188.411 3.42833
59.215 188.411 2.95072
69.9813 188.411 1.89536
5.38318 199.178 1.49354
16.1495 199.178 2.67669
26.9159 199.178 3.19091
37.6822 199.178 3.57927
48.4486 199.178 3.38128
59.215 199.178 2.71204
69.9813 199.178 1.69983
5.38318 209.944 1.16786
16.1495 209.944 2.15674
26.9159 209.944 2.66635
37.6822 209.944 2.98291
48.4486 209.944 2.59058
59.215 209.944 1.80056
69.9813 209.944 0.974041
