48 37
0 17 72 40
0 1 72 72
0 0 72 82
0 0 72 144
0 0 72 216
5.38318 5.38318 0.386291
16.1495 5.38318 0.813962
26.9159 5.38318 1.16516
37.6822 5.38318 1.36741
48.4486 5.38318 1.37485
59.215 5.38318 1.07049
69.9813 5.38318 0.669576
5.38318 16.1495 0.671942
16.1495 16.1495 1.72978
26.9159 16.1495 2.57443
37.6822 16.1495 3.13782
48.4486 16.1495 3.14401
59.215 16.1495 2.43078
69.9813 16.1495 1.49464
5.38318 26.9159 0.712298
16.1495 26.9159 2.14268
26.9159 26.9159 3.67531
37.6822 26.9159 4.90477
48.4486 26.9159 5.02549
59.215 26.9159 3.88947
69.9813 26.9159 2.25559
5.38318 37.6822 1.0244
16.1495 37.6822 2.49336
26.9159 37.6822 4.2005
37.6822 37.6822 5.69454
48.4486 37.6822 5.87799
59.215 37.6822 4.51519
69.9813 37.6822 2.51885
5.38318 48.4486 1.45522
16.1495 48.4486 2.79398
26.9159 48.4486 3.92829
37.6822 48.4486 4.80551
48.4486 48.4486 4.78643
59.215 48.4486 3.63494
69.9813 48.4486 2.05412
5.38318 59.215 1.98851
16.1495 59.215 3.28936
26.9159 59.215 3.42166
37.6822 59.215 3.02091
48.4486 59.215 2.54591
59.215 59.215 2.0153
69.9813 59.215 1.34456
5.38318 69.9813 1.86189
16.1495 69.9813 2.95549
26.9159 69.9813 2.81017
37.6822 69.9813 2.04157
48.4486 69.9813 1.29516
59.215 69.9813 0.926683
69.9813 69.9813 0.831787
5.38318 80.7477 0.75601
16.1495 80.7477 1.3098
26.9159 80.7477 1.30111
37.6822 80.7477 0.883559
48.4486 80.7477 0.5244
59.215 80.7477 0.426194
69.9813 80.7477 0.525987
5.38318 91.514 -0.207529
16.1495 91.514 -0.284065
26.9159 91.514 -0.242513
37.6822 91.514 -0.231783
48.4486 91.514 -0.240776
59.215 91.514 -0.16728
69.9813 91.514 -0.00182163
5.38318 102.28 -0.281214
16.1495 102.28 -0.412189
26.9159 102.28 -0.343104
37.6822 102.28 -0.312596
48.4486 102.28 -0.289385
59.215 102.28 -0.213967
69.9813 102.28 -0.067533
5.38318 113.047 -0.283754
16.1495 113.047 -0.430906
26.9159 113.047 -0.416282
37.6822 113.047 -0.41342
48.4486 113.047 -0.396623
59.215 113.047 -0.307839
69.9813 113.047 -0.13178
5.38318 123.813 -0.229283
16.1495 123.813 -0.333776
26.9159 123.813 -0.294786
37.6822 123.813 -0.292468
48.4486 123.813 -0.288457
59.215 123.813 -0.221165
69.9813 123.813 -0.083371
5.38318 134.579 -0.1132
16.1495 134.579 -0.141298
26.9159 134.579 -0.0423809
37.6822 134.579 -0.049985
48.4486 134.579 -0.0691594
59.215 134.579 -0.0481291
69.9813 134.579 0.0457554
5.38318 145.346 0.0932217
16.1495 145.346 0.408956
26.9159 145.346 0.807732
37.6822 145.346 0.773369
48.4486 145.346 0.59097
59.215 145.346 0.415658
69.9813 145.346 0.305508
5.38318 156.112 0.450197
16.1495 156.112 1.15209
26.9159 156.112 1.77156
37.6822 156.112 1.62307
48.4486 156.112 1.21262
59.215 156.112 0.796633
69.9813 156.112 0.489717
5.38318 166.879 0.792017
16.1495 166.879 1.75581
26.9159 166.879 2.31008
37.6822 166.879 2.07957
48.4486 166.879 1.56277
59.215 166.879 1.00676
69.9813 166.879 0.622792
5.38318 177.645 0.888108
16.1495 177.645 1.7215
26.9159 177.645 2.14536
37.6822 177.645 1.80598
48.4486 177.645 1.33232
59.215 177.645 0.86269
69.9813 177.645 0.603315
5.38318 188.411 0.6821
16.1495 188.411 1.19325
26.9159 188.411 1.38406
37.6822 188.411 1.06438
48.4486 188.411 0.850641
59.215 188.411 0.741276
69.9813 188.411 0.631059
5.38318 199.178 0.356111
16.1495 199.178 0.581071
26.9159 199.178 0.670291
37.6822 199.178 0.460739
48.4486 199.178 0.405536
59.215 199.178 0.460085
69.9813 199.178 0.486766
5.38318 209.944 0.0909252
16.1495 209.944 0.159426
26.9159 209.944 0.230245
37.6822 209.944 0.188093
48.4486 209.944 0.288146
59.215 209.944 0.360744
69.9813 209.944 0.381245
