37 37
0 17 72 40
0 1 72 72
0 0 72 82
0 0 72 144
0 0 72 216
5.38318 5.38318 0.112323
16.1495 5.38318 0.302988
26.9159 5.38318 0.690597
37.6822 5.38318 0.89314
48.4486 5.38318 0.821678
59.215 5.38318 0.475083
69.9813 5.38318 0.263317
5.38318 16.1495 0.215361
16.1495 16.1495 0.917216
26.9159 16.1495 1.9072
37.6822 16.1495 2.27442
48.4486 16.1495 2.01339
59.215 16.1495 1.24407
69.9813 16.1495 0.637546
5.38318 26.9159 0.264177
16.1495 26.9159 1.36113
26.9159 26.9159 2.80885
37.6822 26.9159 3.39504
48.4486 26.9159 2.92255
59.215 26.9159 1.69389
69.9813 26.9159 0.798005
5.38318 37.6822 0.612127
16.1495 37.6822 1.92225
26.9159 37.6822 3.43613
37.6822 37.6822 4.00648
48.4486 37.6822 3.36015
59.215 37.6822 1.94964
69.9813 37.6822 0.912926
5.38318 48.4486 0.880889
16.1495 48.4486 2.01157
26.9159 48.4486 3.16322
37.6822 48.4486 3.55015
48.4486 48.4486 3.17581
59.215 48.4486 2.08409
69.9813 48.4486 1.1504
5.38318 59.215 1.00337
16.1495 59.215 1.92811
26.9159 59.215 2.45672
37.6822 59.215 2.63349
48.4486 59.215 2.62122
59.215 59.215 2.07382
69.9813 59.215 1.35606
5.38318 69.9813 0.830994
16.1495 69.9813 1.62019
26.9159 69.9813 1.965
37.6822 69.9813 2.19811
48.4486 69.9813 2.43005
59.215 69.9813 2.14735
69.9813 69.9813 1.46513
5.38318 80.7477 0.123567
16.1495 80.7477 0.578325
26.9159 80.7477 0.835517
37.6822 80.7477 1.06266
48.4486 80.7477 1.21982
59.215 80.7477 1.18393
69.9813 80.7477 0.897442
5.38318 91.514 -0.243771
16.1495 91.514 -0.297724
26.9159 91.514 -0.22133
37.6822 91.514 -0.135166
48.4486 91.514 -0.121465
59.215 91.514 -0.0284227
69.9813 91.514 0.115061
5.38318 102.28 -0.306819
16.1495 102.28 -0.450295
26.9159 102.28 -0.399521
37.6822 102.28 -0.348895
48.4486 102.28 -0.351903
59.215 102.28 -0.269793
69.9813 102.28 -0.122766
5.38318 113.047 -0.29396
16.1495 113.047 -0.446132
26.9159 113.047 -0.425757
37.6822 113.047 -0.407279
48.4486 113.047 -0.380104
59.215 113.047 -0.291368
69.9813 113.047 -0.124709
5.38318 123.813 -0.247344
16.1495 123.813 -0.378867
26.9159 123.813 -0.313525
37.6822 123.813 -0.25649
48.4486 123.813 -0.19381
59.215 123.813 -0.111322
69.9813 123.813 -0.000978736
5.38318 134.579 -0.158475
16.1495 134.579 -0.221967
26.9159 134.579 -0.0972005
37.6822 134.579 0.0892846
48.4486 134.579 0.42565
59.215 134.579 0.518248
69.9813 134.579 0.512663
5.38318 145.346 -0.0426866
16.1495 145.346 -0.0077376
26.9159 145.346 0.533743
37.6822 145.346 1.04036
48.4486 145.346 1.66496
59.215 145.346 1.68876
69.9813 145.346 1.25366
5.38318 156.112 0.219454
16.1495 156.112 0.525509
26.9159 156.112 1.17957
37.6822 156.112 1.75327
48.4486 156.112 2.53336
59.215 156.112 2.5733
69.9813 156.112 1.90506
5.38318 166.879 0.289175
16.1495 166.879 0.650418
26.9159 166.879 1.46894
37.6822 166.879 2.05714
48.4486 166.879 3.01581
59.215 166.879 3.02186
69.9813 166.879 2.20303
5.38318 177.645 0.207307
16.1495 177.645 0.558166
26.9159 177.645 1.2553
37.6822 177.645 1.77393
48.4486 177.645 2.56122
59.215 177.645 2.49362
69.9813 177.645 1.85918
5.38318 188.411 0.135856
16.1495 188.411 0.460518
26.9159 188.411 1.02607
37.6822 188.411 1.54709
48.4486 188.411 2.22325
59.215 188.411 2.08584
69.9813 188.411 1.55359
5.38318 199.178 0.282913
16.1495 199.178 0.606841
26.9159 199.178 0.807834
37.6822 199.178 1.18609
48.4486 199.178 1.6171
59.215 199.178 1.64039
69.9813 199.178 1.27254
5.38318 209.944 0.299225
16.1495 209.944 0.52304
26.9159 209.944 0.566645
37.6822 209.944 0.746577
48.4486 209.944 0.983114
59.215 209.944 1.07826
69.9813 209.944 0.854638
