37 166
0 146 72 40
0 130 72 72
0 125 72 82
0 72 72 144
0 0 72 216
5.38318 5.38318 0.0988313
16.1495 5.38318 0.0637474
26.9159 5.38318 0.141838
37.6822 5.38318 0.148709
48.4486 5.38318 0.15078
59.215 5.38318 0.215106
69.9813 5.38318 0.187265
5.38318 16.1495 0.0724339
16.1495 16.1495 0.178922
26.9159 16.1495 0.407851
37.6822 16.1495 0.43899
48.4486 16.1495 0.44423
59.215 16.1495 0.531319
69.9813 16.1495 0.470648
5.38318 26.9159 -0.0927858
16.1495 26.9159 -0.0947635
26.9159 26.9159 0.0458272
37.6822 26.9159 0.11718
48.4486 26.9159 0.0951449
59.215 26.9159 0.317612
69.9813 26.9159 0.40376
5.38318 37.6822 -0.0382635
16.1495 37.6822 -0.0145731
26.9159 37.6822 0.264658
37.6822 37.6822 0.279343
48.4486 37.6822 0.143158
59.215 37.6822 0.277781
69.9813 37.6822 0.335864
5.38318 48.4486 -0.0815838
16.1495 48.4486 -0.11226
26.9159 48.4486 -0.00895316
37.6822 48.4486 -0.0314412
48.4486 48.4486 -0.170822
59.215 48.4486 -0.116039
69.9813 48.4486 -0.00546083
5.38318 59.215 -0.323452
16.1495 59.215 -0.532272
26.9159 59.215 -0.543096
37.6822 59.215 -0.585951
48.4486 59.215 -0.676615
59.215 59.215 -0.507076
69.9813 59.215 -0.227088
5.38318 69.9813 -0.493087
16.1495 69.9813 -0.812464
26.9159 69.9813 -0.83671
37.6822 69.9813 -0.883721
48.4486 69.9813 -0.946832
59.215 69.9813 -0.72333
69.9813 69.9813 -0.346001
5.38318 80.7477 -0.578447
16.1495 80.7477 -0.949693
26.9159 80.7477 -1.04682
37.6822 80.7477 -1.08453
48.4486 80.7477 -1.08124
59.215 80.7477 -0.870038
69.9813 80.7477 -0.41596
5.38318 91.514 -0.592021
16.1495 91.514 -0.95615
26.9159 91.514 -1.04599
37.6822 91.514 -1.06707
48.4486 91.514 -1.0388
59.215 91.514 -0.835452
69.9813 91.514 -0.390099
5.38318 102.28 -0.587854
16.1495 102.28 -0.945354
26.9159 102.28 -1.0359
37.6822 102.28 -1.04329
48.4486 102.28 -0.993217
59.215 102.28 -0.787108
69.9813 102.28 -0.344875
5.38318 113.047 -0.577004
16.1495 113.047 -0.923483
26.9159 113.047 -1.00444
37.6822 113.047 -1.0056
48.4486 113.047 -0.954804
59.215 113.047 -0.749458
69.9813 113.047 -0.323632
5.38318 123.813 -0.546542
16.1495 123.813 -0.855678
26.9159 123.813 -0.898769
37.6822 123.813 -0.866022
48.4486 123.813 -0.808527
59.215 123.813 -0.595033
69.9813 123.813 -0.243923
5.38318 134.579 -0.428963
16.1495 134.579 -0.634122
26.9159 134.579 -0.56685
37.6822 134.579 -0.492641
48.4486 134.579 -0.445074
59.215 134.579 -0.295897
69.9813 134.579 -0.0743278
5.38318 145.346 -0.197517
16.1495 145.346 -0.21482
26.9159 145.346 -0.00860901
37.6822 145.346 0.414489
48.4486 145.346 0.477176
59.215 145.346 0.536204
69.9813 145.346 0.465467
5.38318 156.112 0.210302
16.1495 156.112 0.617894
26.9159 156.112 1.15914
37.6822 156.112 1.54591
48.4486 156.112 1.55542
59.215 156.112 1.41932
69.9813 156.112 0.917853
5.38318 166.879 0.489345
16.1495 166.879 1.00668
26.9159 166.879 1.53036
37.6822 166.879 1.79881
48.4486 166.879 1.77874
59.215 166.879 1.63457
69.9813 166.879 1.0216
5.38318 177.645 0.393495
16.1495 177.645 0.702963
26.9159 177.645 0.990202
37.6822 177.645 1.04945
48.4486 177.645 1.03129
59.215 177.645 1.05734
69.9813 177.645 0.710671
5.38318 188.411 -0.0226613
16.1495 188.411 -0.0181519
26.9159 188.411 0.17398
37.6822 188.411 0.377956
48.4486 188.411 0.481714
59.215 188.411 0.636575
69.9813 188.411 0.477954
5.38318 199.178 -0.0853448
16.1495 199.178 -0.110896
26.9159 199.178 -0.0659952
37.6822 199.178 -0.0121475
48.4486 199.178 0.044464
59.215 199.178 0.250757
69.9813 199.178 0.312675
5.38318 209.944 -0.0499976
16.1495 209.944 -0.0452382
26.9159 209.944 -0.0236994
37.6822 209.944 -0.0330802
48.4486 209.944 -0.028621
59.215 209.944 0.0861075
69.9813 209.944 0.245555
