37 37
0 17 72 40
0 1 72 72
0 0 72 82
0 0 72 144
0 0 72 216
5.38318 5.38318 0.568509
16.1495 5.38318 1.013
26.9159 5.38318 1.4403
37.6822 5.38318 1.48814
48.4486 5.38318 1.25256
59.215 5.38318 0.83555
69.9813 5.38318 0.45331
5.38318 16.1495 1.04147
16.1495 16.1495 2.13353
26.9159 16.1495 3.15957
37.6822 16.1495 3.36713
48.4486 16.1495 2.84933
59.215 16.1495 1.92388
69.9813 16.1495 1.05689
5.38318 26.9159 1.2951
16.1495 26.9159 2.88544
26.9159 26.9159 4.57991
37.6822 26.9159 4.90731
48.4486 26.9159 3.97778
59.215 26.9159 2.45947
69.9813 26.9159 1.22407
5.38318 37.6822 1.35067
16.1495 37.6822 3.01218
26.9159 37.6822 4.83755
37.6822 37.6822 5.18434
48.4486 37.6822 4.2407
59.215 37.6822 2.58951
69.9813 37.6822 1.27823
5.38318 48.4486 1.08579
16.1495 48.4486 2.3539
26.9159 48.4486 3.80341
37.6822 48.4486 3.93574
48.4486 48.4486 3.16931
59.215 48.4486 1.91309
69.9813 48.4486 0.937354
5.38318 59.215 0.540381
16.1495 59.215 1.06136
26.9159 59.215 1.69167
37.6822 59.215 1.58997
48.4486 59.215 1.2739
59.215 59.215 0.835794
69.9813 59.215 0.63013
5.38318 69.9813 -0.0116597
16.1495 69.9813 0.0349699
26.9159 69.9813 0.290747
37.6822 69.9813 0.106673
48.4486 69.9813 -0.0446023
59.215 69.9813 -0.0177882
69.9813 69.9813 0.252502
5.38318 80.7477 -0.263546
16.1495 80.7477 -0.418407
26.9159 80.7477 -0.408806
37.6822 80.7477 -0.512545
48.4486 80.7477 -0.559993
59.215 80.7477 -0.457483
69.9813 80.7477 -0.160647
5.38318 91.514 -0.521786
16.1495 91.514 -0.836532
26.9159 91.514 -0.890086
37.6822 91.514 -0.9183
48.4486 91.514 -0.923116
59.215 91.514 -0.712203
69.9813 91.514 -0.310218
5.38318 102.28 -0.574716
16.1495 102.28 -0.919583
26.9159 102.28 -0.994798
37.6822 102.28 -0.991804
48.4486 102.28 -0.951148
59.215 102.28 -0.758078
69.9813 102.28 -0.341055
5.38318 113.047 -0.580474
16.1495 113.047 -0.926104
26.9159 113.047 -1.00554
37.6822 113.047 -1.00196
48.4486 113.047 -0.949052
59.215 113.047 -0.742606
69.9813 113.047 -0.319406
5.38318 123.813 -0.554643
16.1495 123.813 -0.877824
26.9159 123.813 -0.933338
37.6822 123.813 -0.927362
48.4486 123.813 -0.877665
59.215 123.813 -0.653277
69.9813 123.813 -0.273953
5.38318 134.579 -0.456341
16.1495 134.579 -0.682155
26.9159 134.579 -0.595288
37.6822 134.579 -0.576516
48.4486 134.579 -0.549031
59.215 134.579 -0.420475
69.9813 134.579 -0.155573
5.38318 145.346 -0.230085
16.1495 145.346 -0.246217
26.9159 145.346 0.0766827
37.6822 145.346 0.2709
48.4486 145.346 0.171101
59.215 145.346 0.0568604
69.9813 145.346 0.144653
5.38318 156.112 0.148711
16.1495 156.112 0.809888
26.9159 156.112 1.83659
37.6822 156.112 2.17746
48.4486 156.112 1.88845
59.215 156.112 1.28549
69.9813 156.112 0.741814
5.38318 166.879 0.713434
16.1495 166.879 1.8853
26.9159 166.879 3.07315
37.6822 166.879 3.47608
48.4486 166.879 2.94461
59.215 166.879 2.03939
69.9813 166.879 1.08047
5.38318 177.645 0.996094
16.1495 177.645 2.15851
26.9159 177.645 3.39197
37.6822 177.645 3.71814
48.4486 177.645 3.14718
59.215 177.645 2.14886
69.9813 177.645 1.14931
5.38318 188.411 1.05266
16.1495 188.411 2.04622
26.9159 188.411 3.0078
37.6822 188.411 2.98683
48.4486 188.411 2.4696
59.215 188.411 1.69853
69.9813 188.411 0.962172
5.38318 199.178 0.731282
16.1495 199.178 1.32024
26.9159 199.178 1.80555
37.6822 199.178 1.66161
48.4486 199.178 1.54462
59.215 199.178 1.17607
69.9813 199.178 0.899426
5.38318 209.944 0.455143
16.1495 209.944 0.807401
26.9159 209.944 0.993387
37.6822 209.944 0.812828
48.4486 209.944 0.812185
59.215 209.944 0.723534
69.9813 209.944 0.653278
