37 37
0 17 72 40
0 1 72 72
0 0 72 82
0 0 72 144
0 0 72 216
5.38318 5.38318 0.403945
16.1495 5.38318 0.650888
26.9159 5.38318 0.911955
37.6822 5.38318 0.894731
48.4486 5.38318 0.894151
59.215 5.38318 0.695681
69.9813 5.38318 0.449905
5.38318 16.1495 0.818687
16.1495 16.1495 1.56837
26.9159 16.1495 2.22282
37.6822 16.1495 2.29166
48.4486 16.1495 2.24041
59.215 16.1495 1.7203
69.9813 16.1495 1.07775
5.38318 26.9159 0.994886
16.1495 26.9159 2.11685
26.9159 26.9159 3.41211
37.6822 26.9159 3.60715
48.4486 26.9159 3.50364
59.215 26.9159 2.38402
69.9813 26.9159 1.41321
5.38318 37.6822 1.1303
16.1495 37.6822 2.54092
26.9159 37.6822 4.36367
37.6822 37.6822 4.80202
48.4486 37.6822 4.63406
59.215 37.6822 3.01267
69.9813 37.6822 1.66517
5.38318 48.4486 0.75745
16.1495 48.4486 2.0843
26.9159 48.4486 3.87647
37.6822 48.4486 4.4032
48.4486 48.4486 4.22035
59.215 48.4486 2.60292
69.9813 48.4486 1.38865
5.38318 59.215 -0.0158509
16.1495 59.215 0.508174
26.9159 59.215 1.84937
37.6822 59.215 2.17615
48.4486 59.215 2.05289
59.215 59.215 1.00952
69.9813 59.215 0.545865
5.38318 69.9813 -0.379367
16.1495 69.9813 -0.513471
26.9159 69.9813 -0.389346
37.6822 69.9813 -0.3378
48.4486 69.9813 -0.412493
59.215 69.9813 -0.405782
69.9813 69.9813 -0.199016
5.38318 80.7477 -0.513818
16.1495 80.7477 -0.767159
26.9159 80.7477 -0.791156
37.6822 80.7477 -0.781563
48.4486 80.7477 -0.815082
59.215 80.7477 -0.672086
69.9813 80.7477 -0.303047
5.38318 91.514 -0.573352
16.1495 91.514 -0.913637
26.9159 91.514 -1.02931
37.6822 91.514 -1.06722
48.4486 91.514 -1.04603
59.215 91.514 -0.83027
69.9813 91.514 -0.366825
5.38318 102.28 -0.585458
16.1495 102.28 -0.93634
26.9159 102.28 -1.03477
37.6822 102.28 -1.05004
48.4486 102.28 -1.01007
59.215 102.28 -0.800289
69.9813 102.28 -0.348808
5.38318 113.047 -0.580619
16.1495 113.047 -0.927514
26.9159 113.047 -1.00797
37.6822 113.047 -1.00556
48.4486 113.047 -0.953134
59.215 113.047 -0.747085
69.9813 113.047 -0.321846
5.38318 123.813 -0.552786
16.1495 123.813 -0.87546
26.9159 123.813 -0.932606
37.6822 123.813 -0.926151
48.4486 123.813 -0.881079
59.215 123.813 -0.652177
69.9813 123.813 -0.274092
5.38318 134.579 -0.4529
16.1495 134.579 -0.662243
26.9159 134.579 -0.588879
37.6822 134.579 -0.566207
48.4486 134.579 -0.570209
59.215 134.579 -0.436119
69.9813 134.579 -0.170332
5.38318 145.346 -0.257705
16.1495 145.346 -0.253952
26.9159 145.346 -0.0148391
37.6822 145.346 0.234732
48.4486 145.346 0.0246954
59.215 145.346 -0.0200538
69.9813 145.346 0.0567792
5.38318 156.112 0.0421852
16.1495 156.112 0.790091
26.9159 156.112 1.6948
37.6822 156.112 2.12129
48.4486 156.112 1.62653
59.215 156.112 0.99943
69.9813 156.112 0.534982
5.38318 166.879 0.477574
16.1495 166.879 1.69544
26.9159 166.879 2.81645
37.6822 166.879 3.32342
48.4486 166.879 2.75799
59.215 166.879 1.85521
69.9813 166.879 0.882479
5.38318 177.645 0.834604
16.1495 177.645 2.13307
26.9159 177.645 3.33656
37.6822 177.645 3.77797
48.4486 177.645 3.1451
59.215 177.645 2.15591
69.9813 177.645 1.16166
5.38318 188.411 1.07313
16.1495 188.411 2.19028
26.9159 188.411 3.20375
37.6822 188.411 3.33846
48.4486 188.411 2.90694
59.215 188.411 2.108
69.9813 188.411 1.31178
5.38318 199.178 1.25547
16.1495 199.178 2.18612
26.9159 199.178 2.57673
37.6822 199.178 2.48405
48.4486 199.178 2.49969
59.215 199.178 2.27466
69.9813 199.178 1.68069
5.38318 209.944 1.15719
16.1495 209.944 1.88818
26.9159 209.944 1.97988
37.6822 209.944 1.72644
48.4486 209.944 1.92794
59.215 209.944 1.97612
69.9813 209.944 1.55372
