37 48
0 28 72 40
0 12 72 72
0 7 72 82
0 0 72 144
0 0 72 216
5.38318 5.38318 0.430679
16.1495 5.38318 0.663737
26.9159 5.38318 0.911535
37.6822 5.38318 0.919176
48.4486 5.38318 0.920402
59.215 5.38318 0.774787
69.9813 5.38318 0.490148
5.38318 16.1495 0.827514
16.1495 16.1495 1.49616
26.9159 16.1495 2.1249
37.6822 16.1495 2.2308
48.4486 16.1495 2.24779
59.215 16.1495 1.81043
69.9813 16.1495 1.15299
5.38318 26.9159 1.05202
16.1495 26.9159 2.15147
26.9159 26.9159 3.32715
37.6822 26.9159 3.62979
48.4486 26.9159 3.5473
59.215 26.9159 2.59515
69.9813 26.9159 1.5668
5.38318 37.6822 1.20294
16.1495 37.6822 2.66195
26.9159 37.6822 4.39565
37.6822 37.6822 4.9824
48.4486 37.6822 4.83351
59.215 37.6822 3.3828
69.9813 37.6822 1.94991
5.38318 48.4486 1.12514
16.1495 48.4486 2.69861
26.9159 48.4486 4.63939
37.6822 48.4486 5.30021
48.4486 48.4486 4.91714
59.215 48.4486 3.28193
69.9813 48.4486 1.78771
5.38318 59.215 0.45017
16.1495 59.215 1.32699
26.9159 59.215 2.8258
37.6822 59.215 3.14639
48.4486 59.215 2.92653
59.215 59.215 2.01817
69.9813 59.215 1.17818
5.38318 69.9813 -0.167458
16.1495 69.9813 -0.210252
26.9159 69.9813 0.376996
37.6822 69.9813 0.461133
48.4486 69.9813 0.36389
59.215 69.9813 0.291201
69.9813 69.9813 0.295367
5.38318 80.7477 -0.431789
16.1495 80.7477 -0.726167
26.9159 80.7477 -0.657959
37.6822 80.7477 -0.687415
48.4486 80.7477 -0.571939
59.215 80.7477 -0.356815
69.9813 80.7477 -0.070238
5.38318 91.514 -0.594171
16.1495 91.514 -0.968695
26.9159 91.514 -1.03445
37.6822 91.514 -1.04781
48.4486 91.514 -0.950308
59.215 91.514 -0.687306
69.9813 91.514 -0.270189
5.38318 102.28 -0.60043
16.1495 102.28 -0.963011
26.9159 102.28 -1.04085
37.6822 102.28 -1.05142
48.4486 102.28 -0.996399
59.215 102.28 -0.784751
69.9813 102.28 -0.33665
5.38318 113.047 -0.581356
16.1495 113.047 -0.930768
26.9159 113.047 -1.01061
37.6822 113.047 -1.01061
48.4486 113.047 -0.956619
59.215 113.047 -0.748692
69.9813 113.047 -0.321041
5.38318 123.813 -0.548052
16.1495 123.813 -0.875692
26.9159 123.813 -0.954406
37.6822 123.813 -0.95223
48.4486 123.813 -0.89816
59.215 123.813 -0.645324
69.9813 123.813 -0.25949
5.38318 134.579 -0.471709
16.1495 134.579 -0.744615
26.9159 134.579 -0.795303
37.6822 134.579 -0.781723
48.4486 134.579 -0.719133
59.215 134.579 -0.450453
69.9813 134.579 -0.147091
5.38318 145.346 -0.297444
16.1495 145.346 -0.473193
26.9159 145.346 -0.548171
37.6822 145.346 -0.529763
48.4486 145.346 -0.484037
59.215 145.346 -0.201851
69.9813 145.346 0.0267366
5.38318 156.112 -0.0772052
16.1495 156.112 -0.0809403
26.9159 156.112 -0.145163
37.6822 156.112 -0.146813
48.4486 156.112 -0.123024
59.215 156.112 0.323571
69.9813 156.112 0.450628
5.38318 166.879 0.110822
16.1495 166.879 0.269109
26.9159 166.879 0.302637
37.6822 166.879 0.22986
48.4486 166.879 0.21609
59.215 166.879 0.536304
69.9813 166.879 0.534947
5.38318 177.645 -0.0252792
16.1495 177.645 -0.0105817
26.9159 177.645 0.116821
37.6822 177.645 0.0356656
48.4486 177.645 0.0207149
59.215 177.645 0.221412
69.9813 177.645 0.328706
5.38318 188.411 -0.154911
16.1495 188.411 -0.263381
26.9159 188.411 -0.236995
37.6822 188.411 -0.263739
48.4486 188.411 -0.248076
59.215 188.411 -0.181257
69.9813 188.411 -0.0279055
5.38318 199.178 -0.0841916
16.1495 199.178 -0.158084
26.9159 199.178 -0.160896
37.6822 199.178 -0.192416
48.4486 199.178 -0.184145
59.215 199.178 -0.0994154
69.9813 199.178 0.0919299
5.38318 209.944 -0.00720475
16.1495 209.944 -0.0258373
26.9159 209.944 -0.0444769
37.6822 209.944 -0.0774763
48.4486 209.944 -0.0659493
59.215 209.944 0.0190795
69.9813 209.944 0.204386
