37 188
0 168 72 40
0 144 72 72
0 134 72 82
0 72 72 144
0 0 72 216
5.38318 5.38318 0.051517
16.1495 5.38318 -0.00910377
26.9159 5.38318 0.117622
37.6822 5.38318 0.214332
48.4486 5.38318 0.365434
59.215 5.38318 0.428808
69.9813 5.38318 0.364953
5.38318 16.1495 0.0526184
16.1495 16.1495 0.138151
26.9159 16.1495 0.457128
37.6822 16.1495 0.669575
48.4486 16.1495 1.08836
59.215 16.1495 1.26843
69.9813 16.1495 1.00614
5.38318 26.9159 -0.0897953
16.1495 26.9159 -0.109952
26.9159 26.9159 0.0774096
37.6822 26.9159 0.573878
48.4486 26.9159 1.35244
59.215 26.9159 1.73136
69.9813 26.9159 1.37994
5.38318 37.6822 0.146908
16.1495 37.6822 0.229748
26.9159 37.6822 0.509475
37.6822 37.6822 0.961877
48.4486 37.6822 1.78156
59.215 37.6822 2.08849
69.9813 37.6822 1.64119
5.38318 48.4486 0.405242
16.1495 48.4486 0.606136
26.9159 48.4486 0.666339
37.6822 48.4486 0.921792
48.4486 48.4486 1.53933
59.215 48.4486 1.83737
69.9813 48.4486 1.48338
5.38318 59.215 0.425616
16.1495 59.215 0.64976
26.9159 59.215 0.595254
37.6822 59.215 0.626415
48.4486 59.215 0.890356
59.215 59.215 1.3027
69.9813 59.215 1.11064
5.38318 69.9813 0.214571
16.1495 69.9813 0.363955
26.9159 69.9813 0.297855
37.6822 69.9813 0.212443
48.4486 69.9813 0.19462
59.215 69.9813 0.536107
69.9813 69.9813 0.576784
5.38318 80.7477 -0.144343
16.1495 80.7477 -0.192775
26.9159 80.7477 -0.190267
37.6822 80.7477 -0.222194
48.4486 80.7477 -0.26862
59.215 80.7477 -0.180505
69.9813 80.7477 -0.0452351
5.38318 91.514 -0.290497
16.1495 91.514 -0.432155
26.9159 91.514 -0.392686
37.6822 91.514 -0.365388
48.4486 91.514 -0.368556
59.215 91.514 -0.294971
69.9813 91.514 -0.137603
5.38318 102.28 -0.298131
16.1495 102.28 -0.450965
26.9159 102.28 -0.454999
37.6822 102.28 -0.438506
48.4486 102.28 -0.423549
59.215 102.28 -0.334423
69.9813 102.28 -0.149696
5.38318 113.047 -0.285492
16.1495 113.047 -0.43229
26.9159 113.047 -0.425181
37.6822 113.047 -0.428575
48.4486 113.047 -0.418609
59.215 113.047 -0.331746
69.9813 113.047 -0.14666
5.38318 123.813 -0.23637
16.1495 123.813 -0.361207
26.9159 123.813 -0.334818
37.6822 123.813 -0.350668
48.4486 123.813 -0.343509
59.215 123.813 -0.264786
69.9813 123.813 -0.105206
5.38318 134.579 -0.150798
16.1495 134.579 -0.217604
26.9159 134.579 -0.162962
37.6822 134.579 -0.19238
48.4486 134.579 -0.180448
59.215 134.579 -0.128321
69.9813 134.579 -0.0149203
5.38318 145.346 -0.0844805
16.1495 145.346 -0.0780397
26.9159 145.346 0.105976
37.6822 145.346 0.124455
48.4486 145.346 0.241047
59.215 145.346 0.265135
69.9813 145.346 0.29738
5.38318 156.112 0.0227528
16.1495 156.112 0.40617
26.9159 156.112 1.11449
37.6822 156.112 1.25681
48.4486 156.112 1.3659
59.215 156.112 1.02813
69.9813 156.112 0.732292
5.38318 166.879 0.171821
16.1495 166.879 0.912004
26.9159 166.879 2.17958
37.6822 166.879 2.44344
48.4486 166.879 2.4804
59.215 166.879 1.78462
69.9813 166.879 1.13274
5.38318 177.645 0.543104
16.1495 177.645 1.9291
26.9159 177.645 3.76115
37.6822 177.645 4.11051
48.4486 177.645 3.87281
59.215 177.645 2.49344
69.9813 177.645 1.4362
5.38318 188.411 0.686488
16.1495 188.411 2.36947
26.9159 188.411 4.54974
37.6822 188.411 5.0228
48.4486 188.411 4.59696
59.215 188.411 2.80634
69.9813 188.411 1.53828
5.38318 199.178 0.699713
16.1495 199.178 2.21405
26.9159 199.178 4.16974
37.6822 199.178 4.59265
48.4486 199.178 4.01679
59.215 199.178 2.36087
69.9813 199.178 1.23939
5.38318 209.944 0.383663
16.1495 209.944 1.09005
26.9159 209.944 2.03656
37.6822 209.944 2.09453
48.4486 209.944 1.81128
59.215 209.944 1.10528
69.9813 209.944 0.662092
