37 48
0 28 72 40
0 12 72 72
0 7 72 82
0 0 72 144
0 0 72 216
5.38318 5.38318 0.260534
16.1495 5.38318 0.379027
26.9159 5.38318 0.520523
37.6822 5.38318 0.480991
48.4486 5.38318 0.46161
59.215 5.38318 0.401411
69.9813 5.38318 0.289449
5.38318 16.1495 0.568991
16.1495 16.1495 1.11795
26.9159 16.1495 1.67892
37.6822 16.1495 1.76063
48.4486 16.1495 1.73641
59.215 16.1495 1.3755
69.9813 16.1495 0.920627
5.38318 26.9159 0.520751
16.1495 26.9159 1.26209
26.9159 26.9159 2.27758
37.6822 26.9159 2.44805
48.4486 26.9159 2.42004
59.215 26.9159 1.74915
69.9813 26.9159 1.15987
5.38318 37.6822 0.881798
16.1495 37.6822 2.10671
26.9159 37.6822 3.65146
37.6822 37.6822 4.06945
48.4486 37.6822 4.05862
59.215 37.6822 2.80579
69.9813 37.6822 1.67324
5.38318 48.4486 0.796933
16.1495 48.4486 2.09216
26.9159 48.4486 3.79633
37.6822 48.4486 4.36878
48.4486 48.4486 4.3466
59.215 48.4486 2.93631
69.9813 48.4486 1.70672
5.38318 59.215 0.276006
16.1495 59.215 1.00634
26.9159 59.215 2.41167
37.6822 59.215 2.79666
48.4486 59.215 2.84443
59.215 59.215 1.97984
69.9813 59.215 1.22331
5.38318 69.9813 -0.251012
16.1495 69.9813 -0.366075
26.9159 69.9813 -0.236484
37.6822 69.9813 -0.243207
48.4486 69.9813 -0.23177
59.215 69.9813 -0.14054
69.9813 69.9813 0.0776949
5.38318 80.7477 -0.486234
16.1495 80.7477 -0.771621
26.9159 80.7477 -0.744727
37.6822 80.7477 -0.764739
48.4486 80.7477 -0.708135
59.215 80.7477 -0.483136
69.9813 80.7477 -0.163915
5.38318 91.514 -0.584726
16.1495 91.514 -0.931296
26.9159 91.514 -0.936347
37.6822 91.514 -0.947555
48.4486 91.514 -0.884784
59.215 91.514 -0.659536
69.9813 91.514 -0.272321
5.38318 102.28 -0.600103
16.1495 102.28 -0.95333
26.9159 102.28 -1.01769
37.6822 102.28 -1.01525
48.4486 102.28 -0.96272
59.215 102.28 -0.738846
69.9813 102.28 -0.315845
5.38318 113.047 -0.578725
16.1495 113.047 -0.928138
26.9159 113.047 -1.01212
37.6822 113.047 -1.01111
48.4486 113.047 -0.957553
59.215 113.047 -0.744675
69.9813 113.047 -0.319134
5.38318 123.813 -0.550939
16.1495 123.813 -0.869523
26.9159 123.813 -0.943803
37.6822 123.813 -0.930883
48.4486 123.813 -0.881075
59.215 123.813 -0.640352
69.9813 123.813 -0.26118
5.38318 134.579 -0.455251
16.1495 134.579 -0.688276
26.9159 134.579 -0.707633
37.6822 134.579 -0.68991
48.4486 134.579 -0.662839
59.215 134.579 -0.457001
69.9813 134.579 -0.16377
5.38318 145.346 -0.227841
16.1495 145.346 -0.283813
26.9159 145.346 -0.234183
37.6822 145.346 -0.220707
48.4486 145.346 -0.26384
59.215 145.346 -0.176097
69.9813 145.346 -0.0173385
5.38318 156.112 0.234666
16.1495 156.112 0.68122
26.9159 156.112 1.00294
37.6822 156.112 0.934478
48.4486 156.112 0.603081
59.215 156.112 0.476375
69.9813 156.112 0.365562
5.38318 166.879 0.740214
16.1495 166.879 1.52647
26.9159 166.879 1.9684
37.6822 166.879 1.8335
48.4486 166.879 1.44562
59.215 166.879 1.03489
69.9813 166.879 0.643575
5.38318 177.645 0.907812
16.1495 177.645 1.68836
26.9159 177.645 2.02744
37.6822 177.645 1.79645
48.4486 177.645 1.43825
59.215 177.645 1.1819
69.9813 177.645 0.820098
5.38318 188.411 0.587045
16.1495 188.411 1.09893
26.9159 188.411 1.20159
37.6822 188.411 0.95705
48.4486 188.411 0.831926
59.215 188.411 1.0125
69.9813 188.411 0.878721
5.38318 199.178 0.263372
16.1495 199.178 0.507891
26.9159 199.178 0.393012
37.6822 199.178 0.17257
48.4486 199.178 0.164892
59.215 199.178 0.66504
69.9813 199.178 0.733356
5.38318 209.944 0.0221216
16.1495 209.944 0.119148
26.9159 209.944 -0.00278209
37.6822 209.944 -0.0352096
48.4486 209.944 -0.0295706
59.215 209.944 0.357683
69.9813 209.944 0.455537
