37 188
0 168 72 40
0 144 72 72
0 134 72 82
0 72 72 144
0 0 72 216
5.38318 5.38318 -0.0104593
16.1495 5.38318 -0.0783248
26.9159 5.38318 0.0682475
37.6822 5.38318 -0.0118812
48.4486 5.38318 -0.0403285
59.215 5.38318 -0.0336613
69.9813 5.38318 0.0178006
5.38318 16.1495 -0.0652159
16.1495 16.1495 -0.0836342
26.9159 16.1495 0.167784
37.6822 16.1495 -0.00809236
48.4486 16.1495 -0.0176195
59.215 16.1495 0.121986
69.9813 16.1495 0.284509
5.38318 26.9159 -0.19922
16.1495 26.9159 -0.325965
26.9159 26.9159 -0.341619
37.6822 26.9159 -0.418145
48.4486 26.9159 -0.35333
59.215 26.9159 -0.106993
69.9813 26.9159 0.222786
5.38318 37.6822 0.154742
16.1495 37.6822 0.0720744
26.9159 37.6822 -0.0849381
37.6822 37.6822 -0.195814
48.4486 37.6822 0.0133162
59.215 37.6822 0.718041
69.9813 37.6822 0.814237
5.38318 48.4486 0.79235
16.1495 48.4486 0.970576
26.9159 48.4486 0.763832
37.6822 48.4486 0.553192
48.4486 48.4486 1.20228
59.215 48.4486 1.82354
69.9813 48.4486 1.4655
5.38318 59.215 0.946754
16.1495 59.215 1.18804
26.9159 59.215 1.31536
37.6822 59.215 1.04956
48.4486 59.215 1.7854
59.215 59.215 2.02489
69.9813 59.215 1.59471
5.38318 69.9813 0.366888
16.1495 69.9813 0.487876
26.9159 69.9813 0.912355
37.6822 69.9813 0.813456
48.4486 69.9813 1.37091
59.215 69.9813 1.43662
69.9813 69.9813 1.20079
5.38318 80.7477 -0.232909
16.1495 80.7477 -0.379878
26.9159 80.7477 -0.247894
37.6822 80.7477 -0.321123
48.4486 80.7477 -0.160834
59.215 80.7477 -0.134271
69.9813 80.7477 0.216121
5.38318 91.514 -0.467496
16.1495 91.514 -0.778495
26.9159 91.514 -0.792362
37.6822 91.514 -0.878457
48.4486 91.514 -0.784389
59.215 91.514 -0.605417
69.9813 91.514 -0.208967
5.38318 102.28 -0.55001
16.1495 102.28 -0.900166
26.9159 102.28 -1.00259
37.6822 102.28 -1.03377
48.4486 102.28 -0.971656
59.215 102.28 -0.761665
69.9813 102.28 -0.30863
5.38318 113.047 -0.583301
16.1495 113.047 -0.934851
26.9159 113.047 -1.02103
37.6822 113.047 -1.0261
48.4486 113.047 -0.973843
59.215 113.047 -0.771831
69.9813 113.047 -0.334978
5.38318 123.813 -0.571468
16.1495 123.813 -0.913307
26.9159 123.813 -0.985021
37.6822 123.813 -0.985687
48.4486 123.813 -0.932323
59.215 123.813 -0.726671
69.9813 123.813 -0.309473
5.38318 134.579 -0.53464
16.1495 134.579 -0.839068
26.9159 134.579 -0.853911
37.6822 134.579 -0.851451
48.4486 134.579 -0.797497
59.215 134.579 -0.606952
69.9813 134.579 -0.246983
5.38318 145.346 -0.423003
16.1495 145.346 -0.629333
26.9159 145.346 -0.544473
37.6822 145.346 -0.548856
48.4486 145.346 -0.506429
59.215 145.346 -0.38667
69.9813 145.346 -0.130836
5.38318 156.112 -0.168137
16.1495 156.112 -0.109548
26.9159 156.112 0.357711
37.6822 156.112 0.454929
48.4486 156.112 0.341739
59.215 156.112 0.121062
69.9813 156.112 0.193709
5.38318 166.879 0.263171
16.1495 166.879 0.916923
26.9159 166.879 1.74438
37.6822 166.879 1.84324
48.4486 166.879 1.6516
59.215 166.879 1.05825
69.9813 166.879 0.671151
5.38318 177.645 0.757761
16.1495 177.645 1.76563
26.9159 177.645 2.79848
37.6822 177.645 2.94205
48.4486 177.645 2.57215
59.215 177.645 1.68453
69.9813 177.645 0.961756
5.38318 188.411 0.833745
16.1495 188.411 1.80605
26.9159 188.411 2.98142
37.6822 188.411 3.09267
48.4486 188.411 2.66806
59.215 188.411 1.69888
69.9813 188.411 0.950535
5.38318 199.178 0.527415
16.1495 199.178 1.42748
26.9159 199.178 2.58553
37.6822 199.178 2.65428
48.4486 199.178 2.1136
59.215 199.178 1.15337
69.9813 199.178 0.597613
5.38318 209.944 0.168468
16.1495 209.944 0.588722
26.9159 209.944 1.28714
37.6822 209.944 1.2717
48.4486 209.944 0.930929
59.215 209.944 0.404845
69.9813 209.944 0.243277
