37 199
0 176 72 40
0 144 72 72
0 134 72 82
0 72 72 144
0 0 72 216
5.38318 5.38318 0.388245
16.1495 5.38318 0.66731
26.9159 5.38318 1.1923
37.6822 5.38318 1.43272
48.4486 5.38318 1.48582
59.215 5.38318 1.23102
69.9813 5.38318 0.744073
5.38318 16.1495 0.671305
16.1495 16.1495 1.23397
26.9159 16.1495 2.08165
37.6822 16.1495 2.39902
48.4486 16.1495 2.49361
59.215 16.1495 2.03606
69.9813 16.1495 1.26906
5.38318 26.9159 0.698772
16.1495 26.9159 1.34564
26.9159 26.9159 2.36582
37.6822 26.9159 2.5977
48.4486 26.9159 2.5872
59.215 26.9159 2.08022
69.9813 26.9159 1.31376
5.38318 37.6822 0.662746
16.1495 37.6822 1.24791
26.9159 37.6822 2.14687
37.6822 37.6822 2.19724
48.4486 37.6822 2.02978
59.215 37.6822 1.52114
69.9813 37.6822 0.961541
5.38318 48.4486 0.329721
16.1495 48.4486 0.95653
26.9159 48.4486 2.02535
37.6822 48.4486 2.36121
48.4486 48.4486 2.20892
59.215 48.4486 1.57977
69.9813 48.4486 0.916487
5.38318 59.215 -0.0219551
16.1495 59.215 0.521097
26.9159 59.215 1.64596
37.6822 59.215 2.24199
48.4486 59.215 2.24942
59.215 59.215 1.70128
69.9813 59.215 0.991455
5.38318 69.9813 -0.189467
16.1495 69.9813 -0.03496
26.9159 69.9813 0.966578
37.6822 69.9813 1.80498
48.4486 69.9813 1.9039
59.215 69.9813 1.54746
69.9813 69.9813 0.913385
5.38318 80.7477 -0.251218
16.1495 80.7477 -0.270289
26.9159 80.7477 -0.0512962
37.6822 80.7477 0.528528
48.4486 80.7477 0.630967
59.215 80.7477 0.654764
69.9813 80.7477 0.445304
5.38318 91.514 -0.290852
16.1495 91.514 -0.412993
26.9159 91.514 -0.347306
37.6822 91.514 -0.240974
48.4486 91.514 -0.259399
59.215 91.514 -0.154837
69.9813 91.514 -0.0711254
5.38318 102.28 -0.29939
16.1495 102.28 -0.446719
26.9159 102.28 -0.457177
37.6822 102.28 -0.438454
48.4486 102.28 -0.452264
59.215 102.28 -0.370249
69.9813 102.28 -0.185293
5.38318 113.047 -0.295637
16.1495 113.047 -0.438557
26.9159 113.047 -0.409877
37.6822 113.047 -0.384805
48.4486 113.047 -0.373129
59.215 113.047 -0.301512
69.9813 113.047 -0.136466
5.38318 123.813 -0.274821
16.1495 123.813 -0.333106
26.9159 123.813 -0.199963
37.6822 123.813 -0.0927391
48.4486 123.813 -0.118212
59.215 123.813 -0.117562
69.9813 123.813 -0.0618746
5.38318 134.579 -0.235835
16.1495 134.579 -0.171179
26.9159 134.579 0.317366
37.6822 134.579 0.799705
48.4486 134.579 0.787599
59.215 134.579 0.51623
69.9813 134.579 0.291072
5.38318 145.346 -0.165285
16.1495 145.346 0.164119
26.9159 145.346 1.21749
37.6822 145.346 2.11263
48.4486 145.346 2.18485
59.215 145.346 1.61476
69.9813 145.346 0.860643
5.38318 156.112 -0.0612307
16.1495 156.112 0.533294
26.9159 156.112 1.7845
37.6822 156.112 2.89786
48.4486 156.112 3.28073
59.215 156.112 2.56115
69.9813 156.112 1.42255
5.38318 166.879 0.221193
16.1495 166.879 0.866096
26.9159 166.879 2.00324
37.6822 166.879 3.06878
48.4486 166.879 3.67379
59.215 166.879 3.09387
69.9813 166.879 1.79172
5.38318 177.645 0.776143
16.1495 177.645 1.62733
26.9159 177.645 2.4588
37.6822 177.645 3.05721
48.4486 177.645 3.46516
59.215 177.645 2.94593
69.9813 177.645 1.77636
5.38318 188.411 1.10296
16.1495 188.411 2.20558
26.9159 188.411 3.26185
37.6822 188.411 3.61526
48.4486 188.411 3.68189
59.215 188.411 2.93322
69.9813 188.411 1.69356
5.38318 199.178 1.21987
16.1495 199.178 2.42702
26.9159 199.178 3.4387
37.6822 199.178 3.76476
48.4486 199.178 3.61906
59.215 199.178 2.91213
69.9813 199.178 1.64535
5.38318 209.944 0.714692
16.1495 209.944 1.43791
26.9159 209.944 2.29019
37.6822 209.944 2.80764
48.4486 209.944 2.9702
59.215 209.944 2.54829
69.9813 209.944 1.48498
