37 166
0 146 72 40
0 130 72 72
0 125 72 82
0 72 72 144
0 0 72 216
5.38318 5.38318 0.802946
16.1495 5.38318 1.41458
26.9159 5.38318 1.74386
37.6822 5.38318 1.73777
48.4486 5.38318 1.58458
59.215 5.38318 1.16252
69.9813 5.38318 0.69312
5.38318 16.1495 1.38705
16.1495 16.1495 2.56598
26.9159 16.1495 3.18184
37.6822 16.1495 3.35821
48.4486 16.1495 3.13865
59.215 16.1495 2.35385
69.9813 16.1495 1.38125
5.38318 26.9159 1.65778
16.1495 26.9159 3.03915
26.9159 26.9159 3.7709
37.6822 26.9159 4.06685
48.4486 26.9159 3.86041
59.215 26.9159 3.0883
69.9813 26.9159 1.82012
5.38318 37.6822 1.53584
16.1495 37.6822 2.72752
26.9159 37.6822 3.34829
37.6822 37.6822 3.6057
48.4486 37.6822 3.49606
59.215 37.6822 2.93934
69.9813 37.6822 1.79268
5.38318 48.4486 1.24936
16.1495 48.4486 2.25964
26.9159 48.4486 2.78474
37.6822 48.4486 2.91954
48.4486 48.4486 2.79296
59.215 48.4486 2.39601
69.9813 48.4486 1.51967
5.38318 59.215 0.705739
16.1495 59.215 1.48361
26.9159 59.215 1.84224
37.6822 59.215 1.91833
48.4486 59.215 1.73919
59.215 59.215 1.61871
69.9813 59.215 1.11311
5.38318 69.9813 0.370464
16.1495 69.9813 0.880697
26.9159 69.9813 1.08421
37.6822 69.9813 1.19702
48.4486 69.9813 1.08169
59.215 69.9813 1.11924
69.9813 69.9813 0.835239
5.38318 80.7477 -0.168933
16.1495 80.7477 -0.197351
26.9159 80.7477 -0.202935
37.6822 80.7477 -0.197322
48.4486 80.7477 -0.257348
59.215 80.7477 -0.0925135
69.9813 80.7477 0.0981786
5.38318 91.514 -0.492128
16.1495 91.514 -0.7803
26.9159 91.514 -0.85627
37.6822 91.514 -0.883155
48.4486 91.514 -0.885993
59.215 91.514 -0.649178
69.9813 91.514 -0.276141
5.38318 102.28 -0.579338
16.1495 102.28 -0.933626
26.9159 102.28 -1.02418
37.6822 102.28 -1.03195
48.4486 102.28 -0.984042
59.215 102.28 -0.781862
69.9813 102.28 -0.341963
5.38318 113.047 -0.58604
16.1495 113.047 -0.931685
26.9159 113.047 -1.01073
37.6822 113.047 -1.00316
48.4486 113.047 -0.949502
59.215 113.047 -0.723054
69.9813 113.047 -0.305732
5.38318 123.813 -0.563354
16.1495 123.813 -0.853873
26.9159 123.813 -0.822152
37.6822 123.813 -0.668108
48.4486 123.813 -0.604956
59.215 123.813 -0.37075
69.9813 123.813 -0.124079
5.38318 134.579 -0.511198
16.1495 134.579 -0.614282
26.9159 134.579 -0.294805
37.6822 134.579 0.138031
48.4486 134.579 0.211634
59.215 134.579 0.462406
69.9813 134.579 0.403004
5.38318 145.346 -0.348446
16.1495 145.346 -0.102602
26.9159 145.346 1.42567
37.6822 145.346 2.6072
48.4486 145.346 2.55341
59.215 145.346 2.17359
69.9813 145.346 1.30508
5.38318 156.112 -0.141082
16.1495 156.112 0.769904
26.9159 156.112 2.80725
37.6822 156.112 3.99176
48.4486 156.112 3.80336
59.215 156.112 2.93657
69.9813 156.112 1.68554
5.38318 166.879 0.0667585
16.1495 166.879 1.23164
26.9159 166.879 3.20003
37.6822 166.879 4.20479
48.4486 166.879 3.86592
59.215 166.879 2.87769
69.9813 166.879 1.63613
5.38318 177.645 0.176893
16.1495 177.645 0.964239
26.9159 177.645 2.40787
37.6822 177.645 2.78066
48.4486 177.645 2.33025
59.215 177.645 1.66379
69.9813 177.645 0.9642
5.38318 188.411 0.0546758
16.1495 188.411 0.375575
26.9159 188.411 1.35159
37.6822 188.411 1.32411
48.4486 188.411 1.08136
59.215 188.411 0.895187
69.9813 188.411 0.693778
5.38318 199.178 -0.0967512
16.1495 199.178 -0.0992754
26.9159 199.178 0.434627
37.6822 199.178 0.212402
48.4486 199.178 0.14729
59.215 199.178 0.180214
69.9813 199.178 0.396084
5.38318 209.944 -0.113085
16.1495 209.944 -0.148746
26.9159 209.944 -0.00350929
37.6822 209.944 -0.126247
48.4486 209.944 -0.112181
59.215 209.944 -0.0828509
69.9813 209.944 0.191158
