48 177
0 157 72 40
0 141 72 72
0 134 72 82
0 72 72 144
0 0 72 216
5.38318 5.38318 0.395864
16.1495 5.38318 0.922139
26.9159 5.38318 1.35415
37.6822 5.38318 1.46388
48.4486 5.38318 1.4263
59.215 5.38318 1.08133
69.9813 5.38318 0.685283
5.38318 16.1495 0.724048
16.1495 16.1495 1.85069
26.9159 16.1495 2.68137
37.6822 16.1495 2.90506
48.4486 16.1495 2.74664
59.215 16.1495 2.06837
69.9813 16.1495 1.32151
5.38318 26.9159 0.843635
16.1495 26.9159 2.21849
26.9159 26.9159 3.29881
37.6822 26.9159 3.53632
48.4486 26.9159 3.21527
59.215 26.9159 2.35855
69.9813 26.9159 1.50406
5.38318 37.6822 0.943792
16.1495 37.6822 2.17279
26.9159 37.6822 2.97119
37.6822 37.6822 3.01025
48.4486 37.6822 2.48716
59.215 37.6822 1.73868
69.9813 37.6822 1.09323
5.38318 48.4486 0.823085
16.1495 48.4486 1.67529
26.9159 48.4486 2.15791
37.6822 48.4486 2.04066
48.4486 48.4486 1.5623
59.215 48.4486 1.00259
69.9813 48.4486 0.62552
5.38318 59.215 0.514196
16.1495 59.215 1.07649
26.9159 59.215 1.57181
37.6822 59.215 1.51801
48.4486 59.215 1.13327
59.215 59.215 0.689406
69.9813 59.215 0.364972
5.38318 69.9813 0.0793309
16.1495 69.9813 0.319744
26.9159 69.9813 0.815657
37.6822 69.9813 0.810608
48.4486 69.9813 0.624623
59.215 69.9813 0.319024
69.9813 69.9813 0.166004
5.38318 80.7477 -0.146524
16.1495 80.7477 -0.184611
26.9159 80.7477 -0.0339018
37.6822 80.7477 -0.00350067
48.4486 80.7477 -0.0192163
59.215 80.7477 -0.080661
69.9813 80.7477 -0.0182227
5.38318 91.514 -0.250926
16.1495 91.514 -0.376791
26.9159 91.514 -0.351247
37.6822 91.514 -0.32486
48.4486 91.514 -0.294632
59.215 91.514 -0.269689
69.9813 91.514 -0.108304
5.38318 102.28 -0.294867
16.1495 102.28 -0.448834
26.9159 102.28 -0.446895
37.6822 102.28 -0.437542
48.4486 102.28 -0.417785
59.215 102.28 -0.345476
69.9813 102.28 -0.153407
5.38318 113.047 -0.294998
16.1495 113.047 -0.442425
26.9159 113.047 -0.429195
37.6822 113.047 -0.410147
48.4486 113.047 -0.392158
59.215 113.047 -0.305694
69.9813 113.047 -0.133266
5.38318 123.813 -0.270933
16.1495 123.813 -0.38536
26.9159 123.813 -0.297333
37.6822 123.813 -0.244069
48.4486 123.813 -0.212472
59.215 123.813 -0.157436
69.9813 123.813 -0.050598
5.38318 134.579 -0.18769
16.1495 134.579 -0.21068
26.9159 134.579 -0.013091
37.6822 134.579 0.214904
48.4486 134.579 0.319819
59.215 134.579 0.270437
69.9813 134.579 0.259671
5.38318 145.346 -0.0680076
16.1495 145.346 0.0944398
26.9159 145.346 0.863457
37.6822 145.346 1.30518
48.4486 145.346 1.51264
59.215 145.346 1.19523
69.9813 145.346 0.811246
5.38318 156.112 0.216401
16.1495 156.112 0.776021
26.9159 156.112 1.931
37.6822 156.112 2.58181
48.4486 156.112 2.82102
59.215 156.112 2.21375
69.9813 156.112 1.39962
5.38318 166.879 0.530527
16.1495 166.879 1.51563
26.9159 166.879 2.99395
37.6822 166.879 4.04645
48.4486 166.879 4.35908
59.215 166.879 3.32633
69.9813 166.879 1.97694
5.38318 177.645 0.921614
16.1495 177.645 2.05472
26.9159 177.645 3.6848
37.6822 177.645 4.9688
48.4486 177.645 5.29183
59.215 177.645 4.09284
69.9813 177.645 2.33613
5.38318 188.411 1.24292
16.1495 188.411 2.47012
26.9159 188.411 3.84341
37.6822 188.411 4.86365
48.4486 188.411 4.8951
59.215 188.411 3.74581
69.9813 188.411 2.08049
5.38318 199.178 1.26014
16.1495 199.178 2.16213
26.9159 199.178 2.74887
37.6822 199.178 2.90817
48.4486 199.178 2.78471
59.215 199.178 2.34796
69.9813 199.178 1.43756
5.38318 209.944 0.805858
16.1495 209.944 1.3473
26.9159 209.944 1.5696
37.6822 209.944 1.32408
48.4486 209.944 1.26105
59.215 209.944 1.16503
69.9813 209.944 0.866327
