48 156
0 136 72 40
0 120 72 72
0 115 72 82
0 72 72 144
0 0 72 216
5.38318 5.38318 0.0267466
16.1495 5.38318 -0.00532256
26.9159 5.38318 0.194836
37.6822 5.38318 0.340428
48.4486 5.38318 0.400392
59.215 5.38318 0.433897
69.9813 5.38318 0.267225
5.38318 16.1495 0.00982274
16.1495 16.1495 0.127226
26.9159 16.1495 0.543242
37.6822 16.1495 0.811679
48.4486 16.1495 0.953505
59.215 16.1495 0.927505
69.9813 16.1495 0.621453
5.38318 26.9159 -0.166962
16.1495 26.9159 -0.239662
26.9159 26.9159 -0.161975
37.6822 26.9159 -0.0177576
48.4486 26.9159 0.244185
59.215 26.9159 0.493115
69.9813 26.9159 0.476181
5.38318 37.6822 -0.102334
16.1495 37.6822 -0.102076
26.9159 37.6822 -0.0231436
37.6822 37.6822 0.101372
48.4486 37.6822 0.198485
59.215 37.6822 0.369134
69.9813 37.6822 0.422571
5.38318 48.4486 -0.0588441
16.1495 48.4486 -0.0331906
26.9159 48.4486 -0.0116363
37.6822 48.4486 -0.0108956
48.4486 48.4486 -0.0109456
59.215 48.4486 0.271186
69.9813 48.4486 0.375713
5.38318 59.215 -0.0370865
16.1495 59.215 0.092908
26.9159 59.215 0.27413
37.6822 59.215 0.306518
48.4486 59.215 0.177635
59.215 59.215 0.451894
69.9813 59.215 0.423143
5.38318 69.9813 -0.139466
16.1495 69.9813 -0.116933
26.9159 69.9813 -0.0643966
37.6822 69.9813 -0.0554508
48.4486 69.9813 -0.135391
59.215 69.9813 0.00692759
69.9813 69.9813 0.164217
5.38318 80.7477 -0.216326
16.1495 80.7477 -0.253819
26.9159 80.7477 -0.216794
37.6822 80.7477 -0.179183
48.4486 80.7477 -0.217808
59.215 80.7477 -0.133548
69.9813 80.7477 -0.0128691
5.38318 91.514 -0.28774
16.1495 91.514 -0.403594
26.9159 91.514 -0.389525
37.6822 91.514 -0.367133
48.4486 91.514 -0.397226
59.215 91.514 -0.308424
69.9813 91.514 -0.137841
5.38318 102.28 -0.283569
16.1495 102.28 -0.414146
26.9159 102.28 -0.388025
37.6822 102.28 -0.355942
48.4486 102.28 -0.350018
59.215 102.28 -0.269562
69.9813 102.28 -0.115856
5.38318 113.047 -0.28863
16.1495 113.047 -0.435261
26.9159 113.047 -0.409781
37.6822 113.047 -0.388918
48.4486 113.047 -0.35121
59.215 113.047 -0.26485
69.9813 113.047 -0.103947
5.38318 123.813 -0.182349
16.1495 123.813 -0.253976
26.9159 123.813 -0.151857
37.6822 123.813 -0.10852
48.4486 123.813 -0.0277414
59.215 123.813 0.00322454
69.9813 123.813 0.203763
5.38318 134.579 -0.00359206
16.1495 134.579 0.079979
26.9159 134.579 0.517348
37.6822 134.579 0.725045
48.4486 134.579 1.01543
59.215 134.579 0.931744
69.9813 134.579 0.796609
5.38318 145.346 0.570462
16.1495 145.346 1.10711
26.9159 145.346 1.77048
37.6822 145.346 2.10989
48.4486 145.346 2.51538
59.215 145.346 2.26068
69.9813 145.346 1.62294
5.38318 156.112 0.982738
16.1495 156.112 1.83803
26.9159 156.112 2.49532
37.6822 156.112 2.8674
48.4486 156.112 3.36605
59.215 156.112 3.09066
69.9813 156.112 2.17401
5.38318 166.879 1.31374
16.1495 166.879 2.18691
26.9159 166.879 2.69333
37.6822 166.879 2.85066
48.4486 166.879 3.25942
59.215 166.879 3.11651
69.9813 166.879 2.27323
5.38318 177.645 1.36445
16.1495 177.645 2.05849
26.9159 177.645 2.2185
37.6822 177.645 1.82375
48.4486 177.645 1.96537
59.215 177.645 2.02291
69.9813 177.645 1.64384
5.38318 188.411 1.51046
16.1495 188.411 2.09357
26.9159 188.411 1.81292
37.6822 188.411 0.772251
48.4486 188.411 0.378934
59.215 188.411 0.515496
69.9813 188.411 0.75826
5.38318 199.178 1.51874
16.1495 199.178 2.09622
26.9159 199.178 1.66462
37.6822 199.178 0.391875
48.4486 199.178 -0.0723932
59.215 199.178 -0.00439113
69.9813 199.178 0.468397
5.38318 209.944 1.1209
16.1495 209.944 1.61692
26.9159 209.944 1.41522
37.6822 209.944 0.494263
48.4486 209.944 -0.0186226
59.215 209.944 0.0293522
69.9813 209.944 0.369014
