26 26
0 6 72 40
0 0 72 72
0 0 72 82
0 0 72 144
0 0 72 216
5.38318 5.38318 1.44678
16.1495 5.38318 2.19094
26.9159 5.38318 2.26811
37.6822 5.38318 2.21383
48.4486 5.38318 2.1475
59.215 5.38318 1.71878
69.9813 5.38318 1.04756
5.38318 16.1495 2.61293
16.1495 16.1495 4.10501
26.9159 16.1495 4.27544
37.6822 16.1495 4.03683
48.4486 16.1495 3.84267
59.215 16.1495 3.12987
69.9813 16.1495 1.93904
5.38318 26.9159 2.98128
16.1495 26.9159 4.81224
26.9159 26.9159 5.0401
37.6822 26.9159 4.51797
48.4486 26.9159 4.14066
59.215 26.9159 3.40265
69.9813 26.9159 2.14073
5.38318 37.6822 2.19304
16.1495 37.6822 3.52921
26.9159 37.6822 3.72608
37.6822 37.6822 3.21628
48.4486 37.6822 2.82754
59.215 37.6822 2.36277
69.9813 37.6822 1.52531
5.38318 48.4486 1.28439
16.1495 48.4486 2.13238
26.9159 48.4486 2.47091
37.6822 48.4486 2.13192
48.4486 48.4486 1.92137
59.215 48.4486 1.64366
69.9813 48.4486 1.16975
5.38318 59.215 1.39843
16.1495 59.215 2.28683
26.9159 59.215 2.64469
37.6822 59.215 2.32634
48.4486 59.215 2.15596
59.215 59.215 1.83482
69.9813 59.215 1.31755
5.38318 69.9813 1.44666
16.1495 69.9813 2.36505
26.9159 69.9813 2.69869
37.6822 69.9813 2.2198
48.4486 69.9813 2.08436
59.215 69.9813 1.76507
69.9813 69.9813 1.36237
5.38318 80.7477 1.15196
16.1495 80.7477 1.90355
26.9159 80.7477 2.07994
37.6822 80.7477 1.44124
48.4486 80.7477 1.34286
59.215 80.7477 1.16695
69.9813 80.7477 1.05972
5.38318 91.514 -0.0771154
16.1495 91.514 -0.122343
26.9159 91.514 -0.123871
37.6822 91.514 -0.318416
48.4486 91.514 -0.303794
59.215 91.514 -0.186404
69.9813 91.514 0.218465
5.38318 102.28 -0.501986
16.1495 102.28 -0.807801
26.9159 102.28 -0.873845
37.6822 102.28 -0.926771
48.4486 102.28 -0.893589
59.215 102.28 -0.657331
69.9813 102.28 -0.262332
5.38318 113.047 -0.58311
16.1495 113.047 -0.931965
26.9159 113.047 -1.01763
37.6822 113.047 -1.02013
48.4486 113.047 -0.96551
59.215 113.047 -0.761314
69.9813 113.047 -0.324903
5.38318 123.813 -0.565851
16.1495 123.813 -0.901487
26.9159 123.813 -0.966649
37.6822 123.813 -0.965966
48.4486 123.813 -0.912873
59.215 123.813 -0.70222
69.9813 123.813 -0.297823
5.38318 134.579 -0.507898
16.1495 134.579 -0.785129
26.9159 134.579 -0.728274
37.6822 134.579 -0.722081
48.4486 134.579 -0.651869
59.215 134.579 -0.496905
69.9813 134.579 -0.183455
5.38318 145.346 -0.269496
16.1495 145.346 -0.34253
26.9159 145.346 -0.120187
37.6822 145.346 -0.0757244
48.4486 145.346 -0.0670754
59.215 145.346 -0.0681836
69.9813 145.346 0.0723834
5.38318 156.112 0.17162
16.1495 156.112 0.765393
26.9159 156.112 1.72682
37.6822 156.112 2.02366
48.4486 156.112 1.79624
59.215 156.112 1.20919
69.9813 156.112 0.716069
5.38318 166.879 0.82108
16.1495 166.879 2.11642
26.9159 166.879 3.40038
37.6822 166.879 3.79967
48.4486 166.879 3.18182
59.215 166.879 2.19217
69.9813 166.879 1.15642
5.38318 177.645 1.12061
16.1495 177.645 2.5669
26.9159 177.645 4.04651
37.6822 177.645 4.50482
48.4486 177.645 3.73344
59.215 177.645 2.5025
69.9813 177.645 1.29857
5.38318 188.411 0.994423
16.1495 188.411 2.21712
26.9159 188.411 3.43515
37.6822 188.411 3.66958
48.4486 188.411 2.87425
59.215 188.411 1.90953
69.9813 188.411 0.958554
5.38318 199.178 0.630251
16.1495 199.178 1.28602
26.9159 199.178 1.81309
37.6822 199.178 1.7835
48.4486 199.178 1.441
59.215 199.178 1.03285
69.9813 199.178 0.702207
5.38318 209.944 0.362644
16.1495 209.944 0.719925
26.9159 209.944 0.88034
37.6822 209.944 0.809224
48.4486 209.944 0.655738
59.215 209.944 0.624291
69.9813 209.944 0.513461
