48 37
0 17 72 40
0 1 72 72
0 0 72 82
0 0 72 144
0 0 72 216
5.38318 5.38318 1.16124
16.1495 5.38318 1.75115
26.9159 5.38318 1.92267
37.6822 5.38318 1.62721
48.4486 5.38318 1.36361
59.215 5.38318 1.00697
69.9813 5.38318 0.566751
5.38318 16.1495 1.94188
16.1495 16.1495 3.10267
26.9159 16.1495 3.60522
37.6822 16.1495 3.39443
48.4486 16.1495 3.00788
59.215 16.1495 2.27198
69.9813 16.1495 1.29386
5.38318 26.9159 2.12887
16.1495 26.9159 3.55904
26.9159 26.9159 4.52615
37.6822 26.9159 4.97934
48.4486 26.9159 4.83249
59.215 26.9159 3.74171
69.9813 26.9159 2.04012
5.38318 37.6822 1.73861
16.1495 37.6822 2.93435
26.9159 37.6822 4.11739
37.6822 37.6822 5.14822
48.4486 37.6822 5.38849
59.215 37.6822 4.31052
69.9813 37.6822 2.34507
5.38318 48.4486 1.22817
16.1495 48.4486 2.17522
26.9159 48.4486 3.27778
37.6822 48.4486 4.26985
48.4486 48.4486 4.67118
59.215 48.4486 3.9262
69.9813 48.4486 2.24947
5.38318 59.215 0.822668
16.1495 59.215 1.53206
26.9159 59.215 2.21783
37.6822 59.215 2.43603
48.4486 59.215 2.54415
59.215 59.215 2.35422
69.9813 59.215 1.59429
5.38318 69.9813 0.514007
16.1495 69.9813 1.10174
26.9159 69.9813 1.58271
37.6822 69.9813 1.43412
48.4486 69.9813 1.4235
59.215 69.9813 1.41011
69.9813 69.9813 1.18318
5.38318 80.7477 0.158061
16.1495 80.7477 0.626168
26.9159 80.7477 1.01265
37.6822 80.7477 0.786071
48.4486 80.7477 0.468942
59.215 80.7477 0.533673
69.9813 80.7477 0.62007
5.38318 91.514 -0.162161
16.1495 91.514 -0.132191
26.9159 91.514 0.0737458
37.6822 91.514 -0.0611814
48.4486 91.514 -0.192786
59.215 91.514 -0.142534
69.9813 91.514 0.084952
5.38318 102.28 -0.213087
16.1495 102.28 -0.284982
26.9159 102.28 -0.219418
37.6822 102.28 -0.242467
48.4486 102.28 -0.276197
59.215 102.28 -0.211461
69.9813 102.28 -0.0588201
5.38318 113.047 -0.29697
16.1495 113.047 -0.449594
26.9159 113.047 -0.451025
37.6822 113.047 -0.439135
48.4486 113.047 -0.421103
59.215 113.047 -0.329329
69.9813 113.047 -0.142707
5.38318 123.813 -0.288803
16.1495 123.813 -0.437499
26.9159 123.813 -0.408393
37.6822 123.813 -0.393095
48.4486 123.813 -0.359221
59.215 123.813 -0.282086
69.9813 123.813 -0.112762
5.38318 134.579 -0.234091
16.1495 134.579 -0.306403
26.9159 134.579 -0.196159
37.6822 134.579 -0.149946
48.4486 134.579 -0.128629
59.215 134.579 -0.141181
69.9813 134.579 -0.0408227
5.38318 145.346 -0.146354
16.1495 145.346 -0.0685355
26.9159 145.346 0.522022
37.6822 145.346 0.82879
48.4486 145.346 0.781873
59.215 145.346 0.352412
69.9813 145.346 0.214221
5.38318 156.112 -0.0141162
16.1495 156.112 0.659294
26.9159 156.112 1.8712
37.6822 156.112 2.36919
48.4486 156.112 2.04352
59.215 156.112 1.13168
69.9813 156.112 0.492716
5.38318 166.879 0.281336
16.1495 166.879 1.42943
26.9159 166.879 3.10783
37.6822 166.879 3.89162
48.4486 166.879 3.2818
59.215 166.879 1.76237
69.9813 166.879 0.741036
5.38318 177.645 0.570833
16.1495 177.645 1.85848
26.9159 177.645 3.57265
37.6822 177.645 4.31183
48.4486 177.645 3.57346
59.215 177.645 1.96083
69.9813 177.645 0.85923
5.38318 188.411 0.880798
16.1495 188.411 2.1247
26.9159 188.411 3.37868
37.6822 188.411 3.73554
48.4486 188.411 3.0521
59.215 188.411 1.80095
69.9813 188.411 0.929902
5.38318 199.178 0.947538
16.1495 199.178 1.88153
26.9159 199.178 2.30829
37.6822 199.178 2.34839
48.4486 199.178 1.87598
59.215 199.178 1.31481
69.9813 199.178 0.804518
5.38318 209.944 0.728477
16.1495 209.944 1.39228
26.9159 209.944 1.61559
37.6822 209.944 1.55179
48.4486 209.944 1.21336
59.215 209.944 0.916134
69.9813 209.944 0.5864
