37 188
0 168 72 40
0 144 72 72
0 134 72 82
0 72 72 144
0 0 72 216
5.38318 5.38318 0.289037
16.1495 5.38318 0.540657
26.9159 5.38318 0.928496
37.6822 5.38318 0.936585
48.4486 5.38318 0.7901
59.215 5.38318 0.557986
69.9813 5.38318 0.345703
5.38318 16.1495 0.485789
16.1495 16.1495 1.21476
26.9159 16.1495 2.05549
37.6822 16.1495 2.11416
48.4486 16.1495 1.89652
59.215 16.1495 1.37873
69.9813 16.1495 0.85892
5.38318 26.9159 0.54224
16.1495 26.9159 1.57971
26.9159 26.9159 2.92206
37.6822 26.9159 3.1626
48.4486 26.9159 2.81751
59.215 26.9159 1.91075
69.9813 26.9159 1.12435
5.38318 37.6822 0.847951
16.1495 37.6822 2.13811
26.9159 37.6822 4.04478
37.6822 37.6822 4.47306
48.4486 37.6822 3.95796
59.215 37.6822 2.50926
69.9813 37.6822 1.36115
5.38318 48.4486 0.962706
16.1495 48.4486 2.46084
26.9159 48.4486 4.78039
37.6822 48.4486 5.36099
48.4486 48.4486 4.64738
59.215 48.4486 2.78406
69.9813 48.4486 1.34914
5.38318 59.215 0.830965
16.1495 59.215 2.09235
26.9159 59.215 4.15247
37.6822 59.215 4.7963
48.4486 59.215 3.98151
59.215 59.215 2.32061
69.9813 59.215 1.04055
5.38318 69.9813 0.167117
16.1495 69.9813 0.8405
26.9159 69.9813 2.06768
37.6822 69.9813 2.44959
48.4486 69.9813 1.89171
59.215 69.9813 1.11266
69.9813 69.9813 0.394733
5.38318 80.7477 -0.138154
16.1495 80.7477 -0.122594
26.9159 80.7477 0.142769
37.6822 80.7477 0.24454
48.4486 80.7477 -0.0690789
59.215 80.7477 -0.103261
69.9813 80.7477 -0.0847261
5.38318 91.514 -0.251554
16.1495 91.514 -0.384047
26.9159 91.514 -0.390345
37.6822 91.514 -0.427246
48.4486 91.514 -0.454265
59.215 91.514 -0.355574
69.9813 91.514 -0.167823
5.38318 102.28 -0.287706
16.1495 102.28 -0.431345
26.9159 102.28 -0.421553
37.6822 102.28 -0.440223
48.4486 102.28 -0.43361
59.215 102.28 -0.349016
69.9813 102.28 -0.151479
5.38318 113.047 -0.298396
16.1495 113.047 -0.450998
26.9159 113.047 -0.453844
37.6822 113.047 -0.437413
48.4486 113.047 -0.423184
59.215 113.047 -0.335064
69.9813 113.047 -0.151263
5.38318 123.813 -0.286875
16.1495 123.813 -0.430986
26.9159 123.813 -0.394179
37.6822 123.813 -0.385214
48.4486 123.813 -0.367875
59.215 123.813 -0.285234
69.9813 123.813 -0.12013
5.38318 134.579 -0.222404
16.1495 134.579 -0.312028
26.9159 134.579 -0.218444
37.6822 134.579 -0.192611
48.4486 134.579 -0.175278
59.215 134.579 -0.118173
69.9813 134.579 -0.0254691
5.38318 145.346 -0.0694731
16.1495 145.346 -0.00445869
26.9159 145.346 0.50119
37.6822 145.346 0.646635
48.4486 145.346 0.62902
59.215 145.346 0.497251
69.9813 145.346 0.347787
5.38318 156.112 0.335426
16.1495 156.112 0.879508
26.9159 156.112 1.78826
37.6822 156.112 2.16326
48.4486 156.112 2.10478
59.215 156.112 1.57962
69.9813 156.112 0.924796
5.38318 166.879 0.920722
16.1495 166.879 1.96643
26.9159 166.879 3.36989
37.6822 166.879 4.16093
48.4486 166.879 4.01593
59.215 166.879 2.80484
69.9813 166.879 1.46826
5.38318 177.645 1.37148
16.1495 177.645 2.60238
26.9159 177.645 4.42323
37.6822 177.645 5.74399
48.4486 177.645 5.68946
59.215 177.645 3.92466
69.9813 177.645 1.90693
5.38318 188.411 1.52262
16.1495 188.411 2.74321
26.9159 188.411 4.4443
37.6822 188.411 5.84015
48.4486 188.411 5.75502
59.215 188.411 3.99435
69.9813 188.411 1.89745
5.38318 199.178 1.12902
16.1495 199.178 1.91589
26.9159 199.178 2.87316
37.6822 199.178 3.56162
48.4486 199.178 3.47743
59.215 199.178 2.58832
69.9813 199.178 1.34022
5.38318 209.944 0.472677
16.1495 209.944 0.902015
26.9159 209.944 1.12678
37.6822 209.944 1.15874
48.4486 209.944 1.07984
59.215 209.944 0.999907
69.9813 209.944 0.720452
