37 16
0 0 72 40
0 0 72 72
0 0 72 82
0 0 72 144
0 0 72 216
5.38318 5.38318 0.314751
16.1495 5.38318 1.16956
26.9159 5.38318 2.41712
37.6822 5.38318 2.74622
48.4486 5.38318 1.8584
59.215 5.38318 0.854189
69.9813 5.38318 0.167975
5.38318 16.1495 0.420434
16.1495 16.1495 1.87102
26.9159 16.1495 4.0956
37.6822 16.1495 4.76491
48.4486 16.1495 3.42606
59.215 16.1495 1.6138
69.9813 16.1495 0.419399
5.38318 26.9159 0.26739
16.1495 26.9159 1.81437
26.9159 26.9159 4.0171
37.6822 26.9159 4.76292
48.4486 26.9159 3.41385
59.215 26.9159 1.56352
69.9813 26.9159 0.30554
5.38318 37.6822 0.260728
16.1495 37.6822 1.23113
26.9159 37.6822 2.581
37.6822 37.6822 2.97095
48.4486 37.6822 2.30491
59.215 37.6822 1.09129
69.9813 37.6822 0.321063
5.38318 48.4486 0.251473
16.1495 48.4486 0.972522
26.9159 48.4486 1.95058
37.6822 48.4486 2.18793
48.4486 48.4486 1.83218
59.215 48.4486 0.871918
69.9813 48.4486 0.393767
5.38318 59.215 0.225516
16.1495 59.215 1.0037
26.9159 59.215 2.02188
37.6822 59.215 2.37865
48.4486 59.215 2.04456
59.215 59.215 1.03795
69.9813 59.215 0.475777
5.38318 69.9813 -0.00237807
16.1495 69.9813 0.609569
26.9159 69.9813 1.56472
37.6822 69.9813 1.89346
48.4486 69.9813 1.71027
59.215 69.9813 0.744497
69.9813 69.9813 0.392334
5.38318 80.7477 -0.133627
16.1495 80.7477 0.0221503
26.9159 80.7477 0.75298
37.6822 80.7477 0.991078
48.4486 80.7477 0.895239
59.215 80.7477 0.222892
69.9813 80.7477 0.169407
5.38318 91.514 -0.237795
16.1495 91.514 -0.285907
26.9159 91.514 -0.170563
37.6822 91.514 -0.175484
48.4486 91.514 -0.176447
59.215 91.514 -0.284424
69.9813 91.514 -0.110176
5.38318 102.28 -0.295156
16.1495 102.28 -0.444628
26.9159 102.28 -0.43908
37.6822 102.28 -0.442234
48.4486 102.28 -0.429891
59.215 102.28 -0.376141
69.9813 102.28 -0.16567
5.38318 113.047 -0.299468
16.1495 113.047 -0.452677
26.9159 113.047 -0.458533
37.6822 113.047 -0.441243
48.4486 113.047 -0.425166
59.215 113.047 -0.335537
69.9813 113.047 -0.150264
5.38318 123.813 -0.281911
16.1495 123.813 -0.417647
26.9159 123.813 -0.364183
37.6822 123.813 -0.363459
48.4486 123.813 -0.358943
59.215 123.813 -0.300409
69.9813 123.813 -0.133466
5.38318 134.579 -0.176834
16.1495 134.579 -0.204206
26.9159 134.579 -0.0373047
37.6822 134.579 -0.0188258
48.4486 134.579 -0.0969781
59.215 134.579 -0.131138
69.9813 134.579 -0.0753695
5.38318 145.346 -0.0299537
16.1495 145.346 0.160727
26.9159 145.346 0.866934
37.6822 145.346 0.92135
48.4486 145.346 0.548869
59.215 145.346 0.233812
69.9813 145.346 0.0378878
5.38318 156.112 0.318473
16.1495 156.112 0.932546
26.9159 156.112 2.04762
37.6822 156.112 2.099
48.4486 156.112 1.31642
59.215 156.112 0.665749
69.9813 156.112 0.14023
5.38318 166.879 0.369277
16.1495 166.879 1.0275
26.9159 166.879 2.33551
37.6822 166.879 2.31977
48.4486 166.879 1.39087
59.215 166.879 0.677533
69.9813 166.879 0.127615
5.38318 177.645 0.333802
16.1495 177.645 0.85401
26.9159 177.645 2.05052
37.6822 177.645 1.77712
48.4486 177.645 0.98922
59.215 177.645 0.339575
69.9813 177.645 0.010889
5.38318 188.411 0.181832
16.1495 188.411 0.434093
26.9159 188.411 1.30241
37.6822 188.411 0.799853
48.4486 188.411 0.282733
59.215 188.411 -0.0130471
69.9813 188.411 0.0351499
5.38318 199.178 0.0905494
16.1495 199.178 0.30031
26.9159 199.178 1.09918
37.6822 199.178 0.621588
48.4486 199.178 0.3226
59.215 199.178 0.0271783
69.9813 199.178 0.206654
5.38318 209.944 -0.0168498
16.1495 209.944 0.0367917
26.9159 209.944 0.486389
37.6822 209.944 0.213434
48.4486 209.944 0.143226
59.215 209.944 0.0461104
69.9813 209.944 0.244178
