26 177
0 157 72 40
0 141 72 72
0 134 72 82
0 72 72 144
0 0 72 216
5.38318 5.38318 0.612694
16.1495 5.38318 1.09831
26.9159 5.38318 1.40104
37.6822 5.38318 1.15505
48.4486 5.38318 0.67109
59.215 5.38318 0.25548
69.9813 5.38318 0.115647
5.38318 16.1495 0.939049
16.1495 16.1495 1.89985
26.9159 16.1495 2.45417
37.6822 16.1495 2.11045
48.4486 16.1495 1.37159
59.215 16.1495 0.644298
69.9813 16.1495 0.346987
5.38318 26.9159 1.10344
16.1495 26.9159 2.19817
26.9159 26.9159 2.83581
37.6822 26.9159 2.46052
48.4486 26.9159 1.57902
59.215 26.9159 0.693122
69.9813 26.9159 0.332057
5.38318 37.6822 1.08733
16.1495 37.6822 2.03638
26.9159 37.6822 2.5229
37.6822 37.6822 2.25073
48.4486 37.6822 1.66004
59.215 37.6822 0.978717
69.9813 37.6822 0.576713
5.38318 48.4486 1.10717
16.1495 48.4486 2.07996
26.9159 48.4486 2.6026
37.6822 48.4486 2.46734
48.4486 48.4486 2.14612
59.215 48.4486 1.55802
69.9813 48.4486 1.02309
5.38318 59.215 1.0526
16.1495 59.215 2.03008
26.9159 59.215 2.55528
37.6822 59.215 2.52077
48.4486 59.215 2.42368
59.215 59.215 1.9142
69.9813 59.215 1.32644
5.38318 69.9813 0.939837
16.1495 69.9813 1.83658
26.9159 69.9813 2.25579
37.6822 69.9813 2.17362
48.4486 69.9813 2.11403
59.215 69.9813 1.72185
69.9813 69.9813 1.248
5.38318 80.7477 0.521671
16.1495 80.7477 1.05033
26.9159 80.7477 1.25431
37.6822 80.7477 1.01766
48.4486 80.7477 0.908673
59.215 80.7477 0.712511
69.9813 80.7477 0.646225
5.38318 91.514 -0.148906
16.1495 91.514 -0.152732
26.9159 91.514 -0.10256
37.6822 91.514 -0.193038
48.4486 91.514 -0.279799
59.215 91.514 -0.284876
69.9813 91.514 -0.119553
5.38318 102.28 -0.27423
16.1495 102.28 -0.4186
26.9159 102.28 -0.39664
37.6822 102.28 -0.426179
48.4486 102.28 -0.441015
59.215 102.28 -0.355642
69.9813 102.28 -0.164159
5.38318 113.047 -0.267994
16.1495 113.047 -0.410416
26.9159 113.047 -0.393783
37.6822 113.047 -0.400863
48.4486 113.047 -0.402266
59.215 113.047 -0.324404
69.9813 113.047 -0.147666
5.38318 123.813 -0.164253
16.1495 123.813 -0.238936
26.9159 123.813 -0.190085
37.6822 123.813 -0.208993
48.4486 123.813 -0.244112
59.215 123.813 -0.223481
69.9813 123.813 -0.0988691
5.38318 134.579 0.0506339
16.1495 134.579 0.11646
26.9159 134.579 0.311854
37.6822 134.579 0.221002
48.4486 134.579 -0.00148782
59.215 134.579 -0.0529613
69.9813 134.579 -0.00860647
5.38318 145.346 0.686817
16.1495 145.346 1.25993
26.9159 145.346 1.70331
37.6822 145.346 1.62651
48.4486 145.346 1.16517
59.215 145.346 0.688356
69.9813 145.346 0.370556
5.38318 156.112 1.44986
16.1495 156.112 2.6219
26.9159 156.112 3.19844
37.6822 156.112 2.93426
48.4486 156.112 2.16639
59.215 156.112 1.42629
69.9813 156.112 0.771196
5.38318 166.879 2.3151
16.1495 166.879 4.3161
26.9159 166.879 5.18924
37.6822 166.879 4.70522
48.4486 166.879 3.38391
59.215 166.879 2.18377
69.9813 166.879 1.21752
5.38318 177.645 2.46073
16.1495 177.645 4.83608
26.9159 177.645 6.01808
37.6822 177.645 5.44279
48.4486 177.645 3.86837
59.215 177.645 2.46806
69.9813 177.645 1.39145
5.38318 188.411 2.06346
16.1495 188.411 4.12206
26.9159 188.411 5.2574
37.6822 188.411 4.84218
48.4486 188.411 3.4672
59.215 188.411 2.32283
69.9813 188.411 1.37555
5.38318 199.178 0.75081
16.1495 199.178 1.71763
26.9159 199.178 2.41872
37.6822 199.178 2.48378
48.4486 199.178 1.95315
59.215 199.178 1.49758
69.9813 199.178 0.953302
5.38318 209.944 0.388138
16.1495 209.944 0.798921
26.9159 209.944 1.11506
37.6822 209.944 1.13189
48.4486 209.944 0.779613
59.215 209.944 0.672819
69.9813 209.944 0.431298
