37 48
0 28 72 40
0 12 72 72
0 7 72 82
0 0 72 144
0 0 72 216
5.38318 5.38318 0.102306
16.1495 5.38318 0.0787218
26.9159 5.38318 0.215753
37.6822 5.38318 0.153382
48.4486 5.38318 0.108806
59.215 5.38318 0.0920788
69.9813 5.38318 0.10795
5.38318 16.1495 0.214952
16.1495 16.1495 0.546795
26.9159 16.1495 1.12472
37.6822 16.1495 1.11678
48.4486 16.1495 1.04344
59.215 16.1495 0.675434
69.9813 16.1495 0.490915
5.38318 26.9159 0.155925
16.1495 26.9159 0.840028
26.9159 26.9159 1.95015
37.6822 26.9159 2.04964
48.4486 26.9159 1.82164
59.215 26.9159 0.867299
69.9813 26.9159 0.564908
5.38318 37.6822 0.585985
16.1495 37.6822 1.92692
26.9159 37.6822 3.63131
37.6822 37.6822 3.93938
48.4486 37.6822 3.58439
59.215 37.6822 2.01317
69.9813 37.6822 1.04656
5.38318 48.4486 0.543619
16.1495 48.4486 1.97792
26.9159 48.4486 3.84861
37.6822 48.4486 4.3061
48.4486 48.4486 3.8294
59.215 48.4486 2.08629
69.9813 48.4486 1.02518
5.38318 59.215 0.0796988
16.1495 59.215 1.06439
26.9159 59.215 2.77526
37.6822 59.215 3.07005
48.4486 59.215 2.58238
59.215 59.215 1.08612
69.9813 59.215 0.450736
5.38318 69.9813 -0.324825
16.1495 69.9813 -0.346479
26.9159 69.9813 0.0281986
37.6822 69.9813 0.100896
48.4486 69.9813 -0.201286
59.215 69.9813 -0.365192
69.9813 69.9813 -0.210115
5.38318 80.7477 -0.51509
16.1495 80.7477 -0.784586
26.9159 80.7477 -0.748298
37.6822 80.7477 -0.787039
48.4486 80.7477 -0.831904
59.215 80.7477 -0.712722
69.9813 80.7477 -0.335443
5.38318 91.514 -0.578148
16.1495 91.514 -0.936208
26.9159 91.514 -1.05007
37.6822 91.514 -1.08809
48.4486 91.514 -1.04391
59.215 91.514 -0.833974
69.9813 91.514 -0.366075
5.38318 102.28 -0.58955
16.1495 102.28 -0.947022
26.9159 102.28 -1.04601
37.6822 102.28 -1.06084
48.4486 102.28 -1.01111
59.215 102.28 -0.800984
69.9813 102.28 -0.351601
5.38318 113.047 -0.582727
16.1495 113.047 -0.932025
26.9159 113.047 -1.01144
37.6822 113.047 -1.00805
48.4486 113.047 -0.953292
59.215 113.047 -0.74757
69.9813 113.047 -0.321987
5.38318 123.813 -0.558173
16.1495 123.813 -0.882325
26.9159 123.813 -0.942018
37.6822 123.813 -0.933794
48.4486 123.813 -0.884503
59.215 123.813 -0.660046
69.9813 123.813 -0.274277
5.38318 134.579 -0.4959
16.1495 134.579 -0.748173
26.9159 134.579 -0.714258
37.6822 134.579 -0.699346
48.4486 134.579 -0.654293
59.215 134.579 -0.479455
69.9813 134.579 -0.173938
5.38318 145.346 -0.286812
16.1495 145.346 -0.351437
26.9159 145.346 -0.233756
37.6822 145.346 -0.200181
48.4486 145.346 -0.216663
59.215 145.346 -0.156775
69.9813 145.346 -0.0046462
5.38318 156.112 0.0139156
16.1495 156.112 0.430273
26.9159 156.112 0.954086
37.6822 156.112 1.04422
48.4486 156.112 0.89669
59.215 156.112 0.677305
69.9813 156.112 0.494615
5.38318 166.879 0.62508
16.1495 166.879 1.46368
26.9159 166.879 2.12578
37.6822 166.879 2.18764
48.4486 166.879 1.94733
59.215 166.879 1.39924
69.9813 166.879 0.841921
5.38318 177.645 0.921271
16.1495 177.645 1.85584
26.9159 177.645 2.73189
37.6822 177.645 2.77329
48.4486 177.645 2.46662
59.215 177.645 1.70948
69.9813 177.645 1.00625
5.38318 188.411 0.895448
16.1495 188.411 1.78991
26.9159 188.411 2.72657
37.6822 188.411 2.76112
48.4486 188.411 2.43326
59.215 188.411 1.63722
69.9813 188.411 0.948772
5.38318 199.178 0.448896
16.1495 199.178 1.05936
26.9159 199.178 1.84033
37.6822 199.178 1.82393
48.4486 199.178 1.59301
59.215 199.178 0.945614
69.9813 199.178 0.60657
5.38318 209.944 0.110471
16.1495 209.944 0.361513
26.9159 209.944 0.729237
37.6822 209.944 0.584569
48.4486 209.944 0.385389
59.215 209.944 0.170353
69.9813 209.944 0.242732
