48 188
0 168 72 40
0 144 72 72
0 134 72 82
0 72 72 144
0 0 72 216
5.38318 5.38318 0.59663
16.1495 5.38318 1.0297
26.9159 5.38318 1.16159
37.6822 5.38318 1.15043
48.4486 5.38318 1.04965
59.215 5.38318 0.886172
69.9813 5.38318 0.601858
5.38318 16.1495 1.1278
16.1495 16.1495 1.90931
26.9159 16.1495 2.11428
37.6822 16.1495 2.13915
48.4486 16.1495 2.08377
59.215 16.1495 1.84812
69.9813 16.1495 1.27941
5.38318 26.9159 1.46062
16.1495 26.9159 2.30349
26.9159 26.9159 2.31471
37.6822 26.9159 2.4259
48.4486 26.9159 2.59327
59.215 26.9159 2.66818
69.9813 26.9159 1.88448
5.38318 37.6822 1.60536
16.1495 37.6822 2.33253
26.9159 37.6822 2.2035
37.6822 37.6822 2.27926
48.4486 37.6822 2.6703
59.215 37.6822 2.91056
69.9813 37.6822 2.11545
5.38318 48.4486 1.31654
16.1495 48.4486 1.91474
26.9159 48.4486 1.97793
37.6822 48.4486 2.11762
48.4486 48.4486 2.45483
59.215 48.4486 2.54472
69.9813 48.4486 1.82125
5.38318 59.215 0.695004
16.1495 59.215 1.18359
26.9159 59.215 1.69824
37.6822 59.215 1.82157
48.4486 59.215 1.95872
59.215 59.215 1.70105
69.9813 59.215 1.21216
5.38318 69.9813 0.445507
16.1495 69.9813 0.78595
26.9159 69.9813 1.417
37.6822 69.9813 1.40911
48.4486 69.9813 1.65379
59.215 69.9813 1.3363
69.9813 69.9813 1.03713
5.38318 80.7477 0.133994
16.1495 80.7477 0.24429
26.9159 80.7477 0.715676
37.6822 80.7477 0.515486
48.4486 80.7477 0.697523
59.215 80.7477 0.61785
69.9813 80.7477 0.650634
5.38318 91.514 -0.139251
16.1495 91.514 -0.230065
26.9159 91.514 -0.155789
37.6822 91.514 -0.281209
48.4486 91.514 -0.238335
59.215 91.514 -0.172501
69.9813 91.514 0.0704503
5.38318 102.28 -0.219046
16.1495 102.28 -0.355008
26.9159 102.28 -0.347257
37.6822 102.28 -0.421953
48.4486 102.28 -0.391814
59.215 102.28 -0.278963
69.9813 102.28 -0.0771254
5.38318 113.047 -0.290588
16.1495 113.047 -0.439236
26.9159 113.047 -0.428665
37.6822 113.047 -0.422529
48.4486 113.047 -0.409662
59.215 113.047 -0.322071
69.9813 113.047 -0.141338
5.38318 123.813 -0.192473
16.1495 123.813 -0.277384
26.9159 123.813 -0.243167
37.6822 123.813 -0.260736
48.4486 123.813 -0.264131
59.215 123.813 -0.212291
69.9813 123.813 -0.0703681
5.38318 134.579 0.0346801
16.1495 134.579 0.218994
26.9159 134.579 0.422276
37.6822 134.579 0.357338
48.4486 134.579 0.237465
59.215 134.579 0.0927507
69.9813 134.579 0.205045
5.38318 145.346 0.750253
16.1495 145.346 1.46591
26.9159 145.346 1.81872
37.6822 145.346 1.62226
48.4486 145.346 1.32778
59.215 145.346 0.854335
69.9813 145.346 0.624504
5.38318 156.112 1.32289
16.1495 156.112 2.54817
26.9159 156.112 3.18706
37.6822 156.112 2.94657
48.4486 156.112 2.50473
59.215 156.112 1.86012
69.9813 156.112 1.23555
5.38318 166.879 1.81416
16.1495 166.879 3.3126
26.9159 166.879 4.11506
37.6822 166.879 3.87009
48.4486 166.879 3.57429
59.215 166.879 2.74983
69.9813 166.879 1.84019
5.38318 177.645 2.19105
16.1495 177.645 3.64965
26.9159 177.645 4.30942
37.6822 177.645 4.36774
48.4486 177.645 4.73751
59.215 177.645 4.12863
69.9813 177.645 2.77245
5.38318 188.411 2.39222
16.1495 188.411 3.87051
26.9159 188.411 4.48922
37.6822 188.411 4.68708
48.4486 188.411 5.50483
59.215 188.411 4.99057
69.9813 188.411 3.36167
5.38318 199.178 2.25511
16.1495 199.178 3.67399
26.9159 199.178 4.2689
37.6822 199.178 4.49494
48.4486 199.178 5.16613
59.215 199.178 4.72242
69.9813 199.178 3.12631
5.38318 209.944 1.0507
16.1495 209.944 1.78666
26.9159 209.944 2.20637
37.6822 209.944 2.35981
48.4486 209.944 2.6132
59.215 209.944 2.35566
69.9813 209.944 1.5786
