37 188
0 168 72 40
0 144 72 72
0 134 72 82
0 72 72 144
0 0 72 216
5.38318 5.38318 0.181523
16.1495 5.38318 0.400276
26.9159 5.38318 0.857009
37.6822 5.38318 1.00157
48.4486 5.38318 0.86674
59.215 5.38318 0.557907
69.9813 5.38318 0.276205
5.38318 16.1495 0.400224
16.1495 16.1495 0.967596
26.9159 16.1495 1.83015
37.6822 16.1495 2.05663
48.4486 16.1495 1.87039
59.215 16.1495 1.33038
69.9813 16.1495 0.724515
5.38318 26.9159 0.586777
16.1495 26.9159 1.3693
26.9159 26.9159 2.48587
37.6822 26.9159 2.77472
48.4486 26.9159 2.50042
59.215 26.9159 1.69009
69.9813 26.9159 0.951301
5.38318 37.6822 1.1102
16.1495 37.6822 1.80537
26.9159 37.6822 2.55014
37.6822 37.6822 2.54617
48.4486 37.6822 2.3136
59.215 37.6822 1.76376
69.9813 37.6822 1.1175
5.38318 48.4486 1.19024
16.1495 48.4486 1.60846
26.9159 48.4486 1.97257
37.6822 48.4486 1.63534
48.4486 48.4486 1.59259
59.215 48.4486 1.45254
69.9813 48.4486 1.1112
5.38318 59.215 0.934269
16.1495 59.215 1.11658
26.9159 59.215 1.18998
37.6822 59.215 0.746229
48.4486 59.215 0.779832
59.215 59.215 1.00609
69.9813 59.215 0.921609
5.38318 69.9813 0.0559422
16.1495 69.9813 -0.0282869
26.9159 69.9813 0.108078
37.6822 69.9813 -0.0166225
48.4486 69.9813 0.250117
59.215 69.9813 0.584252
69.9813 69.9813 0.64766
5.38318 80.7477 -0.114818
16.1495 80.7477 -0.167974
26.9159 80.7477 -0.0962474
37.6822 80.7477 -0.0922492
48.4486 80.7477 -0.00208131
59.215 80.7477 0.33289
69.9813 80.7477 0.489011
5.38318 91.514 -0.202987
16.1495 91.514 -0.286368
26.9159 91.514 -0.216148
37.6822 91.514 -0.19664
48.4486 91.514 -0.129438
59.215 91.514 0.0359313
69.9813 91.514 0.280805
5.38318 102.28 -0.206295
16.1495 102.28 -0.275498
26.9159 102.28 -0.197206
37.6822 102.28 -0.184227
48.4486 102.28 -0.173041
59.215 102.28 -0.108953
69.9813 102.28 0.0389279
5.38318 113.047 -0.281196
16.1495 113.047 -0.419196
26.9159 113.047 -0.368197
37.6822 113.047 -0.359345
48.4486 113.047 -0.362401
59.215 113.047 -0.300384
69.9813 113.047 -0.135476
5.38318 123.813 -0.144798
16.1495 123.813 -0.219248
26.9159 123.813 -0.116951
37.6822 123.813 -0.129117
48.4486 123.813 -0.203172
59.215 123.813 -0.205657
69.9813 123.813 -0.113533
5.38318 134.579 0.284633
16.1495 134.579 0.412673
26.9159 134.579 0.850428
37.6822 134.579 0.726745
48.4486 134.579 0.365206
59.215 134.579 0.0386624
69.9813 134.579 -0.0274042
5.38318 145.346 1.20323
16.1495 145.346 1.76911
26.9159 145.346 2.22776
37.6822 145.346 1.99489
48.4486 145.346 1.36579
59.215 145.346 0.759738
69.9813 145.346 0.284068
5.38318 156.112 1.93942
16.1495 156.112 2.88456
26.9159 156.112 3.34692
37.6822 156.112 3.04489
48.4486 156.112 2.32862
59.215 156.112 1.49018
69.9813 156.112 0.696031
5.38318 166.879 2.30745
16.1495 166.879 3.53886
26.9159 166.879 4.02063
37.6822 166.879 3.78945
48.4486 166.879 3.15206
59.215 166.879 2.20703
69.9813 166.879 1.17768
5.38318 177.645 1.91454
16.1495 177.645 3.40916
26.9159 177.645 4.33941
37.6822 177.645 4.5459
48.4486 177.645 4.06739
59.215 177.645 2.93315
69.9813 177.645 1.66062
5.38318 188.411 1.30264
16.1495 188.411 2.8963
26.9159 188.411 4.52376
37.6822 188.411 5.18662
48.4486 188.411 4.74702
59.215 188.411 3.33838
69.9813 188.411 1.85827
5.38318 199.178 0.987796
16.1495 199.178 2.53319
26.9159 199.178 4.07353
37.6822 199.178 4.58025
48.4486 199.178 3.90907
59.215 199.178 2.70342
69.9813 199.178 1.49242
5.38318 209.944 0.38886
16.1495 209.944 1.12464
26.9159 209.944 1.75423
37.6822 209.944 1.94012
48.4486 209.944 1.68848
59.215 209.944 1.31845
69.9813 209.944 0.817344
