37 166
0 146 72 40
0 130 72 72
0 125 72 82
0 72 72 144
0 0 72 216
5.38318 5.38318 0.137621
16.1495 5.38318 0.331956
26.9159 5.38318 0.708092
37.6822 5.38318 0.862028
48.4486 5.38318 0.784378
59.215 5.38318 0.455886
69.9813 5.38318 0.253713
5.38318 16.1495 0.269068
16.1495 16.1495 0.973939
26.9159 16.1495 1.90831
37.6822 16.1495 2.21541
48.4486 16.1495 1.99619
59.215 16.1495 1.27157
69.9813 16.1495 0.655356
5.38318 26.9159 0.339658
16.1495 26.9159 1.31885
26.9159 26.9159 2.59524
37.6822 26.9159 3.03627
48.4486 26.9159 2.68491
59.215 26.9159 1.63626
69.9813 26.9159 0.781003
5.38318 37.6822 0.771142
16.1495 37.6822 1.87803
26.9159 37.6822 3.12966
37.6822 37.6822 3.54608
48.4486 37.6822 3.07949
59.215 37.6822 1.92856
69.9813 37.6822 0.969796
5.38318 48.4486 1.19527
16.1495 48.4486 2.16148
26.9159 48.4486 3.01134
37.6822 48.4486 3.04912
48.4486 48.4486 2.79524
59.215 48.4486 1.98741
69.9813 48.4486 1.23469
5.38318 59.215 1.52915
16.1495 59.215 2.43854
26.9159 59.215 2.65765
37.6822 59.215 2.43466
48.4486 59.215 2.46213
59.215 59.215 2.25863
69.9813 59.215 1.6487
5.38318 69.9813 1.50264
16.1495 69.9813 2.30182
26.9159 69.9813 2.38969
37.6822 69.9813 2.06562
48.4486 69.9813 2.31328
59.215 69.9813 2.3409
69.9813 69.9813 1.80813
5.38318 80.7477 0.699802
16.1495 80.7477 1.20717
26.9159 80.7477 1.42923
37.6822 80.7477 1.27098
48.4486 80.7477 1.42359
59.215 80.7477 1.57189
69.9813 80.7477 1.19499
5.38318 91.514 -0.193379
16.1495 91.514 -0.225214
26.9159 91.514 -0.0303004
37.6822 91.514 0.0627996
48.4486 91.514 0.0185154
59.215 91.514 0.0800115
69.9813 91.514 0.148935
5.38318 102.28 -0.292061
16.1495 102.28 -0.408631
26.9159 102.28 -0.28881
37.6822 102.28 -0.260969
48.4486 102.28 -0.275331
59.215 102.28 -0.249286
69.9813 102.28 -0.118591
5.38318 113.047 -0.299674
16.1495 113.047 -0.453827
26.9159 113.047 -0.457506
37.6822 113.047 -0.442743
48.4486 113.047 -0.423369
59.215 113.047 -0.327571
69.9813 113.047 -0.141333
5.38318 123.813 -0.278354
16.1495 123.813 -0.401601
26.9159 123.813 -0.332211
37.6822 123.813 -0.304697
48.4486 123.813 -0.302033
59.215 123.813 -0.255743
69.9813 123.813 -0.114221
5.38318 134.579 -0.1958
16.1495 134.579 -0.193547
26.9159 134.579 0.0175728
37.6822 134.579 0.249457
48.4486 134.579 0.0493474
59.215 134.579 -0.0671706
69.9813 134.579 -0.048677
5.38318 145.346 -0.0312027
16.1495 145.346 0.540206
26.9159 145.346 1.58986
37.6822 145.346 1.93778
48.4486 145.346 1.44445
59.215 145.346 0.649869
69.9813 145.346 0.200673
5.38318 156.112 0.314461
16.1495 156.112 1.484
26.9159 156.112 3.07941
37.6822 156.112 3.70532
48.4486 156.112 2.8354
59.215 156.112 1.43427
69.9813 156.112 0.477192
5.38318 166.879 0.630671
16.1495 166.879 2.07556
26.9159 166.879 4.0002
37.6822 166.879 4.70455
48.4486 166.879 3.6892
59.215 166.879 1.90692
69.9813 166.879 0.744686
5.38318 177.645 0.850144
16.1495 177.645 2.19333
26.9159 177.645 3.67078
37.6822 177.645 4.08875
48.4486 177.645 3.40121
59.215 177.645 1.9697
69.9813 177.645 0.997278
5.38318 188.411 1.08216
16.1495 188.411 2.16899
26.9159 188.411 2.86388
37.6822 188.411 3.02782
48.4486 188.411 2.77508
59.215 188.411 1.99039
69.9813 188.411 1.26051
5.38318 199.178 1.00683
16.1495 199.178 1.94382
26.9159 199.178 2.50652
37.6822 199.178 2.67916
48.4486 199.178 2.76074
59.215 199.178 2.12042
69.9813 199.178 1.39269
5.38318 209.944 0.686189
16.1495 209.944 1.29113
26.9159 209.944 1.61545
37.6822 209.944 1.80744
48.4486 209.944 1.9714
59.215 209.944 1.61208
69.9813 209.944 1.0748
