37 177
0 157 72 40
0 141 72 72
0 134 72 82
0 72 72 144
0 0 72 216
5.38318 5.38318 0.326054
16.1495 5.38318 0.511379
26.9159 5.38318 0.682984
37.6822 5.38318 0.735893
48.4486 5.38318 0.784158
59.215 5.38318 0.72597
69.9813 5.38318 0.485106
5.38318 16.1495 0.710608
16.1495 16.1495 1.29564
26.9159 16.1495 1.79062
37.6822 16.1495 1.82785
48.4486 16.1495 1.9118
59.215 16.1495 1.59267
69.9813 16.1495 1.05632
5.38318 26.9159 0.764359
16.1495 26.9159 1.55687
26.9159 26.9159 2.40617
37.6822 26.9159 2.52357
48.4486 26.9159 2.64568
59.215 26.9159 2.00959
69.9813 26.9159 1.29753
5.38318 37.6822 1.0676
16.1495 37.6822 2.18524
26.9159 37.6822 3.5153
37.6822 37.6822 3.5903
48.4486 37.6822 3.57249
59.215 37.6822 2.38133
69.9813 37.6822 1.4536
5.38318 48.4486 0.852864
16.1495 48.4486 1.95767
26.9159 48.4486 3.37284
37.6822 48.4486 3.56983
48.4486 48.4486 3.38754
59.215 48.4486 2.05574
69.9813 48.4486 1.17747
5.38318 59.215 0.273511
16.1495 59.215 0.942486
26.9159 59.215 2.11325
37.6822 59.215 2.10443
48.4486 59.215 1.80983
59.215 59.215 0.661666
69.9813 59.215 0.403712
5.38318 69.9813 -0.271819
16.1495 69.9813 -0.374512
26.9159 69.9813 -0.222037
37.6822 69.9813 -0.325697
48.4486 69.9813 -0.438493
59.215 69.9813 -0.496458
69.9813 69.9813 -0.227339
5.38318 80.7477 -0.484066
16.1495 80.7477 -0.753087
26.9159 80.7477 -0.777473
37.6822 80.7477 -0.87304
48.4486 80.7477 -0.941063
59.215 80.7477 -0.795
69.9813 80.7477 -0.370971
5.38318 91.514 -0.556002
16.1495 91.514 -0.898895
26.9159 91.514 -1.00472
37.6822 91.514 -1.0488
48.4486 91.514 -1.02072
59.215 91.514 -0.827285
69.9813 91.514 -0.366905
5.38318 102.28 -0.584602
16.1495 102.28 -0.93925
26.9159 102.28 -1.0338
37.6822 102.28 -1.04768
48.4486 102.28 -1.00055
59.215 102.28 -0.797618
69.9813 102.28 -0.352715
5.38318 113.047 -0.580671
16.1495 113.047 -0.929749
26.9159 113.047 -1.0125
37.6822 113.047 -1.01519
48.4486 113.047 -0.962256
59.215 113.047 -0.760835
69.9813 113.047 -0.327878
5.38318 123.813 -0.562081
16.1495 123.813 -0.89369
26.9159 123.813 -0.952723
37.6822 123.813 -0.953242
48.4486 123.813 -0.899661
59.215 123.813 -0.6851
69.9813 123.813 -0.288042
5.38318 134.579 -0.479616
16.1495 134.579 -0.724294
26.9159 134.579 -0.622707
37.6822 134.579 -0.640635
48.4486 134.579 -0.593324
59.215 134.579 -0.489849
69.9813 134.579 -0.189839
5.38318 145.346 -0.20299
16.1495 145.346 -0.231516
26.9159 145.346 0.19348
37.6822 145.346 0.289905
48.4486 145.346 0.351273
59.215 145.346 0.136372
69.9813 145.346 0.246105
5.38318 156.112 0.519908
16.1495 156.112 1.25957
26.9159 156.112 2.37308
37.6822 156.112 2.58168
48.4486 156.112 2.38219
59.215 156.112 1.59621
69.9813 156.112 0.922018
5.38318 166.879 1.49077
16.1495 166.879 2.90379
26.9159 166.879 4.27492
37.6822 166.879 4.71173
48.4486 166.879 4.2423
59.215 166.879 3.00927
69.9813 166.879 1.64507
5.38318 177.645 2.04388
16.1495 177.645 3.8385
26.9159 177.645 5.24235
37.6822 177.645 5.62667
48.4486 177.645 4.95314
59.215 177.645 3.54807
69.9813 177.645 1.90718
5.38318 188.411 2.00305
16.1495 188.411 3.62159
26.9159 188.411 4.74934
37.6822 188.411 4.91706
48.4486 188.411 4.20476
59.215 188.411 3.08968
69.9813 188.411 1.67832
5.38318 199.178 1.2047
16.1495 199.178 2.21693
26.9159 199.178 2.77058
37.6822 199.178 2.87316
48.4486 199.178 2.41498
59.215 199.178 2.02381
69.9813 199.178 1.20971
5.38318 209.944 0.533528
16.1495 209.944 1.07919
26.9159 209.944 1.36885
37.6822 209.944 1.47082
48.4486 209.944 1.20647
59.215 209.944 1.12134
69.9813 209.944 0.704429
