37 26
0 6 72 40
0 0 72 72
0 0 72 82
0 0 72 144
0 0 72 216
5.38318 5.38318 0.428502
16.1495 5.38318 1.1321
26.9159 5.38318 1.80865
37.6822 5.38318 2.00712
48.4486 5.38318 1.66151
59.215 5.38318 0.991371
69.9813 5.38318 0.440493
5.38318 16.1495 0.700204
16.1495 16.1495 2.1531
26.9159 16.1495 3.60017
37.6822 16.1495 4.11477
48.4486 16.1495 3.40387
59.215 16.1495 2.0367
69.9813 16.1495 0.968192
5.38318 26.9159 0.70845
16.1495 26.9159 2.48391
26.9159 26.9159 4.52187
37.6822 26.9159 5.34995
48.4486 26.9159 4.42246
59.215 26.9159 2.53298
69.9813 26.9159 1.13626
5.38318 37.6822 0.765295
16.1495 37.6822 2.34055
26.9159 37.6822 4.10368
37.6822 37.6822 4.78942
48.4486 37.6822 3.98968
59.215 37.6822 2.35881
69.9813 37.6822 1.13922
5.38318 48.4486 0.783722
16.1495 48.4486 1.97643
26.9159 48.4486 3.00242
37.6822 48.4486 3.27282
48.4486 48.4486 2.78347
59.215 48.4486 1.78273
69.9813 48.4486 1.02484
5.38318 59.215 0.663115
16.1495 59.215 1.62937
26.9159 59.215 2.25568
37.6822 59.215 2.32814
48.4486 59.215 2.03318
59.215 59.215 1.42079
69.9813 59.215 0.898852
5.38318 69.9813 0.247406
16.1495 69.9813 0.854295
26.9159 69.9813 1.33062
37.6822 69.9813 1.34319
48.4486 69.9813 1.07525
59.215 69.9813 0.732178
69.9813 69.9813 0.491046
5.38318 80.7477 -0.136905
16.1495 80.7477 -0.0590774
26.9159 80.7477 0.182351
37.6822 80.7477 0.235353
48.4486 80.7477 0.031968
59.215 80.7477 -0.0243576
69.9813 80.7477 0.0557211
5.38318 91.514 -0.263295
16.1495 91.514 -0.365182
26.9159 91.514 -0.349381
37.6822 91.514 -0.352009
48.4486 91.514 -0.385429
59.215 91.514 -0.320176
69.9813 91.514 -0.140165
5.38318 102.28 -0.302471
16.1495 102.28 -0.462238
26.9159 102.28 -0.459293
37.6822 102.28 -0.425417
48.4486 102.28 -0.408107
59.215 102.28 -0.325131
69.9813 102.28 -0.152804
5.38318 113.047 -0.2954
16.1495 113.047 -0.445709
26.9159 113.047 -0.443754
37.6822 113.047 -0.426757
48.4486 113.047 -0.405565
59.215 113.047 -0.315627
69.9813 113.047 -0.138035
5.38318 123.813 -0.250134
16.1495 123.813 -0.373837
26.9159 123.813 -0.351455
37.6822 123.813 -0.334503
48.4486 123.813 -0.320129
59.215 123.813 -0.233375
69.9813 123.813 -0.0886957
5.38318 134.579 -0.177907
16.1495 134.579 -0.252407
26.9159 134.579 -0.225442
37.6822 134.579 -0.195128
48.4486 134.579 -0.18332
59.215 134.579 -0.0950624
69.9813 134.579 -0.00038252
5.38318 145.346 -0.0673274
16.1495 145.346 -0.0399228
26.9159 145.346 0.012067
37.6822 145.346 0.194401
48.4486 145.346 0.196134
59.215 145.346 0.351709
69.9813 145.346 0.311358
5.38318 156.112 0.171296
16.1495 156.112 0.539552
26.9159 156.112 0.901516
37.6822 156.112 1.09499
48.4486 156.112 1.03343
59.215 156.112 0.943776
69.9813 156.112 0.655302
5.38318 166.879 0.47529
16.1495 166.879 1.14792
26.9159 166.879 1.79064
37.6822 166.879 1.92581
48.4486 166.879 1.79285
59.215 166.879 1.43198
69.9813 166.879 0.923017
5.38318 177.645 0.770634
16.1495 177.645 1.72042
26.9159 177.645 2.62985
37.6822 177.645 2.69615
48.4486 177.645 2.44459
59.215 177.645 1.7694
69.9813 177.645 1.09951
5.38318 188.411 0.853472
16.1495 188.411 1.82159
26.9159 188.411 2.7747
37.6822 188.411 2.82565
48.4486 188.411 2.51231
59.215 188.411 1.76978
69.9813 188.411 1.06129
5.38318 199.178 0.632659
16.1495 199.178 1.33638
26.9159 199.178 2.04148
37.6822 199.178 2.03716
48.4486 199.178 1.77919
59.215 199.178 1.28213
69.9813 199.178 0.778793
5.38318 209.944 0.287914
16.1495 209.944 0.563716
26.9159 209.944 0.883365
37.6822 209.944 0.815889
48.4486 209.944 0.659436
59.215 209.944 0.533255
69.9813 209.944 0.358606
