48 177
0 157 72 40
0 141 72 72
0 134 72 82
0 72 72 144
0 0 72 216
5.38318 5.38318 0.344748
16.1495 5.38318 0.517575
26.9159 5.38318 0.741039
37.6822 5.38318 1.06453
48.4486 5.38318 1.45065
59.215 5.38318 1.44559
69.9813 5.38318 0.996706
5.38318 16.1495 0.50083
16.1495 16.1495 0.839606
26.9159 16.1495 1.28619
37.6822 16.1495 1.81466
48.4486 16.1495 2.54372
59.215 16.1495 2.58369
69.9813 16.1495 1.85699
5.38318 26.9159 0.298782
16.1495 26.9159 0.672678
26.9159 26.9159 1.37235
37.6822 26.9159 2.06438
48.4486 26.9159 2.96865
59.215 26.9159 2.99199
69.9813 26.9159 2.13402
5.38318 37.6822 0.248533
16.1495 37.6822 0.596711
26.9159 37.6822 1.22909
37.6822 37.6822 1.76843
48.4486 37.6822 2.46129
59.215 37.6822 2.34257
69.9813 37.6822 1.65241
5.38318 48.4486 0.411197
16.1495 48.4486 0.789505
26.9159 48.4486 1.20154
37.6822 48.4486 1.59591
48.4486 48.4486 2.19793
59.215 48.4486 2.12461
69.9813 48.4486 1.52942
5.38318 59.215 0.739821
16.1495 59.215 1.1594
26.9159 59.215 1.26369
37.6822 59.215 1.41464
48.4486 59.215 1.82629
59.215 59.215 1.9315
69.9813 59.215 1.45881
5.38318 69.9813 0.586315
16.1495 69.9813 0.795351
26.9159 69.9813 0.819608
37.6822 69.9813 0.940818
48.4486 69.9813 1.38696
59.215 69.9813 1.62165
69.9813 69.9813 1.23182
5.38318 80.7477 0.277157
16.1495 80.7477 0.368648
26.9159 80.7477 0.455833
37.6822 80.7477 0.509168
48.4486 80.7477 0.663605
59.215 80.7477 0.872788
69.9813 80.7477 0.709902
5.38318 91.514 -0.159571
16.1495 91.514 -0.234969
26.9159 91.514 -0.161358
37.6822 91.514 -0.138929
48.4486 91.514 -0.131462
59.215 91.514 0.0160484
69.9813 91.514 0.147362
5.38318 102.28 -0.227236
16.1495 102.28 -0.322351
26.9159 102.28 -0.272032
37.6822 102.28 -0.286632
48.4486 102.28 -0.315772
59.215 102.28 -0.242773
69.9813 102.28 -0.100639
5.38318 113.047 -0.294733
16.1495 113.047 -0.442203
26.9159 113.047 -0.432097
37.6822 113.047 -0.422847
48.4486 113.047 -0.408265
59.215 113.047 -0.32094
69.9813 113.047 -0.140044
5.38318 123.813 -0.293028
16.1495 123.813 -0.442315
26.9159 123.813 -0.426178
37.6822 123.813 -0.413679
48.4486 123.813 -0.386815
59.215 123.813 -0.293537
69.9813 123.813 -0.120109
5.38318 134.579 -0.267372
16.1495 134.579 -0.384336
26.9159 134.579 -0.311843
37.6822 134.579 -0.279845
48.4486 134.579 -0.245416
59.215 134.579 -0.17784
69.9813 134.579 -0.0546816
5.38318 145.346 -0.175099
16.1495 145.346 -0.220023
26.9159 145.346 -0.0527055
37.6822 145.346 0.122862
48.4486 145.346 0.304792
59.215 145.346 0.321654
69.9813 145.346 0.294336
5.38318 156.112 0.0171917
16.1495 156.112 0.267591
26.9159 156.112 0.980654
37.6822 156.112 1.50816
48.4486 156.112 1.67677
59.215 156.112 1.32084
69.9813 156.112 0.774905
5.38318 166.879 0.648216
16.1495 166.879 1.2694
26.9159 166.879 2.2022
37.6822 166.879 2.92479
48.4486 166.879 3.0622
59.215 166.879 2.33412
69.9813 166.879 1.2715
5.38318 177.645 1.24885
16.1495 177.645 2.10585
26.9159 177.645 3.09856
37.6822 177.645 3.88379
48.4486 177.645 3.91059
59.215 177.645 2.95519
69.9813 177.645 1.56361
5.38318 188.411 1.5029
16.1495 188.411 2.42897
26.9159 188.411 3.28353
37.6822 188.411 3.69722
48.4486 188.411 3.49273
59.215 188.411 2.64187
69.9813 188.411 1.38402
5.38318 199.178 1.05202
16.1495 199.178 1.72419
26.9159 199.178 2.25068
37.6822 199.178 2.14159
48.4486 199.178 1.84739
59.215 199.178 1.53083
69.9813 199.178 0.905926
5.38318 209.944 0.37424
16.1495 209.944 0.745687
26.9159 209.944 1.17952
37.6822 209.944 0.929387
48.4486 209.944 0.737575
59.215 209.944 0.701241
69.9813 209.944 0.528816
