37 59
0 39 72 40
0 23 72 72
0 18 72 82
0 0 72 144
0 0 72 216
5.38318 5.38318 -0.0322403
16.1495 5.38318 0.0201327
26.9159 5.38318 0.515193
37.6822 5.38318 1.20676
48.4486 5.38318 1.63098
59.215 5.38318 1.54952
69.9813 5.38318 0.966623
5.38318 16.1495 -0.00773136
16.1495 16.1495 0.413892
26.9159 16.1495 1.3529
37.6822 16.1495 2.22063
48.4486 16.1495 2.7977
59.215 16.1495 2.59245
69.9813 16.1495 1.66585
5.38318 26.9159 0.114511
16.1495 26.9159 0.830791
26.9159 26.9159 2.02879
37.6822 26.9159 2.81657
48.4486 26.9159 3.08971
59.215 26.9159 2.70672
69.9813 26.9159 1.66954
5.38318 37.6822 0.891536
16.1495 37.6822 2.07755
26.9159 37.6822 3.2821
37.6822 37.6822 3.51218
48.4486 37.6822 3.16792
59.215 37.6822 2.31458
69.9813 37.6822 1.31893
5.38318 48.4486 1.50228
16.1495 48.4486 3.08341
26.9159 48.4486 4.4735
37.6822 48.4486 4.42644
48.4486 48.4486 3.85057
59.215 48.4486 2.66617
69.9813 48.4486 1.52498
5.38318 59.215 1.51724
16.1495 59.215 3.055
26.9159 59.215 4.68741
37.6822 59.215 4.88585
48.4486 59.215 4.61131
59.215 59.215 3.31474
69.9813 59.215 1.93938
5.38318 69.9813 1.00226
16.1495 69.9813 2.12705
26.9159 69.9813 3.72138
37.6822 69.9813 4.12402
48.4486 69.9813 4.133
59.215 69.9813 3.07083
69.9813 69.9813 1.85138
5.38318 80.7477 -0.0540343
16.1495 80.7477 0.277955
26.9159 80.7477 1.51994
37.6822 80.7477 1.85324
48.4486 80.7477 1.97627
59.215 80.7477 1.41234
69.9813 80.7477 0.97494
5.38318 91.514 -0.42666
16.1495 91.514 -0.63472
26.9159 91.514 -0.476403
37.6822 91.514 -0.512322
48.4486 91.514 -0.500392
59.215 91.514 -0.419733
69.9813 91.514 -0.144304
5.38318 102.28 -0.565089
16.1495 102.28 -0.903389
26.9159 102.28 -0.971046
37.6822 102.28 -0.980601
48.4486 102.28 -0.944589
59.215 102.28 -0.748152
69.9813 102.28 -0.330849
5.38318 113.047 -0.577567
16.1495 113.047 -0.921542
26.9159 113.047 -0.996943
37.6822 113.047 -1.00337
48.4486 113.047 -0.958496
59.215 113.047 -0.762393
69.9813 113.047 -0.332465
5.38318 123.813 -0.523682
16.1495 123.813 -0.796012
26.9159 123.813 -0.710297
37.6822 123.813 -0.729251
48.4486 123.813 -0.76853
59.215 123.813 -0.648624
69.9813 123.813 -0.303774
5.38318 134.579 -0.357144
16.1495 134.579 -0.361189
26.9159 134.579 -0.00612547
37.6822 134.579 -0.0292993
48.4486 134.579 -0.291258
59.215 134.579 -0.41833
69.9813 134.579 -0.24666
5.38318 145.346 -0.0564683
16.1495 145.346 0.816385
26.9159 145.346 2.324
37.6822 145.346 2.30891
48.4486 145.346 1.10912
59.215 145.346 -0.0351562
69.9813 145.346 -0.163456
5.38318 156.112 0.494996
16.1495 156.112 2.01034
26.9159 156.112 3.66861
37.6822 156.112 3.61845
48.4486 156.112 2.21365
59.215 156.112 0.618328
69.9813 156.112 -0.0602039
5.38318 166.879 1.08546
16.1495 166.879 2.51616
26.9159 166.879 3.81035
37.6822 166.879 3.60934
48.4486 166.879 2.29055
59.215 166.879 0.866012
69.9813 166.879 0.155401
5.38318 177.645 1.59269
16.1495 177.645 2.75356
26.9159 177.645 3.16793
37.6822 177.645 2.6372
48.4486 177.645 1.65243
59.215 177.645 0.877302
69.9813 177.645 0.500714
5.38318 188.411 1.86898
16.1495 188.411 2.9836
26.9159 188.411 3.03752
37.6822 188.411 2.40899
48.4486 188.411 1.61902
59.215 188.411 1.2061
69.9813 188.411 0.826781
5.38318 199.178 1.40246
16.1495 199.178 2.26739
26.9159 199.178 2.41446
37.6822 199.178 2.01795
48.4486 199.178 1.47616
59.215 199.178 1.35958
69.9813 199.178 0.976418
5.38318 209.944 0.517806
16.1495 209.944 0.998431
26.9159 209.944 1.20786
37.6822 209.944 1.18931
48.4486 209.944 1.06
59.215 209.944 1.13257
69.9813 209.944 0.849069
