37 177
0 157 72 40
0 141 72 72
0 134 72 82
0 72 72 144
0 0 72 216
5.38318 5.38318 0.627237
16.1495 5.38318 0.881464
26.9159 5.38318 0.986946
37.6822 5.38318 0.967841
48.4486 5.38318 1.11465
59.215 5.38318 1.02026
69.9813 5.38318 0.713857
5.38318 16.1495 1.06028
16.1495 16.1495 1.7562
26.9159 16.1495 2.11371
37.6822 16.1495 2.07837
48.4486 16.1495 2.23482
59.215 16.1495 1.9516
69.9813 16.1495 1.3812
5.38318 26.9159 0.825814
16.1495 26.9159 1.64288
26.9159 26.9159 2.33799
37.6822 26.9159 2.5218
48.4486 26.9159 2.75129
59.215 26.9159 2.35037
69.9813 26.9159 1.62064
5.38318 37.6822 0.95649
16.1495 37.6822 2.08125
26.9159 37.6822 3.0939
37.6822 37.6822 3.30338
48.4486 37.6822 3.08808
59.215 37.6822 2.29068
69.9813 37.6822 1.44407
5.38318 48.4486 0.843937
16.1495 48.4486 2.0341
26.9159 48.4486 3.18004
37.6822 48.4486 3.40562
48.4486 48.4486 2.83149
59.215 48.4486 1.89553
69.9813 48.4486 1.06684
5.38318 59.215 0.440464
16.1495 59.215 1.3338
26.9159 59.215 2.15073
37.6822 59.215 2.11424
48.4486 59.215 1.38608
59.215 59.215 0.748577
69.9813 59.215 0.445802
5.38318 69.9813 -0.215434
16.1495 69.9813 -0.267921
26.9159 69.9813 -0.170896
37.6822 69.9813 -0.24772
48.4486 69.9813 -0.429524
59.215 69.9813 -0.339396
69.9813 69.9813 -0.14711
5.38318 80.7477 -0.444657
16.1495 80.7477 -0.685905
26.9159 80.7477 -0.712169
37.6822 80.7477 -0.801035
48.4486 80.7477 -0.904372
59.215 80.7477 -0.714355
69.9813 80.7477 -0.336259
5.38318 91.514 -0.551892
16.1495 91.514 -0.889901
26.9159 91.514 -0.998682
37.6822 91.514 -1.03513
48.4486 91.514 -1.01779
59.215 91.514 -0.817159
69.9813 91.514 -0.372209
5.38318 102.28 -0.585487
16.1495 102.28 -0.941796
26.9159 102.28 -1.03985
37.6822 102.28 -1.05015
48.4486 102.28 -1.00059
59.215 102.28 -0.792592
69.9813 102.28 -0.352002
5.38318 113.047 -0.586847
16.1495 113.047 -0.941107
26.9159 113.047 -1.02772
37.6822 113.047 -1.02813
48.4486 113.047 -0.971817
59.215 113.047 -0.767183
69.9813 113.047 -0.331312
5.38318 123.813 -0.567901
16.1495 123.813 -0.903821
26.9159 123.813 -0.97789
37.6822 123.813 -0.977262
48.4486 123.813 -0.930329
59.215 123.813 -0.724537
69.9813 123.813 -0.308195
5.38318 134.579 -0.5277
16.1495 134.579 -0.814015
26.9159 134.579 -0.788481
37.6822 134.579 -0.769431
48.4486 134.579 -0.742108
59.215 134.579 -0.585774
69.9813 134.579 -0.246761
5.38318 145.346 -0.348659
16.1495 145.346 -0.413004
26.9159 145.346 -0.208869
37.6822 145.346 -0.164164
48.4486 145.346 -0.242802
59.215 145.346 -0.28765
69.9813 145.346 -0.11354
5.38318 156.112 -0.0655066
16.1495 156.112 0.469373
26.9159 156.112 1.59532
37.6822 156.112 2.01054
48.4486 156.112 1.49283
59.215 156.112 0.649107
69.9813 156.112 0.253664
5.38318 166.879 0.478413
16.1495 166.879 1.93343
26.9159 166.879 3.68222
37.6822 166.879 4.32486
48.4486 166.879 3.41175
59.215 166.879 1.84659
69.9813 166.879 0.708942
5.38318 177.645 0.790744
16.1495 177.645 2.60844
26.9159 177.645 5.13663
37.6822 177.645 5.9465
48.4486 177.645 4.95856
59.215 177.645 2.65566
69.9813 177.645 1.0418
5.38318 188.411 0.788222
16.1495 188.411 2.51373
26.9159 188.411 4.8403
37.6822 188.411 5.504
48.4486 188.411 4.52609
59.215 188.411 2.42203
69.9813 188.411 0.922601
5.38318 199.178 0.385663
16.1495 199.178 1.44005
26.9159 199.178 2.69772
37.6822 199.178 3.04802
48.4486 199.178 2.48289
59.215 199.178 1.49347
69.9813 199.178 0.698022
5.38318 209.944 0.176702
16.1495 209.944 0.5507
26.9159 209.944 0.730585
37.6822 209.944 0.771633
48.4486 209.944 0.507954
59.215 209.944 0.509299
69.9813 209.944 0.381622
