37 26
0 6 72 40
0 0 72 72
0 0 72 82
0 0 72 144
0 0 72 216
5.38318 5.38318 0.502429
16.1495 5.38318 1.15908
26.9159 5.38318 1.70266
37.6822 5.38318 1.82799
48.4486 5.38318 1.69998
59.215 5.38318 1.18365
69.9813 5.38318 0.711748
5.38318 16.1495 0.820393
16.1495 16.1495 2.08639
26.9159 16.1495 3.17168
37.6822 16.1495 3.43372
48.4486 16.1495 3.22433
59.215 16.1495 2.22984
69.9813 16.1495 1.3638
5.38318 26.9159 0.675532
16.1495 26.9159 2.09244
26.9159 26.9159 3.35704
37.6822 26.9159 3.72458
48.4486 26.9159 3.53051
59.215 26.9159 2.465
69.9813 26.9159 1.55945
5.38318 37.6822 0.618735
16.1495 37.6822 1.79565
26.9159 37.6822 2.88297
37.6822 37.6822 3.25757
48.4486 37.6822 3.11573
59.215 37.6822 2.15365
69.9813 37.6822 1.36707
5.38318 48.4486 0.438427
16.1495 48.4486 1.29552
26.9159 48.4486 2.14044
37.6822 48.4486 2.52826
48.4486 48.4486 2.37425
59.215 48.4486 1.71695
69.9813 48.4486 1.05573
5.38318 59.215 0.301314
16.1495 59.215 1.16179
26.9159 59.215 1.99451
37.6822 59.215 2.49718
48.4486 59.215 2.18744
59.215 59.215 1.59978
69.9813 59.215 0.887845
5.38318 69.9813 0.0320934
16.1495 69.9813 0.798492
26.9159 69.9813 1.4949
37.6822 69.9813 1.89658
48.4486 69.9813 1.41203
59.215 69.9813 0.858663
69.9813 69.9813 0.381213
5.38318 80.7477 -0.158179
16.1495 80.7477 -0.0127957
26.9159 80.7477 0.433996
37.6822 80.7477 0.762725
48.4486 80.7477 0.417034
59.215 80.7477 0.150391
69.9813 80.7477 0.0433656
5.38318 91.514 -0.265634
16.1495 91.514 -0.340484
26.9159 91.514 -0.309444
37.6822 91.514 -0.262103
48.4486 91.514 -0.29287
59.215 91.514 -0.280713
69.9813 91.514 -0.123525
5.38318 102.28 -0.291657
16.1495 102.28 -0.438129
26.9159 102.28 -0.429317
37.6822 102.28 -0.414029
48.4486 102.28 -0.40503
59.215 102.28 -0.343188
69.9813 102.28 -0.155612
5.38318 113.047 -0.298199
16.1495 113.047 -0.451712
26.9159 113.047 -0.457843
37.6822 113.047 -0.443218
48.4486 113.047 -0.427071
59.215 113.047 -0.328484
69.9813 113.047 -0.142703
5.38318 123.813 -0.292103
16.1495 123.813 -0.443688
26.9159 123.813 -0.421506
37.6822 123.813 -0.40234
48.4486 123.813 -0.371496
59.215 123.813 -0.266145
69.9813 123.813 -0.107313
5.38318 134.579 -0.267387
16.1495 134.579 -0.386737
26.9159 134.579 -0.314794
37.6822 134.579 -0.257683
48.4486 134.579 -0.213042
59.215 134.579 -0.112336
69.9813 134.579 -0.0168361
5.38318 145.346 -0.240442
16.1495 145.346 -0.292756
26.9159 145.346 -0.0606138
37.6822 145.346 0.361774
48.4486 145.346 0.613438
59.215 145.346 0.633632
69.9813 145.346 0.42169
5.38318 156.112 -0.173353
16.1495 156.112 -0.0945759
26.9159 156.112 0.854583
37.6822 156.112 1.7008
48.4486 156.112 1.93015
59.215 156.112 1.54942
69.9813 156.112 0.88961
5.38318 166.879 -0.145874
16.1495 166.879 0.0925196
26.9159 166.879 1.73513
37.6822 166.879 2.93349
48.4486 166.879 3.31354
59.215 166.879 2.53847
69.9813 166.879 1.36135
5.38318 177.645 -0.0391764
16.1495 177.645 0.488247
26.9159 177.645 2.1449
37.6822 177.645 3.38208
48.4486 177.645 3.70189
59.215 177.645 2.77921
69.9813 177.645 1.48197
5.38318 188.411 -0.0241423
16.1495 188.411 0.370244
26.9159 188.411 1.7943
37.6822 188.411 2.7479
48.4486 188.411 3.0636
59.215 188.411 2.45928
69.9813 188.411 1.3915
5.38318 199.178 0.187486
16.1495 199.178 0.503322
26.9159 199.178 1.28662
37.6822 199.178 1.4708
48.4486 199.178 1.69158
59.215 199.178 1.53641
69.9813 199.178 1.0633
5.38318 209.944 0.30871
16.1495 209.944 0.589732
26.9159 209.944 1.09105
37.6822 209.944 1.00571
48.4486 209.944 1.17311
59.215 209.944 1.14508
69.9813 209.944 0.861409
