37 166
0 146 72 40
0 130 72 72
0 125 72 82
0 72 72 144
0 0 72 216
5.38318 5.38318 0.182609
16.1495 5.38318 0.679221
26.9159 5.38318 1.47875
37.6822 5.38318 1.65657
48.4486 5.38318 1.28523
59.215 5.38318 0.550085
69.9813 5.38318 0.182987
5.38318 16.1495 0.268425
16.1495 16.1495 1.27765
26.9159 16.1495 2.66696
37.6822 16.1495 3.04502
48.4486 16.1495 2.3909
59.215 16.1495 1.14426
69.9813 16.1495 0.417249
5.38318 26.9159 0.110386
16.1495 26.9159 1.20041
26.9159 26.9159 2.82626
37.6822 26.9159 3.23773
48.4486 26.9159 2.52632
59.215 26.9159 1.02574
69.9813 26.9159 0.311889
5.38318 37.6822 0.176354
16.1495 37.6822 0.995483
26.9159 37.6822 2.20302
37.6822 37.6822 2.4285
48.4486 37.6822 1.88187
59.215 37.6822 0.736685
69.9813 37.6822 0.267
5.38318 48.4486 0.170582
16.1495 48.4486 0.750198
26.9159 48.4486 1.68717
37.6822 48.4486 1.81372
48.4486 48.4486 1.49714
59.215 48.4486 0.605278
69.9813 48.4486 0.315023
5.38318 59.215 0.11059
16.1495 59.215 0.805365
26.9159 59.215 1.71644
37.6822 59.215 1.97885
48.4486 59.215 1.69119
59.215 59.215 0.832526
69.9813 59.215 0.431448
5.38318 69.9813 0.0733272
16.1495 69.9813 0.737742
26.9159 69.9813 1.53386
37.6822 69.9813 1.74142
48.4486 69.9813 1.49342
59.215 69.9813 0.610261
69.9813 69.9813 0.377311
5.38318 80.7477 -0.0998725
16.1495 80.7477 0.196584
26.9159 80.7477 0.85699
37.6822 80.7477 1.0654
48.4486 80.7477 0.918335
59.215 80.7477 0.240811
69.9813 80.7477 0.167154
5.38318 91.514 -0.19107
16.1495 91.514 -0.191281
26.9159 91.514 -0.051635
37.6822 91.514 -0.054208
48.4486 91.514 -0.106231
59.215 91.514 -0.244928
69.9813 91.514 -0.100224
5.38318 102.28 -0.287862
16.1495 102.28 -0.433038
26.9159 102.28 -0.401245
37.6822 102.28 -0.402603
48.4486 102.28 -0.386874
59.215 102.28 -0.357274
69.9813 102.28 -0.158523
5.38318 113.047 -0.2879
16.1495 113.047 -0.429531
26.9159 113.047 -0.402411
37.6822 113.047 -0.38896
48.4486 113.047 -0.37945
59.215 113.047 -0.304537
69.9813 113.047 -0.134102
5.38318 123.813 -0.210867
16.1495 123.813 -0.284351
26.9159 123.813 -0.191003
37.6822 123.813 -0.179376
48.4486 123.813 -0.19807
59.215 123.813 -0.1835
69.9813 123.813 -0.0748662
5.38318 134.579 -0.0803302
16.1495 134.579 0.0582163
26.9159 134.579 0.56595
37.6822 134.579 0.714675
48.4486 134.579 0.489942
59.215 134.579 0.205455
69.9813 134.579 0.107501
5.38318 145.346 0.24491
16.1495 145.346 0.981936
26.9159 145.346 1.96941
37.6822 145.346 2.22535
48.4486 145.346 1.75751
59.215 145.346 0.982597
69.9813 145.346 0.429074
5.38318 156.112 0.500485
16.1495 156.112 1.7746
26.9159 156.112 3.27559
37.6822 156.112 3.78711
48.4486 156.112 2.97809
59.215 156.112 1.65994
69.9813 156.112 0.719655
5.38318 166.879 0.739337
16.1495 166.879 2.20038
26.9159 166.879 3.96704
37.6822 166.879 4.55189
48.4486 166.879 3.62285
59.215 166.879 2.00138
69.9813 166.879 0.915369
5.38318 177.645 0.796564
16.1495 177.645 2.06068
26.9159 177.645 3.50403
37.6822 177.645 3.97539
48.4486 177.645 3.35645
59.215 177.645 2.02161
69.9813 177.645 1.07895
5.38318 188.411 1.04147
16.1495 188.411 2.08631
26.9159 188.411 2.85314
37.6822 188.411 3.16393
48.4486 188.411 2.88953
59.215 188.411 2.06234
69.9813 188.411 1.29377
5.38318 199.178 0.917846
16.1495 199.178 1.7714
26.9159 199.178 2.35823
37.6822 199.178 2.62445
48.4486 199.178 2.70465
59.215 199.178 2.08559
69.9813 199.178 1.37502
5.38318 209.944 0.581567
16.1495 209.944 1.14034
26.9159 209.944 1.50228
37.6822 209.944 1.69888
48.4486 209.944 1.79571
59.215 209.944 1.46494
69.9813 209.944 0.992433
