37 48
0 28 72 40
0 12 72 72
0 7 72 82
0 0 72 144
0 0 72 216
5.38318 5.38318 -0.00821534
16.1495 5.38318 -0.0236632
26.9159 5.38318 0.197059
37.6822 5.38318 0.215747
48.4486 5.38318 0.265017
59.215 5.38318 0.0976641
69.9813 5.38318 0.110973
5.38318 16.1495 0.134465
16.1495 16.1495 0.439013
26.9159 16.1495 1.12848
37.6822 16.1495 1.23361
48.4486 16.1495 1.09766
59.215 16.1495 0.589381
69.9813 16.1495 0.413839
5.38318 26.9159 0.14867
16.1495 26.9159 0.837613
26.9159 26.9159 2.05493
37.6822 26.9159 2.35869
48.4486 26.9159 1.90065
59.215 26.9159 0.924621
69.9813 26.9159 0.426244
5.38318 37.6822 0.796119
16.1495 37.6822 2.0734
26.9159 37.6822 3.78308
37.6822 37.6822 4.34282
48.4486 37.6822 3.47451
59.215 37.6822 1.8826
69.9813 37.6822 0.779185
5.38318 48.4486 1.03789
16.1495 48.4486 2.60325
26.9159 48.4486 4.50366
37.6822 48.4486 5.21722
48.4486 48.4486 4.28422
59.215 48.4486 2.44904
69.9813 48.4486 1.03628
5.38318 59.215 1.19485
16.1495 59.215 2.58738
26.9159 59.215 3.91535
37.6822 59.215 4.34798
48.4486 59.215 3.69665
59.215 59.215 2.31119
69.9813 59.215 1.16003
5.38318 69.9813 0.936428
16.1495 69.9813 1.8403
26.9159 69.9813 2.2381
37.6822 69.9813 2.33839
48.4486 69.9813 2.06797
59.215 69.9813 1.59762
69.9813 69.9813 0.991339
5.38318 80.7477 0.53932
16.1495 80.7477 1.09137
26.9159 80.7477 1.29444
37.6822 80.7477 1.33049
48.4486 80.7477 1.11959
59.215 80.7477 0.998592
69.9813 80.7477 0.673021
5.38318 91.514 -0.138382
16.1495 91.514 -0.125524
26.9159 91.514 -0.0537166
37.6822 91.514 0.0346905
48.4486 91.514 -0.0978987
59.215 91.514 -0.00522485
69.9813 91.514 0.031567
5.38318 102.28 -0.276525
16.1495 102.28 -0.404685
26.9159 102.28 -0.377681
37.6822 102.28 -0.359281
48.4486 102.28 -0.403821
59.215 102.28 -0.299465
69.9813 102.28 -0.152685
5.38318 113.047 -0.275794
16.1495 113.047 -0.423526
26.9159 113.047 -0.409988
37.6822 113.047 -0.406732
48.4486 113.047 -0.386135
59.215 113.047 -0.293167
69.9813 113.047 -0.123081
5.38318 123.813 -0.21769
16.1495 123.813 -0.34185
26.9159 123.813 -0.316552
37.6822 123.813 -0.32083
48.4486 123.813 -0.286517
59.215 123.813 -0.204007
69.9813 123.813 -0.0645538
5.38318 134.579 -0.0174304
16.1495 134.579 -0.0521222
26.9159 134.579 0.0127008
37.6822 134.579 -0.0399777
48.4486 134.579 -0.018082
59.215 134.579 0.0374575
69.9813 134.579 0.207775
5.38318 145.346 0.149046
16.1495 145.346 0.195691
26.9159 145.346 0.478019
37.6822 145.346 0.471902
48.4486 145.346 0.637333
59.215 145.346 0.657203
69.9813 145.346 0.599452
5.38318 156.112 0.636537
16.1495 156.112 1.20777
26.9159 156.112 1.71206
37.6822 156.112 1.70633
48.4486 156.112 1.70803
59.215 156.112 1.46831
69.9813 156.112 1.02709
5.38318 166.879 0.694119
16.1495 166.879 1.44799
26.9159 166.879 2.08024
37.6822 166.879 2.2054
48.4486 166.879 2.20581
59.215 166.879 1.8742
69.9813 166.879 1.24453
5.38318 177.645 1.09887
16.1495 177.645 2.15193
26.9159 177.645 2.82539
37.6822 177.645 2.90964
48.4486 177.645 2.64608
59.215 177.645 2.09697
69.9813 177.645 1.34901
5.38318 188.411 1.21713
16.1495 188.411 2.2338
26.9159 188.411 2.8851
37.6822 188.411 2.92608
48.4486 188.411 2.63352
59.215 188.411 2.0533
69.9813 188.411 1.32538
5.38318 199.178 1.32038
16.1495 199.178 2.16342
26.9159 199.178 2.64093
37.6822 199.178 2.46632
48.4486 199.178 2.25337
59.215 199.178 1.86985
69.9813 199.178 1.30101
5.38318 209.944 0.812352
16.1495 209.944 1.19289
26.9159 209.944 1.40056
37.6822 209.944 1.30785
48.4486 209.944 1.46333
59.215 209.944 1.43428
69.9813 209.944 1.07795
