37 37
0 17 72 40
0 1 72 72
0 0 72 82
0 0 72 144
0 0 72 216
5.38318 5.38318 0.406568
16.1495 5.38318 0.698919
26.9159 5.38318 1.12573
37.6822 5.38318 1.27552
48.4486 5.38318 1.18749
59.215 5.38318 0.858914
69.9813 5.38318 0.495035
5.38318 16.1495 0.971181
16.1495 16.1495 1.79431
26.9159 16.1495 2.73073
37.6822 16.1495 3.06392
48.4486 16.1495 2.80988
59.215 16.1495 1.96854
69.9813 16.1495 1.10417
5.38318 26.9159 1.54667
16.1495 26.9159 2.91528
26.9159 26.9159 4.45424
37.6822 26.9159 4.98358
48.4486 26.9159 4.52783
59.215 26.9159 3.13318
69.9813 26.9159 1.68769
5.38318 37.6822 1.91166
16.1495 37.6822 3.6261
26.9159 37.6822 5.2438
37.6822 37.6822 5.7335
48.4486 37.6822 5.08494
59.215 37.6822 3.50668
69.9813 37.6822 1.83247
5.38318 48.4486 1.6962
16.1495 48.4486 3.16095
26.9159 48.4486 4.42887
37.6822 48.4486 4.65842
48.4486 48.4486 3.93998
59.215 48.4486 2.74373
69.9813 48.4486 1.4143
5.38318 59.215 0.753182
16.1495 59.215 1.65854
26.9159 59.215 2.41071
37.6822 59.215 2.6021
48.4486 59.215 2.03734
59.215 59.215 1.50856
69.9813 59.215 0.753355
5.38318 69.9813 0.248082
16.1495 69.9813 0.640388
26.9159 69.9813 1.1825
37.6822 69.9813 1.30259
48.4486 69.9813 0.869278
59.215 69.9813 0.673242
69.9813 69.9813 0.320973
5.38318 80.7477 -0.154238
16.1495 80.7477 -0.175223
26.9159 80.7477 0.0268705
37.6822 80.7477 0.146749
48.4486 80.7477 -0.00911214
59.215 80.7477 0.0631564
69.9813 80.7477 0.0549309
5.38318 91.514 -0.2864
16.1495 91.514 -0.413804
26.9159 91.514 -0.332916
37.6822 91.514 -0.297373
48.4486 91.514 -0.324949
59.215 91.514 -0.259579
69.9813 91.514 -0.134895
5.38318 102.28 -0.302791
16.1495 102.28 -0.452414
26.9159 102.28 -0.406992
37.6822 102.28 -0.38764
48.4486 102.28 -0.382029
59.215 102.28 -0.309241
69.9813 102.28 -0.141948
5.38318 113.047 -0.298627
16.1495 113.047 -0.451705
26.9159 113.047 -0.444428
37.6822 113.047 -0.428235
48.4486 113.047 -0.400688
59.215 113.047 -0.307454
69.9813 113.047 -0.134118
5.38318 123.813 -0.276671
16.1495 123.813 -0.381806
26.9159 123.813 -0.270072
37.6822 123.813 -0.185043
48.4486 123.813 -0.151952
59.215 123.813 -0.0985682
69.9813 123.813 -0.0144286
5.38318 134.579 -0.192946
16.1495 134.579 -0.208371
26.9159 134.579 0.0946905
37.6822 134.579 0.480016
48.4486 134.579 0.642888
59.215 134.579 0.5418
69.9813 134.579 0.418059
5.38318 145.346 -0.00765173
16.1495 145.346 0.350962
26.9159 145.346 1.3055
37.6822 145.346 1.92775
48.4486 145.346 2.10878
59.215 145.346 1.73741
69.9813 145.346 1.07273
5.38318 156.112 0.406713
16.1495 156.112 0.990163
26.9159 156.112 2.10961
37.6822 156.112 2.77023
48.4486 156.112 3.01315
59.215 156.112 2.42539
69.9813 156.112 1.50703
5.38318 166.879 0.774794
16.1495 166.879 1.53477
26.9159 166.879 2.60053
37.6822 166.879 3.09381
48.4486 166.879 3.18435
59.215 166.879 2.5153
69.9813 166.879 1.53322
5.38318 177.645 0.768068
16.1495 177.645 1.46237
26.9159 177.645 2.34574
37.6822 177.645 2.53898
48.4486 177.645 2.45486
59.215 177.645 1.87407
69.9813 177.645 1.16457
5.38318 188.411 0.486872
16.1495 188.411 1.12638
26.9159 188.411 2.1538
37.6822 188.411 2.40135
48.4486 188.411 2.24621
59.215 188.411 1.57864
69.9813 188.411 0.938989
5.38318 199.178 0.0732428
16.1495 199.178 0.661256
26.9159 199.178 1.81668
37.6822 199.178 2.39256
48.4486 199.178 2.34435
59.215 199.178 1.70794
69.9813 199.178 0.956576
5.38318 209.944 -0.0741985
16.1495 209.944 0.271684
26.9159 209.944 1.20162
37.6822 209.944 1.84586
48.4486 209.944 1.94956
59.215 209.944 1.44327
69.9813 209.944 0.796118
