26 166
0 146 72 40
0 130 72 72
0 125 72 82
0 72 72 144
0 0 72 216
5.38318 5.38318 0.000786878
16.1495 5.38318 0.160975
26.9159 5.38318 0.688424
37.6822 5.38318 0.870397
48.4486 5.38318 0.55755
59.215 5.38318 0.249502
69.9813 5.38318 0.0636898
5.38318 16.1495 -0.0980642
16.1495 16.1495 0.228376
26.9159 16.1495 1.25324
37.6822 16.1495 1.61189
48.4486 16.1495 1.06157
59.215 16.1495 0.521668
69.9813 16.1495 0.224801
5.38318 26.9159 -0.347735
16.1495 26.9159 -0.252426
26.9159 26.9159 0.897333
37.6822 26.9159 1.48507
48.4486 26.9159 0.892847
59.215 26.9159 0.197318
69.9813 26.9159 -0.0154025
5.38318 37.6822 -0.300793
16.1495 37.6822 -0.209395
26.9159 37.6822 1.00121
37.6822 37.6822 1.62938
48.4486 37.6822 1.24502
59.215 37.6822 0.698837
69.9813 37.6822 0.352907
5.38318 48.4486 -0.18383
16.1495 48.4486 0.0142725
26.9159 48.4486 1.51655
37.6822 48.4486 2.30723
48.4486 48.4486 2.28008
59.215 48.4486 1.64521
69.9813 48.4486 0.953389
5.38318 59.215 -0.0492134
16.1495 59.215 0.587392
26.9159 59.215 2.07547
37.6822 59.215 2.95812
48.4486 59.215 3.20917
59.215 59.215 2.58114
69.9813 59.215 1.5291
5.38318 69.9813 -0.0717253
16.1495 69.9813 0.490455
26.9159 69.9813 1.8273
37.6822 69.9813 2.68732
48.4486 69.9813 3.08805
59.215 69.9813 2.5732
69.9813 69.9813 1.56533
5.38318 80.7477 -0.225403
16.1495 80.7477 -0.142742
26.9159 80.7477 0.757175
37.6822 80.7477 1.23566
48.4486 80.7477 1.58292
59.215 80.7477 1.27898
69.9813 80.7477 0.888
5.38318 91.514 -0.468178
16.1495 91.514 -0.704722
26.9159 91.514 -0.577056
37.6822 91.514 -0.649247
48.4486 91.514 -0.599817
59.215 91.514 -0.499726
69.9813 91.514 -0.195834
5.38318 102.28 -0.561664
16.1495 102.28 -0.902667
26.9159 102.28 -0.964117
37.6822 102.28 -0.993265
48.4486 102.28 -0.951043
59.215 102.28 -0.775193
69.9813 102.28 -0.337998
5.38318 113.047 -0.577889
16.1495 113.047 -0.921083
26.9159 113.047 -0.99514
37.6822 113.047 -0.999513
48.4486 113.047 -0.954883
59.215 113.047 -0.75868
69.9813 113.047 -0.331472
5.38318 123.813 -0.526338
16.1495 123.813 -0.798409
26.9159 123.813 -0.705667
37.6822 123.813 -0.705014
48.4486 123.813 -0.747773
59.215 123.813 -0.630924
69.9813 123.813 -0.298104
5.38318 134.579 -0.379424
16.1495 134.579 -0.393951
26.9159 134.579 -0.0244111
37.6822 134.579 -0.00663391
48.4486 134.579 -0.26125
59.215 134.579 -0.39069
69.9813 134.579 -0.237562
5.38318 145.346 -0.115844
16.1495 145.346 0.632778
26.9159 145.346 2.16976
37.6822 145.346 2.2985
48.4486 145.346 1.16209
59.215 145.346 0.0329648
69.9813 145.346 -0.154129
5.38318 156.112 0.383752
16.1495 156.112 1.80571
26.9159 156.112 3.44037
37.6822 156.112 3.5249
48.4486 156.112 2.19787
59.215 156.112 0.69905
69.9813 156.112 -0.0607967
5.38318 166.879 1.00212
16.1495 166.879 2.39588
26.9159 166.879 3.63522
37.6822 166.879 3.55338
48.4486 166.879 2.25125
59.215 166.879 0.938637
69.9813 166.879 0.153899
5.38318 177.645 1.59414
16.1495 177.645 2.82121
26.9159 177.645 3.24538
37.6822 177.645 2.77243
48.4486 177.645 1.72379
59.215 177.645 0.990603
69.9813 177.645 0.531307
5.38318 188.411 1.88428
16.1495 188.411 3.04156
26.9159 188.411 3.12873
37.6822 188.411 2.55705
48.4486 188.411 1.79694
59.215 188.411 1.4019
69.9813 188.411 0.938985
5.38318 199.178 1.38708
16.1495 199.178 2.21095
26.9159 199.178 2.37546
37.6822 199.178 2.03037
48.4486 199.178 1.63303
59.215 199.178 1.5501
69.9813 199.178 1.12357
5.38318 209.944 0.507178
16.1495 209.944 0.930425
26.9159 209.944 1.13468
37.6822 209.944 1.08219
48.4486 209.944 1.08887
59.215 209.944 1.21129
69.9813 209.944 0.928321
