37 26
0 6 72 40
0 0 72 72
0 0 72 82
0 0 72 144
0 0 72 216
5.38318 5.38318 0.776543
16.1495 5.38318 1.49371
26.9159 5.38318 1.9258
37.6822 5.38318 1.79677
48.4486 5.38318 1.29442
59.215 5.38318 0.719446
69.9813 5.38318 0.330239
5.38318 16.1495 1.18105
16.1495 16.1495 2.50328
26.9159 16.1495 3.42544
37.6822 16.1495 3.4018
48.4486 16.1495 2.5842
59.215 16.1495 1.65212
69.9813 16.1495 0.820048
5.38318 26.9159 1.41669
16.1495 26.9159 2.89987
26.9159 26.9159 3.93448
37.6822 26.9159 4.04426
48.4486 26.9159 3.25215
59.215 26.9159 2.21914
69.9813 26.9159 1.20122
5.38318 37.6822 1.49432
16.1495 37.6822 2.66308
26.9159 37.6822 3.42852
37.6822 37.6822 3.67692
48.4486 37.6822 3.38119
59.215 37.6822 2.64122
69.9813 37.6822 1.54478
5.38318 48.4486 1.77059
16.1495 48.4486 2.84918
26.9159 48.4486 3.34431
37.6822 48.4486 3.37251
48.4486 48.4486 3.31335
59.215 48.4486 2.80337
69.9813 48.4486 1.84508
5.38318 59.215 1.67709
16.1495 59.215 2.64496
26.9159 59.215 3.06779
37.6822 59.215 2.86595
48.4486 59.215 2.89728
59.215 59.215 2.49922
69.9813 59.215 1.80902
5.38318 69.9813 0.963283
16.1495 69.9813 1.50745
26.9159 69.9813 1.94648
37.6822 69.9813 1.77151
48.4486 69.9813 1.9106
59.215 69.9813 1.7293
69.9813 69.9813 1.36045
5.38318 80.7477 -0.0974448
16.1495 80.7477 -0.191889
26.9159 80.7477 -0.136539
37.6822 80.7477 -0.225709
48.4486 80.7477 -0.177531
59.215 80.7477 -0.0797588
69.9813 80.7477 0.279848
5.38318 91.514 -0.457735
16.1495 91.514 -0.771571
26.9159 91.514 -0.801329
37.6822 91.514 -0.833979
48.4486 91.514 -0.78139
59.215 91.514 -0.57171
69.9813 91.514 -0.228727
5.38318 102.28 -0.558283
16.1495 102.28 -0.906411
26.9159 102.28 -1.00006
37.6822 102.28 -1.01132
48.4486 102.28 -0.952456
59.215 102.28 -0.72362
69.9813 102.28 -0.299827
5.38318 113.047 -0.582826
16.1495 113.047 -0.934092
26.9159 113.047 -1.01715
37.6822 113.047 -1.01624
48.4486 113.047 -0.956251
59.215 113.047 -0.730609
69.9813 113.047 -0.306175
5.38318 123.813 -0.550647
16.1495 123.813 -0.870925
26.9159 123.813 -0.91616
37.6822 123.813 -0.863409
48.4486 123.813 -0.731179
59.215 123.813 -0.465901
69.9813 123.813 -0.140624
5.38318 134.579 -0.444722
16.1495 134.579 -0.672297
26.9159 134.579 -0.574149
37.6822 134.579 -0.465274
48.4486 134.579 -0.222044
59.215 134.579 0.0400523
69.9813 134.579 0.41173
5.38318 145.346 -0.182142
16.1495 145.346 -0.19686
26.9159 145.346 0.125918
37.6822 145.346 0.616991
48.4486 145.346 1.38634
59.215 145.346 1.64116
69.9813 145.346 1.33977
5.38318 156.112 0.310837
16.1495 156.112 0.788218
26.9159 156.112 1.36463
37.6822 156.112 1.71347
48.4486 156.112 2.41229
59.215 156.112 2.4925
69.9813 156.112 1.90372
5.38318 166.879 0.807788
16.1495 166.879 1.45665
26.9159 166.879 1.88472
37.6822 166.879 1.96738
48.4486 166.879 2.34313
59.215 166.879 2.38035
69.9813 166.879 1.79627
5.38318 177.645 1.01419
16.1495 177.645 1.45556
26.9159 177.645 1.49218
37.6822 177.645 1.04111
48.4486 177.645 0.903021
59.215 177.645 1.04429
69.9813 177.645 0.965791
5.38318 188.411 1.12442
16.1495 188.411 1.33314
26.9159 188.411 0.988827
37.6822 188.411 0.00526685
48.4486 188.411 -0.253374
59.215 188.411 -0.128912
69.9813 188.411 0.181777
5.38318 199.178 1.16023
16.1495 199.178 1.31692
26.9159 199.178 0.812285
37.6822 199.178 -0.214296
48.4486 199.178 -0.440522
59.215 199.178 -0.331092
69.9813 199.178 -0.0494033
5.38318 209.944 0.938533
16.1495 209.944 1.16596
26.9159 209.944 0.782829
37.6822 209.944 -0.130632
48.4486 209.944 -0.280209
59.215 209.944 -0.197707
69.9813 209.944 0.0418747
