26 177
0 157 72 40
0 141 72 72
0 134 72 82
0 72 72 144
0 0 72 216
5.38318 5.38318 0.170144
16.1495 5.38318 0.311077
26.9159 5.38318 0.880929
37.6822 5.38318 1.07981
48.4486 5.38318 0.905455
59.215 5.38318 0.628207
69.9813 5.38318 0.322563
5.38318 16.1495 0.328376
16.1495 16.1495 0.797201
26.9159 16.1495 1.88911
37.6822 16.1495 2.20312
48.4486 16.1495 2.0135
59.215 16.1495 1.47878
69.9813 16.1495 0.830195
5.38318 26.9159 0.398863
16.1495 26.9159 0.990984
26.9159 26.9159 2.31464
37.6822 26.9159 2.70797
48.4486 26.9159 2.55167
59.215 26.9159 1.91407
69.9813 26.9159 1.11477
5.38318 37.6822 0.771963
16.1495 37.6822 1.29569
26.9159 37.6822 2.19222
37.6822 37.6822 2.3592
48.4486 37.6822 2.33913
59.215 37.6822 1.93532
69.9813 37.6822 1.27761
5.38318 48.4486 0.839793
16.1495 48.4486 1.14748
26.9159 48.4486 1.53868
37.6822 48.4486 1.38026
48.4486 48.4486 1.43731
59.215 48.4486 1.36011
69.9813 48.4486 1.09179
5.38318 59.215 0.338692
16.1495 59.215 0.250849
26.9159 59.215 0.323728
37.6822 59.215 -0.0098806
48.4486 59.215 -0.0349992
59.215 59.215 0.223452
69.9813 59.215 0.42373
5.38318 69.9813 -0.2449
16.1495 69.9813 -0.479565
26.9159 69.9813 -0.463352
37.6822 69.9813 -0.515566
48.4486 69.9813 -0.464148
59.215 69.9813 -0.270521
69.9813 69.9813 -0.040689
5.38318 80.7477 -0.413791
16.1495 80.7477 -0.706979
26.9159 80.7477 -0.725718
37.6822 80.7477 -0.760534
48.4486 80.7477 -0.700612
59.215 80.7477 -0.456304
69.9813 80.7477 -0.145159
5.38318 91.514 -0.535715
16.1495 91.514 -0.868877
26.9159 91.514 -0.907378
37.6822 91.514 -0.929698
48.4486 91.514 -0.856047
59.215 91.514 -0.604757
69.9813 91.514 -0.234834
5.38318 102.28 -0.551982
16.1495 102.28 -0.882617
26.9159 102.28 -0.940715
37.6822 102.28 -0.943468
48.4486 102.28 -0.892715
59.215 102.28 -0.663685
69.9813 102.28 -0.273073
5.38318 113.047 -0.567213
16.1495 113.047 -0.908481
26.9159 113.047 -0.988275
37.6822 113.047 -0.995085
48.4486 113.047 -0.948003
59.215 113.047 -0.74665
69.9813 113.047 -0.322149
5.38318 123.813 -0.529423
16.1495 123.813 -0.831451
26.9159 123.813 -0.867633
37.6822 123.813 -0.883856
48.4486 123.813 -0.873966
59.215 123.813 -0.676496
69.9813 123.813 -0.297485
5.38318 134.579 -0.351809
16.1495 134.579 -0.506947
26.9159 134.579 -0.449441
37.6822 134.579 -0.489794
48.4486 134.579 -0.587323
59.215 134.579 -0.504255
69.9813 134.579 -0.235222
5.38318 145.346 -0.0210366
16.1495 145.346 0.232024
26.9159 145.346 0.799618
37.6822 145.346 0.762787
48.4486 145.346 0.0152587
59.215 145.346 -0.13552
69.9813 145.346 -0.09168
5.38318 156.112 0.937186
16.1495 156.112 1.99878
26.9159 156.112 2.81605
37.6822 156.112 2.62168
48.4486 156.112 1.53182
59.215 156.112 0.706255
69.9813 156.112 0.239614
5.38318 166.879 1.78712
16.1495 166.879 3.51514
26.9159 166.879 4.51379
37.6822 166.879 4.06567
48.4486 166.879 2.60719
59.215 166.879 1.45765
69.9813 166.879 0.66976
5.38318 177.645 2.03318
16.1495 177.645 3.97778
26.9159 177.645 4.85111
37.6822 177.645 4.15932
48.4486 177.645 2.61592
59.215 177.645 1.48676
69.9813 177.645 0.765808
5.38318 188.411 1.69121
16.1495 188.411 3.22681
26.9159 188.411 3.68686
37.6822 188.411 3.0557
48.4486 188.411 1.82444
59.215 188.411 1.1583
69.9813 188.411 0.745171
5.38318 199.178 0.650002
16.1495 199.178 1.23113
26.9159 199.178 1.31733
37.6822 199.178 1.02503
48.4486 199.178 0.368858
59.215 199.178 0.421806
69.9813 199.178 0.444225
5.38318 209.944 0.30475
16.1495 209.944 0.48592
26.9159 209.944 0.414772
37.6822 209.944 0.146173
48.4486 209.944 -0.103188
59.215 209.944 0.0136849
69.9813 209.944 0.233473
