26 188
0 168 72 40
0 144 72 72
0 134 72 82
0 72 72 144
0 0 72 216
5.38318 5.38318 0.328261
16.1495 5.38318 0.494781
26.9159 5.38318 0.723033
37.6822 5.38318 0.779662
48.4486 5.38318 0.820616
59.215 5.38318 0.605285
69.9813 5.38318 0.401507
5.38318 16.1495 0.905886
16.1495 16.1495 1.52466
26.9159 16.1495 2.05186
37.6822 16.1495 2.18803
48.4486 16.1495 2.15684
59.215 16.1495 1.60603
69.9813 16.1495 0.96305
5.38318 26.9159 1.41811
16.1495 26.9159 2.31449
26.9159 26.9159 3.04021
37.6822 26.9159 3.24898
48.4486 26.9159 3.15491
59.215 26.9159 2.36154
69.9813 26.9159 1.3578
5.38318 37.6822 1.96384
16.1495 37.6822 3.11776
26.9159 37.6822 3.86127
37.6822 37.6822 4.0058
48.4486 37.6822 3.74361
59.215 37.6822 2.83943
69.9813 37.6822 1.57324
5.38318 48.4486 1.81683
16.1495 48.4486 2.83509
26.9159 48.4486 3.36937
37.6822 48.4486 3.26718
48.4486 48.4486 2.88816
59.215 48.4486 2.24657
69.9813 48.4486 1.27964
5.38318 59.215 0.970507
16.1495 59.215 1.56885
26.9159 59.215 1.85814
37.6822 59.215 1.71261
48.4486 59.215 1.3163
59.215 59.215 1.19375
69.9813 59.215 0.750135
5.38318 69.9813 0.249927
16.1495 69.9813 0.330273
26.9159 69.9813 0.476714
37.6822 69.9813 0.249534
48.4486 69.9813 0.0751846
59.215 69.9813 0.285268
69.9813 69.9813 0.307666
5.38318 80.7477 -0.164579
16.1495 80.7477 -0.271109
26.9159 80.7477 -0.27199
37.6822 80.7477 -0.324911
48.4486 80.7477 -0.304448
59.215 80.7477 -0.144508
69.9813 80.7477 0.00794868
5.38318 91.514 -0.284856
16.1495 91.514 -0.463096
26.9159 91.514 -0.481689
37.6822 91.514 -0.522412
48.4486 91.514 -0.481441
59.215 91.514 -0.324989
69.9813 91.514 -0.120701
5.38318 102.28 -0.302616
16.1495 102.28 -0.45891
26.9159 102.28 -0.451875
37.6822 102.28 -0.449467
48.4486 102.28 -0.434237
59.215 102.28 -0.329692
69.9813 102.28 -0.143749
5.38318 113.047 -0.292124
16.1495 113.047 -0.44153
26.9159 113.047 -0.432395
37.6822 113.047 -0.427018
48.4486 113.047 -0.407141
59.215 113.047 -0.321517
69.9813 113.047 -0.139682
5.38318 123.813 -0.255479
16.1495 123.813 -0.389432
26.9159 123.813 -0.347465
37.6822 123.813 -0.353499
48.4486 123.813 -0.328466
59.215 123.813 -0.259317
69.9813 123.813 -0.102392
5.38318 134.579 -0.176695
16.1495 134.579 -0.274118
26.9159 134.579 -0.206154
37.6822 134.579 -0.234673
48.4486 134.579 -0.189897
59.215 134.579 -0.142869
69.9813 134.579 -0.0209625
5.38318 145.346 -0.0743922
16.1495 145.346 -0.104296
26.9159 145.346 0.0544521
37.6822 145.346 -0.00867432
48.4486 145.346 0.11435
59.215 145.346 0.13613
69.9813 145.346 0.232778
5.38318 156.112 0.264565
16.1495 156.112 0.579663
26.9159 156.112 1.06614
37.6822 156.112 0.969748
48.4486 156.112 0.974613
59.215 156.112 0.714571
69.9813 156.112 0.580138
5.38318 166.879 0.774984
16.1495 166.879 1.49545
26.9159 166.879 2.1512
37.6822 166.879 2.07761
48.4486 166.879 1.91088
59.215 166.879 1.38893
69.9813 166.879 0.934602
5.38318 177.645 1.47101
16.1495 177.645 2.68329
26.9159 177.645 3.77619
37.6822 177.645 3.72927
48.4486 177.645 3.3789
59.215 177.645 2.2632
69.9813 177.645 1.37591
5.38318 188.411 1.8577
16.1495 188.411 3.39772
26.9159 188.411 4.84024
37.6822 188.411 4.80019
48.4486 188.411 4.27661
59.215 188.411 2.7895
69.9813 188.411 1.60925
5.38318 199.178 1.74023
16.1495 199.178 3.11946
26.9159 199.178 4.71766
37.6822 199.178 4.72478
48.4486 199.178 4.17694
59.215 199.178 2.6292
69.9813 199.178 1.46877
5.38318 209.944 0.926644
16.1495 209.944 1.6075
26.9159 209.944 2.74331
37.6822 209.944 2.69084
48.4486 209.944 2.31144
59.215 209.944 1.35992
69.9813 209.944 0.746318
