37 177
0 157 72 40
0 141 72 72
0 134 72 82
0 72 72 144
0 0 72 216
5.38318 5.38318 0.0703423
16.1495 5.38318 0.307364
26.9159 5.38318 0.907121
37.6822 5.38318 1.40384
48.4486 5.38318 1.46668
59.215 5.38318 1.19872
69.9813 5.38318 0.665588
5.38318 16.1495 0.196551
16.1495 16.1495 0.807994
26.9159 16.1495 1.79329
37.6822 16.1495 2.58828
48.4486 16.1495 2.76115
59.215 16.1495 2.30115
69.9813 16.1495 1.30176
5.38318 26.9159 0.277952
16.1495 26.9159 1.09685
26.9159 26.9159 2.26619
37.6822 26.9159 3.2844
48.4486 26.9159 3.5688
59.215 26.9159 3.00573
69.9813 26.9159 1.70064
5.38318 37.6822 0.849149
16.1495 37.6822 1.87543
26.9159 37.6822 2.89608
37.6822 37.6822 3.56046
48.4486 37.6822 3.6516
59.215 37.6822 2.98057
69.9813 37.6822 1.69768
5.38318 48.4486 1.19094
16.1495 48.4486 2.34893
26.9159 48.4486 3.4124
37.6822 48.4486 3.83409
48.4486 48.4486 3.73061
59.215 48.4486 2.88217
69.9813 48.4486 1.59179
5.38318 59.215 1.21354
16.1495 59.215 2.27398
26.9159 59.215 3.31079
37.6822 59.215 3.72771
48.4486 59.215 3.731
59.215 59.215 3.04831
69.9813 59.215 1.72924
5.38318 69.9813 0.818766
16.1495 69.9813 1.43269
26.9159 69.9813 2.17982
37.6822 69.9813 2.52709
48.4486 69.9813 2.62106
59.215 69.9813 2.30785
69.9813 69.9813 1.33169
5.38318 80.7477 0.170956
16.1495 80.7477 0.256942
26.9159 80.7477 0.573709
37.6822 80.7477 0.606345
48.4486 80.7477 0.575709
59.215 80.7477 0.667886
69.9813 80.7477 0.441037
5.38318 91.514 -0.199074
16.1495 91.514 -0.286227
26.9159 91.514 -0.238421
37.6822 91.514 -0.230052
48.4486 91.514 -0.271894
59.215 91.514 -0.190131
69.9813 91.514 -0.090777
5.38318 102.28 -0.288689
16.1495 102.28 -0.437507
26.9159 102.28 -0.441586
37.6822 102.28 -0.444714
48.4486 102.28 -0.440628
59.215 102.28 -0.342412
69.9813 102.28 -0.154953
5.38318 113.047 -0.294378
16.1495 113.047 -0.447628
26.9159 113.047 -0.436592
37.6822 113.047 -0.423468
48.4486 113.047 -0.39841
59.215 113.047 -0.300801
69.9813 113.047 -0.126785
5.38318 123.813 -0.173092
16.1495 123.813 -0.290495
26.9159 123.813 -0.255564
37.6822 123.813 -0.284889
48.4486 123.813 -0.283907
59.215 123.813 -0.192817
69.9813 123.813 -0.0567412
5.38318 134.579 0.298525
16.1495 134.579 0.389047
26.9159 134.579 0.525779
37.6822 134.579 0.258412
48.4486 134.579 0.133033
59.215 134.579 0.169104
69.9813 134.579 0.247498
5.38318 145.346 1.25358
16.1495 145.346 1.95351
26.9159 145.346 2.10236
37.6822 145.346 1.66278
48.4486 145.346 1.34267
59.215 145.346 1.06302
69.9813 145.346 0.77509
5.38318 156.112 2.28537
16.1495 156.112 3.66593
26.9159 156.112 3.96342
37.6822 156.112 3.43158
48.4486 156.112 2.92146
59.215 156.112 2.21
69.9813 156.112 1.37464
5.38318 166.879 2.68155
16.1495 166.879 4.53977
26.9159 166.879 5.39708
37.6822 166.879 5.33833
48.4486 166.879 4.70237
59.215 166.879 3.42622
69.9813 166.879 1.89128
5.38318 177.645 2.13441
16.1495 177.645 3.83805
26.9159 177.645 5.35959
37.6822 177.645 6.29865
48.4486 177.645 6.05326
59.215 177.645 4.4261
69.9813 177.645 2.26035
5.38318 188.411 1.25219
16.1495 188.411 2.49583
26.9159 188.411 4.30139
37.6822 188.411 5.86738
48.4486 188.411 6.0069
59.215 188.411 4.47585
69.9813 188.411 2.24283
5.38318 199.178 0.747299
16.1495 199.178 1.53431
26.9159 199.178 2.84511
37.6822 199.178 3.8856
48.4486 199.178 4.13583
59.215 199.178 3.25778
69.9813 199.178 1.78952
5.38318 209.944 0.547956
16.1495 209.944 0.988374
26.9159 209.944 1.5092
37.6822 209.944 1.79665
48.4486 209.944 1.9435
59.215 209.944 1.667
69.9813 209.944 1.10384
