37 37
0 17 72 40
0 1 72 72
0 0 72 82
0 0 72 144
0 0 72 216
5.38318 5.38318 0.120613
16.1495 5.38318 0.323085
26.9159 5.38318 0.751313
37.6822 5.38318 0.972512
48.4486 5.38318 0.913989
59.215 5.38318 0.528051
69.9813 5.38318 0.295352
5.38318 16.1495 0.244086
16.1495 16.1495 0.990636
26.9159 16.1495 2.0689
37.6822 16.1495 2.4871
48.4486 16.1495 2.22254
59.215 16.1495 1.3678
69.9813 16.1495 0.707822
5.38318 26.9159 0.307353
16.1495 26.9159 1.56717
26.9159 26.9159 3.20612
37.6822 26.9159 3.90582
48.4486 26.9159 3.36733
59.215 26.9159 1.92391
69.9813 26.9159 0.897657
5.38318 37.6822 0.546595
16.1495 37.6822 2.03973
26.9159 37.6822 3.92318
37.6822 37.6822 4.70301
48.4486 37.6822 3.90825
59.215 37.6822 2.19788
69.9813 37.6822 0.943527
5.38318 48.4486 0.639184
16.1495 48.4486 1.9946
26.9159 48.4486 3.68487
37.6822 48.4486 4.29811
48.4486 48.4486 3.54561
59.215 48.4486 2.04395
69.9813 48.4486 0.91339
5.38318 59.215 0.47636
16.1495 59.215 1.524
26.9159 59.215 2.69175
37.6822 59.215 3.15348
48.4486 59.215 2.54791
59.215 59.215 1.54782
69.9813 59.215 0.685578
5.38318 69.9813 0.246957
16.1495 69.9813 1.03571
26.9159 69.9813 2.06097
37.6822 69.9813 2.53856
48.4486 69.9813 1.97529
59.215 69.9813 1.2791
69.9813 69.9813 0.488473
5.38318 80.7477 -0.119376
16.1495 80.7477 0.150637
26.9159 80.7477 0.825987
37.6822 80.7477 1.221
48.4486 80.7477 0.624098
59.215 80.7477 0.387017
69.9813 80.7477 0.000192001
5.38318 91.514 -0.272986
16.1495 91.514 -0.348013
26.9159 91.514 -0.25746
37.6822 91.514 -0.16412
48.4486 91.514 -0.314048
59.215 91.514 -0.21486
69.9813 91.514 -0.172967
5.38318 102.28 -0.295149
16.1495 102.28 -0.440183
26.9159 102.28 -0.418532
37.6822 102.28 -0.399048
48.4486 102.28 -0.450546
59.215 102.28 -0.327928
69.9813 102.28 -0.17302
5.38318 113.047 -0.285747
16.1495 113.047 -0.431271
26.9159 113.047 -0.40345
37.6822 113.047 -0.374297
48.4486 113.047 -0.334562
59.215 113.047 -0.241366
69.9813 113.047 -0.0915389
5.38318 123.813 -0.191891
16.1495 123.813 -0.262856
26.9159 123.813 -0.171231
37.6822 123.813 -0.0883644
48.4486 123.813 -0.0213661
59.215 123.813 0.0608315
69.9813 123.813 0.20668
5.38318 134.579 -0.00804942
16.1495 134.579 0.0404118
26.9159 134.579 0.407646
37.6822 134.579 0.694282
48.4486 134.579 1.02731
59.215 134.579 1.0283
69.9813 134.579 0.862992
5.38318 145.346 0.436276
16.1495 145.346 0.824399
26.9159 145.346 1.33918
37.6822 145.346 1.76021
48.4486 145.346 2.2324
59.215 145.346 2.20329
69.9813 145.346 1.62632
5.38318 156.112 0.833633
16.1495 156.112 1.36782
26.9159 156.112 1.82011
37.6822 156.112 2.0269
48.4486 156.112 2.5862
59.215 156.112 2.72227
69.9813 156.112 2.06631
5.38318 166.879 1.09991
16.1495 166.879 1.49537
26.9159 166.879 1.71682
37.6822 166.879 1.51447
48.4486 166.879 1.9603
59.215 166.879 2.27808
69.9813 166.879 1.81921
5.38318 177.645 1.24597
16.1495 177.645 1.43441
26.9159 177.645 1.2274
37.6822 177.645 0.351845
48.4486 177.645 0.201461
59.215 177.645 0.723035
69.9813 177.645 0.861668
5.38318 188.411 1.5421
16.1495 188.411 1.7563
26.9159 188.411 1.16965
37.6822 188.411 -0.0837309
48.4486 188.411 -0.289309
59.215 188.411 -0.10996
69.9813 188.411 0.323134
5.38318 199.178 1.68872
16.1495 199.178 2.0633
26.9159 199.178 1.47885
37.6822 199.178 0.0637473
48.4486 199.178 -0.259833
59.215 199.178 -0.175702
69.9813 199.178 0.13493
5.38318 209.944 1.28687
16.1495 209.944 1.74038
26.9159 209.944 1.51039
37.6822 209.944 0.678389
48.4486 209.944 0.0252499
59.215 209.944 0.0297871
69.9813 209.944 0.254645
