37 37
0 17 72 40
0 1 72 72
0 0 72 82
0 0 72 144
0 0 72 216
5.38318 5.38318 0.920817
16.1495 5.38318 1.4895
26.9159 5.38318 1.66176
37.6822 5.38318 1.73389
48.4486 5.38318 1.66768
59.215 5.38318 1.5256
69.9813 5.38318 0.945819
5.38318 16.1495 1.5651
16.1495 16.1495 2.8094
26.9159 16.1495 3.46848
37.6822 16.1495 3.65379
48.4486 16.1495 3.45136
59.215 16.1495 2.96328
69.9813 16.1495 1.78341
5.38318 26.9159 1.64171
16.1495 26.9159 3.29854
26.9159 26.9159 4.63451
37.6822 26.9159 4.98511
48.4486 26.9159 4.42373
59.215 26.9159 3.37448
69.9813 26.9159 1.90327
5.38318 37.6822 1.33661
16.1495 37.6822 3.12583
26.9159 37.6822 5.11432
37.6822 37.6822 5.77724
48.4486 37.6822 4.94016
59.215 37.6822 3.21816
69.9813 37.6822 1.67248
5.38318 48.4486 1.08278
16.1495 48.4486 2.66828
26.9159 48.4486 4.5654
37.6822 48.4486 5.13655
48.4486 48.4486 4.30881
59.215 48.4486 2.59674
69.9813 48.4486 1.31065
5.38318 59.215 0.892521
16.1495 59.215 1.97752
26.9159 59.215 2.96634
37.6822 59.215 3.19482
48.4486 59.215 2.85548
59.215 59.215 2.01021
69.9813 59.215 1.25109
5.38318 69.9813 0.593484
16.1495 69.9813 1.30982
26.9159 69.9813 1.77526
37.6822 69.9813 1.85249
48.4486 69.9813 1.65588
59.215 69.9813 1.35163
69.9813 69.9813 1.01528
5.38318 80.7477 0.0280918
16.1495 80.7477 0.300307
26.9159 80.7477 0.596666
37.6822 80.7477 0.651911
48.4486 80.7477 0.612017
59.215 80.7477 0.592179
69.9813 80.7477 0.610126
5.38318 91.514 -0.398546
16.1495 91.514 -0.619179
26.9159 91.514 -0.647303
37.6822 91.514 -0.645874
48.4486 91.514 -0.652003
59.215 91.514 -0.465133
69.9813 91.514 -0.170718
5.38318 102.28 -0.557235
16.1495 102.28 -0.894376
26.9159 102.28 -0.980717
37.6822 102.28 -0.971216
48.4486 102.28 -0.927055
59.215 102.28 -0.69613
69.9813 102.28 -0.300465
5.38318 113.047 -0.574385
16.1495 113.047 -0.915046
26.9159 113.047 -0.993527
37.6822 113.047 -0.986244
48.4486 113.047 -0.93643
59.215 113.047 -0.708728
69.9813 113.047 -0.302657
5.38318 123.813 -0.493576
16.1495 123.813 -0.718314
26.9159 123.813 -0.657682
37.6822 123.813 -0.595757
48.4486 123.813 -0.575856
59.215 123.813 -0.416651
69.9813 123.813 -0.159023
5.38318 134.579 -0.213108
16.1495 134.579 -0.196986
26.9159 134.579 0.0121313
37.6822 134.579 0.35637
48.4486 134.579 0.306468
59.215 134.579 0.366794
69.9813 134.579 0.382679
5.38318 145.346 0.435126
16.1495 145.346 1.26625
26.9159 145.346 2.05024
37.6822 145.346 2.43686
48.4486 145.346 2.33255
59.215 145.346 1.96108
69.9813 145.346 1.2144
5.38318 156.112 0.967037
16.1495 156.112 2.00737
26.9159 156.112 2.75529
37.6822 156.112 3.20795
48.4486 156.112 3.23907
59.215 156.112 2.8096
69.9813 156.112 1.74187
5.38318 166.879 0.978837
16.1495 166.879 1.87255
26.9159 166.879 2.51434
37.6822 166.879 2.88972
48.4486 166.879 2.99525
59.215 166.879 2.68799
69.9813 166.879 1.73885
5.38318 177.645 0.531314
16.1495 177.645 1.02827
26.9159 177.645 1.62491
37.6822 177.645 1.92065
48.4486 177.645 2.05536
59.215 177.645 1.81152
69.9813 177.645 1.20123
5.38318 188.411 0.301173
16.1495 188.411 0.627289
26.9159 188.411 1.28908
37.6822 188.411 1.54949
48.4486 188.411 1.61987
59.215 188.411 1.16735
69.9813 188.411 0.717369
5.38318 199.178 0.115318
16.1495 199.178 0.259419
26.9159 199.178 0.770809
37.6822 199.178 0.796117
48.4486 199.178 0.785506
59.215 199.178 0.318687
69.9813 199.178 0.277481
5.38318 209.944 -0.0089252
16.1495 209.944 -0.0185928
26.9159 209.944 0.247208
37.6822 209.944 0.0866738
48.4486 209.944 0.167472
59.215 209.944 -0.0748126
69.9813 209.944 0.076521
