37 166
0 146 72 40
0 130 72 72
0 125 72 82
0 72 72 144
0 0 72 216
5.38318 5.38318 0.0827697
16.1495 5.38318 0.389287
26.9159 5.38318 1.38127
37.6822 5.38318 1.82229
48.4486 5.38318 1.55001
59.215 5.38318 0.887067
69.9813 5.38318 0.3436
5.38318 16.1495 0.184425
16.1495 16.1495 0.901285
26.9159 16.1495 2.53403
37.6822 16.1495 3.15527
48.4486 16.1495 2.69639
59.215 16.1495 1.6319
69.9813 16.1495 0.682562
5.38318 26.9159 0.162382
16.1495 26.9159 1.21161
26.9159 26.9159 2.87838
37.6822 26.9159 3.29401
48.4486 26.9159 2.54431
59.215 26.9159 1.29767
69.9813 26.9159 0.50639
5.38318 37.6822 0.709541
16.1495 37.6822 1.99937
26.9159 37.6822 3.22304
37.6822 37.6822 3.06381
48.4486 37.6822 2.22389
59.215 37.6822 1.15666
69.9813 37.6822 0.630581
5.38318 48.4486 1.00176
16.1495 48.4486 2.38616
26.9159 48.4486 3.4044
37.6822 48.4486 3.27822
48.4486 48.4486 2.66507
59.215 48.4486 1.87661
69.9813 48.4486 1.20475
5.38318 59.215 1.1059
16.1495 59.215 2.0663
26.9159 59.215 3.0105
37.6822 59.215 3.18439
48.4486 59.215 3.27643
59.215 59.215 2.77478
69.9813 59.215 1.84507
5.38318 69.9813 0.815148
16.1495 69.9813 1.13093
26.9159 69.9813 2.02029
37.6822 69.9813 2.37207
48.4486 69.9813 2.85315
59.215 69.9813 2.74114
69.9813 69.9813 1.83547
5.38318 80.7477 0.183668
16.1495 80.7477 0.0265167
26.9159 80.7477 0.906807
37.6822 80.7477 1.12333
48.4486 80.7477 1.51864
59.215 80.7477 1.64535
69.9813 80.7477 1.10852
5.38318 91.514 -0.377428
16.1495 91.514 -0.646607
26.9159 91.514 -0.475491
37.6822 91.514 -0.527132
48.4486 91.514 -0.559113
59.215 91.514 -0.360004
69.9813 91.514 -0.178177
5.38318 102.28 -0.569677
16.1495 102.28 -0.923956
26.9159 102.28 -0.970466
37.6822 102.28 -0.971137
48.4486 102.28 -0.931858
59.215 102.28 -0.709626
69.9813 102.28 -0.325703
5.38318 113.047 -0.588518
16.1495 113.047 -0.941762
26.9159 113.047 -1.01978
37.6822 113.047 -1.01663
48.4486 113.047 -0.963768
59.215 113.047 -0.762423
69.9813 113.047 -0.332504
5.38318 123.813 -0.546319
16.1495 123.813 -0.821033
26.9159 123.813 -0.730144
37.6822 123.813 -0.666918
48.4486 123.813 -0.711919
59.215 123.813 -0.59283
69.9813 123.813 -0.283421
5.38318 134.579 -0.44689
16.1495 134.579 -0.449655
26.9159 134.579 0.0255803
37.6822 134.579 0.45497
48.4486 134.579 -0.0984218
59.215 134.579 -0.283275
69.9813 134.579 -0.197905
5.38318 145.346 -0.23215
16.1495 145.346 0.571623
26.9159 145.346 2.69599
37.6822 145.346 3.30635
48.4486 145.346 2.19485
59.215 145.346 0.678515
69.9813 145.346 -0.0429611
5.38318 156.112 -0.036615
16.1495 156.112 1.56429
26.9159 156.112 4.31885
37.6822 156.112 5.2007
48.4486 156.112 3.5936
59.215 156.112 1.53088
69.9813 156.112 0.173849
5.38318 166.879 -0.0177968
16.1495 166.879 1.67172
26.9159 166.879 4.4561
37.6822 166.879 5.30894
48.4486 166.879 3.76305
59.215 166.879 1.66813
69.9813 166.879 0.253766
5.38318 177.645 -0.0528745
16.1495 177.645 1.03066
26.9159 177.645 3.08771
37.6822 177.645 3.65407
48.4486 177.645 2.57894
59.215 177.645 0.989476
69.9813 177.645 0.0632369
5.38318 188.411 -0.151106
16.1495 188.411 0.442416
26.9159 188.411 2.05298
37.6822 188.411 2.46202
48.4486 188.411 1.55876
59.215 188.411 0.341666
69.9813 188.411 -0.0383459
5.38318 199.178 -0.159655
16.1495 199.178 0.469038
26.9159 199.178 1.94102
37.6822 199.178 2.24087
48.4486 199.178 1.27471
59.215 199.178 0.164577
69.9813 199.178 -0.0510606
5.38318 209.944 -0.119751
16.1495 209.944 0.451198
26.9159 209.944 1.5484
37.6822 209.944 1.79293
48.4486 209.944 1.16503
59.215 209.944 0.306072
69.9813 209.944 0.0403617
