48 37
0 17 72 40
0 1 72 72
0 0 72 82
0 0 72 144
0 0 72 216
5.38318 5.38318 0.360556
16.1495 5.38318 0.656585
26.9159 5.38318 1.1176
37.6822 5.38318 1.44714
48.4486 5.38318 1.50242
59.215 5.38318 1.14434
69.9813 5.38318 0.698612
5.38318 16.1495 0.656734
16.1495 16.1495 1.50097
26.9159 16.1495 2.56894
37.6822 16.1495 3.44026
48.4486 16.1495 3.57589
59.215 16.1495 2.69243
69.9813 16.1495 1.58424
5.38318 26.9159 0.913283
16.1495 26.9159 2.21135
26.9159 26.9159 4.01924
37.6822 26.9159 5.56881
48.4486 26.9159 5.63837
59.215 26.9159 4.15677
69.9813 26.9159 2.25247
5.38318 37.6822 1.10779
16.1495 37.6822 2.50605
26.9159 37.6822 4.56915
37.6822 37.6822 6.2544
48.4486 37.6822 6.26071
59.215 37.6822 4.607
69.9813 37.6822 2.45795
5.38318 48.4486 1.10787
16.1495 48.4486 2.29409
26.9159 48.4486 3.96159
37.6822 48.4486 5.04591
48.4486 48.4486 4.8533
59.215 48.4486 3.58917
69.9813 48.4486 1.90672
5.38318 59.215 0.576161
16.1495 59.215 1.23056
26.9159 59.215 2.11617
37.6822 59.215 2.38584
48.4486 59.215 2.42242
59.215 59.215 2.1625
69.9813 59.215 1.4592
5.38318 69.9813 0.0814113
16.1495 69.9813 0.375133
26.9159 69.9813 0.922299
37.6822 69.9813 1.04499
48.4486 69.9813 1.29503
59.215 69.9813 1.54417
69.9813 69.9813 1.22315
5.38318 80.7477 -0.299867
16.1495 80.7477 -0.405853
26.9159 80.7477 -0.324043
37.6822 80.7477 -0.197248
48.4486 80.7477 0.167199
59.215 80.7477 0.847402
69.9813 80.7477 0.870927
5.38318 91.514 -0.508354
16.1495 91.514 -0.774126
26.9159 91.514 -0.7709
37.6822 91.514 -0.697813
48.4486 91.514 -0.62222
59.215 91.514 -0.360183
69.9813 91.514 -0.0808833
5.38318 102.28 -0.567375
16.1495 102.28 -0.9029
26.9159 102.28 -0.980896
37.6822 102.28 -0.970862
48.4486 102.28 -0.930904
59.215 102.28 -0.698095
69.9813 102.28 -0.296773
5.38318 113.047 -0.58253
16.1495 113.047 -0.92969
26.9159 113.047 -1.00861
37.6822 113.047 -1.00642
48.4486 113.047 -0.953871
59.215 113.047 -0.743693
69.9813 113.047 -0.318833
5.38318 123.813 -0.563788
16.1495 123.813 -0.892002
26.9159 123.813 -0.936332
37.6822 123.813 -0.905659
48.4486 123.813 -0.814609
59.215 123.813 -0.584904
69.9813 123.813 -0.22667
5.38318 134.579 -0.51969
16.1495 134.579 -0.798659
26.9159 134.579 -0.656673
37.6822 134.579 -0.567112
48.4486 134.579 -0.433434
59.215 134.579 -0.283415
69.9813 134.579 -0.0371328
5.38318 145.346 -0.373723
16.1495 145.346 -0.497626
26.9159 145.346 -0.138237
37.6822 145.346 0.204519
48.4486 145.346 0.745595
59.215 145.346 0.70639
69.9813 145.346 0.664553
5.38318 156.112 -0.0958152
16.1495 156.112 0.0902701
26.9159 156.112 1.28714
37.6822 156.112 2.08172
48.4486 156.112 2.52219
59.215 156.112 2.05208
69.9813 156.112 1.35756
5.38318 166.879 0.540925
16.1495 166.879 1.34149
26.9159 166.879 2.60418
37.6822 166.879 3.52614
48.4486 166.879 3.91445
59.215 166.879 3.08685
69.9813 166.879 1.82942
5.38318 177.645 1.24802
16.1495 177.645 2.23736
26.9159 177.645 3.27837
37.6822 177.645 4.10504
48.4486 177.645 4.2157
59.215 177.645 3.3072
69.9813 177.645 1.86335
5.38318 188.411 1.4344
16.1495 188.411 2.37526
26.9159 188.411 3.15594
37.6822 188.411 3.56352
48.4486 188.411 3.27712
59.215 188.411 2.52643
69.9813 188.411 1.36171
5.38318 199.178 1.05673
16.1495 199.178 1.64702
26.9159 199.178 1.95301
37.6822 199.178 1.81431
48.4486 199.178 1.47473
59.215 199.178 1.28082
69.9813 199.178 0.824189
5.38318 209.944 0.39716
16.1495 209.944 0.685509
26.9159 209.944 0.875291
37.6822 209.944 0.659329
48.4486 209.944 0.456724
59.215 209.944 0.51421
69.9813 209.944 0.457834
