48 188
0 168 72 40
0 144 72 72
0 134 72 82
0 72 72 144
0 0 72 216
5.38318 5.38318 1.09131
16.1495 5.38318 1.49731
26.9159 5.38318 1.56724
37.6822 5.38318 1.65692
48.4486 5.38318 1.65011
59.215 5.38318 1.26415
69.9813 5.38318 0.754292
5.38318 16.1495 1.6608
16.1495 16.1495 2.41661
26.9159 16.1495 2.68806
37.6822 16.1495 2.83415
48.4486 16.1495 2.79636
59.215 16.1495 2.18758
69.9813 16.1495 1.3091
5.38318 26.9159 1.28311
16.1495 26.9159 2.03181
26.9159 26.9159 2.54406
37.6822 26.9159 2.73551
48.4486 26.9159 2.57833
59.215 26.9159 1.95697
69.9813 26.9159 1.16622
5.38318 37.6822 0.188011
16.1495 37.6822 0.815755
26.9159 37.6822 1.82211
37.6822 37.6822 2.18752
48.4486 37.6822 1.78371
59.215 37.6822 1.11827
69.9813 37.6822 0.631203
5.38318 48.4486 -0.199186
16.1495 48.4486 0.002445
26.9159 48.4486 1.24879
37.6822 48.4486 1.83104
48.4486 48.4486 1.50714
59.215 48.4486 0.898754
69.9813 48.4486 0.509633
5.38318 59.215 -0.343137
16.1495 59.215 -0.296811
26.9159 59.215 0.715703
37.6822 59.215 1.4354
48.4486 59.215 1.3493
59.215 59.215 0.845912
69.9813 59.215 0.516715
5.38318 69.9813 -0.458291
16.1495 69.9813 -0.576427
26.9159 69.9813 -0.162473
37.6822 69.9813 0.267185
48.4486 69.9813 0.201427
59.215 69.9813 -0.0817744
69.9813 69.9813 -0.0260759
5.38318 80.7477 -0.535203
16.1495 80.7477 -0.83441
26.9159 80.7477 -0.726949
37.6822 80.7477 -0.720745
48.4486 80.7477 -0.72891
59.215 80.7477 -0.633722
69.9813 80.7477 -0.285624
5.38318 91.514 -0.576423
16.1495 91.514 -0.929388
26.9159 91.514 -1.01242
37.6822 91.514 -1.0615
48.4486 91.514 -1.03976
59.215 91.514 -0.859033
69.9813 91.514 -0.398305
5.38318 102.28 -0.588163
16.1495 102.28 -0.950942
26.9159 102.28 -1.05055
37.6822 102.28 -1.077
48.4486 102.28 -1.02374
59.215 102.28 -0.814476
69.9813 102.28 -0.357241
5.38318 113.047 -0.577823
16.1495 113.047 -0.927241
26.9159 113.047 -1.00639
37.6822 113.047 -1.00911
48.4486 113.047 -0.959895
59.215 113.047 -0.760438
69.9813 113.047 -0.332108
5.38318 123.813 -0.496933
16.1495 123.813 -0.783737
26.9159 123.813 -0.782475
37.6822 123.813 -0.794018
48.4486 123.813 -0.815865
59.215 123.813 -0.64513
69.9813 123.813 -0.294531
5.38318 134.579 -0.159422
16.1495 134.579 -0.271387
26.9159 134.579 -0.241026
37.6822 134.579 -0.286716
48.4486 134.579 -0.487764
59.215 134.579 -0.448229
69.9813 134.579 -0.22861
5.38318 145.346 0.802116
16.1495 145.346 1.14451
26.9159 145.346 1.28758
37.6822 145.346 1.17617
48.4486 145.346 0.21211
59.215 145.346 -0.0771372
69.9813 145.346 -0.0978701
5.38318 156.112 1.69867
16.1495 156.112 2.45535
26.9159 156.112 2.63724
37.6822 156.112 2.46243
48.4486 156.112 1.56618
59.215 156.112 0.963009
69.9813 156.112 0.448688
5.38318 166.879 1.8851
16.1495 166.879 2.82428
26.9159 166.879 3.07513
37.6822 166.879 2.91856
48.4486 166.879 2.3628
59.215 166.879 1.84842
69.9813 166.879 1.07224
5.38318 177.645 1.54405
16.1495 177.645 2.6373
26.9159 177.645 3.25655
37.6822 177.645 3.46819
48.4486 177.645 3.49074
59.215 177.645 2.9822
69.9813 177.645 1.90991
5.38318 188.411 1.10752
16.1495 188.411 2.22902
26.9159 188.411 3.12563
37.6822 188.411 3.71242
48.4486 188.411 3.93845
59.215 188.411 3.44086
69.9813 188.411 2.15846
5.38318 199.178 0.962701
16.1495 199.178 2.00338
26.9159 199.178 2.78602
37.6822 199.178 3.29047
48.4486 199.178 3.32595
59.215 199.178 2.91324
69.9813 199.178 1.7655
5.38318 209.944 0.425167
16.1495 209.944 0.95861
26.9159 209.944 1.31064
37.6822 209.944 1.52266
48.4486 209.944 1.416
59.215 209.944 1.37532
69.9813 209.944 0.852568
