37 37
0 17 72 40
0 1 72 72
0 0 72 82
0 0 72 144
0 0 72 216
5.38318 5.38318 0.621597
16.1495 5.38318 1.09424
26.9159 5.38318 1.38173
37.6822 5.38318 1.41906
48.4486 5.38318 1.15597
59.215 5.38318 0.752525
69.9813 5.38318 0.420615
5.38318 16.1495 1.12502
16.1495 16.1495 2.2449
26.9159 16.1495 3.02734
37.6822 16.1495 3.12158
48.4486 16.1495 2.56885
59.215 16.1495 1.70427
69.9813 16.1495 0.932088
5.38318 26.9159 1.4392
16.1495 26.9159 3.07822
26.9159 26.9159 4.51124
37.6822 26.9159 4.744
48.4486 26.9159 3.89513
59.215 26.9159 2.43758
69.9813 26.9159 1.21728
5.38318 37.6822 1.51007
16.1495 37.6822 3.28252
26.9159 37.6822 5.00348
37.6822 37.6822 5.47322
48.4486 37.6822 4.59975
59.215 37.6822 2.85723
69.9813 37.6822 1.35091
5.38318 48.4486 1.55891
16.1495 48.4486 3.14988
26.9159 48.4486 4.55628
37.6822 48.4486 4.99124
48.4486 48.4486 4.37525
59.215 48.4486 2.80809
69.9813 48.4486 1.38414
5.38318 59.215 1.45687
16.1495 59.215 2.55702
26.9159 59.215 3.15184
37.6822 59.215 3.32363
48.4486 59.215 3.18113
59.215 59.215 2.33109
69.9813 59.215 1.34778
5.38318 69.9813 1.11514
16.1495 69.9813 1.89488
26.9159 69.9813 2.18938
37.6822 69.9813 2.20174
48.4486 69.9813 2.17774
59.215 69.9813 1.7425
69.9813 69.9813 1.1137
5.38318 80.7477 0.0582199
16.1495 80.7477 0.32145
26.9159 80.7477 0.725416
37.6822 80.7477 0.744368
48.4486 80.7477 0.730878
59.215 80.7477 0.586491
69.9813 80.7477 0.45663
5.38318 91.514 -0.284578
16.1495 91.514 -0.407052
26.9159 91.514 -0.298664
37.6822 91.514 -0.270914
48.4486 91.514 -0.294841
59.215 91.514 -0.246516
69.9813 91.514 -0.12217
5.38318 102.28 -0.299155
16.1495 102.28 -0.458742
26.9159 102.28 -0.434022
37.6822 102.28 -0.426183
48.4486 102.28 -0.418329
59.215 102.28 -0.329458
69.9813 102.28 -0.151571
5.38318 113.047 -0.297311
16.1495 113.047 -0.446543
26.9159 113.047 -0.435172
37.6822 113.047 -0.417477
48.4486 113.047 -0.396942
59.215 113.047 -0.312342
69.9813 113.047 -0.138416
5.38318 123.813 -0.27919
16.1495 123.813 -0.412501
26.9159 123.813 -0.365952
37.6822 123.813 -0.344501
48.4486 123.813 -0.295828
59.215 123.813 -0.213164
69.9813 123.813 -0.068716
5.38318 134.579 -0.195914
16.1495 134.579 -0.245844
26.9159 134.579 -0.150184
37.6822 134.579 -0.119754
48.4486 134.579 -0.0482166
59.215 134.579 -0.0195738
69.9813 134.579 0.16064
5.38318 145.346 -0.0622043
16.1495 145.346 0.127007
26.9159 145.346 0.565994
37.6822 145.346 0.795698
48.4486 145.346 1.01128
59.215 145.346 0.827631
69.9813 145.346 0.671949
5.38318 156.112 0.269811
16.1495 156.112 1.05294
26.9159 156.112 1.86236
37.6822 156.112 2.34304
48.4486 156.112 2.4585
59.215 156.112 1.89963
69.9813 156.112 1.23806
5.38318 166.879 0.527346
16.1495 166.879 1.74725
26.9159 166.879 3.07995
37.6822 166.879 4.10301
48.4486 166.879 4.23775
59.215 166.879 3.18529
69.9813 166.879 1.8527
5.38318 177.645 0.888364
16.1495 177.645 2.24096
26.9159 177.645 3.79207
37.6822 177.645 5.07367
48.4486 177.645 5.19787
59.215 177.645 3.95755
69.9813 177.645 2.2271
5.38318 188.411 1.29979
16.1495 188.411 2.57871
26.9159 188.411 3.77192
37.6822 188.411 4.661
48.4486 188.411 4.68291
59.215 188.411 3.61784
69.9813 188.411 2.05862
5.38318 199.178 1.87935
16.1495 199.178 3.13337
26.9159 199.178 3.24204
37.6822 199.178 2.83507
48.4486 199.178 2.42872
59.215 199.178 1.95269
69.9813 199.178 1.32764
5.38318 209.944 1.78064
16.1495 209.944 2.87375
26.9159 209.944 2.70145
37.6822 209.944 1.792
48.4486 209.944 1.23579
59.215 209.944 0.927206
69.9813 209.944 0.741194
