26 188
0 168 72 40
0 144 72 72
0 134 72 82
0 72 72 144
0 0 72 216
5.38318 5.38318 0.402944
16.1495 5.38318 0.830995
26.9159 5.38318 1.16426
37.6822 5.38318 1.13626
48.4486 5.38318 1.0982
59.215 5.38318 0.82293
69.9813 5.38318 0.586173
5.38318 16.1495 0.613146
16.1495 16.1495 1.5302
26.9159 16.1495 2.27783
37.6822 16.1495 2.35496
48.4486 16.1495 2.26082
59.215 16.1495 1.7433
69.9813 16.1495 1.177
5.38318 26.9159 0.369326
16.1495 26.9159 1.1706
26.9159 26.9159 2.21945
37.6822 26.9159 2.5915
48.4486 26.9159 2.65493
59.215 26.9159 2.14397
69.9813 26.9159 1.42389
5.38318 37.6822 0.709051
16.1495 37.6822 1.44093
26.9159 37.6822 2.39673
37.6822 37.6822 2.87605
48.4486 37.6822 3.02017
59.215 37.6822 2.44894
69.9813 37.6822 1.50643
5.38318 48.4486 1.14481
16.1495 48.4486 1.92694
26.9159 48.4486 2.4947
37.6822 48.4486 2.65829
48.4486 48.4486 2.68828
59.215 48.4486 2.20511
69.9813 48.4486 1.39864
5.38318 59.215 1.35389
16.1495 59.215 2.14831
26.9159 59.215 2.45549
37.6822 59.215 2.18116
48.4486 59.215 2.03116
59.215 59.215 1.71398
69.9813 59.215 1.19853
5.38318 69.9813 0.78462
16.1495 69.9813 1.30884
26.9159 69.9813 1.43711
37.6822 69.9813 1.01922
48.4486 69.9813 0.829331
59.215 69.9813 0.770879
69.9813 69.9813 0.76698
5.38318 80.7477 -0.0215537
16.1495 80.7477 0.0859766
26.9159 80.7477 0.201635
37.6822 80.7477 0.0830777
48.4486 80.7477 -0.0420912
59.215 80.7477 0.124938
69.9813 80.7477 0.386434
5.38318 91.514 -0.324055
16.1495 91.514 -0.444918
26.9159 91.514 -0.395644
37.6822 91.514 -0.326749
48.4486 91.514 -0.343283
59.215 91.514 -0.225467
69.9813 91.514 -0.0440115
5.38318 102.28 -0.326635
16.1495 102.28 -0.461576
26.9159 102.28 -0.376702
37.6822 102.28 -0.295641
48.4486 102.28 -0.286923
59.215 102.28 -0.209367
69.9813 102.28 -0.0676918
5.38318 113.047 -0.291671
16.1495 113.047 -0.43196
26.9159 113.047 -0.391585
37.6822 113.047 -0.373918
48.4486 113.047 -0.367495
59.215 113.047 -0.302303
69.9813 113.047 -0.134139
5.38318 123.813 -0.195213
16.1495 123.813 -0.243244
26.9159 123.813 -0.129667
37.6822 123.813 -0.137372
48.4486 123.813 -0.202261
59.215 123.813 -0.225755
69.9813 123.813 -0.114831
5.38318 134.579 -0.0344045
16.1495 134.579 0.228761
26.9159 134.579 0.710765
37.6822 134.579 0.722179
48.4486 134.579 0.385949
59.215 134.579 -0.00387604
69.9813 134.579 -0.029217
5.38318 145.346 0.361244
16.1495 145.346 1.10612
26.9159 145.346 1.92378
37.6822 145.346 1.98563
48.4486 145.346 1.46765
59.215 145.346 0.671858
69.9813 145.346 0.265497
5.38318 156.112 0.770919
16.1495 156.112 1.84909
26.9159 156.112 2.7836
37.6822 156.112 2.90788
48.4486 156.112 2.21246
59.215 156.112 1.24713
69.9813 156.112 0.553252
5.38318 166.879 1.28705
16.1495 166.879 2.3865
26.9159 166.879 3.16516
37.6822 166.879 3.16425
48.4486 166.879 2.55774
59.215 166.879 1.60239
69.9813 166.879 0.827833
5.38318 177.645 1.833
16.1495 177.645 2.95108
26.9159 177.645 3.28772
37.6822 177.645 3.01003
48.4486 177.645 2.48738
59.215 177.645 1.81058
69.9813 177.645 1.04742
5.38318 188.411 2.18572
16.1495 188.411 3.36507
26.9159 188.411 3.52531
37.6822 188.411 3.0054
48.4486 188.411 2.65418
59.215 188.411 2.09533
69.9813 188.411 1.3436
5.38318 199.178 1.61143
16.1495 199.178 2.60681
26.9159 199.178 2.95882
37.6822 199.178 2.68007
48.4486 199.178 2.68221
59.215 199.178 2.42529
69.9813 199.178 1.66727
5.38318 209.944 0.66436
16.1495 209.944 1.26274
26.9159 209.944 1.6737
37.6822 209.944 1.79028
48.4486 209.944 2.1017
59.215 209.944 2.09608
69.9813 209.944 1.54376
