59 156
0 136 72 40
0 120 72 72
0 115 72 82
0 72 72 144
0 0 72 216
5.38318 5.38318 0.546643
16.1495 5.38318 0.794468
26.9159 5.38318 0.986064
37.6822 5.38318 0.955845
48.4486 5.38318 0.975079
59.215 5.38318 0.782604
69.9813 5.38318 0.533396
5.38318 16.1495 0.880927
16.1495 16.1495 1.47489
26.9159 16.1495 1.77671
37.6822 16.1495 1.73603
48.4486 16.1495 1.77106
59.215 16.1495 1.5664
69.9813 16.1495 1.05614
5.38318 26.9159 0.802682
16.1495 26.9159 1.39295
26.9159 26.9159 1.72638
37.6822 26.9159 1.69898
48.4486 26.9159 1.74903
59.215 26.9159 1.69355
69.9813 26.9159 1.20283
5.38318 37.6822 0.600272
16.1495 37.6822 1.00414
26.9159 37.6822 1.23522
37.6822 37.6822 1.23193
48.4486 37.6822 1.15393
59.215 37.6822 1.29949
69.9813 37.6822 0.941254
5.38318 48.4486 0.168005
16.1495 48.4486 0.423845
26.9159 48.4486 0.8318
37.6822 48.4486 1.0425
48.4486 48.4486 0.775141
59.215 48.4486 0.782691
69.9813 48.4486 0.510434
5.38318 59.215 0.0560413
16.1495 59.215 0.304048
26.9159 59.215 0.926916
37.6822 59.215 1.25104
48.4486 59.215 0.87757
59.215 59.215 0.732516
69.9813 59.215 0.394156
5.38318 69.9813 -0.203389
16.1495 69.9813 -0.25047
26.9159 69.9813 0.0542867
37.6822 69.9813 0.349141
48.4486 69.9813 -0.0123176
59.215 69.9813 -0.0218562
69.9813 69.9813 -0.0309461
5.38318 80.7477 -0.454248
16.1495 80.7477 -0.713855
26.9159 80.7477 -0.682715
37.6822 80.7477 -0.661406
48.4486 80.7477 -0.705399
59.215 80.7477 -0.539577
69.9813 80.7477 -0.256993
5.38318 91.514 -0.573697
16.1495 91.514 -0.920649
26.9159 91.514 -1.00666
37.6822 91.514 -1.02029
48.4486 91.514 -0.992341
59.215 91.514 -0.800231
69.9813 91.514 -0.371873
5.38318 102.28 -0.588163
16.1495 102.28 -0.941584
26.9159 102.28 -1.03115
37.6822 102.28 -1.03492
48.4486 102.28 -0.986271
59.215 102.28 -0.779946
69.9813 102.28 -0.342057
5.38318 113.047 -0.582835
16.1495 113.047 -0.934259
26.9159 113.047 -1.01321
37.6822 113.047 -1.01093
48.4486 113.047 -0.949632
59.215 113.047 -0.724492
69.9813 113.047 -0.304021
5.38318 123.813 -0.548866
16.1495 123.813 -0.868583
26.9159 123.813 -0.910526
37.6822 123.813 -0.859675
48.4486 123.813 -0.726529
59.215 123.813 -0.462003
69.9813 123.813 -0.137774
5.38318 134.579 -0.432611
16.1495 134.579 -0.653566
26.9159 134.579 -0.552733
37.6822 134.579 -0.458527
48.4486 134.579 -0.218208
59.215 134.579 0.0338689
69.9813 134.579 0.413265
5.38318 145.346 -0.152724
16.1495 145.346 -0.150948
26.9159 145.346 0.247976
37.6822 145.346 0.646761
48.4486 145.346 1.40432
59.215 145.346 1.62754
69.9813 145.346 1.34695
5.38318 156.112 0.393287
16.1495 156.112 0.934676
26.9159 156.112 1.52172
37.6822 156.112 1.767
48.4486 156.112 2.42807
59.215 156.112 2.45874
69.9813 156.112 1.90091
5.38318 166.879 0.845272
16.1495 166.879 1.56225
26.9159 166.879 2.0077
37.6822 166.879 2.03056
48.4486 166.879 2.36158
59.215 166.879 2.34
69.9813 166.879 1.78129
5.38318 177.645 0.979537
16.1495 177.645 1.48502
26.9159 177.645 1.60152
37.6822 177.645 1.13016
48.4486 177.645 0.926726
59.215 177.645 0.984394
69.9813 177.645 0.927196
5.38318 188.411 1.03453
16.1495 188.411 1.25022
26.9159 188.411 0.997645
37.6822 188.411 0.0292226
48.4486 188.411 -0.263463
59.215 188.411 -0.194461
69.9813 188.411 0.0849094
5.38318 199.178 1.07891
16.1495 199.178 1.22679
26.9159 199.178 0.817198
37.6822 199.178 -0.213532
48.4486 199.178 -0.463096
59.215 199.178 -0.410576
69.9813 199.178 -0.0977724
5.38318 209.944 0.87109
16.1495 209.944 1.09162
26.9159 209.944 0.753869
37.6822 209.944 -0.148614
48.4486 209.944 -0.310887
59.215 209.944 -0.268951
69.9813 209.944 -0.0229512
