48 37
0 17 72 40
0 1 72 72
0 0 72 82
0 0 72 144
0 0 72 216
5.38318 5.38318 0.188993
16.1495 5.38318 0.359444
26.9159 5.38318 0.957336
37.6822 5.38318 1.273
48.4486 5.38318 1.41538
59.215 5.38318 1.12159
69.9813 5.38318 0.702711
5.38318 16.1495 0.458193
16.1495 16.1495 1.0771
26.9159 16.1495 2.30194
37.6822 16.1495 2.96075
48.4486 16.1495 3.23541
59.215 16.1495 2.52504
69.9813 16.1495 1.53697
5.38318 26.9159 0.549406
16.1495 26.9159 1.46052
26.9159 26.9159 3.31459
37.6822 26.9159 4.58036
48.4486 26.9159 5.06036
59.215 26.9159 3.87897
69.9813 26.9159 2.20741
5.38318 37.6822 1.04338
16.1495 37.6822 2.22949
26.9159 37.6822 4.10676
37.6822 37.6822 5.73093
48.4486 37.6822 6.12797
59.215 37.6822 4.65466
69.9813 37.6822 2.49511
5.38318 48.4486 1.30863
16.1495 48.4486 2.45698
26.9159 48.4486 3.95839
37.6822 48.4486 5.21014
48.4486 48.4486 5.38402
59.215 48.4486 4.09341
69.9813 48.4486 2.18073
5.38318 59.215 1.23194
16.1495 59.215 2.11224
26.9159 59.215 2.70943
37.6822 59.215 3.02403
48.4486 59.215 3.06302
59.215 59.215 2.58119
69.9813 59.215 1.62845
5.38318 69.9813 0.579945
16.1495 69.9813 1.07462
26.9159 69.9813 1.40139
37.6822 69.9813 1.29815
48.4486 69.9813 1.41864
59.215 69.9813 1.33588
69.9813 69.9813 1.1468
5.38318 80.7477 -0.0676719
16.1495 80.7477 -0.0107872
26.9159 80.7477 0.274696
37.6822 80.7477 0.299929
48.4486 80.7477 0.608198
59.215 80.7477 0.724408
69.9813 80.7477 0.792684
5.38318 91.514 -0.308135
16.1495 91.514 -0.422209
26.9159 91.514 -0.314875
37.6822 91.514 -0.259004
48.4486 91.514 -0.186265
59.215 91.514 -0.115851
69.9813 91.514 0.150565
5.38318 102.28 -0.310444
16.1495 102.28 -0.438603
26.9159 102.28 -0.368517
37.6822 102.28 -0.325472
48.4486 102.28 -0.309466
59.215 102.28 -0.24086
69.9813 102.28 -0.0800044
5.38318 113.047 -0.298155
16.1495 113.047 -0.450944
26.9159 113.047 -0.455997
37.6822 113.047 -0.443399
48.4486 113.047 -0.426918
59.215 113.047 -0.331005
69.9813 113.047 -0.142405
5.38318 123.813 -0.265436
16.1495 123.813 -0.392484
26.9159 123.813 -0.345655
37.6822 123.813 -0.32299
48.4486 123.813 -0.299521
59.215 123.813 -0.237487
69.9813 123.813 -0.0926769
5.38318 134.579 -0.164259
16.1495 134.579 -0.191909
26.9159 134.579 -0.061079
37.6822 134.579 -0.00158709
48.4486 134.579 0.0257975
59.215 134.579 -0.00805025
69.9813 134.579 0.0804108
5.38318 145.346 -0.0716972
16.1495 145.346 0.0550461
26.9159 145.346 0.722439
37.6822 145.346 1.05227
48.4486 145.346 1.08401
59.215 145.346 0.730875
69.9813 145.346 0.449532
5.38318 156.112 0.159479
16.1495 156.112 0.855266
26.9159 156.112 1.95453
37.6822 156.112 2.44092
48.4486 156.112 2.2135
59.215 156.112 1.48519
69.9813 156.112 0.781994
5.38318 166.879 0.321789
16.1495 166.879 1.26321
26.9159 166.879 2.71117
37.6822 166.879 3.37545
48.4486 166.879 2.97705
59.215 166.879 1.8479
69.9813 166.879 0.879508
5.38318 177.645 0.642015
16.1495 177.645 1.96353
26.9159 177.645 3.70955
37.6822 177.645 4.39199
48.4486 177.645 3.65565
59.215 177.645 2.11729
69.9813 177.645 0.951091
5.38318 188.411 1.07203
16.1495 188.411 2.45276
26.9159 188.411 4.1423
37.6822 188.411 4.64712
48.4486 188.411 3.84019
59.215 188.411 2.23056
69.9813 188.411 1.01352
5.38318 199.178 1.18634
16.1495 199.178 2.3819
26.9159 199.178 3.40591
37.6822 199.178 3.68625
48.4486 199.178 3.13966
59.215 199.178 2.1337
69.9813 199.178 1.16111
5.38318 209.944 1.07663
16.1495 209.944 1.84896
26.9159 209.944 2.09219
37.6822 209.944 2.05314
48.4486 209.944 1.821
59.215 209.944 1.48154
69.9813 209.944 0.932182
