26 26
0 6 72 40
0 0 72 72
0 0 72 82
0 0 72 144
0 0 72 216
5.38318 5.38318 1.25033
16.1495 5.38318 1.866
26.9159 5.38318 2.06231
37.6822 5.38318 2.01285
48.4486 5.38318 1.97372
59.215 5.38318 1.64588
69.9813 5.38318 1.00597
5.38318 16.1495 2.24324
16.1495 16.1495 3.59551
26.9159 16.1495 4.02209
37.6822 16.1495 3.86515
48.4486 16.1495 3.79015
59.215 16.1495 3.20656
69.9813 16.1495 1.97186
5.38318 26.9159 2.56029
16.1495 26.9159 4.28833
26.9159 26.9159 4.80032
37.6822 26.9159 4.5019
48.4486 26.9159 4.2796
59.215 26.9159 3.67337
69.9813 26.9159 2.28476
5.38318 37.6822 2.11379
16.1495 37.6822 3.59287
26.9159 37.6822 4.10941
37.6822 37.6822 3.80897
48.4486 37.6822 3.46784
59.215 37.6822 2.96398
69.9813 37.6822 1.84826
5.38318 48.4486 1.28562
16.1495 48.4486 2.3491
26.9159 48.4486 2.92584
37.6822 48.4486 2.76171
48.4486 48.4486 2.44218
59.215 48.4486 2.19191
69.9813 48.4486 1.42161
5.38318 59.215 0.953127
16.1495 59.215 1.79468
26.9159 59.215 2.5465
37.6822 59.215 2.45697
48.4486 59.215 2.20053
59.215 59.215 2.01052
69.9813 59.215 1.35674
5.38318 69.9813 0.667621
16.1495 69.9813 1.20167
26.9159 69.9813 1.76721
37.6822 69.9813 1.61101
48.4486 69.9813 1.37992
59.215 69.9813 1.3113
69.9813 69.9813 0.97794
5.38318 80.7477 0.00167788
16.1495 80.7477 0.102058
26.9159 80.7477 0.413698
37.6822 80.7477 0.260363
48.4486 80.7477 0.0350823
59.215 80.7477 0.127772
69.9813 80.7477 0.264246
5.38318 91.514 -0.213951
16.1495 91.514 -0.326859
26.9159 91.514 -0.307651
37.6822 91.514 -0.339137
48.4486 91.514 -0.370634
59.215 91.514 -0.27715
69.9813 91.514 -0.103167
5.38318 102.28 -0.287667
16.1495 102.28 -0.437819
26.9159 102.28 -0.423577
37.6822 102.28 -0.441792
48.4486 102.28 -0.450672
59.215 102.28 -0.353623
69.9813 102.28 -0.158397
5.38318 113.047 -0.298079
16.1495 113.047 -0.448873
26.9159 113.047 -0.436936
37.6822 113.047 -0.413851
48.4486 113.047 -0.381445
59.215 113.047 -0.276883
69.9813 113.047 -0.11307
5.38318 123.813 -0.27574
16.1495 123.813 -0.372449
26.9159 123.813 -0.252265
37.6822 123.813 -0.136063
48.4486 123.813 -0.0749732
59.215 123.813 -0.00684707
69.9813 123.813 0.136121
5.38318 134.579 -0.185833
16.1495 134.579 -0.170479
26.9159 134.579 0.193976
37.6822 134.579 0.63616
48.4486 134.579 0.879964
59.215 134.579 0.898492
69.9813 134.579 0.693312
5.38318 145.346 -0.0246518
16.1495 145.346 0.378945
26.9159 145.346 1.23479
37.6822 145.346 1.94775
48.4486 145.346 2.28937
59.215 145.346 2.18815
69.9813 145.346 1.48577
5.38318 156.112 0.379961
16.1495 156.112 1.11853
26.9159 156.112 2.09845
37.6822 156.112 2.75451
48.4486 156.112 3.08242
59.215 156.112 2.85187
69.9813 156.112 1.94243
5.38318 166.879 0.82384
16.1495 166.879 1.69268
26.9159 166.879 2.59377
37.6822 166.879 3.0038
48.4486 166.879 3.14482
59.215 166.879 2.77493
69.9813 166.879 1.8644
5.38318 177.645 0.950966
16.1495 177.645 1.70336
26.9159 177.645 2.33171
37.6822 177.645 2.27156
48.4486 177.645 2.13453
59.215 177.645 1.72315
69.9813 177.645 1.2145
5.38318 188.411 0.848588
16.1495 188.411 1.36634
26.9159 188.411 1.9058
37.6822 188.411 1.49973
48.4486 188.411 1.4335
59.215 188.411 1.08994
69.9813 188.411 0.919437
5.38318 199.178 0.300942
16.1495 199.178 0.471646
26.9159 199.178 0.916375
37.6822 199.178 0.63078
48.4486 199.178 0.725291
59.215 199.178 0.621693
69.9813 199.178 0.652614
5.38318 209.944 -0.0164021
16.1495 209.944 -0.0192278
26.9159 209.944 0.240071
37.6822 209.944 -0.0348084
48.4486 209.944 0.0888471
59.215 209.944 0.0637382
69.9813 209.944 0.323173
