37 166
0 146 72 40
0 130 72 72
0 125 72 82
0 72 72 144
0 0 72 216
5.38318 5.38318 0.306656
16.1495 5.38318 0.573257
26.9159 5.38318 0.955872
37.6822 5.38318 0.949436
48.4486 5.38318 0.78148
59.215 5.38318 0.467387
69.9813 5.38318 0.24345
5.38318 16.1495 0.517895
16.1495 16.1495 1.34631
26.9159 16.1495 2.14982
37.6822 16.1495 2.21491
48.4486 16.1495 1.88831
59.215 16.1495 1.15781
69.9813 16.1495 0.604329
5.38318 26.9159 0.616128
16.1495 26.9159 1.8398
26.9159 26.9159 3.05116
37.6822 26.9159 3.20967
48.4486 26.9159 2.6524
59.215 26.9159 1.56358
69.9813 26.9159 0.731308
5.38318 37.6822 0.892657
16.1495 37.6822 2.31619
26.9159 37.6822 3.67964
37.6822 37.6822 4.04262
48.4486 37.6822 3.35873
59.215 37.6822 2.15413
69.9813 37.6822 1.11347
5.38318 48.4486 1.29769
16.1495 48.4486 2.68224
26.9159 48.4486 3.8202
37.6822 48.4486 4.05101
48.4486 48.4486 3.56553
59.215 48.4486 2.55233
69.9813 48.4486 1.54195
5.38318 59.215 1.56691
16.1495 59.215 2.74137
26.9159 59.215 3.09813
37.6822 59.215 3.05097
48.4486 59.215 2.99547
59.215 59.215 2.79176
69.9813 59.215 2.01722
5.38318 69.9813 1.50068
16.1495 69.9813 2.32734
26.9159 69.9813 2.36415
37.6822 69.9813 2.02356
48.4486 69.9813 2.35226
59.215 69.9813 2.59338
69.9813 69.9813 2.11354
5.38318 80.7477 0.44165
16.1495 80.7477 0.579853
26.9159 80.7477 0.690855
37.6822 80.7477 0.54765
48.4486 80.7477 1.03978
59.215 80.7477 1.57451
69.9813 80.7477 1.39391
5.38318 91.514 -0.424341
16.1495 91.514 -0.71917
26.9159 91.514 -0.660379
37.6822 91.514 -0.667454
48.4486 91.514 -0.576739
59.215 91.514 -0.352773
69.9813 91.514 -0.065914
5.38318 102.28 -0.562937
16.1495 102.28 -0.917101
26.9159 102.28 -0.971574
37.6822 102.28 -0.969142
48.4486 102.28 -0.904787
59.215 102.28 -0.675423
69.9813 102.28 -0.284494
5.38318 113.047 -0.578115
16.1495 113.047 -0.926846
26.9159 113.047 -1.00647
37.6822 113.047 -1.0085
48.4486 113.047 -0.954526
59.215 113.047 -0.746959
69.9813 113.047 -0.319556
5.38318 123.813 -0.548452
16.1495 123.813 -0.860785
26.9159 123.813 -0.887793
37.6822 123.813 -0.87759
48.4486 123.813 -0.820305
59.215 123.813 -0.624559
69.9813 123.813 -0.259625
5.38318 134.579 -0.440124
16.1495 134.579 -0.626925
26.9159 134.579 -0.492108
37.6822 134.579 -0.454662
48.4486 134.579 -0.430497
59.215 134.579 -0.368526
69.9813 134.579 -0.138127
5.38318 145.346 -0.200732
16.1495 145.346 -0.128981
26.9159 145.346 0.618338
37.6822 145.346 0.914993
48.4486 145.346 0.822777
59.215 145.346 0.355718
69.9813 145.346 0.246998
5.38318 156.112 0.266961
16.1495 156.112 1.10876
26.9159 156.112 2.39846
37.6822 156.112 2.73506
48.4486 156.112 2.41056
59.215 156.112 1.47501
69.9813 156.112 0.735405
5.38318 166.879 0.822266
16.1495 166.879 2.17102
26.9159 166.879 3.68396
37.6822 166.879 4.09669
48.4486 166.879 3.50899
59.215 166.879 2.22837
69.9813 166.879 1.12704
5.38318 177.645 1.06655
16.1495 177.645 2.38088
26.9159 177.645 3.71326
37.6822 177.645 3.93434
48.4486 177.645 3.24935
59.215 177.645 2.12409
69.9813 177.645 1.10952
5.38318 188.411 1.03407
16.1495 188.411 2.05658
26.9159 188.411 2.85858
37.6822 188.411 2.87453
48.4486 188.411 2.40229
59.215 188.411 1.84041
69.9813 188.411 1.11768
5.38318 199.178 0.762669
16.1495 199.178 1.26396
26.9159 199.178 1.39315
37.6822 199.178 1.3059
48.4486 199.178 1.11743
59.215 199.178 1.28481
69.9813 199.178 0.997046
5.38318 209.944 0.46164
16.1495 209.944 0.741527
26.9159 209.944 0.676089
37.6822 209.944 0.644694
48.4486 209.944 0.695514
59.215 209.944 1.0466
69.9813 209.944 0.885469
