37 26
0 6 72 40
0 0 72 72
0 0 72 82
0 0 72 144
0 0 72 216
5.38318 5.38318 0.64507
16.1495 5.38318 1.17183
26.9159 5.38318 1.75351
37.6822 5.38318 1.84278
48.4486 5.38318 1.69617
59.215 5.38318 1.31065
69.9813 5.38318 0.796134
5.38318 16.1495 1.02333
16.1495 16.1495 2.13651
26.9159 16.1495 3.43263
37.6822 16.1495 3.652
48.4486 16.1495 3.22628
59.215 16.1495 2.30968
69.9813 16.1495 1.35707
5.38318 26.9159 0.889193
16.1495 26.9159 2.28235
26.9159 26.9159 4.21624
37.6822 26.9159 4.55026
48.4486 26.9159 3.73301
59.215 26.9159 2.28801
69.9813 26.9159 1.20613
5.38318 37.6822 0.599574
16.1495 37.6822 1.85975
26.9159 37.6822 3.65618
37.6822 37.6822 3.93789
48.4486 37.6822 3.01188
59.215 37.6822 1.53179
69.9813 37.6822 0.654531
5.38318 48.4486 0.374934
16.1495 48.4486 1.28881
26.9159 48.4486 2.81926
37.6822 48.4486 3.00766
48.4486 48.4486 2.20812
59.215 48.4486 0.876571
69.9813 48.4486 0.3211
5.38318 59.215 0.144147
16.1495 59.215 1.04348
26.9159 59.215 2.73959
37.6822 59.215 2.96011
48.4486 59.215 2.12924
59.215 59.215 0.668791
69.9813 59.215 0.118154
5.38318 69.9813 -0.0393334
16.1495 69.9813 0.823177
26.9159 69.9813 2.59553
37.6822 69.9813 2.79233
48.4486 69.9813 1.91093
59.215 69.9813 0.371105
69.9813 69.9813 -0.0393472
5.38318 80.7477 -0.246278
16.1495 80.7477 -0.021511
26.9159 80.7477 1.40057
37.6822 80.7477 1.41184
48.4486 80.7477 0.603625
59.215 80.7477 -0.260494
69.9813 80.7477 -0.190945
5.38318 91.514 -0.467856
16.1495 91.514 -0.632827
26.9159 91.514 -0.359329
37.6822 91.514 -0.407288
48.4486 91.514 -0.533056
59.215 91.514 -0.612091
69.9813 91.514 -0.308897
5.38318 102.28 -0.557633
16.1495 102.28 -0.878696
26.9159 102.28 -0.922815
37.6822 102.28 -0.940735
48.4486 102.28 -0.932086
59.215 102.28 -0.777811
69.9813 102.28 -0.359333
5.38318 113.047 -0.581552
16.1495 113.047 -0.931293
26.9159 113.047 -1.01213
37.6822 113.047 -1.01074
48.4486 113.047 -0.956286
59.215 113.047 -0.740498
69.9813 113.047 -0.316392
5.38318 123.813 -0.558553
16.1495 123.813 -0.881213
26.9159 123.813 -0.922623
37.6822 123.813 -0.873673
48.4486 123.813 -0.790957
59.215 123.813 -0.534403
69.9813 123.813 -0.206634
5.38318 134.579 -0.498298
16.1495 134.579 -0.728795
26.9159 134.579 -0.610036
37.6822 134.579 -0.499328
48.4486 134.579 -0.427373
59.215 134.579 -0.200665
69.9813 134.579 -0.0138152
5.38318 145.346 -0.307405
16.1495 145.346 -0.325986
26.9159 145.346 0.119347
37.6822 145.346 0.637371
48.4486 145.346 0.908107
59.215 145.346 1.03219
69.9813 145.346 0.820607
5.38318 156.112 -0.0249427
16.1495 156.112 0.533604
26.9159 156.112 1.71731
37.6822 156.112 2.26193
48.4486 156.112 2.51295
59.215 156.112 2.25375
69.9813 156.112 1.50933
5.38318 166.879 0.4972
16.1495 166.879 1.62034
26.9159 166.879 3.05049
37.6822 166.879 3.80338
48.4486 166.879 4.03479
59.215 166.879 3.29389
69.9813 166.879 2.05714
5.38318 177.645 0.873998
16.1495 177.645 2.05688
26.9159 177.645 3.52949
37.6822 177.645 4.39946
48.4486 177.645 4.54453
59.215 177.645 3.67358
69.9813 177.645 2.18976
5.38318 188.411 1.0548
16.1495 188.411 2.12768
26.9159 188.411 3.49233
37.6822 188.411 4.25821
48.4486 188.411 4.25177
59.215 188.411 3.32194
69.9813 188.411 1.89137
5.38318 199.178 0.838076
16.1495 199.178 1.44492
26.9159 199.178 2.2946
37.6822 199.178 2.65758
48.4486 199.178 2.68171
59.215 199.178 2.22335
69.9813 199.178 1.31243
5.38318 209.944 0.415294
16.1495 209.944 0.744869
26.9159 209.944 1.22772
37.6822 209.944 1.24411
48.4486 209.944 1.27105
59.215 209.944 1.1404
69.9813 209.944 0.758407
