37 188
0 168 72 40
0 144 72 72
0 134 72 82
0 72 72 144
0 0 72 216
5.38318 5.38318 0.410097
16.1495 5.38318 0.811729
26.9159 5.38318 1.36359
37.6822 5.38318 1.4218
48.4486 5.38318 1.24808
59.215 5.38318 0.775711
69.9813 5.38318 0.396906
5.38318 16.1495 0.608128
16.1495 16.1495 1.58665
26.9159 16.1495 2.66927
37.6822 16.1495 2.88886
48.4486 16.1495 2.53237
59.215 16.1495 1.62256
69.9813 16.1495 0.811927
5.38318 26.9159 0.593197
16.1495 26.9159 1.82155
26.9159 26.9159 3.30662
37.6822 26.9159 3.66312
48.4486 26.9159 3.09479
59.215 26.9159 1.88977
69.9813 26.9159 0.870082
5.38318 37.6822 0.547094
16.1495 37.6822 1.69704
26.9159 37.6822 3.03057
37.6822 37.6822 3.30216
48.4486 37.6822 2.67413
59.215 37.6822 1.59227
69.9813 37.6822 0.73391
5.38318 48.4486 0.524962
16.1495 48.4486 1.40824
26.9159 48.4486 2.26551
37.6822 48.4486 2.26298
48.4486 48.4486 1.76762
59.215 48.4486 1.03026
69.9813 48.4486 0.630358
5.38318 59.215 0.403575
16.1495 59.215 0.912247
26.9159 59.215 1.13998
37.6822 59.215 1.01388
48.4486 59.215 0.762759
59.215 59.215 0.675462
69.9813 59.215 0.621843
5.38318 69.9813 0.0622673
16.1495 69.9813 0.295567
26.9159 69.9813 0.219683
37.6822 69.9813 0.0993686
48.4486 69.9813 0.0263896
59.215 69.9813 0.313722
69.9813 69.9813 0.570189
5.38318 80.7477 -0.194309
16.1495 80.7477 -0.281329
26.9159 80.7477 -0.359373
37.6822 80.7477 -0.388725
48.4486 80.7477 -0.370999
59.215 80.7477 -0.184322
69.9813 80.7477 0.157663
5.38318 91.514 -0.498058
16.1495 91.514 -0.805185
26.9159 91.514 -0.884589
37.6822 91.514 -0.877782
48.4486 91.514 -0.831286
59.215 91.514 -0.591309
69.9813 91.514 -0.226142
5.38318 102.28 -0.565811
16.1495 102.28 -0.904455
26.9159 102.28 -0.987633
37.6822 102.28 -0.978988
48.4486 102.28 -0.93055
59.215 102.28 -0.71609
69.9813 102.28 -0.309064
5.38318 113.047 -0.585707
16.1495 113.047 -0.938749
26.9159 113.047 -1.02412
37.6822 113.047 -1.02555
48.4486 113.047 -0.971103
59.215 113.047 -0.768067
69.9813 113.047 -0.331984
5.38318 123.813 -0.578785
16.1495 123.813 -0.926672
26.9159 123.813 -1.00378
37.6822 123.813 -1.00378
48.4486 123.813 -0.948542
59.215 123.813 -0.74279
69.9813 123.813 -0.317986
5.38318 134.579 -0.557783
16.1495 134.579 -0.887762
26.9159 134.579 -0.953435
37.6822 134.579 -0.954609
48.4486 134.579 -0.905281
59.215 134.579 -0.686018
69.9813 134.579 -0.288404
5.38318 145.346 -0.51101
16.1495 145.346 -0.807845
26.9159 145.346 -0.808347
37.6822 145.346 -0.817239
48.4486 145.346 -0.769503
59.215 145.346 -0.572159
69.9813 145.346 -0.230199
5.38318 156.112 -0.321248
16.1495 156.112 -0.430461
26.9159 156.112 -0.272779
37.6822 156.112 -0.284951
48.4486 156.112 -0.293224
59.215 156.112 -0.284
69.9813 156.112 -0.0926857
5.38318 166.879 -0.0585945
16.1495 166.879 0.217998
26.9159 166.879 1.11145
37.6822 166.879 1.12602
48.4486 166.879 0.98626
59.215 166.879 0.347196
69.9813 166.879 0.316274
5.38318 177.645 0.51274
16.1495 177.645 1.62946
26.9159 177.645 3.11406
37.6822 177.645 3.28822
48.4486 177.645 2.90242
59.215 177.645 1.52482
69.9813 177.645 0.81841
5.38318 188.411 0.71178
16.1495 188.411 2.10702
26.9159 188.411 4.04359
37.6822 188.411 4.40781
48.4486 188.411 3.8398
59.215 188.411 2.10079
69.9813 188.411 1.06611
5.38318 199.178 0.491754
16.1495 199.178 1.87302
26.9159 199.178 3.85235
37.6822 199.178 4.29847
48.4486 199.178 3.52279
59.215 199.178 1.8675
69.9813 199.178 0.848314
5.38318 209.944 0.0725213
16.1495 209.944 0.740132
26.9159 209.944 1.96517
37.6822 209.944 2.1571
48.4486 209.944 1.7082
59.215 209.944 0.793261
69.9813 209.944 0.372212
