37 37
0 17 72 40
0 1 72 72
0 0 72 82
0 0 72 144
0 0 72 216
5.38318 5.38318 0.21883
16.1495 5.38318 0.485872
26.9159 5.38318 0.954137
37.6822 5.38318 1.09806
48.4486 5.38318 0.994538
59.215 5.38318 0.523099
69.9813 5.38318 0.298176
5.38318 16.1495 0.419132
16.1495 16.1495 1.18793
26.9159 16.1495 2.2184
37.6822 16.1495 2.47229
48.4486 16.1495 2.2568
59.215 16.1495 1.37684
69.9813 16.1495 0.791565
5.38318 26.9159 0.702173
16.1495 26.9159 1.81938
26.9159 26.9159 3.25392
37.6822 26.9159 3.60963
48.4486 26.9159 3.25515
59.215 26.9159 1.91955
69.9813 26.9159 1.0241
5.38318 37.6822 1.11558
16.1495 37.6822 2.19879
26.9159 37.6822 3.5554
37.6822 37.6822 3.89941
48.4486 37.6822 3.51327
59.215 37.6822 2.24237
69.9813 37.6822 1.22467
5.38318 48.4486 1.40763
16.1495 48.4486 2.25688
26.9159 48.4486 2.97051
37.6822 48.4486 2.89579
48.4486 48.4486 2.58436
59.215 48.4486 1.96564
69.9813 48.4486 1.23022
5.38318 59.215 1.01841
16.1495 59.215 1.38347
26.9159 59.215 1.40656
37.6822 59.215 1.14792
48.4486 59.215 1.08967
59.215 59.215 1.3408
69.9813 59.215 1.1633
5.38318 69.9813 0.488297
16.1495 69.9813 0.633473
26.9159 69.9813 0.524837
37.6822 69.9813 0.23887
48.4486 69.9813 0.311385
59.215 69.9813 0.901926
69.9813 69.9813 0.959444
5.38318 80.7477 -0.148811
16.1495 80.7477 -0.212086
26.9159 80.7477 -0.162582
37.6822 80.7477 -0.198017
48.4486 80.7477 -0.153113
59.215 80.7477 0.110194
69.9813 80.7477 0.432306
5.38318 91.514 -0.328394
16.1495 91.514 -0.432616
26.9159 91.514 -0.362464
37.6822 91.514 -0.318942
48.4486 91.514 -0.316047
59.215 91.514 -0.227699
69.9813 91.514 -0.0511252
5.38318 102.28 -0.310155
16.1495 102.28 -0.426722
26.9159 102.28 -0.345034
37.6822 102.28 -0.307493
48.4486 102.28 -0.321026
59.215 102.28 -0.273908
69.9813 102.28 -0.123929
5.38318 113.047 -0.292714
16.1495 113.047 -0.436063
26.9159 113.047 -0.403284
37.6822 113.047 -0.383842
48.4486 113.047 -0.376864
59.215 113.047 -0.304285
69.9813 113.047 -0.13447
5.38318 123.813 -0.184703
16.1495 123.813 -0.206772
26.9159 123.813 -0.0993705
37.6822 123.813 -0.0377791
48.4486 123.813 -0.086892
59.215 123.813 -0.107828
69.9813 123.813 -0.0326663
5.38318 134.579 -0.0282772
16.1495 134.579 0.253275
26.9159 134.579 0.759585
37.6822 134.579 1.03562
48.4486 134.579 0.839176
59.215 134.579 0.519181
69.9813 134.579 0.325356
5.38318 145.346 0.381029
16.1495 145.346 1.2031
26.9159 145.346 2.04272
37.6822 145.346 2.52342
48.4486 145.346 2.23883
59.215 145.346 1.56761
69.9813 145.346 0.862493
5.38318 156.112 0.532348
16.1495 156.112 1.58143
26.9159 156.112 2.65445
37.6822 156.112 3.36193
48.4486 156.112 3.13476
59.215 156.112 2.305
69.9813 156.112 1.28171
5.38318 166.879 0.522972
16.1495 166.879 1.59832
26.9159 166.879 2.68566
37.6822 166.879 3.43392
48.4486 166.879 3.32065
59.215 166.879 2.49714
69.9813 166.879 1.44377
5.38318 177.645 0.274185
16.1495 177.645 1.00127
26.9159 177.645 1.99148
37.6822 177.645 2.59426
48.4486 177.645 2.65978
59.215 177.645 2.07136
69.9813 177.645 1.29847
5.38318 188.411 0.145371
16.1495 188.411 0.7612
26.9159 188.411 1.7865
37.6822 188.411 2.36833
48.4486 188.411 2.25501
59.215 188.411 1.56898
69.9813 188.411 0.928659
5.38318 199.178 0.0355055
16.1495 199.178 0.598789
26.9159 199.178 1.64757
37.6822 199.178 2.24494
48.4486 199.178 1.94545
59.215 199.178 1.18841
69.9813 199.178 0.576013
5.38318 209.944 0.0215686
16.1495 209.944 0.548341
26.9159 209.944 1.45429
37.6822 209.944 1.96168
48.4486 209.944 1.63977
59.215 209.944 0.943689
69.9813 209.944 0.393148
