26 37
0 17 72 40
0 1 72 72
0 0 72 82
0 0 72 144
0 0 72 216
5.38318 5.38318 0.792681
16.1495 5.38318 1.1688
26.9159 5.38318 1.48698
37.6822 5.38318 1.52001
48.4486 5.38318 1.53784
59.215 5.38318 1.2823
69.9813 5.38318 0.803824
5.38318 16.1495 1.74696
16.1495 16.1495 2.68048
26.9159 16.1495 3.10192
37.6822 16.1495 2.88762
48.4486 16.1495 2.76077
59.215 16.1495 2.34455
69.9813 16.1495 1.50666
5.38318 26.9159 2.76065
16.1495 26.9159 4.21755
26.9159 26.9159 4.49773
37.6822 26.9159 3.61211
48.4486 26.9159 3.05343
59.215 26.9159 2.52887
69.9813 26.9159 1.71222
5.38318 37.6822 3.13663
16.1495 37.6822 4.83489
26.9159 37.6822 4.86253
37.6822 37.6822 3.44751
48.4486 37.6822 2.40281
59.215 37.6822 1.85409
69.9813 37.6822 1.28288
5.38318 48.4486 2.46119
16.1495 48.4486 3.84026
26.9159 48.4486 3.95229
37.6822 48.4486 2.86148
48.4486 48.4486 1.95952
59.215 48.4486 1.35312
69.9813 48.4486 0.96746
5.38318 59.215 0.97524
16.1495 59.215 1.74844
26.9159 59.215 2.2284
37.6822 59.215 2.08982
48.4486 59.215 1.64361
59.215 59.215 1.26131
69.9813 59.215 0.869421
5.38318 69.9813 0.20562
16.1495 69.9813 0.735221
26.9159 69.9813 1.44984
37.6822 69.9813 1.63311
48.4486 69.9813 1.25113
59.215 69.9813 0.934197
69.9813 69.9813 0.61457
5.38318 80.7477 -0.168148
16.1495 80.7477 -0.150508
26.9159 80.7477 0.387651
37.6822 80.7477 0.469166
48.4486 80.7477 -0.0417842
59.215 80.7477 -0.16923
69.9813 80.7477 -0.102917
5.38318 91.514 -0.468461
16.1495 91.514 -0.719562
26.9159 91.514 -0.681177
37.6822 91.514 -0.709022
48.4486 91.514 -0.791817
59.215 91.514 -0.657646
69.9813 91.514 -0.32316
5.38318 102.28 -0.548768
16.1495 102.28 -0.886562
26.9159 102.28 -0.970465
37.6822 102.28 -1.00348
48.4486 102.28 -0.993953
59.215 102.28 -0.810092
69.9813 102.28 -0.383044
5.38318 113.047 -0.584494
16.1495 113.047 -0.937985
26.9159 113.047 -1.02272
37.6822 113.047 -1.02076
48.4486 113.047 -0.962922
59.215 113.047 -0.741496
69.9813 113.047 -0.313257
5.38318 123.813 -0.58404
16.1495 123.813 -0.93291
26.9159 123.813 -1.00404
37.6822 123.813 -0.969754
48.4486 123.813 -0.877155
59.215 123.813 -0.565853
69.9813 123.813 -0.200059
5.38318 134.579 -0.579118
16.1495 134.579 -0.915945
26.9159 134.579 -0.955835
37.6822 134.579 -0.847511
48.4486 134.579 -0.610722
59.215 134.579 -0.267229
69.9813 134.579 0.00335094
5.38318 145.346 -0.545857
16.1495 145.346 -0.845446
26.9159 145.346 -0.784802
37.6822 145.346 -0.56848
48.4486 145.346 -0.2383
59.215 145.346 0.304614
69.9813 145.346 0.518697
5.38318 156.112 -0.362885
16.1495 156.112 -0.493096
26.9159 156.112 -0.248759
37.6822 156.112 -0.00118365
48.4486 156.112 0.715013
59.215 156.112 1.09222
69.9813 156.112 0.913647
5.38318 166.879 0.000921696
16.1495 166.879 0.212647
26.9159 166.879 0.915418
37.6822 166.879 1.23346
48.4486 166.879 1.46411
59.215 166.879 1.48515
69.9813 166.879 1.06109
5.38318 177.645 0.984593
16.1495 177.645 1.70634
26.9159 177.645 2.41601
37.6822 177.645 2.56174
48.4486 177.645 2.42248
59.215 177.645 1.9602
69.9813 177.645 1.23341
5.38318 188.411 1.35259
16.1495 188.411 2.20169
26.9159 188.411 2.81986
37.6822 188.411 3.12051
48.4486 188.411 3.24421
59.215 188.411 2.84928
69.9813 188.411 1.83667
5.38318 199.178 1.15554
16.1495 199.178 1.80022
26.9159 199.178 2.21102
37.6822 199.178 2.58322
48.4486 199.178 3.12218
59.215 199.178 3.13078
69.9813 199.178 2.13853
5.38318 209.944 0.315046
16.1495 209.944 0.527692
26.9159 209.944 0.726003
37.6822 209.944 1.13968
48.4486 209.944 1.83474
59.215 209.944 2.20184
69.9813 209.944 1.5706
