37 26
0 6 72 40
0 0 72 72
0 0 72 82
0 0 72 144
0 0 72 216
5.38318 5.38318 1.20897
16.1495 5.38318 1.85425
26.9159 5.38318 2.11732
37.6822 5.38318 2.07024
48.4486 5.38318 1.96448
59.215 5.38318 1.58267
69.9813 5.38318 0.954421
5.38318 16.1495 2.12713
16.1495 16.1495 3.52349
26.9159 16.1495 4.12419
37.6822 16.1495 4.08039
48.4486 16.1495 3.93614
59.215 16.1495 3.24305
69.9813 16.1495 1.93925
5.38318 26.9159 2.40849
16.1495 26.9159 4.16576
26.9159 26.9159 4.93952
37.6822 26.9159 5.03164
48.4486 26.9159 4.88065
59.215 26.9159 4.07828
69.9813 26.9159 2.41644
5.38318 37.6822 1.98429
16.1495 37.6822 3.50487
26.9159 37.6822 4.3961
37.6822 37.6822 4.67378
48.4486 37.6822 4.46788
59.215 37.6822 3.68722
69.9813 37.6822 2.09761
5.38318 48.4486 1.20266
16.1495 48.4486 2.33765
26.9159 48.4486 3.24079
37.6822 48.4486 3.51732
48.4486 48.4486 3.21764
59.215 48.4486 2.69107
69.9813 48.4486 1.55731
5.38318 59.215 0.872426
16.1495 59.215 1.60984
26.9159 59.215 2.60976
37.6822 59.215 2.68105
48.4486 59.215 2.47917
59.215 59.215 2.14753
69.9813 59.215 1.34959
5.38318 69.9813 0.589714
16.1495 69.9813 1.0292
26.9159 69.9813 1.81675
37.6822 69.9813 1.75709
48.4486 69.9813 1.65788
59.215 69.9813 1.5384
69.9813 69.9813 1.06786
5.38318 80.7477 -0.0172891
16.1495 80.7477 0.00240321
26.9159 80.7477 0.447214
37.6822 80.7477 0.343479
48.4486 80.7477 0.329444
59.215 80.7477 0.388834
69.9813 80.7477 0.444398
5.38318 91.514 -0.211251
16.1495 91.514 -0.318126
26.9159 91.514 -0.262978
37.6822 91.514 -0.300468
48.4486 91.514 -0.280922
59.215 91.514 -0.216056
69.9813 91.514 -0.0314511
5.38318 102.28 -0.288677
16.1495 102.28 -0.435982
26.9159 102.28 -0.410012
37.6822 102.28 -0.422379
48.4486 102.28 -0.425047
59.215 102.28 -0.345519
69.9813 102.28 -0.153342
5.38318 113.047 -0.294018
16.1495 113.047 -0.4443
26.9159 113.047 -0.438574
37.6822 113.047 -0.431193
48.4486 113.047 -0.413678
59.215 113.047 -0.323174
69.9813 113.047 -0.141512
5.38318 123.813 -0.212323
16.1495 123.813 -0.304104
26.9159 123.813 -0.267889
37.6822 123.813 -0.285115
48.4486 123.813 -0.296948
59.215 123.813 -0.250874
69.9813 123.813 -0.0979512
5.38318 134.579 -0.0665063
16.1495 134.579 -0.0161207
26.9159 134.579 0.208473
37.6822 134.579 0.132735
48.4486 134.579 -0.02986
59.215 134.579 -0.08348
69.9813 134.579 -0.00241454
5.38318 145.346 0.331454
16.1495 145.346 0.867119
26.9159 145.346 1.28578
37.6822 145.346 1.12277
48.4486 145.346 0.76477
59.215 145.346 0.362321
69.9813 145.346 0.263926
5.38318 156.112 0.715225
16.1495 156.112 1.70942
26.9159 156.112 2.36439
37.6822 156.112 2.2518
48.4486 156.112 1.8088
59.215 156.112 1.16756
69.9813 156.112 0.730087
5.38318 166.879 1.0911
16.1495 166.879 2.16743
26.9159 166.879 2.8881
37.6822 166.879 2.76737
48.4486 166.879 2.47564
59.215 166.879 1.74152
69.9813 166.879 1.14307
5.38318 177.645 1.38856
16.1495 177.645 2.39406
26.9159 177.645 2.98786
37.6822 177.645 3.0446
48.4486 177.645 3.32394
59.215 177.645 2.805
69.9813 177.645 1.92287
5.38318 188.411 1.64158
16.1495 188.411 2.65632
26.9159 188.411 3.13122
37.6822 188.411 3.11725
48.4486 188.411 3.66489
59.215 188.411 3.28059
69.9813 188.411 2.32209
5.38318 199.178 1.50545
16.1495 199.178 2.42271
26.9159 199.178 2.90133
37.6822 199.178 2.96626
48.4486 199.178 3.43377
59.215 199.178 3.12507
69.9813 199.178 2.17375
5.38318 209.944 0.709237
16.1495 209.944 1.19366
26.9159 209.944 1.52834
37.6822 209.944 1.57804
48.4486 209.944 1.7363
59.215 209.944 1.55089
69.9813 209.944 1.0933
