37 37
0 17 72 40
0 1 72 72
0 0 72 82
0 0 72 144
0 0 72 216
5.38318 5.38318 0.482194
16.1495 5.38318 0.728872
26.9159 5.38318 0.970997
37.6822 5.38318 0.918753
48.4486 5.38318 1.0037
59.215 5.38318 0.828775
69.9813 5.38318 0.585715
5.38318 16.1495 0.911666
16.1495 16.1495 1.68017
26.9159 16.1495 2.32023
37.6822 16.1495 2.24974
48.4486 16.1495 2.31445
59.215 16.1495 1.84906
69.9813 16.1495 1.25658
5.38318 26.9159 0.929702
16.1495 26.9159 1.977
26.9159 26.9159 3.19303
37.6822 26.9159 3.23991
48.4486 26.9159 3.33977
59.215 26.9159 2.45544
69.9813 26.9159 1.63565
5.38318 37.6822 1.13576
16.1495 37.6822 2.45171
26.9159 37.6822 4.06908
37.6822 37.6822 4.32208
48.4486 37.6822 4.31272
59.215 37.6822 3.01301
69.9813 37.6822 1.86789
5.38318 48.4486 1.03185
16.1495 48.4486 2.23942
26.9159 48.4486 3.88814
37.6822 48.4486 4.23485
48.4486 48.4486 4.17989
59.215 48.4486 2.86727
69.9813 48.4486 1.72457
5.38318 59.215 0.541046
16.1495 59.215 1.10471
26.9159 59.215 2.26219
37.6822 59.215 2.40809
48.4486 59.215 2.37817
59.215 59.215 1.77616
69.9813 59.215 1.10611
5.38318 69.9813 -0.00313784
16.1495 69.9813 -0.028629
26.9159 69.9813 0.283503
37.6822 69.9813 0.137836
48.4486 69.9813 0.0570153
59.215 69.9813 0.191283
69.9813 69.9813 0.212089
5.38318 80.7477 -0.185009
16.1495 80.7477 -0.312615
26.9159 80.7477 -0.316769
37.6822 80.7477 -0.359789
48.4486 80.7477 -0.345009
59.215 80.7477 -0.215447
69.9813 80.7477 -0.0780346
5.38318 91.514 -0.276619
16.1495 91.514 -0.430565
26.9159 91.514 -0.46624
37.6822 91.514 -0.499085
48.4486 91.514 -0.484585
59.215 91.514 -0.382826
69.9813 91.514 -0.168125
5.38318 102.28 -0.29743
16.1495 102.28 -0.453301
26.9159 102.28 -0.452115
37.6822 102.28 -0.441608
48.4486 102.28 -0.405293
59.215 102.28 -0.324093
69.9813 102.28 -0.135661
5.38318 113.047 -0.297495
16.1495 113.047 -0.447546
26.9159 113.047 -0.450243
37.6822 113.047 -0.434592
48.4486 113.047 -0.415828
59.215 113.047 -0.326888
69.9813 113.047 -0.146096
5.38318 123.813 -0.237859
16.1495 123.813 -0.332719
26.9159 123.813 -0.277776
37.6822 123.813 -0.301022
48.4486 123.813 -0.331187
59.215 123.813 -0.301869
69.9813 123.813 -0.139362
5.38318 134.579 -0.0780466
16.1495 134.579 -0.00188393
26.9159 134.579 0.293847
37.6822 134.579 0.110773
48.4486 134.579 -0.112406
59.215 134.579 -0.209287
69.9813 134.579 -0.108315
5.38318 145.346 0.3549
16.1495 145.346 1.06117
26.9159 145.346 1.58838
37.6822 145.346 1.24539
48.4486 145.346 0.549279
59.215 145.346 -0.0533645
69.9813 145.346 -0.0549184
5.38318 156.112 0.893624
16.1495 156.112 2.02394
26.9159 156.112 2.68987
37.6822 156.112 2.20408
48.4486 156.112 1.197
59.215 156.112 0.23801
69.9813 156.112 0.0314471
5.38318 166.879 1.14385
16.1495 166.879 2.40466
26.9159 166.879 3.10365
37.6822 166.879 2.58431
48.4486 166.879 1.56307
59.215 166.879 0.545665
69.9813 166.879 0.248735
5.38318 177.645 1.24966
16.1495 177.645 2.34676
26.9159 177.645 2.93832
37.6822 177.645 2.49748
48.4486 177.645 1.79789
59.215 177.645 0.898381
69.9813 177.645 0.527045
5.38318 188.411 1.01742
16.1495 188.411 1.95028
26.9159 188.411 2.51811
37.6822 188.411 2.45835
48.4486 188.411 2.19782
59.215 188.411 1.51776
69.9813 188.411 0.97343
5.38318 199.178 0.767195
16.1495 199.178 1.64336
26.9159 199.178 2.29791
37.6822 199.178 2.55648
48.4486 199.178 2.61885
59.215 199.178 2.05816
69.9813 199.178 1.3493
5.38318 209.944 0.437129
16.1495 209.944 1.07115
26.9159 209.944 1.61498
37.6822 209.944 1.99585
48.4486 209.944 2.24966
59.215 209.944 1.91467
69.9813 209.944 1.26957
