37 37
0 17 72 40
0 1 72 72
0 0 72 82
0 0 72 144
0 0 72 216
5.38318 5.38318 0.195261
16.1495 5.38318 0.406766
26.9159 5.38318 0.893051
37.6822 5.38318 1.13146
48.4486 5.38318 1.05231
59.215 5.38318 0.76792
69.9813 5.38318 0.379059
5.38318 16.1495 0.480171
16.1495 16.1495 1.12636
26.9159 16.1495 2.10027
37.6822 16.1495 2.62495
48.4486 16.1495 2.50622
59.215 16.1495 1.83388
69.9813 16.1495 0.958851
5.38318 26.9159 0.889881
16.1495 26.9159 1.74641
26.9159 26.9159 2.91648
37.6822 26.9159 3.69075
48.4486 26.9159 3.61524
59.215 26.9159 2.6227
69.9813 26.9159 1.35158
5.38318 37.6822 1.36718
16.1495 37.6822 2.2978
26.9159 37.6822 3.32892
37.6822 37.6822 3.9644
48.4486 37.6822 3.94018
59.215 37.6822 2.9117
69.9813 37.6822 1.53607
5.38318 48.4486 1.44545
16.1495 48.4486 2.29915
26.9159 48.4486 3.02248
37.6822 48.4486 3.01701
48.4486 48.4486 2.84737
59.215 48.4486 2.09391
69.9813 48.4486 1.18673
5.38318 59.215 0.993803
16.1495 59.215 1.52947
26.9159 59.215 2.01624
37.6822 59.215 1.55888
48.4486 59.215 1.45362
59.215 59.215 1.21669
69.9813 59.215 0.886642
5.38318 69.9813 0.279255
16.1495 69.9813 0.553681
26.9159 69.9813 1.04654
37.6822 69.9813 0.633221
48.4486 69.9813 0.652333
59.215 69.9813 0.621308
69.9813 69.9813 0.641967
5.38318 80.7477 -0.146707
16.1495 80.7477 -0.201249
26.9159 80.7477 -0.00694471
37.6822 80.7477 -0.0746006
48.4486 80.7477 0.170576
59.215 80.7477 0.384794
69.9813 80.7477 0.542923
5.38318 91.514 -0.293355
16.1495 91.514 -0.403505
26.9159 91.514 -0.297607
37.6822 91.514 -0.239877
48.4486 91.514 -0.165636
59.215 91.514 -0.0575761
69.9813 91.514 0.193762
5.38318 102.28 -0.283476
16.1495 102.28 -0.393091
26.9159 102.28 -0.314561
37.6822 102.28 -0.2555
48.4486 102.28 -0.219989
59.215 102.28 -0.147162
69.9813 102.28 -0.0170931
5.38318 113.047 -0.278404
16.1495 113.047 -0.431494
26.9159 113.047 -0.404583
37.6822 113.047 -0.388134
48.4486 113.047 -0.367153
59.215 113.047 -0.28035
69.9813 113.047 -0.118497
5.38318 123.813 -0.0836227
16.1495 123.813 -0.163574
26.9159 123.813 -0.106074
37.6822 123.813 -0.09625
48.4486 123.813 -0.0693566
59.215 123.813 -0.0282279
69.9813 123.813 0.0902094
5.38318 134.579 0.531944
16.1495 134.579 0.643351
26.9159 134.579 0.739128
37.6822 134.579 0.832822
48.4486 134.579 0.911545
59.215 134.579 0.854972
69.9813 134.579 0.616934
5.38318 145.346 1.44574
16.1495 145.346 2.00788
26.9159 145.346 2.14522
37.6822 145.346 2.40654
48.4486 145.346 2.63773
59.215 145.346 2.29779
69.9813 145.346 1.39907
5.38318 156.112 1.90187
16.1495 156.112 2.68978
26.9159 156.112 2.83521
37.6822 156.112 3.19167
48.4486 156.112 3.56924
59.215 156.112 3.13087
69.9813 156.112 1.85897
5.38318 166.879 1.69745
16.1495 166.879 2.56821
26.9159 166.879 2.94594
37.6822 166.879 3.42947
48.4486 166.879 3.87551
59.215 166.879 3.29426
69.9813 166.879 1.9556
5.38318 177.645 0.774593
16.1495 177.645 1.51383
26.9159 177.645 2.18177
37.6822 177.645 2.65122
48.4486 177.645 3.0007
59.215 177.645 2.45338
69.9813 177.645 1.52486
5.38318 188.411 0.338504
16.1495 188.411 0.987809
26.9159 188.411 1.91494
37.6822 188.411 2.70772
48.4486 188.411 3.18875
59.215 188.411 2.59831
69.9813 188.411 1.66033
5.38318 199.178 -0.0310781
16.1495 199.178 0.489459
26.9159 199.178 1.5907
37.6822 199.178 2.74719
48.4486 199.178 3.39141
59.215 199.178 2.79731
69.9813 199.178 1.79862
5.38318 209.944 -0.0503721
16.1495 209.944 0.262036
26.9159 209.944 1.21778
37.6822 209.944 2.16033
48.4486 209.944 2.67637
59.215 209.944 2.16861
69.9813 209.944 1.35824
