37 188
0 168 72 40
0 144 72 72
0 134 72 82
0 72 72 144
0 0 72 216
5.38318 5.38318 1.05614
16.1495 5.38318 1.64121
26.9159 5.38318 1.7843
37.6822 5.38318 1.83624
48.4486 5.38318 1.87477
59.215 5.38318 1.56343
69.9813 5.38318 0.974321
5.38318 16.1495 1.80562
16.1495 16.1495 2.93829
26.9159 16.1495 3.24897
37.6822 16.1495 3.29386
48.4486 16.1495 3.36191
59.215 16.1495 2.88666
69.9813 16.1495 1.84354
5.38318 26.9159 2.01864
16.1495 26.9159 3.37701
26.9159 26.9159 3.77904
37.6822 26.9159 3.82175
48.4486 26.9159 3.80878
59.215 26.9159 3.35076
69.9813 26.9159 2.11822
5.38318 37.6822 1.64441
16.1495 37.6822 2.66843
26.9159 37.6822 3.02241
37.6822 37.6822 3.02545
48.4486 37.6822 2.97547
59.215 37.6822 2.66937
69.9813 37.6822 1.68463
5.38318 48.4486 1.32658
16.1495 48.4486 2.15591
26.9159 48.4486 2.58838
37.6822 48.4486 2.54414
48.4486 48.4486 2.49324
59.215 48.4486 2.24054
69.9813 48.4486 1.44811
5.38318 59.215 1.37868
16.1495 59.215 2.20876
26.9159 59.215 2.67517
37.6822 59.215 2.59196
48.4486 59.215 2.58464
59.215 59.215 2.29238
69.9813 59.215 1.56259
5.38318 69.9813 0.985655
16.1495 69.9813 1.61283
26.9159 69.9813 2.06114
37.6822 69.9813 1.98309
48.4486 69.9813 2.16069
59.215 69.9813 1.92343
69.9813 69.9813 1.42676
5.38318 80.7477 0.466547
16.1495 80.7477 0.771513
26.9159 80.7477 1.0032
37.6822 80.7477 0.769439
48.4486 80.7477 0.933436
59.215 80.7477 0.888577
69.9813 80.7477 0.853925
5.38318 91.514 -0.279261
16.1495 91.514 -0.443215
26.9159 91.514 -0.436164
37.6822 91.514 -0.529768
48.4486 91.514 -0.459152
59.215 91.514 -0.318239
69.9813 91.514 -0.00732107
5.38318 102.28 -0.513065
16.1495 102.28 -0.827846
26.9159 102.28 -0.895615
37.6822 102.28 -0.939874
48.4486 102.28 -0.896679
59.215 102.28 -0.665784
69.9813 102.28 -0.262967
5.38318 113.047 -0.571712
16.1495 113.047 -0.917774
26.9159 113.047 -1.00685
37.6822 113.047 -1.01266
48.4486 113.047 -0.959542
59.215 113.047 -0.744398
69.9813 113.047 -0.315372
5.38318 123.813 -0.527987
16.1495 123.813 -0.834799
26.9159 123.813 -0.857188
37.6822 123.813 -0.834882
48.4486 123.813 -0.757337
59.215 123.813 -0.539853
69.9813 123.813 -0.207064
5.38318 134.579 -0.309604
16.1495 134.579 -0.413153
26.9159 134.579 -0.296808
37.6822 134.579 -0.245395
48.4486 134.579 -0.225281
59.215 134.579 -0.166059
69.9813 134.579 -0.0132086
5.38318 145.346 -0.00182063
16.1495 145.346 0.459468
26.9159 145.346 1.08309
37.6822 145.346 1.34282
48.4486 145.346 1.32098
59.215 145.346 0.957243
69.9813 145.346 0.637709
5.38318 156.112 0.721183
16.1495 156.112 1.93313
26.9159 156.112 2.82391
37.6822 156.112 3.12533
48.4486 156.112 2.76549
59.215 156.112 1.94216
69.9813 156.112 1.03163
5.38318 166.879 0.985024
16.1495 166.879 2.36025
26.9159 166.879 3.55531
37.6822 166.879 3.99158
48.4486 166.879 3.44934
59.215 166.879 2.34995
69.9813 166.879 1.23407
5.38318 177.645 0.850369
16.1495 177.645 2.22099
26.9159 177.645 3.75974
37.6822 177.645 4.33323
48.4486 177.645 3.5838
59.215 177.645 2.28058
69.9813 177.645 1.05907
5.38318 188.411 0.660149
16.1495 188.411 1.93963
26.9159 188.411 3.85897
37.6822 188.411 4.6154
48.4486 188.411 3.84427
59.215 188.411 2.33221
69.9813 188.411 0.991858
5.38318 199.178 0.256431
16.1495 199.178 1.27867
26.9159 199.178 3.20756
37.6822 199.178 3.91687
48.4486 199.178 3.1934
59.215 199.178 1.84325
69.9813 199.178 0.684449
5.38318 209.944 -0.000940675
16.1495 209.944 0.475593
26.9159 209.944 1.52664
37.6822 209.944 1.73885
48.4486 209.944 1.32519
59.215 209.944 0.668221
69.9813 209.944 0.249854
