48 188
0 168 72 40
0 144 72 72
0 134 72 82
0 72 72 144
0 0 72 216
5.38318 5.38318 0.222853
16.1495 5.38318 0.285896
26.9159 5.38318 0.482393
37.6822 5.38318 0.549895
48.4486 5.38318 0.607583
59.215 5.38318 0.516933
69.9813 5.38318 0.36389
5.38318 16.1495 0.493233
16.1495 16.1495 1.00369
26.9159 16.1495 1.56479
37.6822 16.1495 1.5806
48.4486 16.1495 1.55988
59.215 16.1495 1.29122
69.9813 16.1495 0.880249
5.38318 26.9159 0.562485
16.1495 26.9159 1.25038
26.9159 26.9159 2.04744
37.6822 26.9159 2.10547
48.4486 26.9159 2.05216
59.215 26.9159 1.59681
69.9813 26.9159 1.05493
5.38318 37.6822 1.01801
16.1495 37.6822 1.9994
26.9159 37.6822 3.0385
37.6822 37.6822 3.04919
48.4486 37.6822 2.82354
59.215 37.6822 2.00434
69.9813 37.6822 1.23642
5.38318 48.4486 1.0118
16.1495 48.4486 1.97724
26.9159 48.4486 3.10484
37.6822 48.4486 3.17841
48.4486 48.4486 2.88117
59.215 48.4486 1.97074
69.9813 48.4486 1.1514
5.38318 59.215 0.599186
16.1495 59.215 1.24831
26.9159 59.215 2.13238
37.6822 59.215 2.17785
48.4486 59.215 1.93582
59.215 59.215 1.32878
69.9813 59.215 0.747459
5.38318 69.9813 -0.00855529
16.1495 69.9813 0.0402651
26.9159 69.9813 0.430565
37.6822 69.9813 0.369636
48.4486 69.9813 0.16582
59.215 69.9813 0.124552
69.9813 69.9813 0.0783148
5.38318 80.7477 -0.193821
16.1495 80.7477 -0.274581
26.9159 80.7477 -0.250312
37.6822 80.7477 -0.266575
48.4486 80.7477 -0.314119
59.215 80.7477 -0.245099
69.9813 80.7477 -0.120465
5.38318 91.514 -0.277943
16.1495 91.514 -0.430748
26.9159 91.514 -0.457045
37.6822 91.514 -0.490859
48.4486 91.514 -0.488934
59.215 91.514 -0.38576
69.9813 91.514 -0.177263
5.38318 102.28 -0.298084
16.1495 102.28 -0.451185
26.9159 102.28 -0.454238
37.6822 102.28 -0.456952
48.4486 102.28 -0.439956
59.215 102.28 -0.354683
69.9813 102.28 -0.156694
5.38318 113.047 -0.28118
16.1495 113.047 -0.424521
26.9159 113.047 -0.404504
37.6822 113.047 -0.406101
48.4486 113.047 -0.401066
59.215 113.047 -0.320206
69.9813 113.047 -0.142376
5.38318 123.813 -0.19634
16.1495 123.813 -0.285258
26.9159 123.813 -0.24211
37.6822 123.813 -0.257591
48.4486 123.813 -0.261498
59.215 123.813 -0.20056
69.9813 123.813 -0.0732848
5.38318 134.579 -0.0438351
16.1495 134.579 -0.038823
26.9159 134.579 0.0602288
37.6822 134.579 -0.011675
48.4486 134.579 -0.0164575
59.215 134.579 0.0145584
69.9813 134.579 0.139164
5.38318 145.346 0.236797
16.1495 145.346 0.497854
26.9159 145.346 0.676085
37.6822 145.346 0.62433
48.4486 145.346 0.67221
59.215 145.346 0.605467
69.9813 145.346 0.504821
5.38318 156.112 0.516065
16.1495 156.112 1.13504
26.9159 156.112 1.62185
37.6822 156.112 1.61117
48.4486 156.112 1.68149
59.215 156.112 1.30952
69.9813 156.112 0.951218
5.38318 166.879 0.622293
16.1495 166.879 1.46368
26.9159 166.879 2.41598
37.6822 166.879 2.43717
48.4486 166.879 2.51693
59.215 166.879 1.87525
69.9813 166.879 1.29933
5.38318 177.645 0.735589
16.1495 177.645 1.99392
26.9159 177.645 3.62767
37.6822 177.645 3.79673
48.4486 177.645 3.84388
59.215 177.645 2.53719
69.9813 177.645 1.60666
5.38318 188.411 0.623854
16.1495 188.411 2.08031
26.9159 188.411 4.04027
37.6822 188.411 4.46096
48.4486 188.411 4.48401
59.215 188.411 2.91638
69.9813 188.411 1.77576
5.38318 199.178 0.399682
16.1495 199.178 1.49725
26.9159 199.178 3.15408
37.6822 199.178 3.52532
48.4486 199.178 3.59412
59.215 199.178 2.33602
69.9813 199.178 1.47917
5.38318 209.944 -0.00342651
16.1495 209.944 0.434749
26.9159 209.944 1.16161
37.6822 209.944 1.28572
48.4486 209.944 1.31394
59.215 209.944 0.93986
69.9813 209.944 0.731805
