37 48
0 28 72 40
0 12 72 72
0 7 72 82
0 0 72 144
0 0 72 216
5.38318 5.38318 0.279725
16.1495 5.38318 0.444225
26.9159 5.38318 0.664099
37.6822 5.38318 0.742548
48.4486 5.38318 0.781397
59.215 5.38318 0.650498
69.9813 5.38318 0.439407
5.38318 16.1495 0.564208
16.1495 16.1495 1.16532
26.9159 16.1495 1.86279
37.6822 16.1495 2.10444
48.4486 16.1495 2.13332
59.215 16.1495 1.6603
69.9813 16.1495 1.03147
5.38318 26.9159 0.502356
16.1495 26.9159 1.38219
26.9159 26.9159 2.60009
37.6822 26.9159 3.0202
48.4486 26.9159 2.95181
59.215 26.9159 2.12567
69.9813 26.9159 1.25561
5.38318 37.6822 0.863683
16.1495 37.6822 2.20738
26.9159 37.6822 3.90758
37.6822 37.6822 4.39155
48.4486 37.6822 4.05796
59.215 37.6822 2.6325
69.9813 37.6822 1.45035
5.38318 48.4486 0.850121
16.1495 48.4486 2.37536
26.9159 48.4486 4.30725
37.6822 48.4486 4.86844
48.4486 48.4486 4.30282
59.215 48.4486 2.60593
69.9813 48.4486 1.3578
5.38318 59.215 0.7157
16.1495 59.215 1.96103
26.9159 59.215 3.48734
37.6822 59.215 3.81281
48.4486 59.215 3.27312
59.215 59.215 1.94949
69.9813 59.215 0.983749
5.38318 69.9813 0.0923809
16.1495 69.9813 0.408949
26.9159 69.9813 1.05704
37.6822 69.9813 1.05862
48.4486 69.9813 0.692056
59.215 69.9813 0.356799
69.9813 69.9813 0.266411
5.38318 80.7477 -0.274869
16.1495 80.7477 -0.422213
26.9159 80.7477 -0.418972
37.6822 80.7477 -0.4876
48.4486 80.7477 -0.558034
59.215 80.7477 -0.409193
69.9813 80.7477 -0.161497
5.38318 91.514 -0.549126
16.1495 91.514 -0.905866
26.9159 91.514 -1.00134
37.6822 91.514 -1.02514
48.4486 91.514 -0.970075
59.215 91.514 -0.716358
69.9813 91.514 -0.301531
5.38318 102.28 -0.592762
16.1495 102.28 -0.961794
26.9159 102.28 -1.05248
37.6822 102.28 -1.06062
48.4486 102.28 -1.00229
59.215 102.28 -0.790969
69.9813 102.28 -0.345436
5.38318 113.047 -0.566677
16.1495 113.047 -0.91076
26.9159 113.047 -0.995897
37.6822 113.047 -0.994282
48.4486 113.047 -0.932713
59.215 113.047 -0.686564
69.9813 113.047 -0.27814
5.38318 123.813 -0.37873
16.1495 123.813 -0.64046
26.9159 123.813 -0.714604
37.6822 123.813 -0.737696
48.4486 123.813 -0.653045
59.215 123.813 -0.367113
69.9813 123.813 -0.0730407
5.38318 134.579 0.0405225
16.1495 134.579 -0.0535606
26.9159 134.579 -0.175967
37.6822 134.579 -0.217281
48.4486 134.579 -0.0472706
59.215 134.579 0.580247
69.9813 134.579 0.705093
5.38318 145.346 1.24323
16.1495 145.346 1.768
26.9159 145.346 1.44654
37.6822 145.346 1.26961
48.4486 145.346 1.64658
59.215 145.346 2.10481
69.9813 145.346 1.59654
5.38318 156.112 1.69104
16.1495 156.112 2.483
26.9159 156.112 2.40295
37.6822 156.112 2.26843
48.4486 156.112 2.61094
59.215 156.112 2.82448
69.9813 156.112 2.04992
5.38318 166.879 1.55564
16.1495 166.879 2.43533
26.9159 166.879 2.76037
37.6822 166.879 2.8506
48.4486 166.879 3.01577
59.215 166.879 2.87047
69.9813 166.879 1.92153
5.38318 177.645 1.0413
16.1495 177.645 1.84011
26.9159 177.645 2.67168
37.6822 177.645 2.88447
48.4486 177.645 2.75205
59.215 177.645 2.08256
69.9813 177.645 1.29223
5.38318 188.411 0.912802
16.1495 188.411 1.71722
26.9159 188.411 2.725
37.6822 188.411 2.90127
48.4486 188.411 2.60418
59.215 188.411 1.84216
69.9813 188.411 1.14313
5.38318 199.178 0.842417
16.1495 199.178 1.53223
26.9159 199.178 2.23234
37.6822 199.178 2.14156
48.4486 199.178 1.75475
59.215 199.178 1.25647
69.9813 199.178 0.84197
5.38318 209.944 0.535445
16.1495 209.944 0.90979
26.9159 209.944 1.14254
37.6822 209.944 0.963967
48.4486 209.944 0.780521
59.215 209.944 0.714168
69.9813 209.944 0.59846
