37 188
0 168 72 40
0 144 72 72
0 134 72 82
0 72 72 144
0 0 72 216
5.38318 5.38318 0.409307
16.1495 5.38318 0.814082
26.9159 5.38318 1.36547
37.6822 5.38318 1.4248
48.4486 5.38318 1.24697
59.215 5.38318 0.775383
69.9813 5.38318 0.394974
5.38318 16.1495 0.599661
16.1495 16.1495 1.58609
26.9159 16.1495 2.66842
37.6822 16.1495 2.89638
48.4486 16.1495 2.53487
59.215 16.1495 1.62407
69.9813 16.1495 0.811053
5.38318 26.9159 0.57603
16.1495 26.9159 1.80709
26.9159 26.9159 3.29173
37.6822 26.9159 3.66403
48.4486 26.9159 3.098
59.215 26.9159 1.89149
69.9813 26.9159 0.867277
5.38318 37.6822 0.516911
16.1495 37.6822 1.67332
26.9159 37.6822 3.00089
37.6822 37.6822 3.29798
48.4486 37.6822 2.68301
59.215 37.6822 1.60049
69.9813 37.6822 0.735552
5.38318 48.4486 0.493116
16.1495 48.4486 1.36308
26.9159 48.4486 2.19991
37.6822 48.4486 2.21719
48.4486 48.4486 1.71814
59.215 48.4486 1.00938
69.9813 48.4486 0.617561
5.38318 59.215 0.38073
16.1495 59.215 0.896741
26.9159 59.215 1.09031
37.6822 59.215 0.997883
48.4486 59.215 0.745522
59.215 59.215 0.67619
69.9813 59.215 0.617348
5.38318 69.9813 0.0500893
16.1495 69.9813 0.289037
26.9159 69.9813 0.183375
37.6822 69.9813 0.0925505
48.4486 69.9813 -0.000541074
59.215 69.9813 0.31488
69.9813 69.9813 0.563516
5.38318 80.7477 -0.194632
16.1495 80.7477 -0.277281
26.9159 80.7477 -0.354472
37.6822 80.7477 -0.380073
48.4486 80.7477 -0.365075
59.215 80.7477 -0.179967
69.9813 80.7477 0.162151
5.38318 91.514 -0.498056
16.1495 91.514 -0.805229
26.9159 91.514 -0.88445
37.6822 91.514 -0.877891
48.4486 91.514 -0.831159
59.215 91.514 -0.591162
69.9813 91.514 -0.225955
5.38318 102.28 -0.563845
16.1495 102.28 -0.899437
26.9159 102.28 -0.979035
37.6822 102.28 -0.96889
48.4486 102.28 -0.92088
59.215 102.28 -0.705324
69.9813 102.28 -0.303767
5.38318 113.047 -0.569794
16.1495 113.047 -0.910811
26.9159 113.047 -0.982776
37.6822 113.047 -0.982035
48.4486 113.047 -0.927006
59.215 113.047 -0.712025
69.9813 113.047 -0.29948
5.38318 123.813 -0.525844
16.1495 123.813 -0.827062
26.9159 123.813 -0.781594
37.6822 123.813 -0.775904
48.4486 123.813 -0.697216
59.215 123.813 -0.532752
69.9813 123.813 -0.200224
5.38318 134.579 -0.293079
16.1495 134.579 -0.373353
26.9159 134.579 -0.176478
37.6822 134.579 -0.165235
48.4486 134.579 -0.143993
59.215 134.579 -0.136789
69.9813 134.579 0.0376057
5.38318 145.346 -0.00431202
16.1495 145.346 0.562546
26.9159 145.346 1.3648
37.6822 145.346 1.55904
48.4486 145.346 1.44628
59.215 145.346 0.972771
69.9813 145.346 0.674546
5.38318 156.112 0.716578
16.1495 156.112 2.11045
26.9159 156.112 3.23819
37.6822 156.112 3.63398
48.4486 156.112 3.21956
59.215 156.112 2.27287
69.9813 156.112 1.2981
5.38318 166.879 1.1652
16.1495 166.879 2.92728
26.9159 166.879 4.5475
37.6822 166.879 5.1245
48.4486 166.879 4.38287
59.215 166.879 2.90192
69.9813 166.879 1.53499
5.38318 177.645 1.42543
16.1495 177.645 3.41643
26.9159 177.645 5.49726
37.6822 177.645 6.13685
48.4486 177.645 5.21399
59.215 177.645 3.29648
69.9813 177.645 1.65019
5.38318 188.411 1.92362
16.1495 188.411 3.97727
26.9159 188.411 5.93346
37.6822 188.411 6.36963
48.4486 188.411 5.39456
59.215 188.411 3.467
69.9813 188.411 1.7586
5.38318 199.178 2.29759
16.1495 199.178 4.02021
26.9159 199.178 4.95806
37.6822 199.178 5.13012
48.4486 199.178 4.69497
59.215 199.178 3.79497
69.9813 199.178 2.27664
5.38318 209.944 1.98756
16.1495 209.944 3.12181
26.9159 209.944 2.94487
37.6822 209.944 2.75261
48.4486 209.944 2.77898
59.215 209.944 2.85892
69.9813 209.944 1.94879
