37 37
0 17 72 40
0 1 72 72
0 0 72 82
0 0 72 144
0 0 72 216
5.38318 5.38318 0.403945
16.1495 5.38318 0.650888
26.9159 5.38318 0.911955
37.6822 5.38318 0.894731
48.4486 5.38318 0.894151
59.215 5.38318 0.695681
69.9813 5.38318 0.449905
5.38318 16.1495 0.818687
16.1495 16.1495 1.56837
26.9159 16.1495 2.22282
37.6822 16.1495 2.29166
48.4486 16.1495 2.24041
59.215 16.1495 1.7203
69.9813 16.1495 1.07775
5.38318 26.9159 0.994886
16.1495 26.9159 2.11685
26.9159 26.9159 3.41211
37.6822 26.9159 3.60715
48.4486 26.9159 3.50364
59.215 26.9159 2.38402
69.9813 26.9159 1.41321
5.38318 37.6822 1.1303
16.1495 37.6822 2.54092
26.9159 37.6822 4.36367
37.6822 37.6822 4.80202
48.4486 37.6822 4.63406
59.215 37.6822 3.01267
69.9813 37.6822 1.66517
5.38318 48.4486 0.75745
16.1495 48.4486 2.0843
26.9159 48.4486 3.87647
37.6822 48.4486 4.4032
48.4486 48.4486 4.22035
59.215 48.4486 2.60292
69.9813 48.4486 1.38865
5.38318 59.215 -0.0158513
16.1495 59.215 0.508173
26.9159 59.215 1.84937
37.6822 59.215 2.17615
48.4486 59.215 2.05289
59.215 59.215 1.00952
69.9813 59.215 0.545865
5.38318 69.9813 -0.379367
16.1495 69.9813 -0.513471
26.9159 69.9813 -0.389345
37.6822 69.9813 -0.3378
48.4486 69.9813 -0.412493
59.215 69.9813 -0.405782
69.9813 69.9813 -0.199015
5.38318 80.7477 -0.513819
16.1495 80.7477 -0.76716
26.9159 80.7477 -0.791157
37.6822 80.7477 -0.781564
48.4486 80.7477 -0.815082
59.215 80.7477 -0.672085
69.9813 80.7477 -0.303046
5.38318 91.514 -0.573352
16.1495 91.514 -0.913638
26.9159 91.514 -1.02931
37.6822 91.514 -1.06722
48.4486 91.514 -1.04603
59.215 91.514 -0.83027
69.9813 91.514 -0.366825
5.38318 102.28 -0.585471
16.1495 102.28 -0.936357
26.9159 102.28 -1.03457
37.6822 102.28 -1.04983
48.4486 102.28 -1.00987
59.215 102.28 -0.800123
69.9813 102.28 -0.348685
5.38318 113.047 -0.57599
16.1495 113.047 -0.919709
26.9159 113.047 -0.998782
37.6822 113.047 -0.99743
48.4486 113.047 -0.946268
59.215 113.047 -0.740191
69.9813 113.047 -0.318096
5.38318 123.813 -0.545436
16.1495 123.813 -0.859235
26.9159 123.813 -0.920624
37.6822 123.813 -0.919625
48.4486 123.813 -0.875463
59.215 123.813 -0.654319
69.9813 123.813 -0.272397
5.38318 134.579 -0.448929
16.1495 134.579 -0.665045
26.9159 134.579 -0.653984
37.6822 134.579 -0.659484
48.4486 134.579 -0.63024
59.215 134.579 -0.465725
69.9813 134.579 -0.165969
5.38318 145.346 -0.293297
16.1495 145.346 -0.364384
26.9159 145.346 -0.289568
37.6822 145.346 -0.240975
48.4486 145.346 -0.218106
59.215 145.346 -0.141536
69.9813 145.346 0.0433628
5.38318 156.112 -0.0616372
16.1495 156.112 0.203655
26.9159 156.112 0.783539
37.6822 156.112 1.06014
48.4486 156.112 1.05663
59.215 156.112 0.829718
69.9813 156.112 0.606506
5.38318 166.879 0.229466
16.1495 166.879 0.842005
26.9159 166.879 1.80117
37.6822 166.879 2.11047
48.4486 166.879 2.12553
59.215 166.879 1.60765
69.9813 166.879 0.997952
5.38318 177.645 0.4884
16.1495 177.645 1.35467
26.9159 177.645 2.53281
37.6822 177.645 2.85446
48.4486 177.645 2.82133
59.215 177.645 1.9584
69.9813 177.645 1.15743
5.38318 188.411 0.457278
16.1495 188.411 1.34464
26.9159 188.411 2.66398
37.6822 188.411 2.97305
48.4486 188.411 2.85666
59.215 188.411 1.83303
69.9813 188.411 1.07442
5.38318 199.178 0.294439
16.1495 199.178 1.09572
26.9159 199.178 2.31179
37.6822 199.178 2.56905
48.4486 199.178 2.27356
59.215 199.178 1.33787
69.9813 199.178 0.739293
5.38318 209.944 0.119386
16.1495 209.944 0.518927
26.9159 209.944 1.17635
37.6822 209.944 1.24709
48.4486 209.944 1.06027
59.215 209.944 0.605028
69.9813 209.944 0.402124
