26 26
0 6 72 40
0 0 72 72
0 0 72 82
0 0 72 144
0 0 72 216
5.38318 5.38318 0.783476
16.1495 5.38318 1.46681
26.9159 5.38318 1.65469
37.6822 5.38318 1.37483
48.4486 5.38318 0.85137
59.215 5.38318 0.58943
69.9813 5.38318 0.344127
5.38318 16.1495 1.31321
16.1495 16.1495 2.6664
26.9159 16.1495 3.18062
37.6822 16.1495 2.73328
48.4486 16.1495 1.97129
59.215 16.1495 1.51927
69.9813 16.1495 0.959708
5.38318 26.9159 1.46945
16.1495 26.9159 3.04466
26.9159 26.9159 3.67944
37.6822 26.9159 3.16252
48.4486 26.9159 2.36371
59.215 26.9159 2.02378
69.9813 26.9159 1.352
5.38318 37.6822 1.22395
16.1495 37.6822 2.51836
26.9159 37.6822 3.13543
37.6822 37.6822 2.94695
48.4486 37.6822 2.70703
59.215 37.6822 2.59575
69.9813 37.6822 1.80105
5.38318 48.4486 0.850212
16.1495 48.4486 1.83705
26.9159 48.4486 2.3655
37.6822 48.4486 2.39053
48.4486 48.4486 2.35779
59.215 48.4486 2.28804
69.9813 48.4486 1.62218
5.38318 59.215 0.510727
16.1495 59.215 1.27818
26.9159 59.215 1.80901
37.6822 59.215 1.87645
48.4486 59.215 1.66377
59.215 59.215 1.46199
69.9813 59.215 1.05811
5.38318 69.9813 -0.0274682
16.1495 69.9813 0.109824
26.9159 69.9813 0.362724
37.6822 69.9813 0.296879
48.4486 69.9813 0.0851525
59.215 69.9813 1.809e-05
69.9813 69.9813 0.195937
5.38318 80.7477 -0.245993
16.1495 80.7477 -0.357772
26.9159 80.7477 -0.379629
37.6822 80.7477 -0.465788
48.4486 80.7477 -0.554069
59.215 80.7477 -0.479045
69.9813 80.7477 -0.19526
5.38318 91.514 -0.456819
16.1495 91.514 -0.714949
26.9159 91.514 -0.799243
37.6822 91.514 -0.879996
48.4486 91.514 -0.909127
59.215 91.514 -0.716371
69.9813 91.514 -0.307204
5.38318 102.28 -0.55061
16.1495 102.28 -0.881391
26.9159 102.28 -0.980668
37.6822 102.28 -1.01103
48.4486 102.28 -0.984835
59.215 102.28 -0.791281
69.9813 102.28 -0.346358
5.38318 113.047 -0.574779
16.1495 113.047 -0.917369
26.9159 113.047 -0.987282
37.6822 113.047 -0.987168
48.4486 113.047 -0.943844
59.215 113.047 -0.748085
69.9813 113.047 -0.329522
5.38318 123.813 -0.471202
16.1495 123.813 -0.729985
26.9159 123.813 -0.692107
37.6822 123.813 -0.709467
48.4486 123.813 -0.763213
59.215 123.813 -0.62163
69.9813 123.813 -0.292432
5.38318 134.579 -0.104738
16.1495 134.579 -0.131197
26.9159 134.579 0.0259155
37.6822 134.579 -0.0297033
48.4486 134.579 -0.332128
59.215 134.579 -0.374693
69.9813 134.579 -0.216326
5.38318 145.346 0.977143
16.1495 145.346 1.58614
26.9159 145.346 2.11623
37.6822 145.346 2.03783
48.4486 145.346 0.915291
59.215 145.346 0.222072
69.9813 145.346 -0.0488229
5.38318 156.112 1.79661
16.1495 156.112 2.80711
26.9159 156.112 3.32007
37.6822 156.112 3.19948
48.4486 156.112 2.19329
59.215 156.112 1.30748
69.9813 156.112 0.551074
5.38318 166.879 1.93782
16.1495 166.879 3.03828
26.9159 166.879 3.56414
37.6822 166.879 3.48879
48.4486 166.879 2.82614
59.215 166.879 2.09228
69.9813 166.879 1.18814
5.38318 177.645 1.50635
16.1495 177.645 2.64533
26.9159 177.645 3.29258
37.6822 177.645 3.52459
48.4486 177.645 3.38541
59.215 177.645 2.85663
69.9813 177.645 1.8319
5.38318 188.411 1.11522
16.1495 188.411 2.22147
26.9159 188.411 3.15362
37.6822 188.411 3.62791
48.4486 188.411 3.61721
59.215 188.411 3.08269
69.9813 188.411 1.96747
5.38318 199.178 1.09206
16.1495 199.178 2.16364
26.9159 199.178 2.90443
37.6822 199.178 3.14568
48.4486 199.178 2.92204
59.215 199.178 2.46137
69.9813 199.178 1.54753
5.38318 209.944 0.576884
16.1495 209.944 1.07029
26.9159 209.944 1.31291
37.6822 209.944 1.35216
48.4486 209.944 1.24507
59.215 209.944 1.21653
69.9813 209.944 0.833913
