37 166
0 146 72 40
0 130 72 72
0 125 72 82
0 72 72 144
0 0 72 216
5.38318 5.38318 0.127352
16.1495 5.38318 0.289442
26.9159 5.38318 0.572796
37.6822 5.38318 0.844833
48.4486 5.38318 0.808732
59.215 5.38318 0.562849
69.9813 5.38318 0.39335
5.38318 16.1495 0.0604734
16.1495 16.1495 0.501598
26.9159 16.1495 1.07644
37.6822 16.1495 1.66287
48.4486 16.1495 1.67561
59.215 16.1495 1.18039
69.9813 16.1495 0.834798
5.38318 26.9159 -0.0444273
16.1495 26.9159 0.390333
26.9159 26.9159 0.957777
37.6822 26.9159 1.58949
48.4486 26.9159 1.54759
59.215 26.9159 1.09165
69.9813 26.9159 0.858858
5.38318 37.6822 0.0145969
16.1495 37.6822 0.502986
26.9159 37.6822 1.09524
37.6822 37.6822 1.67249
48.4486 37.6822 1.56804
59.215 37.6822 1.03943
69.9813 37.6822 0.806406
5.38318 48.4486 0.241397
16.1495 48.4486 0.665359
26.9159 48.4486 1.18236
37.6822 48.4486 1.56383
48.4486 48.4486 1.31536
59.215 48.4486 0.813598
69.9813 48.4486 0.611697
5.38318 59.215 0.0451335
16.1495 59.215 0.261889
26.9159 59.215 0.664773
37.6822 59.215 0.780476
48.4486 59.215 0.288584
59.215 59.215 -0.105881
69.9813 59.215 -0.0336564
5.38318 69.9813 -0.195878
16.1495 69.9813 -0.300962
26.9159 69.9813 -0.376973
37.6822 69.9813 -0.517316
48.4486 69.9813 -0.73099
59.215 69.9813 -0.640823
69.9813 69.9813 -0.306874
5.38318 80.7477 -0.42937
16.1495 80.7477 -0.701025
26.9159 80.7477 -0.826637
37.6822 80.7477 -0.937805
48.4486 80.7477 -0.978387
59.215 80.7477 -0.797436
69.9813 80.7477 -0.365162
5.38318 91.514 -0.546599
16.1495 91.514 -0.881513
26.9159 91.514 -0.998475
37.6822 91.514 -1.02971
48.4486 91.514 -1.00703
59.215 91.514 -0.79479
69.9813 91.514 -0.356358
5.38318 102.28 -0.584693
16.1495 102.28 -0.935016
26.9159 102.28 -1.01929
37.6822 102.28 -1.0207
48.4486 102.28 -0.967455
59.215 102.28 -0.765799
69.9813 102.28 -0.330954
5.38318 113.047 -0.564644
16.1495 113.047 -0.897171
26.9159 113.047 -0.961502
37.6822 113.047 -0.96254
48.4486 113.047 -0.913956
59.215 113.047 -0.709606
69.9813 113.047 -0.301811
5.38318 123.813 -0.50367
16.1495 123.813 -0.752078
26.9159 123.813 -0.661713
37.6822 123.813 -0.655586
48.4486 123.813 -0.62185
59.215 123.813 -0.510058
69.9813 123.813 -0.206369
5.38318 134.579 -0.237697
16.1495 134.579 -0.246875
26.9159 134.579 0.0491954
37.6822 134.579 0.0782302
48.4486 134.579 0.0186695
59.215 134.579 -0.080655
69.9813 134.579 0.0455853
5.38318 145.346 0.323547
16.1495 145.346 1.12436
26.9159 145.346 2.10502
37.6822 145.346 2.36342
48.4486 145.346 2.04633
59.215 145.346 1.28012
69.9813 145.346 0.729537
5.38318 156.112 1.08699
16.1495 156.112 2.48327
26.9159 156.112 3.63169
37.6822 156.112 4.04907
48.4486 156.112 3.56318
59.215 156.112 2.47198
69.9813 156.112 1.35277
5.38318 166.879 1.58687
16.1495 166.879 3.23708
26.9159 166.879 4.51451
37.6822 166.879 5.01015
48.4486 166.879 4.3918
59.215 166.879 3.13765
69.9813 166.879 1.69227
5.38318 177.645 1.5784
16.1495 177.645 3.09372
26.9159 177.645 4.36601
37.6822 177.645 4.77345
48.4486 177.645 4.27274
59.215 177.645 3.0399
69.9813 177.645 1.70574
5.38318 188.411 1.36762
16.1495 188.411 2.75762
26.9159 188.411 3.92821
37.6822 188.411 4.20919
48.4486 188.411 3.62923
59.215 188.411 2.54422
69.9813 188.411 1.46076
5.38318 199.178 0.779726
16.1495 199.178 1.80493
26.9159 199.178 2.53089
37.6822 199.178 2.80841
48.4486 199.178 2.43801
59.215 199.178 1.83272
69.9813 199.178 1.15549
5.38318 209.944 0.442669
16.1495 209.944 1.10787
26.9159 209.944 1.3693
37.6822 209.944 1.64348
48.4486 209.944 1.46111
59.215 209.944 1.26266
69.9813 209.944 0.836868
