37 48
0 28 72 40
0 12 72 72
0 7 72 82
0 0 72 144
0 0 72 216
5.38318 5.38318 0.26399
16.1495 5.38318 0.42665
26.9159 5.38318 0.740413
37.6822 5.38318 0.605738
48.4486 5.38318 0.626044
59.215 5.38318 0.30414
69.9813 5.38318 0.293951
5.38318 16.1495 0.449187
16.1495 16.1495 1.00606
26.9159 16.1495 1.681
37.6822 16.1495 1.58432
48.4486 16.1495 1.45277
59.215 16.1495 0.842598
69.9813 16.1495 0.680033
5.38318 26.9159 0.365601
16.1495 26.9159 1.13626
26.9159 26.9159 2.17178
37.6822 26.9159 2.15225
48.4486 26.9159 1.73147
59.215 26.9159 0.817561
69.9813 26.9159 0.618277
5.38318 37.6822 0.704006
16.1495 37.6822 1.85808
26.9159 37.6822 3.12439
37.6822 37.6822 3.29903
48.4486 37.6822 2.64942
59.215 37.6822 1.57549
69.9813 37.6822 0.928834
5.38318 48.4486 1.05119
16.1495 48.4486 2.45729
26.9159 48.4486 3.80997
37.6822 48.4486 4.07751
48.4486 48.4486 3.47921
59.215 48.4486 2.30404
69.9813 48.4486 1.39829
5.38318 59.215 1.27148
16.1495 59.215 2.73043
26.9159 59.215 3.66544
37.6822 59.215 3.84289
48.4486 59.215 3.45947
59.215 59.215 2.4455
69.9813 59.215 1.57314
5.38318 69.9813 0.981886
16.1495 69.9813 2.09347
26.9159 69.9813 2.54171
37.6822 69.9813 2.59241
48.4486 69.9813 2.38915
59.215 69.9813 1.78322
69.9813 69.9813 1.25462
5.38318 80.7477 0.32184
16.1495 80.7477 0.931691
26.9159 80.7477 1.21114
37.6822 80.7477 1.31949
48.4486 80.7477 1.0912
59.215 80.7477 0.815805
69.9813 80.7477 0.613303
5.38318 91.514 -0.428981
16.1495 91.514 -0.627277
26.9159 91.514 -0.634459
37.6822 91.514 -0.59856
48.4486 91.514 -0.638076
59.215 91.514 -0.463235
69.9813 91.514 -0.209921
5.38318 102.28 -0.569421
16.1495 102.28 -0.910299
26.9159 102.28 -0.997826
37.6822 102.28 -0.997404
48.4486 102.28 -0.967751
59.215 102.28 -0.751819
69.9813 102.28 -0.345162
5.38318 113.047 -0.58963
16.1495 113.047 -0.945838
26.9159 113.047 -1.03301
37.6822 113.047 -1.03309
48.4486 113.047 -0.978796
59.215 113.047 -0.772373
69.9813 113.047 -0.337488
5.38318 123.813 -0.585285
16.1495 123.813 -0.931428
26.9159 123.813 -1.00656
37.6822 123.813 -0.998863
48.4486 123.813 -0.944067
59.215 123.813 -0.73294
69.9813 123.813 -0.314809
5.38318 134.579 -0.556753
16.1495 134.579 -0.869427
26.9159 134.579 -0.902017
37.6822 134.579 -0.890047
48.4486 134.579 -0.859255
59.215 134.579 -0.6565
69.9813 134.579 -0.286926
5.38318 145.346 -0.518849
16.1495 145.346 -0.779483
26.9159 145.346 -0.681145
37.6822 145.346 -0.672692
48.4486 145.346 -0.678961
59.215 145.346 -0.534714
69.9813 145.346 -0.235152
5.38318 156.112 -0.38689
16.1495 156.112 -0.505336
26.9159 156.112 -0.299267
37.6822 156.112 -0.35215
48.4486 156.112 -0.489819
59.215 156.112 -0.461817
69.9813 156.112 -0.221867
5.38318 166.879 -0.34378
16.1495 166.879 -0.426719
26.9159 166.879 -0.163207
37.6822 166.879 -0.252452
48.4486 166.879 -0.42541
59.215 166.879 -0.427459
69.9813 166.879 -0.20239
5.38318 177.645 -0.301362
16.1495 177.645 -0.40213
26.9159 177.645 -0.205986
37.6822 177.645 -0.356005
48.4486 177.645 -0.525445
59.215 177.645 -0.480136
69.9813 177.645 -0.220025
5.38318 188.411 -0.330302
16.1495 188.411 -0.489547
26.9159 188.411 -0.359443
37.6822 188.411 -0.512006
48.4486 188.411 -0.592354
59.215 188.411 -0.468688
69.9813 188.411 -0.179842
5.38318 199.178 -0.356509
16.1495 199.178 -0.488434
26.9159 199.178 -0.363863
37.6822 199.178 -0.462842
48.4486 199.178 -0.520883
59.215 199.178 -0.389528
69.9813 199.178 -0.134968
5.38318 209.944 -0.258121
16.1495 209.944 -0.309588
26.9159 209.944 -0.199828
37.6822 209.944 -0.235645
48.4486 209.944 -0.245923
59.215 209.944 -0.174729
69.9813 209.944 0.00533202
