37 177
0 157 72 40
0 141 72 72
0 134 72 82
0 72 72 144
0 0 72 216
5.38318 5.38318 0.933336
16.1495 5.38318 1.46596
26.9159 5.38318 1.67069
37.6822 5.38318 1.72733
48.4486 5.38318 1.6993
59.215 5.38318 1.33806
69.9813 5.38318 0.813753
5.38318 16.1495 1.67022
16.1495 16.1495 2.85914
26.9159 16.1495 3.35117
37.6822 16.1495 3.40635
48.4486 16.1495 3.32087
59.215 16.1495 2.6509
69.9813 16.1495 1.61043
5.38318 26.9159 1.80112
16.1495 26.9159 3.23386
26.9159 26.9159 3.96069
37.6822 26.9159 4.16403
48.4486 26.9159 3.99403
59.215 26.9159 3.21485
69.9813 26.9159 1.93991
5.38318 37.6822 1.55641
16.1495 37.6822 2.70712
26.9159 37.6822 3.45042
37.6822 37.6822 3.54268
48.4486 37.6822 3.22188
59.215 37.6822 2.60321
69.9813 37.6822 1.53196
5.38318 48.4486 1.07743
16.1495 48.4486 1.85243
26.9159 48.4486 2.52009
37.6822 48.4486 2.59999
48.4486 48.4486 2.33407
59.215 48.4486 2.01664
69.9813 48.4486 1.24435
5.38318 59.215 0.808668
16.1495 59.215 1.43293
26.9159 59.215 2.21771
37.6822 59.215 2.29373
48.4486 59.215 2.12658
59.215 59.215 1.86845
69.9813 59.215 1.20892
5.38318 69.9813 0.438375
16.1495 69.9813 0.754743
26.9159 69.9813 1.5856
37.6822 69.9813 1.66833
48.4486 69.9813 1.6464
59.215 69.9813 1.47346
69.9813 69.9813 0.995423
5.38318 80.7477 -0.100629
16.1495 80.7477 -0.172375
26.9159 80.7477 0.22023
37.6822 80.7477 0.102631
48.4486 80.7477 0.0562956
59.215 80.7477 0.137348
69.9813 80.7477 0.231614
5.38318 91.514 -0.265648
16.1495 91.514 -0.437543
26.9159 91.514 -0.310515
37.6822 91.514 -0.356199
48.4486 91.514 -0.34645
59.215 91.514 -0.261165
69.9813 91.514 -0.107625
5.38318 102.28 -0.29724
16.1495 102.28 -0.461993
26.9159 102.28 -0.424143
37.6822 102.28 -0.456124
48.4486 102.28 -0.452854
59.215 102.28 -0.358675
69.9813 102.28 -0.164184
5.38318 113.047 -0.293035
16.1495 113.047 -0.441297
26.9159 113.047 -0.43457
37.6822 113.047 -0.426782
48.4486 113.047 -0.413322
59.215 113.047 -0.322474
69.9813 113.047 -0.141291
5.38318 123.813 -0.225409
16.1495 123.813 -0.319453
26.9159 123.813 -0.262821
37.6822 123.813 -0.260273
48.4486 123.813 -0.261197
59.215 123.813 -0.213135
69.9813 123.813 -0.0819358
5.38318 134.579 -0.0960366
16.1495 134.579 -0.0665487
26.9159 134.579 0.155147
37.6822 134.579 0.135408
48.4486 134.579 0.0409696
59.215 134.579 -0.0297931
69.9813 134.579 0.0393313
5.38318 145.346 0.28249
16.1495 145.346 0.872659
26.9159 145.346 1.47847
37.6822 145.346 1.61038
48.4486 145.346 1.37911
59.215 145.346 0.818441
69.9813 145.346 0.492895
5.38318 156.112 0.705641
16.1495 156.112 1.87005
26.9159 156.112 2.87001
37.6822 156.112 3.10855
48.4486 156.112 2.65667
59.215 156.112 1.62677
69.9813 156.112 0.907519
5.38318 166.879 1.06769
16.1495 166.879 2.64979
26.9159 166.879 4.30047
37.6822 166.879 4.82586
48.4486 166.879 4.25213
59.215 166.879 2.60259
69.9813 166.879 1.37602
5.38318 177.645 1.10229
16.1495 177.645 2.57711
26.9159 177.645 4.41271
37.6822 177.645 5.00317
48.4486 177.645 4.5395
59.215 177.645 2.82528
69.9813 177.645 1.49829
5.38318 188.411 0.898633
16.1495 188.411 2.05296
26.9159 188.411 3.53099
37.6822 188.411 3.85839
48.4486 188.411 3.56938
59.215 188.411 2.34963
69.9813 188.411 1.37876
5.38318 199.178 0.535622
16.1495 199.178 0.975953
26.9159 199.178 1.48751
37.6822 199.178 1.29832
48.4486 199.178 1.18613
59.215 199.178 0.860154
69.9813 199.178 0.772429
5.38318 209.944 0.261041
16.1495 209.944 0.507598
26.9159 209.944 0.609221
37.6822 209.944 0.34701
48.4486 209.944 0.227016
59.215 209.944 0.241865
69.9813 209.944 0.440167
