37 26
0 6 72 40
0 0 72 72
0 0 72 82
0 0 72 144
0 0 72 216
5.38318 5.38318 0.312678
16.1495 5.38318 0.903195
26.9159 5.38318 2.10347
37.6822 5.38318 2.31302
48.4486 5.38318 1.83323
59.215 5.38318 0.850142
69.9813 5.38318 0.292323
5.38318 16.1495 0.430416
16.1495 16.1495 1.67125
26.9159 16.1495 3.76804
37.6822 16.1495 4.27041
48.4486 16.1495 3.4055
59.215 16.1495 1.74404
69.9813 16.1495 0.687808
5.38318 26.9159 0.281893
16.1495 26.9159 1.66448
26.9159 26.9159 3.99549
37.6822 26.9159 4.51814
48.4486 26.9159 3.55201
59.215 26.9159 1.62373
69.9813 26.9159 0.622214
5.38318 37.6822 0.385529
16.1495 37.6822 1.55277
26.9159 37.6822 3.09651
37.6822 37.6822 3.37482
48.4486 37.6822 2.79164
59.215 37.6822 1.41313
69.9813 37.6822 0.764534
5.38318 48.4486 0.580061
16.1495 48.4486 1.5309
26.9159 48.4486 2.3455
37.6822 48.4486 2.55071
48.4486 48.4486 2.46568
59.215 48.4486 1.68021
69.9813 48.4486 1.12432
5.38318 59.215 0.657258
16.1495 59.215 1.54522
26.9159 59.215 2.17163
37.6822 59.215 2.35726
48.4486 59.215 2.41038
59.215 59.215 1.77071
69.9813 59.215 1.20738
5.38318 69.9813 0.24015
16.1495 69.9813 0.694394
26.9159 69.9813 1.06465
37.6822 69.9813 1.14084
48.4486 69.9813 1.23131
59.215 69.9813 0.92125
69.9813 69.9813 0.775799
5.38318 80.7477 -0.194564
16.1495 80.7477 -0.22197
26.9159 80.7477 -0.0866981
37.6822 80.7477 -0.151638
48.4486 80.7477 -0.167647
59.215 80.7477 -0.210944
69.9813 80.7477 -0.00618471
5.38318 91.514 -0.474424
16.1495 91.514 -0.741556
26.9159 91.514 -0.734752
37.6822 91.514 -0.785282
48.4486 91.514 -0.762361
59.215 91.514 -0.617442
69.9813 91.514 -0.25798
5.38318 102.28 -0.567428
16.1495 102.28 -0.910551
26.9159 102.28 -0.984758
37.6822 102.28 -0.996614
48.4486 102.28 -0.948504
59.215 102.28 -0.755387
69.9813 102.28 -0.328811
5.38318 113.047 -0.580008
16.1495 113.047 -0.931528
26.9159 113.047 -1.01132
37.6822 113.047 -1.01233
48.4486 113.047 -0.961319
59.215 113.047 -0.761429
69.9813 113.047 -0.332931
5.38318 123.813 -0.497623
16.1495 123.813 -0.783559
26.9159 123.813 -0.782392
37.6822 123.813 -0.792904
48.4486 123.813 -0.815569
59.215 123.813 -0.644793
69.9813 123.813 -0.294494
5.38318 134.579 -0.162726
16.1495 134.579 -0.273873
26.9159 134.579 -0.243289
37.6822 134.579 -0.285951
48.4486 134.579 -0.487293
59.215 134.579 -0.447334
69.9813 134.579 -0.228443
5.38318 145.346 0.784226
16.1495 145.346 1.12837
26.9159 145.346 1.26938
37.6822 145.346 1.17211
48.4486 145.346 0.212311
59.215 145.346 -0.0730207
69.9813 145.346 -0.0959726
5.38318 156.112 1.67914
16.1495 156.112 2.45525
26.9159 156.112 2.65775
37.6822 156.112 2.51947
48.4486 156.112 1.61094
59.215 156.112 0.993408
69.9813 156.112 0.449461
5.38318 166.879 1.87294
16.1495 166.879 2.85433
26.9159 166.879 3.17827
37.6822 166.879 3.08152
48.4486 166.879 2.48919
59.215 166.879 1.90621
69.9813 166.879 1.08093
5.38318 177.645 1.57387
16.1495 177.645 2.80868
26.9159 177.645 3.64561
37.6822 177.645 3.93348
48.4486 177.645 3.82569
59.215 177.645 3.09519
69.9813 177.645 1.90322
5.38318 188.411 1.15278
16.1495 188.411 2.43223
26.9159 188.411 3.59801
37.6822 188.411 4.27554
48.4486 188.411 4.375
59.215 188.411 3.57474
69.9813 188.411 2.16083
5.38318 199.178 1.01407
16.1495 199.178 2.17938
26.9159 199.178 3.1473
37.6822 199.178 3.67834
48.4486 199.178 3.59801
59.215 199.178 2.96039
69.9813 199.178 1.74571
5.38318 209.944 0.419017
16.1495 209.944 0.959471
26.9159 209.944 1.30259
37.6822 209.944 1.52947
48.4486 209.944 1.43448
59.215 209.944 1.36462
69.9813 209.944 0.854362
