37 37
0 17 72 40
0 1 72 72
0 0 72 82
0 0 72 144
0 0 72 216
5.38318 5.38318 0.757723
16.1495 5.38318 1.34097
26.9159 5.38318 1.68495
37.6822 5.38318 1.69455
48.4486 5.38318 1.53883
59.215 5.38318 1.12931
69.9813 5.38318 0.674083
5.38318 16.1495 1.32477
16.1495 16.1495 2.52625
26.9159 16.1495 3.31979
37.6822 16.1495 3.5104
48.4486 16.1495 3.18397
59.215 16.1495 2.29831
69.9813 16.1495 1.32064
5.38318 26.9159 1.53246
16.1495 26.9159 3.05175
26.9159 26.9159 4.38425
37.6822 26.9159 4.72863
48.4486 26.9159 4.17205
59.215 26.9159 2.93
69.9813 26.9159 1.61335
5.38318 37.6822 1.40843
16.1495 37.6822 2.91333
26.9159 37.6822 4.59219
37.6822 37.6822 5.06517
48.4486 37.6822 4.37504
59.215 37.6822 2.91137
69.9813 37.6822 1.55178
5.38318 48.4486 1.11881
16.1495 48.4486 2.42465
26.9159 48.4486 4.0164
37.6822 48.4486 4.37137
48.4486 48.4486 3.54758
59.215 48.4486 2.30441
69.9813 48.4486 1.18711
5.38318 59.215 0.437612
16.1495 59.215 1.16654
26.9159 59.215 2.08412
37.6822 59.215 2.33133
48.4486 59.215 1.79493
59.215 59.215 1.33937
69.9813 59.215 0.780768
5.38318 69.9813 0.0469269
16.1495 69.9813 0.329253
26.9159 69.9813 0.50746
37.6822 69.9813 0.731971
48.4486 69.9813 0.284459
59.215 69.9813 0.627502
69.9813 69.9813 0.448867
5.38318 80.7477 -0.256391
16.1495 80.7477 -0.355578
26.9159 80.7477 -0.404672
37.6822 80.7477 -0.364541
48.4486 80.7477 -0.441547
59.215 80.7477 -0.21747
69.9813 80.7477 -0.0474997
5.38318 91.514 -0.498271
16.1495 91.514 -0.790634
26.9159 91.514 -0.877131
37.6822 91.514 -0.89076
48.4486 91.514 -0.870561
59.215 91.514 -0.629126
69.9813 91.514 -0.255987
5.38318 102.28 -0.57774
16.1495 102.28 -0.930575
26.9159 102.28 -1.01835
37.6822 102.28 -1.02269
48.4486 102.28 -0.971904
59.215 102.28 -0.768715
69.9813 102.28 -0.336037
5.38318 113.047 -0.573005
16.1495 113.047 -0.910733
26.9159 113.047 -0.985339
37.6822 113.047 -0.981973
48.4486 113.047 -0.933351
59.215 113.047 -0.714008
69.9813 113.047 -0.305127
5.38318 123.813 -0.509078
16.1495 123.813 -0.758943
26.9159 123.813 -0.702616
37.6822 123.813 -0.669997
48.4486 123.813 -0.629496
59.215 123.813 -0.483282
69.9813 123.813 -0.182709
5.38318 134.579 -0.27407
16.1495 134.579 -0.360847
26.9159 134.579 -0.215553
37.6822 134.579 -0.171087
48.4486 134.579 -0.120968
59.215 134.579 -0.0793806
69.9813 134.579 0.133931
5.38318 145.346 0.0894907
16.1495 145.346 0.502044
26.9159 145.346 1.15686
37.6822 145.346 1.38301
48.4486 145.346 1.54345
59.215 145.346 1.16585
69.9813 145.346 0.879813
5.38318 156.112 0.825977
16.1495 156.112 1.7328
26.9159 156.112 2.46115
37.6822 156.112 2.75301
48.4486 156.112 2.91925
59.215 156.112 2.31911
69.9813 156.112 1.5064
5.38318 166.879 1.19858
16.1495 166.879 2.18273
26.9159 166.879 3.05076
37.6822 166.879 3.42934
48.4486 166.879 3.66454
59.215 166.879 2.86753
69.9813 166.879 1.82889
5.38318 177.645 1.45875
16.1495 177.645 2.51211
26.9159 177.645 3.43967
37.6822 177.645 3.7399
48.4486 177.645 3.89868
59.215 177.645 3.02259
69.9813 177.645 1.88185
5.38318 188.411 1.48095
16.1495 188.411 2.52133
26.9159 188.411 3.32384
37.6822 188.411 3.5099
48.4486 188.411 3.56838
59.215 188.411 2.78767
69.9813 188.411 1.72992
5.38318 199.178 1.51141
16.1495 199.178 2.34174
26.9159 199.178 2.66924
37.6822 199.178 2.62516
48.4486 199.178 2.68876
59.215 199.178 2.34128
69.9813 199.178 1.55403
5.38318 209.944 0.943409
16.1495 209.944 1.33603
26.9159 209.944 1.24479
37.6822 209.944 1.15175
48.4486 209.944 1.26187
59.215 209.944 1.42525
69.9813 209.944 1.05102
