37 37
0 17 72 40
0 1 72 72
0 0 72 82
0 0 72 144
0 0 72 216
5.38318 5.38318 0.630614
16.1495 5.38318 1.0522
26.9159 5.38318 1.38391
37.6822 5.38318 1.50824
48.4486 5.38318 1.40183
59.215 5.38318 1.04269
69.9813 5.38318 0.616465
5.38318 16.1495 1.03962
16.1495 16.1495 2.02392
26.9159 16.1495 2.79996
37.6822 16.1495 3.04154
48.4486 16.1495 2.76323
59.215 16.1495 1.97873
69.9813 16.1495 1.14716
5.38318 26.9159 1.18532
16.1495 26.9159 2.47763
26.9159 26.9159 3.7077
37.6822 26.9159 4.07679
48.4486 26.9159 3.72044
59.215 26.9159 2.60828
69.9813 26.9159 1.42514
5.38318 37.6822 1.15166
16.1495 37.6822 2.50356
26.9159 37.6822 3.81571
37.6822 37.6822 4.17493
48.4486 37.6822 3.71315
59.215 37.6822 2.4807
69.9813 37.6822 1.29238
5.38318 48.4486 1.07475
16.1495 48.4486 2.14741
26.9159 48.4486 3.13974
37.6822 48.4486 3.45032
48.4486 48.4486 3.19694
59.215 48.4486 2.23112
69.9813 48.4486 1.24697
5.38318 59.215 0.844348
16.1495 59.215 1.59993
26.9159 59.215 1.87836
37.6822 59.215 2.05225
48.4486 59.215 2.07226
59.215 59.215 1.7951
69.9813 59.215 1.17163
5.38318 69.9813 0.70782
16.1495 69.9813 1.2426
26.9159 69.9813 1.27996
37.6822 69.9813 1.40214
48.4486 69.9813 1.45673
59.215 69.9813 1.44402
69.9813 69.9813 0.993869
5.38318 80.7477 0.00394756
16.1495 80.7477 0.202242
26.9159 80.7477 0.384656
37.6822 80.7477 0.575664
48.4486 80.7477 0.555782
59.215 80.7477 0.699825
69.9813 80.7477 0.512905
5.38318 91.514 -0.267061
16.1495 91.514 -0.354816
26.9159 91.514 -0.240552
37.6822 91.514 -0.17937
48.4486 91.514 -0.206458
59.215 91.514 -0.133684
69.9813 91.514 -0.0602927
5.38318 102.28 -0.300237
16.1495 102.28 -0.434027
26.9159 102.28 -0.34608
37.6822 102.28 -0.295084
48.4486 102.28 -0.284379
59.215 102.28 -0.219169
69.9813 102.28 -0.092741
5.38318 113.047 -0.300522
16.1495 113.047 -0.454194
26.9159 113.047 -0.457427
37.6822 113.047 -0.439999
48.4486 113.047 -0.422982
59.215 113.047 -0.332005
69.9813 113.047 -0.146962
5.38318 123.813 -0.246942
16.1495 123.813 -0.353331
26.9159 123.813 -0.324454
37.6822 123.813 -0.348118
48.4486 123.813 -0.37545
59.215 123.813 -0.322251
69.9813 123.813 -0.149193
5.38318 134.579 -0.0849133
16.1495 134.579 -0.0347757
26.9159 134.579 0.0911224
37.6822 134.579 -0.0561516
48.4486 134.579 -0.200618
59.215 134.579 -0.246852
69.9813 134.579 -0.124612
5.38318 145.346 0.417966
16.1495 145.346 1.07112
26.9159 145.346 1.36425
37.6822 145.346 0.955355
48.4486 145.346 0.250926
59.215 145.346 -0.112779
69.9813 145.346 -0.0759694
5.38318 156.112 0.953672
16.1495 156.112 1.97864
26.9159 156.112 2.46253
37.6822 156.112 1.93521
48.4486 156.112 0.967729
59.215 156.112 0.170496
69.9813 156.112 0.0129199
5.38318 166.879 1.16006
16.1495 166.879 2.35153
26.9159 166.879 2.95847
37.6822 166.879 2.44554
48.4486 166.879 1.44553
59.215 166.879 0.517973
69.9813 166.879 0.225294
5.38318 177.645 1.15949
16.1495 177.645 2.19577
26.9159 177.645 2.80726
37.6822 177.645 2.44193
48.4486 177.645 1.73927
59.215 177.645 0.892119
69.9813 177.645 0.490463
5.38318 188.411 0.92659
16.1495 188.411 1.77954
26.9159 188.411 2.32554
37.6822 188.411 2.29724
48.4486 188.411 2.00373
59.215 188.411 1.42294
69.9813 188.411 0.891208
5.38318 199.178 0.84852
16.1495 199.178 1.69332
26.9159 199.178 2.22793
37.6822 199.178 2.41934
48.4486 199.178 2.38143
59.215 199.178 1.91274
69.9813 199.178 1.24829
5.38318 209.944 0.559172
16.1495 209.944 1.23319
26.9159 209.944 1.70522
37.6822 209.944 1.98476
48.4486 209.944 2.13724
59.215 209.944 1.83926
69.9813 209.944 1.21771
