26 166
0 146 72 40
0 130 72 72
0 125 72 82
0 72 72 144
0 0 72 216
5.38318 5.38318 0.106963
16.1495 5.38318 0.192671
26.9159 5.38318 0.370107
37.6822 5.38318 0.373954
48.4486 5.38318 0.374524
59.215 5.38318 0.275398
69.9813 5.38318 0.227037
5.38318 16.1495 0.274801
16.1495 16.1495 0.78255
26.9159 16.1495 1.40425
37.6822 16.1495 1.51385
48.4486 16.1495 1.44358
59.215 16.1495 1.02754
69.9813 16.1495 0.69385
5.38318 26.9159 0.344981
16.1495 26.9159 1.20808
26.9159 26.9159 2.16479
37.6822 26.9159 2.38181
48.4486 26.9159 2.16937
59.215 26.9159 1.48214
69.9813 26.9159 0.915649
5.38318 37.6822 0.803193
16.1495 37.6822 1.97042
26.9159 37.6822 3.27638
37.6822 37.6822 3.61525
48.4486 37.6822 3.3218
59.215 37.6822 2.19742
69.9813 37.6822 1.24499
5.38318 48.4486 0.805427
16.1495 48.4486 1.93316
26.9159 48.4486 3.27709
37.6822 48.4486 3.63391
48.4486 48.4486 3.32009
59.215 48.4486 2.13278
69.9813 48.4486 1.16261
5.38318 59.215 0.555145
16.1495 59.215 1.41103
26.9159 59.215 2.51292
37.6822 59.215 2.66625
48.4486 59.215 2.35229
59.215 59.215 1.41731
69.9813 59.215 0.742053
5.38318 69.9813 0.00804525
16.1495 69.9813 0.269639
26.9159 69.9813 0.829335
37.6822 69.9813 0.771539
48.4486 69.9813 0.53859
59.215 69.9813 0.122718
69.9813 69.9813 0.0551568
5.38318 80.7477 -0.166613
16.1495 80.7477 -0.214068
26.9159 80.7477 -0.136921
37.6822 80.7477 -0.160382
48.4486 80.7477 -0.205175
59.215 80.7477 -0.227547
69.9813 80.7477 -0.10948
5.38318 91.514 -0.26517
16.1495 91.514 -0.409804
26.9159 91.514 -0.421607
37.6822 91.514 -0.451283
48.4486 91.514 -0.438517
59.215 91.514 -0.367055
69.9813 91.514 -0.161679
5.38318 102.28 -0.295192
16.1495 102.28 -0.443921
26.9159 102.28 -0.437476
37.6822 102.28 -0.429623
48.4486 102.28 -0.410032
59.215 102.28 -0.331035
69.9813 102.28 -0.145959
5.38318 113.047 -0.293937
16.1495 113.047 -0.445312
26.9159 113.047 -0.432709
37.6822 113.047 -0.420742
48.4486 113.047 -0.403179
59.215 113.047 -0.314631
69.9813 113.047 -0.141598
5.38318 123.813 -0.201957
16.1495 123.813 -0.305828
26.9159 123.813 -0.252202
37.6822 123.813 -0.243043
48.4486 123.813 -0.237007
59.215 123.813 -0.168489
69.9813 123.813 -0.0536808
5.38318 134.579 0.116948
16.1495 134.579 0.215098
26.9159 134.579 0.5547
37.6822 134.579 0.546704
48.4486 134.579 0.543078
59.215 134.579 0.477656
69.9813 134.579 0.415607
5.38318 145.346 1.0105
16.1495 145.346 1.68463
26.9159 145.346 2.16684
37.6822 145.346 2.1027
48.4486 145.346 2.13154
59.215 145.346 1.78087
69.9813 145.346 1.2137
5.38318 156.112 1.86198
16.1495 156.112 3.15019
26.9159 156.112 3.8603
37.6822 156.112 3.72576
48.4486 156.112 3.81343
59.215 156.112 3.18517
69.9813 156.112 2.07731
5.38318 166.879 2.31716
16.1495 166.879 4.00724
26.9159 166.879 4.71504
37.6822 166.879 4.42292
48.4486 166.879 4.43714
59.215 166.879 3.73969
69.9813 166.879 2.41566
5.38318 177.645 2.02442
16.1495 177.645 3.49907
26.9159 177.645 3.99695
37.6822 177.645 3.68524
48.4486 177.645 3.50622
59.215 177.645 2.99657
69.9813 177.645 1.93798
5.38318 188.411 1.3433
16.1495 188.411 2.39664
26.9159 188.411 2.73628
37.6822 188.411 2.42472
48.4486 188.411 2.12411
59.215 188.411 1.94383
69.9813 188.411 1.31783
5.38318 199.178 1.03634
16.1495 199.178 1.94412
26.9159 199.178 2.29896
37.6822 199.178 2.10289
48.4486 199.178 1.73924
59.215 199.178 1.7404
69.9813 199.178 1.20781
5.38318 209.944 0.688547
16.1495 209.944 1.29908
26.9159 209.944 1.55285
37.6822 209.944 1.42792
48.4486 209.944 1.23952
59.215 209.944 1.30198
69.9813 209.944 0.949126
