37 26
0 6 72 40
0 0 72 72
0 0 72 82
0 0 72 144
0 0 72 216
5.38318 5.38318 0.233075
16.1495 5.38318 0.763975
26.9159 5.38318 1.75811
37.6822 5.38318 2.09197
48.4486 5.38318 1.59358
59.215 5.38318 0.929884
69.9813 5.38318 0.354737
5.38318 16.1495 0.432696
16.1495 16.1495 1.56935
26.9159 16.1495 3.29819
37.6822 16.1495 3.98311
48.4486 16.1495 3.17057
59.215 16.1495 1.96776
69.9813 16.1495 0.866601
5.38318 26.9159 0.509693
16.1495 26.9159 1.84453
26.9159 26.9159 3.83191
37.6822 26.9159 4.68378
48.4486 26.9159 3.80207
59.215 26.9159 2.39923
69.9813 26.9159 1.04846
5.38318 37.6822 0.83492
16.1495 37.6822 1.7613
26.9159 37.6822 2.92462
37.6822 37.6822 3.29728
48.4486 37.6822 2.75964
59.215 37.6822 2.0301
69.9813 37.6822 1.10013
5.38318 48.4486 0.807356
16.1495 48.4486 1.09483
26.9159 48.4486 1.43095
37.6822 48.4486 1.24147
48.4486 48.4486 1.08039
59.215 48.4486 1.11582
69.9813 48.4486 0.883382
5.38318 59.215 0.32953
16.1495 59.215 0.227157
26.9159 59.215 0.249538
37.6822 59.215 -0.0800812
48.4486 59.215 -0.138892
59.215 59.215 0.138109
69.9813 59.215 0.381937
5.38318 69.9813 -0.249488
16.1495 69.9813 -0.486795
26.9159 69.9813 -0.473377
37.6822 69.9813 -0.526217
48.4486 69.9813 -0.474366
59.215 69.9813 -0.269556
69.9813 69.9813 -0.036839
5.38318 80.7477 -0.418345
16.1495 80.7477 -0.712369
26.9159 80.7477 -0.729084
37.6822 80.7477 -0.760956
48.4486 80.7477 -0.699472
59.215 80.7477 -0.454526
69.9813 80.7477 -0.143752
5.38318 91.514 -0.537667
16.1495 91.514 -0.870952
26.9159 91.514 -0.909303
37.6822 91.514 -0.929763
48.4486 91.514 -0.855489
59.215 91.514 -0.605093
69.9813 91.514 -0.23496
5.38318 102.28 -0.555026
16.1495 102.28 -0.887489
26.9159 102.28 -0.946488
37.6822 102.28 -0.94817
48.4486 102.28 -0.895922
59.215 102.28 -0.667099
69.9813 102.28 -0.274412
5.38318 113.047 -0.585624
16.1495 113.047 -0.937292
26.9159 113.047 -1.02037
37.6822 113.047 -1.02044
48.4486 113.047 -0.965823
59.215 113.047 -0.763163
69.9813 113.047 -0.328642
5.38318 123.813 -0.580816
16.1495 123.813 -0.919724
26.9159 123.813 -0.986884
37.6822 123.813 -0.979451
48.4486 123.813 -0.933188
59.215 123.813 -0.7326
69.9813 123.813 -0.32059
5.38318 134.579 -0.556725
16.1495 134.579 -0.826846
26.9159 134.579 -0.731179
37.6822 134.579 -0.623122
48.4486 134.579 -0.664062
59.215 134.579 -0.553071
69.9813 134.579 -0.270588
5.38318 145.346 -0.455086
16.1495 145.346 -0.467049
26.9159 145.346 -0.0227841
37.6822 145.346 0.538304
48.4486 145.346 0.0107648
59.215 145.346 -0.154941
69.9813 145.346 -0.130563
5.38318 156.112 -0.18024
16.1495 156.112 0.415076
26.9159 156.112 2.09608
37.6822 156.112 2.80776
48.4486 156.112 2.03049
59.215 156.112 1.01935
69.9813 156.112 0.279957
5.38318 166.879 0.325759
16.1495 166.879 1.43192
26.9159 166.879 3.20609
37.6822 166.879 3.91327
48.4486 166.879 3.12605
59.215 166.879 1.96106
69.9813 166.879 0.779309
5.38318 177.645 0.914203
16.1495 177.645 1.98526
26.9159 177.645 3.17146
37.6822 177.645 3.53467
48.4486 177.645 2.97502
59.215 177.645 2.094
69.9813 177.645 1.11998
5.38318 188.411 1.05881
16.1495 188.411 1.57008
26.9159 188.411 2.03476
37.6822 188.411 1.87717
48.4486 188.411 1.72617
59.215 188.411 1.50288
69.9813 188.411 1.08934
5.38318 199.178 0.695208
16.1495 199.178 0.927242
26.9159 199.178 1.09818
37.6822 199.178 0.806378
48.4486 199.178 0.800216
59.215 199.178 0.821593
69.9813 199.178 0.756681
5.38318 209.944 0.133234
16.1495 209.944 0.161333
26.9159 209.944 0.350424
37.6822 209.944 0.230287
48.4486 209.944 0.236157
59.215 209.944 0.311202
69.9813 209.944 0.35344
