37 59
0 39 72 40
0 23 72 72
0 18 72 82
0 0 72 144
0 0 72 216
5.38318 5.38318 0.0560949
16.1495 5.38318 0.247431
26.9159 5.38318 0.691739
37.6822 5.38318 1.29413
48.4486 5.38318 1.46898
59.215 5.38318 1.3579
69.9813 5.38318 0.808652
5.38318 16.1495 0.197556
16.1495 16.1495 0.797604
26.9159 16.1495 1.69684
37.6822 16.1495 2.46608
48.4486 16.1495 2.68245
59.215 16.1495 2.34354
69.9813 16.1495 1.41156
5.38318 26.9159 0.461058
16.1495 26.9159 1.41917
26.9159 26.9159 2.47716
37.6822 26.9159 3.21469
48.4486 26.9159 3.23653
59.215 26.9159 2.6524
69.9813 26.9159 1.52594
5.38318 37.6822 0.991033
16.1495 37.6822 2.26407
26.9159 37.6822 3.42386
37.6822 37.6822 3.68182
48.4486 37.6822 3.21075
59.215 37.6822 2.18395
69.9813 37.6822 1.16741
5.38318 48.4486 1.30592
16.1495 48.4486 2.81907
26.9159 48.4486 4.01805
37.6822 48.4486 3.98895
48.4486 48.4486 3.40308
59.215 48.4486 2.28455
69.9813 48.4486 1.28614
5.38318 59.215 1.1289
16.1495 59.215 2.50708
26.9159 59.215 3.99496
37.6822 59.215 4.52438
48.4486 59.215 4.42687
59.215 59.215 3.30096
69.9813 59.215 1.90565
5.38318 69.9813 0.609468
16.1495 69.9813 1.65394
26.9159 69.9813 3.08241
37.6822 69.9813 3.90078
48.4486 69.9813 4.21688
59.215 69.9813 3.36793
69.9813 69.9813 2.02049
5.38318 80.7477 -0.016498
16.1495 80.7477 0.421032
26.9159 80.7477 1.52609
37.6822 80.7477 2.12717
48.4486 80.7477 2.43417
59.215 80.7477 2.05574
69.9813 80.7477 1.30536
5.38318 91.514 -0.219921
16.1495 91.514 -0.287172
26.9159 91.514 -0.152499
37.6822 91.514 -0.130227
48.4486 91.514 -0.144007
59.215 91.514 -0.134617
69.9813 91.514 -0.0213675
5.38318 102.28 -0.289966
16.1495 102.28 -0.440674
26.9159 102.28 -0.428993
37.6822 102.28 -0.43188
48.4486 102.28 -0.430939
59.215 102.28 -0.340355
69.9813 102.28 -0.151794
5.38318 113.047 -0.286378
16.1495 113.047 -0.432697
26.9159 113.047 -0.411827
37.6822 113.047 -0.388168
48.4486 113.047 -0.348551
59.215 113.047 -0.254236
69.9813 113.047 -0.0968881
5.38318 123.813 -0.199739
16.1495 123.813 -0.274704
26.9159 123.813 -0.186921
37.6822 123.813 -0.101534
48.4486 123.813 -0.0270749
59.215 123.813 0.0502798
69.9813 123.813 0.205926
5.38318 134.579 -0.0361146
16.1495 134.579 -0.0265171
26.9159 134.579 0.288232
37.6822 134.579 0.609915
48.4486 134.579 0.982553
59.215 134.579 1.006
69.9813 134.579 0.860539
5.38318 145.346 0.315909
16.1495 145.346 0.632828
26.9159 145.346 1.10364
37.6822 145.346 1.59306
48.4486 145.346 2.13869
59.215 145.346 2.15359
69.9813 145.346 1.61339
5.38318 156.112 0.61128
16.1495 156.112 1.01352
26.9159 156.112 1.43249
37.6822 156.112 1.76577
48.4486 156.112 2.43574
59.215 156.112 2.64771
69.9813 156.112 2.03873
5.38318 166.879 0.826503
16.1495 166.879 1.09737
26.9159 166.879 1.33248
37.6822 166.879 1.27561
48.4486 166.879 1.85804
59.215 166.879 2.22902
69.9813 166.879 1.80098
5.38318 177.645 1.00123
16.1495 177.645 1.10635
26.9159 177.645 0.977092
37.6822 177.645 0.337138
48.4486 177.645 0.34985
59.215 177.645 0.862435
69.9813 177.645 0.919893
5.38318 188.411 1.36865
16.1495 188.411 1.5961
26.9159 188.411 1.12223
37.6822 188.411 0.121235
48.4486 188.411 -0.0923406
59.215 188.411 0.177864
69.9813 188.411 0.448063
5.38318 199.178 1.60041
16.1495 199.178 1.99922
26.9159 199.178 1.52506
37.6822 199.178 0.451374
48.4486 199.178 -0.0396621
59.215 199.178 0.0868346
69.9813 199.178 0.334434
5.38318 209.944 1.25771
16.1495 209.944 1.71823
26.9159 209.944 1.48717
37.6822 209.944 0.815835
48.4486 209.944 0.338577
59.215 209.944 0.332086
69.9813 209.944 0.369466
