37 156
0 136 72 40
0 120 72 72
0 115 72 82
0 72 72 144
0 0 72 216
5.38318 5.38318 0.826796
16.1495 5.38318 1.22887
26.9159 5.38318 1.38322
37.6822 5.38318 1.3596
48.4486 5.38318 1.4434
59.215 5.38318 1.2486
69.9813 5.38318 0.823483
5.38318 16.1495 1.30449
16.1495 16.1495 2.05992
26.9159 16.1495 2.39215
37.6822 16.1495 2.39644
48.4486 16.1495 2.56617
59.215 16.1495 2.30647
69.9813 16.1495 1.55952
5.38318 26.9159 1.3436
16.1495 26.9159 2.15524
26.9159 26.9159 2.67051
37.6822 26.9159 2.69846
48.4486 26.9159 2.88158
59.215 26.9159 2.6095
69.9813 26.9159 1.79565
5.38318 37.6822 0.955262
16.1495 37.6822 1.6459
26.9159 37.6822 2.26885
37.6822 37.6822 2.4845
48.4486 37.6822 2.56075
59.215 37.6822 2.17059
69.9813 37.6822 1.40773
5.38318 48.4486 0.699025
16.1495 48.4486 1.22869
26.9159 48.4486 1.99213
37.6822 48.4486 2.19491
48.4486 48.4486 2.15185
59.215 48.4486 1.54624
69.9813 48.4486 0.912725
5.38318 59.215 0.450878
16.1495 59.215 0.618568
26.9159 59.215 1.02832
37.6822 59.215 0.860973
48.4486 59.215 1.02138
59.215 59.215 0.660889
69.9813 59.215 0.58318
5.38318 69.9813 -0.00128206
16.1495 69.9813 -0.169596
26.9159 69.9813 -0.128929
37.6822 69.9813 -0.303917
48.4486 69.9813 -0.134779
59.215 69.9813 -0.112006
69.9813 69.9813 0.24116
5.38318 80.7477 -0.291027
16.1495 80.7477 -0.581621
26.9159 80.7477 -0.642049
37.6822 80.7477 -0.755274
48.4486 80.7477 -0.596167
59.215 80.7477 -0.438976
69.9813 80.7477 -0.0992333
5.38318 91.514 -0.530474
16.1495 91.514 -0.882012
26.9159 91.514 -0.996854
37.6822 91.514 -1.0103
48.4486 91.514 -0.926013
59.215 91.514 -0.686629
69.9813 91.514 -0.258926
5.38318 102.28 -0.58054
16.1495 102.28 -0.939805
26.9159 102.28 -1.04214
37.6822 102.28 -1.04844
48.4486 102.28 -0.985607
59.215 102.28 -0.774623
69.9813 102.28 -0.325441
5.38318 113.047 -0.576552
16.1495 113.047 -0.913172
26.9159 113.047 -0.981799
37.6822 113.047 -0.972476
48.4486 113.047 -0.923419
59.215 113.047 -0.713534
69.9813 113.047 -0.307016
5.38318 123.813 -0.509202
16.1495 123.813 -0.715028
26.9159 123.813 -0.582011
37.6822 123.813 -0.488836
48.4486 123.813 -0.489066
59.215 123.813 -0.423701
69.9813 123.813 -0.175273
5.38318 134.579 -0.351007
16.1495 134.579 -0.324147
26.9159 134.579 0.180142
37.6822 134.579 0.784599
48.4486 134.579 0.684411
59.215 134.579 0.307926
69.9813 134.579 0.239784
5.38318 145.346 -0.0652961
16.1495 145.346 0.739557
26.9159 145.346 2.20055
37.6822 145.346 3.00454
48.4486 145.346 2.74732
59.215 145.346 1.84681
69.9813 145.346 0.964833
5.38318 156.112 0.116713
16.1495 156.112 1.21569
26.9159 156.112 2.82118
37.6822 156.112 3.92881
48.4486 156.112 3.76767
59.215 156.112 2.69732
69.9813 156.112 1.46574
5.38318 166.879 0.245736
16.1495 166.879 1.34148
26.9159 166.879 2.72727
37.6822 166.879 3.63874
48.4486 166.879 3.41976
59.215 166.879 2.54716
69.9813 166.879 1.46269
5.38318 177.645 -0.0133677
16.1495 177.645 0.693271
26.9159 177.645 1.86051
37.6822 177.645 2.34786
48.4486 177.645 2.15242
59.215 177.645 1.63682
69.9813 177.645 1.04188
5.38318 188.411 -0.0923966
16.1495 188.411 0.535922
26.9159 188.411 1.6167
37.6822 188.411 1.96206
48.4486 188.411 1.36263
59.215 188.411 0.695235
69.9813 188.411 0.428558
5.38318 199.178 -0.179632
16.1495 199.178 0.18234
26.9159 199.178 1.09646
37.6822 199.178 1.36839
48.4486 199.178 0.756381
59.215 199.178 0.0587492
69.9813 199.178 0.050037
5.38318 209.944 -0.155071
16.1495 209.944 0.0634225
26.9159 209.944 0.676988
37.6822 209.944 0.835459
48.4486 209.944 0.362227
59.215 209.944 -0.0739166
69.9813 209.944 -0.0064807
