37 188
0 168 72 40
0 144 72 72
0 134 72 82
0 72 72 144
0 0 72 216
5.38318 5.38318 0.108108
16.1495 5.38318 0.437846
26.9159 5.38318 1.19689
37.6822 5.38318 1.40865
48.4486 5.38318 1.10282
59.215 5.38318 0.587956
69.9813 5.38318 0.199531
5.38318 16.1495 0.145096
16.1495 16.1495 0.83824
26.9159 16.1495 2.12875
37.6822 16.1495 2.55059
48.4486 16.1495 2.11436
59.215 16.1495 1.3037
69.9813 16.1495 0.519743
5.38318 26.9159 -0.0383047
16.1495 26.9159 0.553997
26.9159 26.9159 2.01486
37.6822 26.9159 2.58464
48.4486 26.9159 2.24249
59.215 26.9159 1.3528
69.9813 26.9159 0.506707
5.38318 37.6822 0.0655099
16.1495 37.6822 0.584139
26.9159 37.6822 1.78729
37.6822 37.6822 2.26463
48.4486 37.6822 2.1867
59.215 37.6822 1.48878
69.9813 37.6822 0.729976
5.38318 48.4486 0.106055
16.1495 48.4486 0.635945
26.9159 48.4486 1.72759
37.6822 48.4486 2.31611
48.4486 48.4486 2.42346
59.215 48.4486 1.72018
69.9813 48.4486 0.950661
5.38318 59.215 0.0353211
16.1495 59.215 0.651145
26.9159 59.215 1.70025
37.6822 59.215 2.47517
48.4486 59.215 2.66734
59.215 59.215 1.9127
69.9813 59.215 1.06399
5.38318 69.9813 -0.0603725
16.1495 69.9813 0.365147
26.9159 69.9813 1.2411
37.6822 69.9813 1.95047
48.4486 69.9813 2.09938
59.215 69.9813 1.50482
69.9813 69.9813 0.838084
5.38318 80.7477 -0.174262
16.1495 80.7477 -0.115068
26.9159 80.7477 0.326918
37.6822 80.7477 0.777691
48.4486 80.7477 0.844421
59.215 80.7477 0.522244
69.9813 80.7477 0.326791
5.38318 91.514 -0.25529
16.1495 91.514 -0.35687
26.9159 91.514 -0.295997
37.6822 91.514 -0.30189
48.4486 91.514 -0.303243
59.215 91.514 -0.294996
69.9813 91.514 -0.13556
5.38318 102.28 -0.290399
16.1495 102.28 -0.443272
26.9159 102.28 -0.432357
37.6822 102.28 -0.443949
48.4486 102.28 -0.431124
59.215 102.28 -0.35613
69.9813 102.28 -0.159314
5.38318 113.047 -0.282027
16.1495 113.047 -0.425811
26.9159 113.047 -0.412766
37.6822 113.047 -0.419225
48.4486 113.047 -0.418057
59.215 113.047 -0.332621
69.9813 113.047 -0.148094
5.38318 123.813 -0.201906
16.1495 123.813 -0.292793
26.9159 123.813 -0.246868
37.6822 123.813 -0.25974
48.4486 123.813 -0.263014
59.215 123.813 -0.203411
69.9813 123.813 -0.0747338
5.38318 134.579 -0.0645721
16.1495 134.579 -0.0663621
26.9159 134.579 0.023119
37.6822 134.579 -0.0189446
48.4486 134.579 -0.0147156
59.215 134.579 0.00926306
69.9813 134.579 0.137894
5.38318 145.346 0.183502
16.1495 145.346 0.408306
26.9159 145.346 0.685645
37.6822 145.346 0.680402
48.4486 145.346 0.796848
59.215 145.346 0.694611
69.9813 145.346 0.55924
5.38318 156.112 0.451405
16.1495 156.112 0.98727
26.9159 156.112 1.55688
37.6822 156.112 1.56634
48.4486 156.112 1.71551
59.215 156.112 1.33164
69.9813 156.112 0.956051
5.38318 166.879 0.652473
16.1495 166.879 1.46367
26.9159 166.879 2.36964
37.6822 166.879 2.35642
48.4486 166.879 2.42227
59.215 166.879 1.82782
69.9813 166.879 1.25342
5.38318 177.645 0.841975
16.1495 177.645 2.06058
26.9159 177.645 3.46332
37.6822 177.645 3.53209
48.4486 177.645 3.40681
59.215 177.645 2.24967
69.9813 177.645 1.41115
5.38318 188.411 0.851397
16.1495 188.411 2.23396
26.9159 188.411 3.89502
37.6822 188.411 4.17756
48.4486 188.411 3.97433
59.215 188.411 2.5836
69.9813 188.411 1.54189
5.38318 199.178 0.731831
16.1495 199.178 1.84914
26.9159 199.178 3.1436
37.6822 199.178 3.31455
48.4486 199.178 3.12329
59.215 199.178 2.03557
69.9813 199.178 1.29294
5.38318 209.944 0.332446
16.1495 209.944 0.824653
26.9159 209.944 1.31495
37.6822 209.944 1.29006
48.4486 209.944 1.2508
59.215 209.944 0.956657
69.9813 209.944 0.735838
