37 188
0 168 72 40
0 144 72 72
0 134 72 82
0 72 72 144
0 0 72 216
5.38318 5.38318 0.571149
16.1495 5.38318 0.96325
26.9159 5.38318 1.49419
37.6822 5.38318 1.7175
48.4486 5.38318 1.62935
59.215 5.38318 1.17267
69.9813 5.38318 0.66211
5.38318 16.1495 1.01251
16.1495 16.1495 1.88475
26.9159 16.1495 2.84004
37.6822 16.1495 3.20227
48.4486 16.1495 3.01697
59.215 16.1495 2.21143
69.9813 16.1495 1.25952
5.38318 26.9159 1.17009
16.1495 26.9159 2.26192
26.9159 26.9159 3.40015
37.6822 26.9159 3.63653
48.4486 26.9159 3.38166
59.215 26.9159 2.513
69.9813 26.9159 1.53201
5.38318 37.6822 1.12435
16.1495 37.6822 2.14609
26.9159 37.6822 3.12125
37.6822 37.6822 3.11227
48.4486 37.6822 2.92838
59.215 37.6822 2.41369
69.9813 37.6822 1.66442
5.38318 48.4486 0.679119
16.1495 48.4486 1.37098
26.9159 48.4486 2.24843
37.6822 48.4486 2.21192
48.4486 48.4486 2.28346
59.215 48.4486 2.13703
69.9813 48.4486 1.61721
5.38318 59.215 0.468623
16.1495 59.215 0.731056
26.9159 59.215 1.01836
37.6822 59.215 0.827903
48.4486 59.215 1.05816
59.215 59.215 1.41912
69.9813 59.215 1.31088
5.38318 69.9813 0.244041
16.1495 69.9813 0.213121
26.9159 69.9813 0.0526476
37.6822 69.9813 -0.188609
48.4486 69.9813 -0.153359
59.215 69.9813 0.248453
69.9813 69.9813 0.588974
5.38318 80.7477 -0.170035
16.1495 80.7477 -0.320804
26.9159 80.7477 -0.456432
37.6822 80.7477 -0.595774
48.4486 80.7477 -0.607386
59.215 80.7477 -0.401394
69.9813 80.7477 -0.08568
5.38318 91.514 -0.491914
16.1495 91.514 -0.792824
26.9159 91.514 -0.853173
37.6822 91.514 -0.890735
48.4486 91.514 -0.86992
59.215 91.514 -0.671686
69.9813 91.514 -0.27837
5.38318 102.28 -0.568856
16.1495 102.28 -0.898908
26.9159 102.28 -0.962511
37.6822 102.28 -0.950914
48.4486 102.28 -0.909313
59.215 102.28 -0.703817
69.9813 102.28 -0.309655
5.38318 113.047 -0.552312
16.1495 113.047 -0.878689
26.9159 113.047 -0.950797
37.6822 113.047 -0.952845
48.4486 113.047 -0.90684
59.215 113.047 -0.685316
69.9813 113.047 -0.287005
5.38318 123.813 -0.492057
16.1495 123.813 -0.756976
26.9159 123.813 -0.75144
37.6822 123.813 -0.745195
48.4486 123.813 -0.687524
59.215 123.813 -0.493557
69.9813 123.813 -0.176511
5.38318 134.579 -0.212269
16.1495 134.579 -0.317224
26.9159 134.579 -0.288875
37.6822 134.579 -0.316999
48.4486 134.579 -0.287376
59.215 134.579 -0.135598
69.9813 134.579 0.121737
5.38318 145.346 0.0713135
16.1495 145.346 0.245279
26.9159 145.346 0.537405
37.6822 145.346 0.634251
48.4486 145.346 0.797252
59.215 145.346 0.899067
69.9813 145.346 0.769753
5.38318 156.112 0.807603
16.1495 156.112 1.46589
26.9159 156.112 1.97333
37.6822 156.112 2.00069
48.4486 156.112 2.08019
59.215 156.112 1.86504
69.9813 156.112 1.30717
5.38318 166.879 0.961976
16.1495 166.879 1.88032
26.9159 166.879 2.7348
37.6822 166.879 2.83938
48.4486 166.879 2.89812
59.215 166.879 2.31751
69.9813 166.879 1.54484
5.38318 177.645 1.24014
16.1495 177.645 2.60939
26.9159 177.645 4.01583
37.6822 177.645 4.11556
48.4486 177.645 3.72089
59.215 177.645 2.49885
69.9813 177.645 1.5201
5.38318 188.411 1.11087
16.1495 188.411 2.77581
26.9159 188.411 4.70762
37.6822 188.411 4.96733
48.4486 188.411 4.11434
59.215 188.411 2.46423
69.9813 188.411 1.33504
5.38318 199.178 0.90581
16.1495 199.178 2.51946
26.9159 199.178 4.28233
37.6822 199.178 4.39572
48.4486 199.178 3.28122
59.215 199.178 1.8337
69.9813 199.178 0.88168
5.38318 209.944 0.245232
16.1495 209.944 1.05808
26.9159 209.944 1.94901
37.6822 209.944 1.90058
48.4486 209.944 1.31196
59.215 209.944 0.65571
69.9813 209.944 0.374527
