48 26
0 6 72 40
0 0 72 72
0 0 72 82
0 0 72 144
0 0 72 216
5.38318 5.38318 0.135654
16.1495 5.38318 0.383156
26.9159 5.38318 1.11851
37.6822 5.38318 1.51603
48.4486 5.38318 1.57091
59.215 5.38318 1.1541
69.9813 5.38318 0.624791
5.38318 16.1495 0.198518
16.1495 16.1495 0.886455
26.9159 16.1495 2.38447
37.6822 16.1495 3.23086
48.4486 16.1495 3.31629
59.215 16.1495 2.37491
69.9813 16.1495 1.25166
5.38318 26.9159 0.0511134
16.1495 26.9159 0.962782
26.9159 26.9159 2.90752
37.6822 26.9159 4.19451
48.4486 26.9159 4.34825
59.215 26.9159 3.1839
69.9813 26.9159 1.64663
5.38318 37.6822 0.296515
16.1495 37.6822 1.21169
26.9159 37.6822 2.87743
37.6822 37.6822 3.88612
48.4486 37.6822 3.88094
59.215 37.6822 2.84144
69.9813 37.6822 1.48613
5.38318 48.4486 0.407415
16.1495 48.4486 0.891541
26.9159 48.4486 1.88037
37.6822 48.4486 2.19662
48.4486 48.4486 2.24119
59.215 48.4486 1.83559
69.9813 48.4486 1.14758
5.38318 59.215 0.629173
16.1495 59.215 0.990487
26.9159 59.215 1.63291
37.6822 59.215 1.38915
48.4486 59.215 1.54961
59.215 59.215 1.34131
69.9813 59.215 1.09719
5.38318 69.9813 0.525813
16.1495 69.9813 0.703419
26.9159 69.9813 1.17057
37.6822 69.9813 0.837785
48.4486 69.9813 1.1518
59.215 69.9813 1.10557
69.9813 69.9813 1.06034
5.38318 80.7477 0.0378364
16.1495 80.7477 0.0353492
26.9159 80.7477 0.536745
37.6822 80.7477 0.387481
48.4486 80.7477 0.686354
59.215 80.7477 0.648491
69.9813 80.7477 0.711855
5.38318 91.514 -0.243538
16.1495 91.514 -0.371303
26.9159 91.514 -0.259349
37.6822 91.514 -0.220342
48.4486 91.514 -0.122951
59.215 91.514 -0.0526968
69.9813 91.514 0.202491
5.38318 102.28 -0.291874
16.1495 102.28 -0.415073
26.9159 102.28 -0.319617
37.6822 102.28 -0.270458
48.4486 102.28 -0.24471
59.215 102.28 -0.190115
69.9813 102.28 -0.0569506
5.38318 113.047 -0.299652
16.1495 113.047 -0.451752
26.9159 113.047 -0.452247
37.6822 113.047 -0.434549
48.4486 113.047 -0.413762
59.215 113.047 -0.32404
69.9813 113.047 -0.140891
5.38318 123.813 -0.261756
16.1495 123.813 -0.375841
26.9159 123.813 -0.339785
37.6822 123.813 -0.337404
48.4486 123.813 -0.341591
59.215 123.813 -0.291433
69.9813 123.813 -0.128801
5.38318 134.579 -0.116807
16.1495 134.579 -0.0900165
26.9159 134.579 0.0288737
37.6822 134.579 -0.0379518
48.4486 134.579 -0.121643
59.215 134.579 -0.199548
69.9813 134.579 -0.0840624
5.38318 145.346 0.299815
16.1495 145.346 0.868733
26.9159 145.346 1.29293
37.6822 145.346 1.04546
48.4486 145.346 0.561419
59.215 145.346 -0.020179
69.9813 145.346 -0.00563988
5.38318 156.112 0.878929
16.1495 156.112 1.892
26.9159 156.112 2.53138
37.6822 156.112 2.15718
48.4486 156.112 1.34212
59.215 156.112 0.340322
69.9813 156.112 0.118597
5.38318 166.879 1.13143
16.1495 166.879 2.42621
26.9159 166.879 3.29302
37.6822 166.879 2.93339
48.4486 166.879 1.83581
59.215 166.879 0.69794
69.9813 166.879 0.238613
5.38318 177.645 1.21478
16.1495 177.645 2.5131
26.9159 177.645 3.41304
37.6822 177.645 3.11991
48.4486 177.645 2.12389
59.215 177.645 1.02838
69.9813 177.645 0.461226
5.38318 188.411 1.05365
16.1495 188.411 2.15549
26.9159 188.411 2.97472
37.6822 188.411 2.99031
48.4486 188.411 2.44832
59.215 188.411 1.64165
69.9813 188.411 0.960118
5.38318 199.178 1.09796
16.1495 199.178 2.13262
26.9159 199.178 2.71775
37.6822 199.178 2.88004
48.4486 199.178 2.77817
59.215 199.178 2.24894
69.9813 199.178 1.48299
5.38318 209.944 0.877761
16.1495 209.944 1.73178
26.9159 209.944 2.16834
37.6822 209.944 2.29445
48.4486 209.944 2.42097
59.215 209.944 2.15341
69.9813 209.944 1.50517
