37 177
0 157 72 40
0 141 72 72
0 134 72 82
0 72 72 144
0 0 72 216
5.38318 5.38318 0.158044
16.1495 5.38318 0.472261
26.9159 5.38318 1.10384
37.6822 5.38318 1.2262
48.4486 5.38318 0.888295
59.215 5.38318 0.442607
69.9813 5.38318 0.134744
5.38318 16.1495 0.238207
16.1495 16.1495 0.921007
26.9159 16.1495 1.94349
37.6822 16.1495 2.13902
48.4486 16.1495 1.62987
59.215 16.1495 0.860234
69.9813 16.1495 0.31512
5.38318 26.9159 0.0257694
16.1495 26.9159 0.69619
26.9159 26.9159 1.76362
37.6822 26.9159 2.08045
48.4486 26.9159 1.47955
59.215 26.9159 0.628196
69.9813 26.9159 0.0662031
5.38318 37.6822 0.280342
16.1495 37.6822 0.931184
26.9159 37.6822 1.70141
37.6822 37.6822 1.87023
48.4486 37.6822 1.40136
59.215 37.6822 0.691278
69.9813 37.6822 0.230726
5.38318 48.4486 0.517629
16.1495 48.4486 1.35762
26.9159 48.4486 2.01581
37.6822 48.4486 2.1128
48.4486 48.4486 1.71747
59.215 48.4486 0.942505
69.9813 48.4486 0.464517
5.38318 59.215 0.677585
16.1495 59.215 1.6269
26.9159 59.215 2.34863
37.6822 59.215 2.62635
48.4486 59.215 2.36736
59.215 59.215 1.63851
69.9813 59.215 0.961154
5.38318 69.9813 0.496818
16.1495 69.9813 1.34578
26.9159 69.9813 2.00753
37.6822 69.9813 2.40284
48.4486 69.9813 2.34444
59.215 69.9813 1.74532
69.9813 69.9813 1.07067
5.38318 80.7477 0.0674749
16.1495 80.7477 0.47367
26.9159 80.7477 0.836595
37.6822 80.7477 1.2717
48.4486 80.7477 1.4157
59.215 80.7477 1.223
69.9813 80.7477 0.844515
5.38318 91.514 -0.213945
16.1495 91.514 -0.271349
26.9159 91.514 -0.243819
37.6822 91.514 -0.162677
48.4486 91.514 -0.096473
59.215 91.514 -0.0173698
69.9813 91.514 0.183921
5.38318 102.28 -0.284292
16.1495 102.28 -0.424408
26.9159 102.28 -0.41543
37.6822 102.28 -0.404795
48.4486 102.28 -0.396804
59.215 102.28 -0.30747
69.9813 102.28 -0.131851
5.38318 113.047 -0.300388
16.1495 113.047 -0.455697
26.9159 113.047 -0.462188
37.6822 113.047 -0.447319
48.4486 113.047 -0.431477
59.215 113.047 -0.344258
69.9813 113.047 -0.15342
5.38318 123.813 -0.299021
16.1495 123.813 -0.452024
26.9159 123.813 -0.452344
37.6822 123.813 -0.435424
48.4486 123.813 -0.410408
59.215 123.813 -0.318228
69.9813 123.813 -0.138394
5.38318 134.579 -0.27509
16.1495 134.579 -0.395194
26.9159 134.579 -0.334394
37.6822 134.579 -0.282052
48.4486 134.579 -0.24948
59.215 134.579 -0.180413
69.9813 134.579 -0.0643921
5.38318 145.346 -0.136689
16.1495 145.346 -0.117364
26.9159 145.346 0.147615
37.6822 145.346 0.376572
48.4486 145.346 0.359157
59.215 145.346 0.273099
69.9813 145.346 0.223728
5.38318 156.112 0.20855
16.1495 156.112 0.774384
26.9159 156.112 1.65576
37.6822 156.112 1.95186
48.4486 156.112 1.78968
59.215 156.112 1.25183
69.9813 156.112 0.706137
5.38318 166.879 0.768643
16.1495 166.879 1.86925
26.9159 166.879 3.34957
37.6822 166.879 3.74715
48.4486 166.879 3.27652
59.215 166.879 2.07454
69.9813 166.879 1.06561
5.38318 177.645 0.937999
16.1495 177.645 2.38772
26.9159 177.645 4.36821
37.6822 177.645 4.91049
48.4486 177.645 4.24157
59.215 177.645 2.55655
69.9813 177.645 1.24239
5.38318 188.411 0.906568
16.1495 188.411 2.23858
26.9159 188.411 4.0041
37.6822 188.411 4.41194
48.4486 188.411 3.65949
59.215 188.411 2.13206
69.9813 188.411 0.998909
5.38318 199.178 0.446678
16.1495 199.178 1.47622
26.9159 199.178 2.56737
37.6822 199.178 3.0091
48.4486 199.178 2.44439
59.215 199.178 1.54319
69.9813 199.178 0.758599
5.38318 209.944 0.344352
16.1495 209.944 1.11986
26.9159 209.944 1.83626
37.6822 209.944 2.23496
48.4486 209.944 1.79483
59.215 209.944 1.18321
69.9813 209.944 0.580328
