37 177
0 157 72 40
0 141 72 72
0 134 72 82
0 72 72 144
0 0 72 216
5.38318 5.38318 0.565617
16.1495 5.38318 0.834574
26.9159 5.38318 1.025
37.6822 5.38318 0.984546
48.4486 5.38318 1.00224
59.215 5.38318 0.788326
69.9813 5.38318 0.540114
5.38318 16.1495 0.986665
16.1495 16.1495 1.67991
26.9159 16.1495 2.17946
37.6822 16.1495 2.25588
48.4486 16.1495 2.26404
59.215 16.1495 1.81207
69.9813 16.1495 1.17791
5.38318 26.9159 1.12553
16.1495 26.9159 2.06198
26.9159 26.9159 2.92091
37.6822 26.9159 3.12903
48.4486 26.9159 3.05389
59.215 26.9159 2.35181
69.9813 26.9159 1.48067
5.38318 37.6822 1.23159
16.1495 37.6822 2.43763
26.9159 37.6822 3.80278
37.6822 37.6822 4.05499
48.4486 37.6822 3.73094
59.215 37.6822 2.57689
69.9813 37.6822 1.52192
5.38318 48.4486 0.929829
16.1495 48.4486 2.19974
26.9159 48.4486 3.71651
37.6822 48.4486 3.88224
48.4486 48.4486 3.40093
59.215 48.4486 2.07217
69.9813 48.4486 1.14843
5.38318 59.215 0.14541
16.1495 59.215 0.923123
26.9159 59.215 2.44138
37.6822 59.215 2.53363
48.4486 59.215 2.19106
59.215 59.215 0.918809
69.9813 59.215 0.500992
5.38318 69.9813 -0.34719
16.1495 69.9813 -0.43708
26.9159 69.9813 -0.183225
37.6822 69.9813 -0.197851
48.4486 69.9813 -0.254714
59.215 69.9813 -0.383661
69.9813 69.9813 -0.160225
5.38318 80.7477 -0.534931
16.1495 80.7477 -0.861167
26.9159 80.7477 -0.907255
37.6822 80.7477 -0.956289
48.4486 80.7477 -0.908242
59.215 80.7477 -0.746556
69.9813 80.7477 -0.314664
5.38318 91.514 -0.585604
16.1495 91.514 -0.94992
26.9159 91.514 -1.07133
37.6822 91.514 -1.0986
48.4486 91.514 -1.05027
59.215 91.514 -0.83235
69.9813 91.514 -0.368135
5.38318 102.28 -0.589369
16.1495 102.28 -0.94477
26.9159 102.28 -1.0419
37.6822 102.28 -1.05322
48.4486 102.28 -1.00548
59.215 102.28 -0.796557
69.9813 102.28 -0.351741
5.38318 113.047 -0.584146
16.1495 113.047 -0.93408
26.9159 113.047 -1.01605
37.6822 113.047 -1.01462
48.4486 113.047 -0.959449
59.215 113.047 -0.752002
69.9813 113.047 -0.322884
5.38318 123.813 -0.572133
16.1495 123.813 -0.909762
26.9159 123.813 -0.967715
37.6822 123.813 -0.955361
48.4486 123.813 -0.895431
59.215 123.813 -0.659696
69.9813 123.813 -0.273099
5.38318 134.579 -0.535209
16.1495 134.579 -0.821002
26.9159 134.579 -0.713675
37.6822 134.579 -0.61196
48.4486 134.579 -0.537991
59.215 134.579 -0.379033
69.9813 134.579 -0.133765
5.38318 145.346 -0.394012
16.1495 145.346 -0.482273
26.9159 145.346 -0.114825
37.6822 145.346 0.341264
48.4486 145.346 0.469869
59.215 145.346 0.419857
69.9813 145.346 0.355337
5.38318 156.112 -0.098649
16.1495 156.112 0.31597
26.9159 156.112 1.73298
37.6822 156.112 2.6537
48.4486 156.112 2.64199
59.215 156.112 1.97393
69.9813 156.112 1.09414
5.38318 166.879 0.57323
16.1495 166.879 1.62001
26.9159 166.879 3.19645
37.6822 166.879 4.3494
48.4486 166.879 4.23839
59.215 166.879 3.03161
69.9813 166.879 1.54938
5.38318 177.645 1.21711
16.1495 177.645 2.30625
26.9159 177.645 3.61982
37.6822 177.645 4.58944
48.4486 177.645 4.46908
59.215 177.645 3.19354
69.9813 177.645 1.64605
5.38318 188.411 1.32632
16.1495 188.411 2.23421
26.9159 188.411 3.08781
37.6822 188.411 3.48323
48.4486 188.411 3.19557
59.215 188.411 2.29323
69.9813 188.411 1.20525
5.38318 199.178 0.907414
16.1495 199.178 1.4024
26.9159 199.178 1.71742
37.6822 199.178 1.56888
48.4486 199.178 1.48303
59.215 199.178 1.19346
69.9813 199.178 0.820816
5.38318 209.944 0.282244
16.1495 209.944 0.49269
26.9159 209.944 0.76253
37.6822 209.944 0.594975
48.4486 209.944 0.609482
59.215 209.944 0.616385
69.9813 209.944 0.550278
