26 166
0 146 72 40
0 130 72 72
0 125 72 82
0 72 72 144
0 0 72 216
5.38318 5.38318 0.160765
16.1495 5.38318 0.328543
26.9159 5.38318 0.793269
37.6822 5.38318 1.10341
48.4486 5.38318 1.08631
59.215 5.38318 0.770763
69.9813 5.38318 0.414227
5.38318 16.1495 0.3272
16.1495 16.1495 0.817486
26.9159 16.1495 1.62794
37.6822 16.1495 2.08147
48.4486 16.1495 2.04476
59.215 16.1495 1.52314
69.9813 16.1495 0.825717
5.38318 26.9159 0.386654
16.1495 26.9159 1.02078
26.9159 26.9159 1.74357
37.6822 26.9159 2.11057
48.4486 26.9159 1.92104
59.215 26.9159 1.39924
69.9813 26.9159 0.746045
5.38318 37.6822 0.650882
16.1495 37.6822 1.49459
26.9159 37.6822 1.91944
37.6822 37.6822 1.84815
48.4486 37.6822 1.25932
59.215 37.6822 0.872849
69.9813 37.6822 0.487903
5.38318 48.4486 0.585513
16.1495 48.4486 1.36496
26.9159 48.4486 1.60714
37.6822 48.4486 1.42321
48.4486 48.4486 0.781899
59.215 48.4486 0.589132
69.9813 48.4486 0.369325
5.38318 59.215 0.0947184
16.1495 59.215 0.642724
26.9159 59.215 0.96756
37.6822 59.215 1.20609
48.4486 59.215 0.85586
59.215 59.215 0.774118
69.9813 59.215 0.450194
5.38318 69.9813 -0.154947
16.1495 69.9813 -0.0885404
26.9159 69.9813 0.0340469
37.6822 69.9813 0.365791
48.4486 69.9813 0.191023
59.215 69.9813 0.327691
69.9813 69.9813 0.210134
5.38318 80.7477 -0.242635
16.1495 80.7477 -0.318671
26.9159 80.7477 -0.302089
37.6822 80.7477 -0.247444
48.4486 80.7477 -0.251632
59.215 80.7477 -0.139729
69.9813 80.7477 -0.0416971
5.38318 91.514 -0.280934
16.1495 91.514 -0.418172
26.9159 91.514 -0.454633
37.6822 91.514 -0.464661
48.4486 91.514 -0.47401
59.215 91.514 -0.364701
69.9813 91.514 -0.168853
5.38318 102.28 -0.295273
16.1495 102.28 -0.448717
26.9159 102.28 -0.462589
37.6822 102.28 -0.464197
48.4486 102.28 -0.438227
59.215 102.28 -0.343337
69.9813 102.28 -0.146199
5.38318 113.047 -0.291039
16.1495 113.047 -0.436271
26.9159 113.047 -0.421986
37.6822 113.047 -0.409843
48.4486 113.047 -0.395497
59.215 113.047 -0.312167
69.9813 113.047 -0.139554
5.38318 123.813 -0.172208
16.1495 123.813 -0.237086
26.9159 123.813 -0.168736
37.6822 123.813 -0.1878
48.4486 123.813 -0.200063
59.215 123.813 -0.166458
69.9813 123.813 -0.0514777
5.38318 134.579 0.107867
16.1495 134.579 0.341368
26.9159 134.579 0.635376
37.6822 134.579 0.446815
48.4486 134.579 0.262631
59.215 134.579 0.110397
69.9813 134.579 0.21668
5.38318 145.346 0.888867
16.1495 145.346 1.72757
26.9159 145.346 2.21972
37.6822 145.346 1.78861
48.4486 145.346 1.34088
59.215 145.346 0.892063
69.9813 145.346 0.669672
5.38318 156.112 1.33801
16.1495 156.112 2.66735
26.9159 156.112 3.36921
37.6822 156.112 2.77781
48.4486 156.112 2.12219
59.215 156.112 1.51928
69.9813 156.112 1.03747
5.38318 166.879 1.52627
16.1495 166.879 3.06341
26.9159 166.879 3.88715
37.6822 166.879 3.43707
48.4486 166.879 2.75251
59.215 166.879 1.96256
69.9813 166.879 1.26864
5.38318 177.645 1.30325
16.1495 177.645 2.48677
26.9159 177.645 3.16542
37.6822 177.645 3.12553
48.4486 177.645 2.9039
59.215 177.645 2.23237
69.9813 177.645 1.41718
5.38318 188.411 1.12116
16.1495 188.411 2.07004
26.9159 188.411 2.68731
37.6822 188.411 3.00954
48.4486 188.411 3.17187
59.215 188.411 2.56049
69.9813 188.411 1.61781
5.38318 199.178 1.09909
16.1495 199.178 1.95725
26.9159 199.178 2.48828
37.6822 199.178 2.70321
48.4486 199.178 2.96446
59.215 199.178 2.44072
69.9813 199.178 1.62085
5.38318 209.944 0.803687
16.1495 209.944 1.45311
26.9159 209.944 1.85521
37.6822 209.944 1.99095
48.4486 209.944 2.18913
59.215 209.944 1.78372
69.9813 209.944 1.21354
