48 166
0 146 72 40
0 130 72 72
0 125 72 82
0 72 72 144
0 0 72 216
5.38318 5.38318 -0.0268365
16.1495 5.38318 -0.0553899
26.9159 5.38318 0.179001
37.6822 5.38318 0.419873
48.4486 5.38318 0.689539
59.215 5.38318 0.743808
69.9813 5.38318 0.520613
5.38318 16.1495 -0.0869913
16.1495 16.1495 -0.0257754
26.9159 16.1495 0.427736
37.6822 16.1495 0.716877
48.4486 16.1495 1.01451
59.215 16.1495 1.08207
69.9813 16.1495 0.813674
5.38318 26.9159 -0.241328
16.1495 26.9159 -0.264014
26.9159 26.9159 -0.0801799
37.6822 26.9159 0.118164
48.4486 26.9159 0.485653
59.215 26.9159 0.756162
69.9813 26.9159 0.713319
5.38318 37.6822 -0.101649
16.1495 37.6822 -0.040123
26.9159 37.6822 0.191204
37.6822 37.6822 0.223736
48.4486 37.6822 0.25451
59.215 37.6822 0.38804
69.9813 37.6822 0.431329
5.38318 48.4486 0.217375
16.1495 48.4486 0.545312
26.9159 48.4486 0.760288
37.6822 48.4486 0.658808
48.4486 48.4486 0.478012
59.215 48.4486 0.495844
69.9813 48.4486 0.452824
5.38318 59.215 0.330709
16.1495 59.215 0.69377
26.9159 59.215 0.988418
37.6822 59.215 0.974429
48.4486 59.215 0.711077
59.215 59.215 0.615131
69.9813 59.215 0.461943
5.38318 69.9813 0.200131
16.1495 69.9813 0.445356
26.9159 69.9813 0.779755
37.6822 69.9813 0.698379
48.4486 69.9813 0.219902
59.215 69.9813 -0.00548497
69.9813 69.9813 0.0313838
5.38318 80.7477 -0.209114
16.1495 80.7477 -0.331455
26.9159 80.7477 -0.290179
37.6822 80.7477 -0.336951
48.4486 80.7477 -0.441942
59.215 80.7477 -0.405517
69.9813 80.7477 -0.181928
5.38318 91.514 -0.495679
16.1495 91.514 -0.815198
26.9159 91.514 -0.889163
37.6822 91.514 -0.952162
48.4486 91.514 -0.929562
59.215 91.514 -0.728621
69.9813 91.514 -0.324756
5.38318 102.28 -0.583353
16.1495 102.28 -0.953344
26.9159 102.28 -1.04838
37.6822 102.28 -1.07199
48.4486 102.28 -1.01119
59.215 102.28 -0.797608
69.9813 102.28 -0.348383
5.38318 113.047 -0.581632
16.1495 113.047 -0.93146
26.9159 113.047 -1.01194
37.6822 113.047 -1.00995
48.4486 113.047 -0.955991
59.215 113.047 -0.744669
69.9813 113.047 -0.320632
5.38318 123.813 -0.537325
16.1495 123.813 -0.83425
26.9159 123.813 -0.834812
37.6822 123.813 -0.779133
48.4486 123.813 -0.722579
59.215 123.813 -0.522557
69.9813 123.813 -0.207961
5.38318 134.579 -0.379718
16.1495 134.579 -0.537546
26.9159 134.579 -0.409377
37.6822 134.579 -0.272327
48.4486 134.579 -0.214272
59.215 134.579 -0.0972608
69.9813 134.579 0.0945157
5.38318 145.346 -0.0963805
16.1495 145.346 -0.0102428
26.9159 145.346 0.709454
37.6822 145.346 1.31829
48.4486 145.346 1.44306
59.215 145.346 1.25718
69.9813 145.346 0.857234
5.38318 156.112 0.54512
16.1495 156.112 1.19438
26.9159 156.112 1.9694
37.6822 156.112 2.47883
48.4486 156.112 2.59324
59.215 156.112 2.22488
69.9813 156.112 1.38929
5.38318 166.879 0.898011
16.1495 166.879 1.641
26.9159 166.879 2.24098
37.6822 166.879 2.64573
48.4486 166.879 2.73091
59.215 166.879 2.40116
69.9813 166.879 1.49044
5.38318 177.645 0.811582
16.1495 177.645 1.34529
26.9159 177.645 1.63876
37.6822 177.645 1.71662
48.4486 177.645 1.74949
59.215 177.645 1.67383
69.9813 177.645 1.10491
5.38318 188.411 0.256696
16.1495 188.411 0.456062
26.9159 188.411 0.634323
37.6822 188.411 0.845759
48.4486 188.411 0.971208
59.215 188.411 1.11506
69.9813 188.411 0.784048
5.38318 199.178 0.038674
16.1495 199.178 0.0914317
26.9159 199.178 0.163646
37.6822 199.178 0.310341
48.4486 199.178 0.397572
59.215 199.178 0.570803
69.9813 199.178 0.488797
5.38318 209.944 0.00568663
16.1495 209.944 0.0334021
26.9159 209.944 0.00864744
37.6822 209.944 -0.00580769
48.4486 209.944 -0.00302184
59.215 209.944 0.175108
69.9813 209.944 0.293674
