37 37
0 17 72 40
0 1 72 72
0 0 72 82
0 0 72 144
0 0 72 216
5.38318 5.38318 0.385478
16.1495 5.38318 0.632284
26.9159 5.38318 1.06164
37.6822 5.38318 1.37345
48.4486 5.38318 1.5079
59.215 5.38318 1.24
69.9813 5.38318 0.771028
5.38318 16.1495 0.66174
16.1495 16.1495 1.42963
26.9159 16.1495 2.37495
37.6822 16.1495 3.03849
48.4486 16.1495 3.24113
59.215 16.1495 2.57713
69.9813 16.1495 1.55512
5.38318 26.9159 0.904009
16.1495 26.9159 2.07669
26.9159 26.9159 3.50239
37.6822 26.9159 4.58043
48.4486 26.9159 4.73811
59.215 26.9159 3.60893
69.9813 26.9159 2.05077
5.38318 37.6822 1.14654
16.1495 37.6822 2.42643
26.9159 37.6822 3.97426
37.6822 37.6822 5.07802
48.4486 37.6822 5.05093
59.215 37.6822 3.79533
69.9813 37.6822 2.08909
5.38318 48.4486 1.28265
16.1495 48.4486 2.45426
26.9159 48.4486 3.67567
37.6822 48.4486 4.29501
48.4486 48.4486 4.21427
59.215 48.4486 3.28247
69.9813 48.4486 1.87536
5.38318 59.215 0.81587
16.1495 59.215 1.55338
26.9159 59.215 2.20591
37.6822 59.215 2.26675
48.4486 59.215 2.35465
59.215 59.215 2.2905
69.9813 59.215 1.56831
5.38318 69.9813 0.34902
16.1495 69.9813 0.738884
26.9159 69.9813 1.15845
37.6822 69.9813 1.20081
48.4486 69.9813 1.57145
59.215 69.9813 1.86582
69.9813 69.9813 1.40127
5.38318 80.7477 -0.13184
16.1495 80.7477 -0.11802
26.9159 80.7477 0.116534
37.6822 80.7477 0.360118
48.4486 80.7477 0.697662
59.215 80.7477 1.08116
69.9813 80.7477 0.911753
5.38318 91.514 -0.267448
16.1495 91.514 -0.337167
26.9159 91.514 -0.250577
37.6822 91.514 -0.148854
48.4486 91.514 -0.11893
59.215 91.514 -0.00397903
69.9813 91.514 0.167819
5.38318 102.28 -0.281306
16.1495 102.28 -0.395061
26.9159 102.28 -0.329244
37.6822 102.28 -0.264157
48.4486 102.28 -0.244238
59.215 102.28 -0.185603
69.9813 102.28 -0.0616524
5.38318 113.047 -0.299854
16.1495 113.047 -0.452503
26.9159 113.047 -0.457453
37.6822 113.047 -0.437588
48.4486 113.047 -0.42186
59.215 113.047 -0.329815
69.9813 113.047 -0.146688
5.38318 123.813 -0.285808
16.1495 123.813 -0.430046
26.9159 123.813 -0.413975
37.6822 123.813 -0.410267
48.4486 123.813 -0.402155
59.215 123.813 -0.313327
69.9813 123.813 -0.137821
5.38318 134.579 -0.251318
16.1495 134.579 -0.382631
26.9159 134.579 -0.344936
37.6822 134.579 -0.335815
48.4486 134.579 -0.319456
59.215 134.579 -0.221516
69.9813 134.579 -0.080968
5.38318 145.346 -0.157221
16.1495 145.346 -0.22755
26.9159 145.346 -0.138524
37.6822 145.346 -0.124186
48.4486 145.346 -0.109045
59.215 145.346 -0.0218116
69.9813 145.346 0.107875
5.38318 156.112 -0.0285469
16.1495 156.112 -0.054641
26.9159 156.112 0.151238
37.6822 156.112 0.194413
48.4486 156.112 0.282479
59.215 156.112 0.481277
69.9813 156.112 0.418389
5.38318 166.879 0.42268
16.1495 166.879 0.734471
26.9159 166.879 1.1225
37.6822 166.879 1.09129
48.4486 166.879 1.07358
59.215 166.879 1.04378
69.9813 166.879 0.7403
5.38318 177.645 0.772107
16.1495 177.645 1.26657
26.9159 177.645 1.62279
37.6822 177.645 1.47455
48.4486 177.645 1.30935
59.215 177.645 1.19464
69.9813 177.645 0.819575
5.38318 188.411 0.90888
16.1495 188.411 1.48008
26.9159 188.411 1.83671
37.6822 188.411 1.66517
48.4486 188.411 1.37987
59.215 188.411 1.05904
69.9813 188.411 0.697435
5.38318 199.178 0.430092
16.1495 199.178 0.684963
26.9159 199.178 0.922897
37.6822 199.178 0.808808
48.4486 199.178 0.625263
59.215 199.178 0.48784
69.9813 199.178 0.408342
5.38318 209.944 0.212701
16.1495 209.944 0.376435
26.9159 209.944 0.604927
37.6822 209.944 0.575896
48.4486 209.944 0.454431
59.215 209.944 0.304764
69.9813 209.944 0.275813
