16 177
0 157 72 40
0 141 72 72
0 134 72 82
0 72 72 144
0 0 72 216
5.38318 5.38318 0.201909
16.1495 5.38318 0.630141
26.9159 5.38318 1.40637
37.6822 5.38318 1.6635
48.4486 5.38318 1.35206
59.215 5.38318 0.705933
69.9813 5.38318 0.256379
5.38318 16.1495 0.332161
16.1495 16.1495 1.46033
26.9159 16.1495 3.02115
37.6822 16.1495 3.67067
48.4486 16.1495 3.03679
59.215 16.1495 1.70867
69.9813 16.1495 0.73954
5.38318 26.9159 0.358863
16.1495 26.9159 1.93995
26.9159 26.9159 4.13539
37.6822 26.9159 5.11661
48.4486 26.9159 4.14998
59.215 26.9159 2.15343
69.9813 26.9159 0.82341
5.38318 37.6822 0.621531
16.1495 37.6822 2.18344
26.9159 37.6822 4.14852
37.6822 37.6822 4.96613
48.4486 37.6822 4.06039
59.215 37.6822 2.24808
69.9813 37.6822 0.984469
5.38318 48.4486 0.794806
16.1495 48.4486 2.08388
26.9159 48.4486 3.24114
37.6822 48.4486 3.54232
48.4486 48.4486 2.86161
59.215 48.4486 1.72522
69.9813 48.4486 0.910223
5.38318 59.215 0.824862
16.1495 59.215 1.79667
26.9159 59.215 2.25946
37.6822 59.215 2.30856
48.4486 59.215 1.88882
59.215 59.215 1.37968
69.9813 59.215 0.838372
5.38318 69.9813 0.530866
16.1495 69.9813 1.21913
26.9159 69.9813 1.54676
37.6822 69.9813 1.51734
48.4486 69.9813 1.09054
59.215 69.9813 0.802965
69.9813 69.9813 0.515459
5.38318 80.7477 -0.0251187
16.1495 80.7477 0.213545
26.9159 80.7477 0.444735
37.6822 80.7477 0.481814
48.4486 80.7477 0.189696
59.215 80.7477 0.136627
69.9813 80.7477 0.130207
5.38318 91.514 -0.23059
16.1495 91.514 -0.310423
26.9159 91.514 -0.292607
37.6822 91.514 -0.286723
48.4486 91.514 -0.343776
59.215 91.514 -0.276675
69.9813 91.514 -0.124245
5.38318 102.28 -0.30247
16.1495 102.28 -0.460726
26.9159 102.28 -0.465971
37.6822 102.28 -0.440772
48.4486 102.28 -0.428402
59.215 102.28 -0.339534
69.9813 102.28 -0.157946
5.38318 113.047 -0.299303
16.1495 113.047 -0.452664
26.9159 113.047 -0.456291
37.6822 113.047 -0.440668
48.4486 113.047 -0.425612
59.215 113.047 -0.337808
69.9813 113.047 -0.1518
5.38318 123.813 -0.277565
16.1495 123.813 -0.420124
26.9159 123.813 -0.362129
37.6822 123.813 -0.363542
48.4486 123.813 -0.364877
59.215 123.813 -0.295185
69.9813 123.813 -0.135628
5.38318 134.579 -0.126723
16.1495 134.579 -0.196446
26.9159 134.579 -0.113955
37.6822 134.579 -0.146147
48.4486 134.579 -0.185989
59.215 134.579 -0.155048
69.9813 134.579 -0.0609893
5.38318 145.346 0.428051
16.1495 145.346 0.650846
26.9159 145.346 0.891648
37.6822 145.346 0.750004
48.4486 145.346 0.480898
59.215 145.346 0.353826
69.9813 145.346 0.235983
5.38318 156.112 1.70661
16.1495 156.112 2.40935
26.9159 156.112 2.34667
37.6822 156.112 1.93752
48.4486 156.112 1.4843
59.215 156.112 1.17873
69.9813 156.112 0.6969
5.38318 166.879 3.16665
16.1495 166.879 4.41392
26.9159 166.879 3.99712
37.6822 166.879 3.19198
48.4486 166.879 2.49686
59.215 166.879 1.98387
69.9813 166.879 1.15644
5.38318 177.645 3.83064
16.1495 177.645 5.3752
26.9159 177.645 4.80801
37.6822 177.645 3.75967
48.4486 177.645 3.01613
59.215 177.645 2.44007
69.9813 177.645 1.42828
5.38318 188.411 3.05372
16.1495 188.411 4.42893
26.9159 188.411 4.27248
37.6822 188.411 3.43458
48.4486 188.411 2.79799
59.215 188.411 2.26587
69.9813 188.411 1.38131
5.38318 199.178 1.32632
16.1495 199.178 2.18364
26.9159 199.178 2.45569
37.6822 199.178 2.03953
48.4486 199.178 1.69595
59.215 199.178 1.5054
69.9813 199.178 1.02443
5.38318 209.944 0.580659
16.1495 209.944 1.06952
26.9159 209.944 1.4094
37.6822 209.944 1.05446
48.4486 209.944 0.894783
59.215 209.944 0.875335
69.9813 209.944 0.694292
