26 26
0 6 72 40
0 0 72 72
0 0 72 82
0 0 72 144
0 0 72 216
5.38318 5.38318 0.927918
16.1495 5.38318 1.41354
26.9159 5.38318 1.65562
37.6822 5.38318 1.58386
48.4486 5.38318 1.52732
59.215 5.38318 1.19519
69.9813 5.38318 0.770697
5.38318 16.1495 1.34281
16.1495 16.1495 2.22162
26.9159 16.1495 2.76495
37.6822 16.1495 2.68915
48.4486 16.1495 2.58306
59.215 16.1495 2.06288
69.9813 16.1495 1.33298
5.38318 26.9159 1.26636
16.1495 26.9159 2.14532
26.9159 26.9159 2.79642
37.6822 26.9159 2.64093
48.4486 26.9159 2.46705
59.215 26.9159 2.02323
69.9813 26.9159 1.35514
5.38318 37.6822 0.630864
16.1495 37.6822 1.32468
26.9159 37.6822 2.19924
37.6822 37.6822 2.26974
48.4486 37.6822 1.95905
59.215 37.6822 1.51051
69.9813 37.6822 0.981946
5.38318 48.4486 0.41041
16.1495 48.4486 0.935001
26.9159 48.4486 1.99093
37.6822 48.4486 2.14103
48.4486 48.4486 1.80865
59.215 48.4486 1.23332
69.9813 48.4486 0.73208
5.38318 59.215 0.305865
16.1495 59.215 0.635907
26.9159 59.215 1.47903
37.6822 59.215 1.45416
48.4486 59.215 1.22779
59.215 59.215 0.924012
69.9813 59.215 0.698133
5.38318 69.9813 0.0910487
16.1495 69.9813 0.139548
26.9159 69.9813 0.759701
37.6822 69.9813 0.530012
48.4486 69.9813 0.617008
59.215 69.9813 0.634309
69.9813 69.9813 0.686729
5.38318 80.7477 -0.180189
16.1495 80.7477 -0.251395
26.9159 80.7477 -0.0774944
37.6822 80.7477 -0.192288
48.4486 80.7477 -0.150825
59.215 80.7477 -0.0532616
69.9813 80.7477 0.346701
5.38318 91.514 -0.315901
16.1495 91.514 -0.460939
26.9159 91.514 -0.404837
37.6822 91.514 -0.441751
48.4486 91.514 -0.403847
59.215 91.514 -0.287066
69.9813 91.514 -0.0453713
5.38318 102.28 -0.314363
16.1495 102.28 -0.471175
26.9159 102.28 -0.447192
37.6822 102.28 -0.459146
48.4486 102.28 -0.440314
59.215 102.28 -0.339921
69.9813 102.28 -0.126187
5.38318 113.047 -0.294439
16.1495 113.047 -0.446295
26.9159 113.047 -0.445822
37.6822 113.047 -0.441795
48.4486 113.047 -0.424041
59.215 113.047 -0.334805
69.9813 113.047 -0.144142
5.38318 123.813 -0.271789
16.1495 123.813 -0.412794
26.9159 123.813 -0.393024
37.6822 123.813 -0.378795
48.4486 123.813 -0.348535
59.215 123.813 -0.266315
69.9813 123.813 -0.101657
5.38318 134.579 -0.20761
16.1495 134.579 -0.310647
26.9159 134.579 -0.273799
37.6822 134.579 -0.253545
48.4486 134.579 -0.212003
59.215 134.579 -0.15327
69.9813 134.579 -0.0223239
5.38318 145.346 -0.151744
16.1495 145.346 -0.2089
26.9159 145.346 -0.147688
37.6822 145.346 -0.107329
48.4486 145.346 -0.0301398
59.215 145.346 -0.00257008
69.9813 145.346 0.192198
5.38318 156.112 -0.00250603
16.1495 156.112 0.194441
26.9159 156.112 0.469913
37.6822 156.112 0.509492
48.4486 156.112 0.522536
59.215 156.112 0.442351
69.9813 156.112 0.413811
5.38318 166.879 0.184545
16.1495 166.879 0.560783
26.9159 166.879 0.878973
37.6822 166.879 0.921997
48.4486 166.879 0.940016
59.215 166.879 0.803297
69.9813 166.879 0.650746
5.38318 177.645 0.380729
16.1495 177.645 0.791747
26.9159 177.645 1.18049
37.6822 177.645 1.19475
48.4486 177.645 1.31409
59.215 177.645 1.13796
69.9813 177.645 0.86587
5.38318 188.411 0.255537
16.1495 188.411 0.571157
26.9159 188.411 1.06492
37.6822 188.411 1.20398
48.4486 188.411 1.52315
59.215 188.411 1.3905
69.9813 188.411 1.03303
5.38318 199.178 0.0856529
16.1495 199.178 0.288854
26.9159 199.178 0.773228
37.6822 199.178 0.930928
48.4486 199.178 1.32032
59.215 199.178 1.20939
69.9813 199.178 0.909216
5.38318 209.944 -0.0287757
16.1495 209.944 0.0571002
26.9159 209.944 0.43061
37.6822 209.944 0.488735
48.4486 209.944 0.669093
59.215 209.944 0.612398
69.9813 209.944 0.497277
