48 177
0 157 72 40
0 141 72 72
0 134 72 82
0 72 72 144
0 0 72 216
5.38318 5.38318 0.733902
16.1495 5.38318 1.04807
26.9159 5.38318 1.26039
37.6822 5.38318 1.21622
48.4486 5.38318 1.19378
59.215 5.38318 0.996873
69.9813 5.38318 0.662862
5.38318 16.1495 1.22635
16.1495 16.1495 2.13875
26.9159 16.1495 2.63094
37.6822 16.1495 2.54792
48.4486 16.1495 2.4638
59.215 16.1495 2.03366
69.9813 16.1495 1.36672
5.38318 26.9159 1.32994
16.1495 26.9159 2.42273
26.9159 26.9159 3.14213
37.6822 26.9159 3.12742
48.4486 26.9159 3.13763
59.215 26.9159 2.55732
69.9813 26.9159 1.72078
5.38318 37.6822 1.38139
16.1495 37.6822 2.60877
26.9159 37.6822 3.7154
37.6822 37.6822 3.72939
48.4486 37.6822 3.63901
59.215 37.6822 2.74983
69.9813 37.6822 1.79251
5.38318 48.4486 1.31502
16.1495 48.4486 2.43605
26.9159 48.4486 3.60716
37.6822 48.4486 3.6355
48.4486 48.4486 3.54536
59.215 48.4486 2.54105
69.9813 48.4486 1.58281
5.38318 59.215 0.968024
16.1495 59.215 1.88659
26.9159 59.215 3.04023
37.6822 59.215 3.10675
48.4486 59.215 2.90005
59.215 59.215 2.00993
69.9813 59.215 1.18452
5.38318 69.9813 0.303813
16.1495 69.9813 0.617212
26.9159 69.9813 1.15588
37.6822 69.9813 1.08219
48.4486 69.9813 0.89762
59.215 69.9813 0.65362
69.9813 69.9813 0.421549
5.38318 80.7477 -0.154268
16.1495 80.7477 -0.209926
26.9159 80.7477 -0.139901
37.6822 80.7477 -0.155642
48.4486 80.7477 -0.247179
59.215 80.7477 -0.204605
69.9813 80.7477 -0.116956
5.38318 91.514 -0.270906
16.1495 91.514 -0.424201
26.9159 91.514 -0.441519
37.6822 91.514 -0.457091
48.4486 91.514 -0.451156
59.215 91.514 -0.336044
69.9813 91.514 -0.150947
5.38318 102.28 -0.294861
16.1495 102.28 -0.447601
26.9159 102.28 -0.456391
37.6822 102.28 -0.455212
48.4486 102.28 -0.441337
59.215 102.28 -0.352417
69.9813 102.28 -0.156991
5.38318 113.047 -0.294343
16.1495 113.047 -0.442038
26.9159 113.047 -0.429591
37.6822 113.047 -0.412708
48.4486 113.047 -0.396231
59.215 113.047 -0.31092
69.9813 113.047 -0.137443
5.38318 123.813 -0.273439
16.1495 123.813 -0.390625
26.9159 123.813 -0.305008
37.6822 123.813 -0.254091
48.4486 123.813 -0.226388
59.215 123.813 -0.164769
69.9813 123.813 -0.0568975
5.38318 134.579 -0.207916
16.1495 134.579 -0.231884
26.9159 134.579 -0.0389405
37.6822 134.579 0.190993
48.4486 134.579 0.24382
59.215 134.579 0.231943
69.9813 134.579 0.206577
5.38318 145.346 -0.107701
16.1495 145.346 -0.00911576
26.9159 145.346 0.752005
37.6822 145.346 1.2915
48.4486 145.346 1.48412
59.215 145.346 1.20358
69.9813 145.346 0.754242
5.38318 156.112 0.0768976
16.1495 156.112 0.590816
26.9159 156.112 1.74232
37.6822 156.112 2.51633
48.4486 156.112 2.75805
59.215 156.112 2.17813
69.9813 156.112 1.28525
5.38318 166.879 0.427874
16.1495 166.879 1.21922
26.9159 166.879 2.61941
37.6822 166.879 3.75497
48.4486 166.879 4.14336
59.215 166.879 3.19637
69.9813 166.879 1.80839
5.38318 177.645 0.835057
16.1495 177.645 1.77406
26.9159 177.645 3.18077
37.6822 177.645 4.35646
48.4486 177.645 4.69778
59.215 177.645 3.62191
69.9813 177.645 1.99577
5.38318 188.411 1.17151
16.1495 188.411 2.23687
26.9159 188.411 3.37703
37.6822 188.411 4.11733
48.4486 188.411 4.12759
59.215 188.411 3.1305
69.9813 188.411 1.71796
5.38318 199.178 1.20239
16.1495 199.178 2.0472
26.9159 199.178 2.51589
37.6822 199.178 2.55103
48.4486 199.178 2.37671
59.215 199.178 1.96182
69.9813 199.178 1.17745
5.38318 209.944 0.75382
16.1495 209.944 1.29333
26.9159 209.944 1.54709
37.6822 209.944 1.37433
48.4486 209.944 1.27085
59.215 209.944 1.11694
69.9813 209.944 0.771919
