48 177
0 157 72 40
0 141 72 72
0 134 72 82
0 72 72 144
0 0 72 216
5.38318 5.38318 0.200051
16.1495 5.38318 0.457646
26.9159 5.38318 1.2207
37.6822 5.38318 1.52942
48.4486 5.38318 1.64606
59.215 5.38318 1.26188
69.9813 5.38318 0.782824
5.38318 16.1495 0.324212
16.1495 16.1495 1.14067
26.9159 16.1495 2.60517
37.6822 16.1495 3.38016
48.4486 16.1495 3.57209
59.215 16.1495 2.68967
69.9813 16.1495 1.59801
5.38318 26.9159 0.302826
16.1495 26.9159 1.51296
26.9159 26.9159 3.49109
37.6822 26.9159 4.79359
48.4486 26.9159 4.9869
59.215 26.9159 3.75742
69.9813 26.9159 2.13552
5.38318 37.6822 0.779051
16.1495 37.6822 2.139
26.9159 37.6822 3.85862
37.6822 37.6822 4.98397
48.4486 37.6822 4.8888
59.215 37.6822 3.61013
69.9813 37.6822 2.00045
5.38318 48.4486 1.26511
16.1495 48.4486 2.59556
26.9159 48.4486 3.57478
37.6822 48.4486 3.8307
48.4486 48.4486 3.41299
59.215 48.4486 2.61268
69.9813 48.4486 1.59882
5.38318 59.215 1.57395
16.1495 59.215 2.74475
26.9159 59.215 2.97805
37.6822 59.215 2.30544
48.4486 59.215 1.69059
59.215 59.215 1.55619
69.9813 59.215 1.39245
5.38318 69.9813 1.3489
16.1495 69.9813 2.23342
26.9159 69.9813 2.25334
37.6822 69.9813 1.25263
48.4486 69.9813 0.873844
59.215 69.9813 1.3142
69.9813 69.9813 1.40322
5.38318 80.7477 0.484708
16.1495 80.7477 0.757165
26.9159 80.7477 0.382499
37.6822 80.7477 -0.270574
48.4486 80.7477 -0.405313
59.215 80.7477 0.0565451
69.9813 80.7477 0.632981
5.38318 91.514 -0.32128
16.1495 91.514 -0.575301
26.9159 91.514 -0.736599
37.6822 91.514 -0.933548
48.4486 91.514 -0.938255
59.215 91.514 -0.566059
69.9813 91.514 -0.150335
5.38318 102.28 -0.551432
16.1495 102.28 -0.904734
26.9159 102.28 -1.02675
37.6822 102.28 -1.05085
48.4486 102.28 -0.997756
59.215 102.28 -0.751043
69.9813 102.28 -0.30231
5.38318 113.047 -0.583503
16.1495 113.047 -0.933043
26.9159 113.047 -1.01935
37.6822 113.047 -1.02121
48.4486 113.047 -0.969484
59.215 113.047 -0.764694
69.9813 113.047 -0.32875
5.38318 123.813 -0.569612
16.1495 123.813 -0.908508
26.9159 123.813 -0.97243
37.6822 123.813 -0.96573
48.4486 123.813 -0.912278
59.215 123.813 -0.684146
69.9813 123.813 -0.287156
5.38318 134.579 -0.532359
16.1495 134.579 -0.831434
26.9159 134.579 -0.76966
37.6822 134.579 -0.708483
48.4486 134.579 -0.63611
59.215 134.579 -0.440133
69.9813 134.579 -0.157421
5.38318 145.346 -0.391124
16.1495 145.346 -0.531172
26.9159 145.346 -0.260237
37.6822 145.346 -0.0985772
48.4486 145.346 -0.0117322
59.215 145.346 0.131276
69.9813 145.346 0.255994
5.38318 156.112 -0.106622
16.1495 156.112 0.115589
26.9159 156.112 1.27221
37.6822 156.112 1.9937
48.4486 156.112 2.19207
59.215 156.112 1.72243
69.9813 156.112 1.03652
5.38318 166.879 0.511011
16.1495 166.879 1.45354
26.9159 166.879 2.97889
37.6822 166.879 4.0095
48.4486 166.879 4.13656
59.215 166.879 3.01622
69.9813 166.879 1.61725
5.38318 177.645 1.17581
16.1495 177.645 2.37087
26.9159 177.645 4.06567
37.6822 177.645 5.41806
48.4486 177.645 5.50193
59.215 177.645 3.88668
69.9813 177.645 1.94567
5.38318 188.411 1.27704
16.1495 188.411 2.38148
26.9159 188.411 3.9571
37.6822 188.411 5.16382
48.4486 188.411 5.12844
59.215 188.411 3.564
69.9813 188.411 1.72637
5.38318 199.178 0.91487
16.1495 199.178 1.59058
26.9159 199.178 2.55956
37.6822 199.178 3.14042
48.4486 199.178 3.14929
59.215 199.178 2.35817
69.9813 199.178 1.26769
5.38318 209.944 0.338027
16.1495 209.944 0.59284
26.9159 209.944 0.923491
37.6822 209.944 0.893187
48.4486 209.944 1.00071
59.215 209.944 0.948002
69.9813 209.944 0.727351
