37 37
0 17 72 40
0 1 72 72
0 0 72 82
0 0 72 144
0 0 72 216
5.38318 5.38318 0.276421
16.1495 5.38318 0.634951
26.9159 5.38318 1.19743
37.6822 5.38318 1.34819
48.4486 5.38318 1.21476
59.215 5.38318 0.675464
69.9813 5.38318 0.370969
5.38318 16.1495 0.496737
16.1495 16.1495 1.44084
26.9159 16.1495 2.64194
37.6822 16.1495 2.97425
48.4486 16.1495 2.70858
59.215 16.1495 1.63249
69.9813 16.1495 0.911265
5.38318 26.9159 0.792728
16.1495 26.9159 2.16249
26.9159 26.9159 3.92859
37.6822 26.9159 4.45406
48.4486 26.9159 4.02113
59.215 26.9159 2.35949
69.9813 26.9159 1.22901
5.38318 37.6822 1.08435
16.1495 37.6822 2.41623
26.9159 37.6822 4.12682
37.6822 37.6822 4.70438
48.4486 37.6822 4.26777
59.215 37.6822 2.65012
69.9813 37.6822 1.40379
5.38318 48.4486 1.36882
16.1495 48.4486 2.39153
26.9159 48.4486 3.39901
37.6822 48.4486 3.50926
48.4486 48.4486 3.15107
59.215 48.4486 2.24437
69.9813 48.4486 1.34274
5.38318 59.215 0.931588
16.1495 59.215 1.28739
26.9159 59.215 1.39732
37.6822 59.215 1.19795
48.4486 59.215 1.1721
59.215 59.215 1.33702
69.9813 59.215 1.16163
5.38318 69.9813 0.494857
16.1495 69.9813 0.615929
26.9159 69.9813 0.554607
37.6822 69.9813 0.262334
48.4486 69.9813 0.336321
59.215 69.9813 0.863238
69.9813 69.9813 0.929755
5.38318 80.7477 -0.141586
16.1495 80.7477 -0.223723
26.9159 80.7477 -0.174694
37.6822 80.7477 -0.221907
48.4486 80.7477 -0.156004
59.215 80.7477 0.104016
69.9813 80.7477 0.436305
5.38318 91.514 -0.337994
16.1495 91.514 -0.454507
26.9159 91.514 -0.384531
37.6822 91.514 -0.339871
48.4486 91.514 -0.326993
59.215 91.514 -0.237851
69.9813 91.514 -0.0581183
5.38318 102.28 -0.310893
16.1495 102.28 -0.42845
26.9159 102.28 -0.345836
37.6822 102.28 -0.307363
48.4486 102.28 -0.32006
59.215 102.28 -0.27296
69.9813 102.28 -0.123573
5.38318 113.047 -0.290678
16.1495 113.047 -0.440488
26.9159 113.047 -0.424548
37.6822 113.047 -0.416919
48.4486 113.047 -0.394561
59.215 113.047 -0.309406
69.9813 113.047 -0.131706
5.38318 123.813 -0.231738
16.1495 123.813 -0.346923
26.9159 123.813 -0.284414
37.6822 123.813 -0.281989
48.4486 123.813 -0.261563
59.215 123.813 -0.222056
69.9813 123.813 -0.085971
5.38318 134.579 -0.0806059
16.1495 134.579 -0.0610212
26.9159 134.579 0.206971
37.6822 134.579 0.24903
48.4486 134.579 0.259495
59.215 134.579 0.113739
69.9813 134.579 0.164996
5.38318 145.346 0.3229
16.1495 145.346 0.737938
26.9159 145.346 1.31354
37.6822 145.346 1.54255
48.4486 145.346 1.50107
59.215 145.346 1.06908
69.9813 145.346 0.647871
5.38318 156.112 0.95328
16.1495 156.112 1.98943
26.9159 156.112 2.87244
37.6822 156.112 3.24825
48.4486 156.112 3.01815
59.215 156.112 2.15836
69.9813 156.112 1.23672
5.38318 166.879 1.4623
16.1495 166.879 2.77525
26.9159 166.879 3.88137
37.6822 166.879 4.41352
48.4486 166.879 4.14247
59.215 166.879 3.01774
69.9813 166.879 1.67816
5.38318 177.645 1.60517
16.1495 177.645 2.98756
26.9159 177.645 4.14884
37.6822 177.645 4.57548
48.4486 177.645 4.31647
59.215 177.645 3.14186
69.9813 177.645 1.79054
5.38318 188.411 1.38461
16.1495 188.411 2.57017
26.9159 188.411 3.58832
37.6822 188.411 3.84822
48.4486 188.411 3.4102
59.215 188.411 2.45689
69.9813 188.411 1.37395
5.38318 199.178 0.638162
16.1495 199.178 1.37018
26.9159 199.178 1.94652
37.6822 199.178 2.10125
48.4486 199.178 1.73517
59.215 199.178 1.33597
69.9813 199.178 0.81218
5.38318 209.944 0.365141
16.1495 209.944 0.811381
26.9159 209.944 0.870242
37.6822 209.944 0.927066
48.4486 209.944 0.58975
59.215 209.944 0.68285
69.9813 209.944 0.510805
