48 166
0 146 72 40
0 130 72 72
0 125 72 82
0 72 72 144
0 0 72 216
5.38318 5.38318 0.246709
16.1495 5.38318 0.443169
26.9159 5.38318 0.599261
37.6822 5.38318 0.65066
48.4486 5.38318 0.546582
59.215 5.38318 0.33591
69.9813 5.38318 0.259662
5.38318 16.1495 0.410055
16.1495 16.1495 1.06343
26.9159 16.1495 1.5164
37.6822 16.1495 1.63025
48.4486 16.1495 1.42818
59.215 16.1495 0.986304
69.9813 16.1495 0.671651
5.38318 26.9159 0.328995
16.1495 26.9159 1.12472
26.9159 26.9159 1.75291
37.6822 26.9159 1.81385
48.4486 26.9159 1.38206
59.215 26.9159 0.829426
69.9813 26.9159 0.535693
5.38318 37.6822 0.300917
16.1495 37.6822 1.14934
26.9159 37.6822 1.8444
37.6822 37.6822 1.92957
48.4486 37.6822 1.42985
59.215 37.6822 0.818174
69.9813 37.6822 0.443468
5.38318 48.4486 0.0944253
16.1495 48.4486 0.65505
26.9159 48.4486 1.38424
37.6822 48.4486 1.58259
48.4486 48.4486 1.21765
59.215 48.4486 0.712168
69.9813 48.4486 0.355677
5.38318 59.215 0.011635
16.1495 59.215 0.484291
26.9159 59.215 1.15639
37.6822 59.215 1.54538
48.4486 59.215 1.38854
59.215 59.215 0.93456
69.9813 59.215 0.454602
5.38318 69.9813 -0.0720219
16.1495 69.9813 0.105497
26.9159 69.9813 0.564754
37.6822 69.9813 0.825545
48.4486 69.9813 0.718937
59.215 69.9813 0.475782
69.9813 69.9813 0.244277
5.38318 80.7477 -0.184155
16.1495 80.7477 -0.216805
26.9159 80.7477 -0.161417
37.6822 80.7477 -0.110679
48.4486 80.7477 -0.13224
59.215 80.7477 -0.110447
69.9813 80.7477 -0.0409222
5.38318 91.514 -0.266613
16.1495 91.514 -0.401979
26.9159 91.514 -0.431153
37.6822 91.514 -0.450973
48.4486 91.514 -0.45892
59.215 91.514 -0.364851
69.9813 91.514 -0.169618
5.38318 102.28 -0.294778
16.1495 102.28 -0.447643
26.9159 102.28 -0.460735
37.6822 102.28 -0.458217
48.4486 102.28 -0.434522
59.215 102.28 -0.342216
69.9813 102.28 -0.147392
5.38318 113.047 -0.29888
16.1495 113.047 -0.449948
26.9159 113.047 -0.446657
37.6822 113.047 -0.43016
48.4486 113.047 -0.409718
59.215 113.047 -0.324276
69.9813 113.047 -0.144033
5.38318 123.813 -0.289279
16.1495 123.813 -0.384511
26.9159 123.813 -0.28382
37.6822 123.813 -0.19176
48.4486 123.813 -0.19412
59.215 123.813 -0.164227
69.9813 123.813 -0.0778071
5.38318 134.579 -0.268007
16.1495 134.579 -0.258483
26.9159 134.579 -0.0120181
37.6822 134.579 0.49458
48.4486 134.579 0.556185
59.215 134.579 0.38585
69.9813 134.579 0.246926
5.38318 145.346 -0.213201
16.1495 145.346 -0.0386562
26.9159 145.346 0.937736
37.6822 145.346 1.897
48.4486 145.346 2.0488
59.215 145.346 1.53243
69.9813 145.346 0.8251
5.38318 156.112 -0.0997413
16.1495 156.112 0.373053
26.9159 156.112 1.63639
37.6822 156.112 2.83788
48.4486 156.112 3.26465
59.215 156.112 2.55907
69.9813 156.112 1.40384
5.38318 166.879 0.176148
16.1495 166.879 0.792327
26.9159 166.879 2.03572
37.6822 166.879 3.20789
48.4486 166.879 3.8178
59.215 166.879 3.14005
69.9813 166.879 1.77128
5.38318 177.645 0.773131
16.1495 177.645 1.63687
26.9159 177.645 2.53077
37.6822 177.645 3.13929
48.4486 177.645 3.48168
59.215 177.645 2.90579
69.9813 177.645 1.71561
5.38318 188.411 1.1174
16.1495 188.411 2.23028
26.9159 188.411 3.29275
37.6822 188.411 3.60088
48.4486 188.411 3.61067
59.215 188.411 2.86478
69.9813 188.411 1.63924
5.38318 199.178 1.23573
16.1495 199.178 2.45391
26.9159 199.178 3.48287
37.6822 199.178 3.78249
48.4486 199.178 3.61567
59.215 199.178 2.89588
69.9813 199.178 1.62389
5.38318 209.944 0.72824
16.1495 209.944 1.46846
26.9159 209.944 2.31879
37.6822 209.944 2.80214
48.4486 209.944 2.94185
59.215 209.944 2.51496
69.9813 209.944 1.4566
