37 166
0 146 72 40
0 130 72 72
0 125 72 82
0 72 72 144
0 0 72 216
5.38318 5.38318 0.584644
16.1495 5.38318 0.986636
26.9159 5.38318 1.2791
37.6822 5.38318 1.31022
48.4486 5.38318 1.23767
59.215 5.38318 0.687264
69.9813 5.38318 0.492265
5.38318 16.1495 0.975194
16.1495 16.1495 1.93871
26.9159 16.1495 2.5291
37.6822 16.1495 2.59106
48.4486 16.1495 2.38791
59.215 16.1495 1.54152
69.9813 16.1495 1.03836
5.38318 26.9159 1.00036
16.1495 26.9159 2.13694
26.9159 26.9159 2.91711
37.6822 26.9159 2.92768
48.4486 26.9159 2.46767
59.215 26.9159 1.43764
69.9813 26.9159 0.928176
5.38318 37.6822 0.765997
16.1495 37.6822 1.73664
26.9159 37.6822 2.50781
37.6822 37.6822 2.52593
48.4486 37.6822 2.00312
59.215 37.6822 1.14799
69.9813 37.6822 0.675058
5.38318 48.4486 0.213735
16.1495 48.4486 0.692163
26.9159 48.4486 1.48175
37.6822 48.4486 1.58813
48.4486 48.4486 1.22209
59.215 48.4486 0.723987
69.9813 48.4486 0.391186
5.38318 59.215 -0.0467192
16.1495 59.215 0.159446
26.9159 59.215 0.968619
37.6822 59.215 1.08701
48.4486 59.215 0.964054
59.215 59.215 0.524897
69.9813 59.215 0.355453
5.38318 69.9813 -0.223151
16.1495 69.9813 -0.275979
26.9159 69.9813 0.0286264
37.6822 69.9813 -0.00623727
48.4486 69.9813 -0.046988
59.215 69.9813 -0.164063
69.9813 69.9813 -0.0425185
5.38318 80.7477 -0.431352
16.1495 80.7477 -0.645678
26.9159 80.7477 -0.511285
37.6822 80.7477 -0.567305
48.4486 80.7477 -0.567822
59.215 80.7477 -0.524748
69.9813 80.7477 -0.222522
5.38318 91.514 -0.531939
16.1495 91.514 -0.850658
26.9159 91.514 -0.893085
37.6822 91.514 -0.94492
48.4486 91.514 -0.923255
59.215 91.514 -0.762958
69.9813 91.514 -0.338916
5.38318 102.28 -0.575729
16.1495 102.28 -0.92479
26.9159 102.28 -1.00591
37.6822 102.28 -1.02085
48.4486 102.28 -0.973632
59.215 102.28 -0.782743
69.9813 102.28 -0.342686
5.38318 113.047 -0.583827
16.1495 113.047 -0.932049
26.9159 113.047 -1.01116
37.6822 113.047 -1.00463
48.4486 113.047 -0.948696
59.215 113.047 -0.723563
69.9813 113.047 -0.30633
5.38318 123.813 -0.564397
16.1495 123.813 -0.857943
26.9159 123.813 -0.836993
37.6822 123.813 -0.689668
48.4486 123.813 -0.619676
59.215 123.813 -0.384292
69.9813 123.813 -0.126641
5.38318 134.579 -0.509126
16.1495 134.579 -0.628958
26.9159 134.579 -0.325254
37.6822 134.579 0.0210789
48.4486 134.579 0.130321
59.215 134.579 0.411539
69.9813 134.579 0.391241
5.38318 145.346 -0.351476
16.1495 145.346 -0.154332
26.9159 145.346 1.25562
37.6822 145.346 2.40834
48.4486 145.346 2.41333
59.215 145.346 2.08209
69.9813 145.346 1.2712
5.38318 156.112 -0.13583
16.1495 156.112 0.675971
26.9159 156.112 2.60951
37.6822 156.112 3.70168
48.4486 156.112 3.59562
59.215 156.112 2.8259
69.9813 156.112 1.65958
5.38318 166.879 0.062168
16.1495 166.879 1.09228
26.9159 166.879 2.91121
37.6822 166.879 3.80252
48.4486 166.879 3.58804
59.215 166.879 2.73588
69.9813 166.879 1.60299
5.38318 177.645 0.202863
16.1495 177.645 0.896432
26.9159 177.645 2.20623
37.6822 177.645 2.46292
48.4486 177.645 2.13484
59.215 177.645 1.52862
69.9813 177.645 0.963776
5.38318 188.411 0.0811872
16.1495 188.411 0.331364
26.9159 188.411 1.2393
37.6822 188.411 1.09636
48.4486 188.411 0.946976
59.215 188.411 0.781502
69.9813 188.411 0.652023
5.38318 199.178 -0.0881572
16.1495 199.178 -0.104909
26.9159 199.178 0.435261
37.6822 199.178 0.16249
48.4486 199.178 0.188888
59.215 199.178 0.203899
69.9813 199.178 0.421257
5.38318 209.944 -0.110726
16.1495 209.944 -0.146266
26.9159 209.944 0.00665481
37.6822 209.944 -0.124258
48.4486 209.944 -0.0994258
59.215 209.944 -0.0721467
69.9813 209.944 0.212771
