37 37
0 17 72 40
0 1 72 72
0 0 72 82
0 0 72 144
0 0 72 216
5.38318 5.38318 0.54016
16.1495 5.38318 0.815122
26.9159 5.38318 0.988109
37.6822 5.38318 0.896015
48.4486 5.38318 0.840313
59.215 5.38318 0.657187
69.9813 5.38318 0.433597
5.38318 16.1495 1.02515
16.1495 16.1495 1.86872
26.9159 16.1495 2.38659
37.6822 16.1495 2.26101
48.4486 16.1495 2.10302
59.215 16.1495 1.58071
69.9813 16.1495 0.997353
5.38318 26.9159 1.1154
16.1495 26.9159 2.15676
26.9159 26.9159 2.99436
37.6822 26.9159 2.93202
48.4486 26.9159 2.7454
59.215 26.9159 1.97164
69.9813 26.9159 1.24949
5.38318 37.6822 1.18974
16.1495 37.6822 2.43729
26.9159 37.6822 3.79889
37.6822 37.6822 3.94221
48.4486 37.6822 3.68319
59.215 37.6822 2.45684
69.9813 37.6822 1.45523
5.38318 48.4486 0.95654
16.1495 48.4486 2.11245
26.9159 48.4486 3.52892
37.6822 48.4486 3.83167
48.4486 48.4486 3.59729
59.215 48.4486 2.35238
69.9813 48.4486 1.35293
5.38318 59.215 0.463665
16.1495 59.215 1.26555
26.9159 59.215 2.46837
37.6822 59.215 2.73769
48.4486 59.215 2.5547
59.215 59.215 1.68132
69.9813 59.215 0.944093
5.38318 69.9813 -0.0261994
16.1495 69.9813 0.0975572
26.9159 69.9813 0.655209
37.6822 69.9813 0.674432
48.4486 69.9813 0.570011
59.215 69.9813 0.343566
69.9813 69.9813 0.249277
5.38318 80.7477 -0.187246
16.1495 80.7477 -0.269628
26.9159 80.7477 -0.219758
37.6822 80.7477 -0.232176
48.4486 80.7477 -0.217543
59.215 80.7477 -0.195025
69.9813 80.7477 -0.07126
5.38318 91.514 -0.273877
16.1495 91.514 -0.431011
26.9159 91.514 -0.456237
37.6822 91.514 -0.489037
48.4486 91.514 -0.447198
59.215 91.514 -0.365723
69.9813 91.514 -0.14915
5.38318 102.28 -0.293964
16.1495 102.28 -0.439593
26.9159 102.28 -0.428016
37.6822 102.28 -0.4209
48.4486 102.28 -0.399478
59.215 102.28 -0.327548
69.9813 102.28 -0.141193
5.38318 113.047 -0.287397
16.1495 113.047 -0.435627
26.9159 113.047 -0.429933
37.6822 113.047 -0.419328
48.4486 113.047 -0.402339
59.215 113.047 -0.306044
69.9813 113.047 -0.134599
5.38318 123.813 -0.244424
16.1495 123.813 -0.378576
26.9159 123.813 -0.380161
37.6822 123.813 -0.350201
48.4486 123.813 -0.318421
59.215 123.813 -0.189126
69.9813 123.813 -0.0574279
5.38318 134.579 -0.171237
16.1495 134.579 -0.263544
26.9159 134.579 -0.268137
37.6822 134.579 -0.181879
48.4486 134.579 -0.0856027
59.215 134.579 0.197396
69.9813 134.579 0.301377
5.38318 145.346 -0.118521
16.1495 145.346 -0.158517
26.9159 145.346 -0.143319
37.6822 145.346 0.153774
48.4486 145.346 0.63866
59.215 145.346 1.07109
69.9813 145.346 0.894168
5.38318 156.112 -0.00938903
16.1495 156.112 0.128017
26.9159 156.112 0.295016
37.6822 156.112 0.85409
48.4486 156.112 1.54916
59.215 156.112 1.83521
69.9813 156.112 1.39773
5.38318 166.879 0.0922638
16.1495 166.879 0.378847
26.9159 166.879 0.580205
37.6822 166.879 1.15186
48.4486 166.879 1.78683
59.215 166.879 2.05612
69.9813 166.879 1.55414
5.38318 177.645 0.270744
16.1495 177.645 0.616775
26.9159 177.645 0.750856
37.6822 177.645 1.27544
48.4486 177.645 1.68318
59.215 177.645 1.81608
69.9813 177.645 1.34071
5.38318 188.411 0.421929
16.1495 188.411 0.827768
26.9159 188.411 0.812261
37.6822 188.411 1.13691
48.4486 188.411 1.12722
59.215 188.411 1.23597
69.9813 188.411 0.920903
5.38318 199.178 0.472552
16.1495 199.178 0.87735
26.9159 199.178 0.870479
37.6822 199.178 1.09586
48.4486 199.178 0.858343
59.215 199.178 0.838542
69.9813 199.178 0.600996
5.38318 209.944 0.345116
16.1495 209.944 0.69587
26.9159 209.944 0.757129
37.6822 209.944 0.888997
48.4486 209.944 0.547398
59.215 209.944 0.378374
69.9813 209.944 0.20726
