26 166
0 146 72 40
0 130 72 72
0 125 72 82
0 72 72 144
0 0 72 216
5.38318 5.38318 -0.0440777
16.1495 5.38318 -0.0722887
26.9159 5.38318 -0.0122403
37.6822 5.38318 0.0235949
48.4486 5.38318 0.0467172
59.215 5.38318 0.0462477
69.9813 5.38318 0.0806521
5.38318 16.1495 -0.0112197
16.1495 16.1495 0.214697
26.9159 16.1495 0.699741
37.6822 16.1495 0.845418
48.4486 16.1495 0.841166
59.215 16.1495 0.60979
69.9813 16.1495 0.452603
5.38318 26.9159 -0.0654935
16.1495 26.9159 0.324919
26.9159 26.9159 1.26261
37.6822 26.9159 1.6059
48.4486 26.9159 1.54083
59.215 26.9159 0.903855
69.9813 26.9159 0.592002
5.38318 37.6822 0.332099
16.1495 37.6822 1.39802
26.9159 37.6822 2.69929
37.6822 37.6822 3.11376
48.4486 37.6822 2.86535
59.215 37.6822 1.79091
69.9813 37.6822 0.992728
5.38318 48.4486 0.376745
16.1495 48.4486 1.54826
26.9159 48.4486 2.97514
37.6822 48.4486 3.48582
48.4486 48.4486 3.15131
59.215 48.4486 1.89053
69.9813 48.4486 0.988883
5.38318 59.215 0.176343
16.1495 59.215 1.03138
26.9159 59.215 2.09333
37.6822 59.215 2.44086
48.4486 59.215 2.1253
59.215 59.215 1.23186
69.9813 59.215 0.605502
5.38318 69.9813 -0.106576
16.1495 69.9813 -0.00848678
26.9159 69.9813 0.439816
37.6822 69.9813 0.504958
48.4486 69.9813 0.242352
59.215 69.9813 -0.051686
69.9813 69.9813 -0.0332925
5.38318 80.7477 -0.224498
16.1495 80.7477 -0.288258
26.9159 80.7477 -0.253747
37.6822 80.7477 -0.266244
48.4486 80.7477 -0.322042
59.215 80.7477 -0.308362
69.9813 80.7477 -0.15424
5.38318 91.514 -0.280246
16.1495 91.514 -0.436036
26.9159 91.514 -0.448063
37.6822 91.514 -0.476368
48.4486 91.514 -0.463174
59.215 91.514 -0.369588
69.9813 91.514 -0.166357
5.38318 102.28 -0.298699
16.1495 102.28 -0.454978
26.9159 102.28 -0.466815
37.6822 102.28 -0.458598
48.4486 102.28 -0.442848
59.215 102.28 -0.356347
69.9813 102.28 -0.160513
5.38318 113.047 -0.292769
16.1495 113.047 -0.437655
26.9159 113.047 -0.431472
37.6822 113.047 -0.421975
48.4486 113.047 -0.415964
59.215 113.047 -0.330808
69.9813 113.047 -0.150962
5.38318 123.813 -0.192132
16.1495 123.813 -0.246661
26.9159 123.813 -0.172778
37.6822 123.813 -0.210497
48.4486 123.813 -0.274072
59.215 123.813 -0.27932
69.9813 123.813 -0.133735
5.38318 134.579 0.0387132
16.1495 134.579 0.399272
26.9159 134.579 0.730167
37.6822 134.579 0.5258
48.4486 134.579 0.0254807
59.215 134.579 -0.154401
69.9813 134.579 -0.0925427
5.38318 145.346 0.691542
16.1495 145.346 1.65753
26.9159 145.346 2.28168
37.6822 145.346 1.88286
48.4486 145.346 0.972168
59.215 145.346 0.123285
69.9813 145.346 -0.0175289
5.38318 156.112 1.13355
16.1495 156.112 2.55946
26.9159 156.112 3.41798
37.6822 156.112 2.89055
48.4486 156.112 1.63205
59.215 156.112 0.505028
69.9813 156.112 0.132763
5.38318 166.879 1.32624
16.1495 166.879 2.79004
26.9159 166.879 3.63004
37.6822 166.879 3.08112
48.4486 166.879 1.85742
59.215 166.879 0.744198
69.9813 166.879 0.312972
5.38318 177.645 1.3189
16.1495 177.645 2.46798
26.9159 177.645 3.06223
37.6822 177.645 2.64143
48.4486 177.645 1.85557
59.215 177.645 1.00894
69.9813 177.645 0.558623
5.38318 188.411 1.19217
16.1495 188.411 2.22325
26.9159 188.411 2.708
37.6822 188.411 2.51568
48.4486 188.411 2.10161
59.215 188.411 1.44831
69.9813 188.411 0.940313
5.38318 199.178 0.978314
16.1495 199.178 1.98722
26.9159 199.178 2.52075
37.6822 199.178 2.63674
48.4486 199.178 2.48842
59.215 199.178 1.93376
69.9813 199.178 1.28343
5.38318 209.944 0.577338
16.1495 209.944 1.29708
26.9159 209.944 1.74088
37.6822 209.944 1.98456
48.4486 209.944 2.07267
59.215 209.944 1.73174
69.9813 209.944 1.17597
