37 177
0 157 72 40
0 141 72 72
0 134 72 82
0 72 72 144
0 0 72 216
5.38318 5.38318 0.205167
16.1495 5.38318 0.253041
26.9159 5.38318 0.402374
37.6822 5.38318 0.33168
48.4486 5.38318 0.393113
59.215 5.38318 0.363501
69.9813 5.38318 0.306022
5.38318 16.1495 0.496109
16.1495 16.1495 0.89106
26.9159 16.1495 1.29977
37.6822 16.1495 1.26047
48.4486 16.1495 1.31819
59.215 16.1495 1.09943
69.9813 16.1495 0.802716
5.38318 26.9159 0.537716
16.1495 26.9159 1.08326
26.9159 26.9159 1.76071
37.6822 26.9159 1.84933
48.4486 26.9159 1.87428
59.215 26.9159 1.47067
69.9813 26.9159 1.00575
5.38318 37.6822 1.0708
16.1495 37.6822 1.98507
26.9159 37.6822 3.0277
37.6822 37.6822 3.13704
48.4486 37.6822 3.00025
59.215 37.6822 2.10549
69.9813 37.6822 1.31682
5.38318 48.4486 1.15792
16.1495 48.4486 2.14536
26.9159 48.4486 3.51191
37.6822 48.4486 3.57659
48.4486 48.4486 3.30076
59.215 48.4486 2.1652
69.9813 48.4486 1.30124
5.38318 59.215 0.882222
16.1495 59.215 1.69768
26.9159 59.215 3.08495
37.6822 59.215 3.06976
48.4486 59.215 2.71242
59.215 59.215 1.65298
69.9813 59.215 0.971696
5.38318 69.9813 -0.0263518
16.1495 69.9813 0.0797936
26.9159 69.9813 1.24905
37.6822 69.9813 1.12774
48.4486 69.9813 0.752124
59.215 69.9813 0.140201
69.9813 69.9813 0.0962416
5.38318 80.7477 -0.426382
16.1495 80.7477 -0.614742
26.9159 80.7477 -0.446601
37.6822 80.7477 -0.419893
48.4486 80.7477 -0.530492
59.215 80.7477 -0.480406
69.9813 80.7477 -0.250468
5.38318 91.514 -0.547743
16.1495 91.514 -0.873048
26.9159 91.514 -0.961178
37.6822 91.514 -0.978535
48.4486 91.514 -0.964731
59.215 91.514 -0.774458
69.9813 91.514 -0.352985
5.38318 102.28 -0.581796
16.1495 102.28 -0.938677
26.9159 102.28 -1.04245
37.6822 102.28 -1.05319
48.4486 102.28 -0.997304
59.215 102.28 -0.786069
69.9813 102.28 -0.337867
5.38318 113.047 -0.570045
16.1495 113.047 -0.913063
26.9159 113.047 -0.988633
37.6822 113.047 -0.986224
48.4486 113.047 -0.929609
59.215 113.047 -0.709491
69.9813 113.047 -0.298868
5.38318 123.813 -0.476541
16.1495 123.813 -0.76306
26.9159 123.813 -0.78456
37.6822 123.813 -0.80566
48.4486 123.813 -0.769833
59.215 123.813 -0.548361
69.9813 123.813 -0.208428
5.38318 134.579 -0.145923
16.1495 134.579 -0.242576
26.9159 134.579 -0.236154
37.6822 134.579 -0.313266
48.4486 134.579 -0.347398
59.215 134.579 -0.205667
69.9813 134.579 -0.00511165
5.38318 145.346 0.820872
16.1495 145.346 1.34323
26.9159 145.346 1.40774
37.6822 145.346 1.0767
48.4486 145.346 0.828591
59.215 145.346 0.780815
69.9813 145.346 0.667213
5.38318 156.112 1.80472
16.1495 156.112 2.99802
26.9159 156.112 3.24992
37.6822 156.112 3.00701
48.4486 156.112 2.66039
59.215 156.112 2.22614
69.9813 156.112 1.41967
5.38318 166.879 2.18038
16.1495 166.879 3.75571
26.9159 166.879 4.45597
37.6822 166.879 4.65448
48.4486 166.879 4.24802
59.215 166.879 3.37341
69.9813 166.879 1.93634
5.38318 177.645 1.72628
16.1495 177.645 3.16099
26.9159 177.645 4.37457
37.6822 177.645 5.38705
48.4486 177.645 5.14236
59.215 177.645 3.99613
69.9813 177.645 2.11822
5.38318 188.411 0.855883
16.1495 188.411 1.88895
26.9159 188.411 3.30275
37.6822 188.411 4.55424
48.4486 188.411 4.35585
59.215 188.411 3.2601
69.9813 188.411 1.66666
5.38318 199.178 0.26224
16.1495 199.178 0.749822
26.9159 199.178 1.77276
37.6822 199.178 2.45058
48.4486 199.178 2.29236
59.215 199.178 1.79298
69.9813 199.178 0.988843
5.38318 209.944 0.0937591
16.1495 209.944 0.379187
26.9159 209.944 0.844895
37.6822 209.944 1.01188
48.4486 209.944 0.880247
59.215 209.944 0.649938
69.9813 209.944 0.50359
