37 37
0 17 72 40
0 1 72 72
0 0 72 82
0 0 72 144
0 0 72 216
5.38318 5.38318 0.889348
16.1495 5.38318 1.54083
26.9159 5.38318 1.87457
37.6822 5.38318 1.98578
48.4486 5.38318 1.71815
59.215 5.38318 1.26146
69.9813 5.38318 0.697913
5.38318 16.1495 1.4297
16.1495 16.1495 2.87856
26.9159 16.1495 3.89334
37.6822 16.1495 4.2798
48.4486 16.1495 3.72723
59.215 16.1495 2.64596
69.9813 16.1495 1.4256
5.38318 26.9159 1.62575
16.1495 26.9159 3.59728
26.9159 26.9159 5.32166
37.6822 26.9159 5.94459
48.4486 26.9159 5.06736
59.215 26.9159 3.44958
69.9813 26.9159 1.75706
5.38318 37.6822 1.47647
16.1495 37.6822 3.4158
26.9159 37.6822 5.44542
37.6822 37.6822 6.18804
48.4486 37.6822 5.29001
59.215 37.6822 3.51067
69.9813 37.6822 1.77492
5.38318 48.4486 1.71131
16.1495 48.4486 3.3075
26.9159 48.4486 4.6795
37.6822 48.4486 4.82717
48.4486 48.4486 4.25667
59.215 48.4486 3.00519
69.9813 48.4486 1.74527
5.38318 59.215 1.83996
16.1495 59.215 2.87332
26.9159 59.215 3.13492
37.6822 59.215 2.83788
48.4486 59.215 2.78009
59.215 59.215 2.50938
69.9813 59.215 1.76417
5.38318 69.9813 1.63456
16.1495 69.9813 2.31603
26.9159 69.9813 2.24633
37.6822 69.9813 1.67224
48.4486 69.9813 1.7891
59.215 69.9813 1.90773
69.9813 69.9813 1.48936
5.38318 80.7477 0.310574
16.1495 80.7477 0.410299
26.9159 80.7477 0.443374
37.6822 80.7477 0.231006
48.4486 80.7477 0.311291
59.215 80.7477 0.587704
69.9813 80.7477 0.666016
5.38318 91.514 -0.39558
16.1495 91.514 -0.662777
26.9159 91.514 -0.663439
37.6822 91.514 -0.732439
48.4486 91.514 -0.721614
59.215 91.514 -0.535206
69.9813 91.514 -0.213917
5.38318 102.28 -0.55229
16.1495 102.28 -0.895894
26.9159 102.28 -0.971142
37.6822 102.28 -0.990807
48.4486 102.28 -0.943263
59.215 102.28 -0.734604
69.9813 102.28 -0.31554
5.38318 113.047 -0.572746
16.1495 113.047 -0.912838
26.9159 113.047 -0.984279
37.6822 113.047 -0.989113
48.4486 113.047 -0.943294
59.215 113.047 -0.744573
69.9813 113.047 -0.322137
5.38318 123.813 -0.504069
16.1495 123.813 -0.740084
26.9159 123.813 -0.63419
37.6822 123.813 -0.653253
48.4486 123.813 -0.679434
59.215 123.813 -0.583155
69.9813 123.813 -0.253517
5.38318 134.579 -0.302455
16.1495 134.579 -0.281902
26.9159 134.579 0.233859
37.6822 134.579 0.138579
48.4486 134.579 -0.113912
59.215 134.579 -0.28431
69.9813 134.579 -0.118191
5.38318 145.346 -0.000180109
16.1495 145.346 0.984843
26.9159 145.346 2.5364
37.6822 145.346 2.55271
48.4486 145.346 1.77618
59.215 145.346 0.629192
69.9813 145.346 0.314084
5.38318 156.112 0.395078
16.1495 156.112 1.93173
26.9159 156.112 3.76725
37.6822 156.112 3.87381
48.4486 156.112 2.89025
59.215 156.112 1.50446
69.9813 156.112 0.756189
5.38318 166.879 0.53431
16.1495 166.879 2.04012
26.9159 166.879 3.90612
37.6822 166.879 4.11135
48.4486 166.879 3.18249
59.215 166.879 1.88576
69.9813 166.879 0.949056
5.38318 177.645 0.451432
16.1495 177.645 1.46785
26.9159 177.645 2.89607
37.6822 177.645 3.00536
48.4486 177.645 2.43213
59.215 177.645 1.61038
69.9813 177.645 0.893589
5.38318 188.411 0.480648
16.1495 188.411 1.20517
26.9159 188.411 2.28365
37.6822 188.411 2.35752
48.4486 188.411 1.99502
59.215 188.411 1.44029
69.9813 188.411 0.872196
5.38318 199.178 0.51708
16.1495 199.178 1.12316
26.9159 199.178 1.84466
37.6822 199.178 1.76046
48.4486 199.178 1.30428
59.215 199.178 0.954831
69.9813 199.178 0.651593
5.38318 209.944 0.523059
16.1495 209.944 0.981431
26.9159 209.944 1.13909
37.6822 209.944 0.86109
48.4486 209.944 0.512475
59.215 209.944 0.455519
69.9813 209.944 0.462004
