37 37
0 17 72 40
0 1 72 72
0 0 72 82
0 0 72 144
0 0 72 216
5.38318 5.38318 0.538853
16.1495 5.38318 0.907982
26.9159 5.38318 1.29885
37.6822 5.38318 1.41864
48.4486 5.38318 1.26981
59.215 5.38318 0.913837
69.9813 5.38318 0.522879
5.38318 16.1495 0.943252
16.1495 16.1495 1.89196
26.9159 16.1495 2.87952
37.6822 16.1495 3.15528
48.4486 16.1495 2.72618
59.215 16.1495 1.83771
69.9813 16.1495 1.03042
5.38318 26.9159 1.15623
16.1495 26.9159 2.58904
26.9159 26.9159 4.32988
37.6822 26.9159 4.78198
48.4486 26.9159 3.9761
59.215 26.9159 2.50602
69.9813 26.9159 1.26875
5.38318 37.6822 1.22629
16.1495 37.6822 2.9195
26.9159 37.6822 5.00444
37.6822 37.6822 5.44351
48.4486 37.6822 4.35567
59.215 37.6822 2.56793
69.9813 37.6822 1.19967
5.38318 48.4486 1.11403
16.1495 48.4486 2.63602
26.9159 48.4486 4.32756
37.6822 48.4486 4.56082
48.4486 48.4486 3.57137
59.215 48.4486 2.15279
69.9813 48.4486 1.04523
5.38318 59.215 0.923932
16.1495 59.215 1.85501
26.9159 59.215 2.29785
37.6822 59.215 2.23097
48.4486 59.215 1.76112
59.215 59.215 1.36014
69.9813 59.215 0.938451
5.38318 69.9813 0.552973
16.1495 69.9813 1.03539
26.9159 69.9813 0.988963
37.6822 69.9813 0.784849
48.4486 69.9813 0.400424
59.215 69.9813 0.633456
69.9813 69.9813 0.604101
5.38318 80.7477 0.0278734
16.1495 80.7477 0.0917141
26.9159 80.7477 -0.00645821
37.6822 80.7477 -0.0939538
48.4486 80.7477 -0.223778
59.215 80.7477 -0.00845043
69.9813 80.7477 0.188975
5.38318 91.514 -0.448728
16.1495 91.514 -0.730032
26.9159 91.514 -0.775196
37.6822 91.514 -0.789431
48.4486 91.514 -0.818651
59.215 91.514 -0.553862
69.9813 91.514 -0.252382
5.38318 102.28 -0.564454
16.1495 102.28 -0.90445
26.9159 102.28 -0.974529
37.6822 102.28 -0.968725
48.4486 102.28 -0.922454
59.215 102.28 -0.693646
69.9813 102.28 -0.30147
5.38318 113.047 -0.578501
16.1495 113.047 -0.924524
26.9159 113.047 -1.00484
37.6822 113.047 -1.00311
48.4486 113.047 -0.950104
59.215 113.047 -0.742015
69.9813 113.047 -0.317822
5.38318 123.813 -0.552562
16.1495 123.813 -0.868089
26.9159 123.813 -0.907696
37.6822 123.813 -0.889782
48.4486 123.813 -0.843437
59.215 123.813 -0.633137
69.9813 123.813 -0.269471
5.38318 134.579 -0.432895
16.1495 134.579 -0.623873
26.9159 134.579 -0.500121
37.6822 134.579 -0.459954
48.4486 134.579 -0.452884
59.215 134.579 -0.361917
69.9813 134.579 -0.134655
5.38318 145.346 -0.183521
16.1495 145.346 -0.131069
26.9159 145.346 0.498712
37.6822 145.346 0.788711
48.4486 145.346 0.61028
59.215 145.346 0.325553
69.9813 145.346 0.25216
5.38318 156.112 0.324687
16.1495 156.112 1.15014
26.9159 156.112 2.38349
37.6822 156.112 2.75267
48.4486 156.112 2.40139
59.215 156.112 1.64382
69.9813 156.112 0.90165
5.38318 166.879 0.910698
16.1495 166.879 2.31965
26.9159 166.879 3.81578
37.6822 166.879 4.30964
48.4486 166.879 3.61129
59.215 166.879 2.38708
69.9813 166.879 1.22061
5.38318 177.645 1.17428
16.1495 177.645 2.63562
26.9159 177.645 4.2208
37.6822 177.645 4.58437
48.4486 177.645 3.81415
59.215 177.645 2.45629
69.9813 177.645 1.27597
5.38318 188.411 1.17654
16.1495 188.411 2.46822
26.9159 188.411 3.75497
37.6822 188.411 3.74269
48.4486 188.411 2.96096
59.215 188.411 1.8741
69.9813 188.411 0.996264
5.38318 199.178 0.780128
16.1495 199.178 1.53362
26.9159 199.178 2.21449
37.6822 199.178 2.12611
48.4486 199.178 1.86018
59.215 199.178 1.37674
69.9813 199.178 0.977063
5.38318 209.944 0.465646
16.1495 209.944 0.867629
26.9159 209.944 1.08033
37.6822 209.944 1.00056
48.4486 209.944 0.949914
59.215 209.944 0.889124
69.9813 209.944 0.711888
