37 37
0 17 72 40
0 1 72 72
0 0 72 82
0 0 72 144
0 0 72 216
5.38318 5.38318 0.307034
16.1495 5.38318 0.664552
26.9159 5.38318 1.11942
37.6822 5.38318 1.18625
48.4486 5.38318 0.921743
59.215 5.38318 0.495089
69.9813 5.38318 0.249886
5.38318 16.1495 0.557084
16.1495 16.1495 1.5347
26.9159 16.1495 2.52779
37.6822 16.1495 2.83737
48.4486 16.1495 2.29538
59.215 16.1495 1.40986
69.9813 16.1495 0.661631
5.38318 26.9159 0.634539
16.1495 26.9159 2.14239
26.9159 26.9159 3.85684
37.6822 26.9159 4.48256
48.4486 26.9159 3.46979
59.215 26.9159 1.89695
69.9813 26.9159 0.74427
5.38318 37.6822 0.775892
16.1495 37.6822 2.44438
26.9159 37.6822 4.52016
37.6822 37.6822 5.25807
48.4486 37.6822 4.24129
59.215 37.6822 2.3525
69.9813 37.6822 0.920223
5.38318 48.4486 0.769255
16.1495 48.4486 2.19432
26.9159 48.4486 3.75602
37.6822 48.4486 4.26981
48.4486 48.4486 3.32811
59.215 48.4486 1.92629
69.9813 48.4486 0.784719
5.38318 59.215 0.60826
16.1495 59.215 1.41012
26.9159 59.215 1.9154
37.6822 59.215 1.96354
48.4486 59.215 1.45214
59.215 59.215 1.01694
69.9813 59.215 0.5798
5.38318 69.9813 0.348453
16.1495 69.9813 0.64874
26.9159 69.9813 0.411738
37.6822 69.9813 0.152166
48.4486 69.9813 -0.15095
59.215 69.9813 0.141144
69.9813 69.9813 0.275532
5.38318 80.7477 -0.130736
16.1495 80.7477 -0.181113
26.9159 80.7477 -0.29867
37.6822 80.7477 -0.393921
48.4486 80.7477 -0.47411
59.215 80.7477 -0.263623
69.9813 80.7477 -0.0437726
5.38318 91.514 -0.445363
16.1495 91.514 -0.722307
26.9159 91.514 -0.819379
37.6822 91.514 -0.881932
48.4486 91.514 -0.865215
59.215 91.514 -0.604006
69.9813 91.514 -0.243487
5.38318 102.28 -0.56384
16.1495 102.28 -0.903494
26.9159 102.28 -0.98744
37.6822 102.28 -0.992097
48.4486 102.28 -0.946553
59.215 102.28 -0.730663
69.9813 102.28 -0.31788
5.38318 113.047 -0.584083
16.1495 113.047 -0.924953
26.9159 113.047 -0.998166
37.6822 113.047 -0.990979
48.4486 113.047 -0.945896
59.215 113.047 -0.743461
69.9813 113.047 -0.32427
5.38318 123.813 -0.550473
16.1495 123.813 -0.811293
26.9159 123.813 -0.708817
37.6822 123.813 -0.606483
48.4486 123.813 -0.692313
59.215 123.813 -0.576476
69.9813 123.813 -0.290143
5.38318 134.579 -0.485343
16.1495 134.579 -0.454556
26.9159 134.579 -0.0087475
37.6822 134.579 0.658547
48.4486 134.579 -0.069882
59.215 134.579 -0.238565
69.9813 134.579 -0.199716
5.38318 145.346 -0.319414
16.1495 145.346 0.358277
26.9159 145.346 2.3976
37.6822 145.346 3.28824
48.4486 145.346 2.0105
59.215 145.346 0.743497
69.9813 145.346 -0.0826586
5.38318 156.112 -0.195209
16.1495 156.112 1.11908
26.9159 156.112 3.60947
37.6822 156.112 4.71401
48.4486 156.112 3.18769
59.215 156.112 1.47551
69.9813 156.112 0.0649785
5.38318 166.879 -0.141493
16.1495 166.879 1.12821
26.9159 166.879 3.35547
37.6822 166.879 4.18543
48.4486 166.879 2.9026
59.215 166.879 1.26089
69.9813 166.879 0.0471999
5.38318 177.645 -0.157969
16.1495 177.645 0.408365
26.9159 177.645 1.88151
37.6822 177.645 2.20376
48.4486 177.645 1.43672
59.215 177.645 0.319141
69.9813 177.645 -0.00577088
5.38318 188.411 -0.183628
16.1495 188.411 -0.027694
26.9159 188.411 0.873367
37.6822 188.411 0.808454
48.4486 188.411 0.388126
59.215 188.411 -0.16704
69.9813 188.411 -0.011252
5.38318 199.178 -0.247026
16.1495 199.178 -0.164748
26.9159 199.178 0.372454
37.6822 199.178 0.381351
48.4486 199.178 0.073083
59.215 199.178 -0.172023
69.9813 199.178 0.0385791
5.38318 209.944 -0.201754
16.1495 209.944 -0.147008
26.9159 209.944 0.155151
37.6822 209.944 0.202998
48.4486 209.944 -0.0134624
59.215 209.944 -0.102645
69.9813 209.944 0.105572
