37 37
0 17 72 40
0 1 72 72
0 0 72 82
0 0 72 144
0 0 72 216
5.38318 5.38318 0.363387
16.1495 5.38318 0.728708
26.9159 5.38318 1.10271
37.6822 5.38318 1.03154
48.4486 5.38318 0.859851
59.215 5.38318 0.411873
69.9813 5.38318 0.253954
5.38318 16.1495 0.595725
16.1495 16.1495 1.64385
26.9159 16.1495 2.52038
37.6822 16.1495 2.61755
48.4486 16.1495 2.23538
59.215 16.1495 1.29965
69.9813 16.1495 0.716639
5.38318 26.9159 0.627908
16.1495 26.9159 2.02275
26.9159 26.9159 3.48882
37.6822 26.9159 3.98327
48.4486 26.9159 3.41356
59.215 26.9159 2.00808
69.9813 26.9159 0.994069
5.38318 37.6822 0.788257
16.1495 37.6822 2.27251
26.9159 37.6822 3.9094
37.6822 37.6822 4.69953
48.4486 37.6822 4.05675
59.215 37.6822 2.48634
69.9813 37.6822 1.17038
5.38318 48.4486 0.976638
16.1495 48.4486 2.26932
26.9159 48.4486 3.44002
37.6822 48.4486 4.01
48.4486 48.4486 3.45058
59.215 48.4486 2.24635
69.9813 48.4486 1.16734
5.38318 59.215 1.15169
16.1495 59.215 2.184
26.9159 59.215 2.49046
37.6822 59.215 2.45637
48.4486 59.215 2.14962
59.215 59.215 1.66388
69.9813 59.215 1.12617
5.38318 69.9813 1.00558
16.1495 69.9813 1.8651
26.9159 69.9813 1.89895
37.6822 69.9813 1.64486
48.4486 69.9813 1.49901
59.215 69.9813 1.40787
69.9813 69.9813 1.07676
5.38318 80.7477 0.341418
16.1495 80.7477 0.88281
26.9159 80.7477 1.06161
37.6822 80.7477 0.837707
48.4486 80.7477 0.724558
59.215 80.7477 0.757459
69.9813 80.7477 0.670494
5.38318 91.514 -0.257777
16.1495 91.514 -0.307285
26.9159 91.514 -0.206796
37.6822 91.514 -0.184494
48.4486 91.514 -0.176611
59.215 91.514 -0.0785975
69.9813 91.514 0.0712001
5.38318 102.28 -0.314494
16.1495 102.28 -0.446319
26.9159 102.28 -0.356837
37.6822 102.28 -0.30987
48.4486 102.28 -0.321328
59.215 102.28 -0.255838
69.9813 102.28 -0.116534
5.38318 113.047 -0.294747
16.1495 113.047 -0.44243
26.9159 113.047 -0.429607
37.6822 113.047 -0.413784
48.4486 113.047 -0.393315
59.215 113.047 -0.306792
69.9813 113.047 -0.132479
5.38318 123.813 -0.256345
16.1495 123.813 -0.372091
26.9159 123.813 -0.298962
37.6822 123.813 -0.281794
48.4486 123.813 -0.24845
59.215 123.813 -0.202106
69.9813 123.813 -0.0708391
5.38318 134.579 -0.120384
16.1495 134.579 -0.0830989
26.9159 134.579 0.266222
37.6822 134.579 0.391161
48.4486 134.579 0.413335
59.215 134.579 0.232747
69.9813 134.579 0.236813
5.38318 145.346 0.124733
16.1495 145.346 0.686735
26.9159 145.346 1.50023
37.6822 145.346 1.76674
48.4486 145.346 1.69961
59.215 145.346 1.16427
69.9813 145.346 0.725541
5.38318 156.112 0.525275
16.1495 156.112 1.66689
26.9159 156.112 2.78524
37.6822 156.112 3.24154
48.4486 156.112 2.98679
59.215 156.112 2.03575
69.9813 156.112 1.16619
5.38318 166.879 0.690202
16.1495 166.879 1.99665
26.9159 166.879 3.30286
37.6822 166.879 3.87517
48.4486 166.879 3.57635
59.215 166.879 2.4441
69.9813 166.879 1.3765
5.38318 177.645 0.596896
16.1495 177.645 1.72891
26.9159 177.645 2.78691
37.6822 177.645 3.30302
48.4486 177.645 3.06147
59.215 177.645 2.14388
69.9813 177.645 1.25731
5.38318 188.411 0.462078
16.1495 188.411 1.26369
26.9159 188.411 1.99008
37.6822 188.411 2.35895
48.4486 188.411 2.22681
59.215 188.411 1.712
69.9813 188.411 1.05512
5.38318 199.178 0.252078
16.1495 199.178 0.987114
26.9159 199.178 1.67427
37.6822 199.178 2.06201
48.4486 199.178 1.80838
59.215 199.178 1.42365
69.9813 199.178 0.839596
5.38318 209.944 0.216355
16.1495 209.944 0.864776
26.9159 209.944 1.29073
37.6822 209.944 1.50893
48.4486 209.944 1.1477
59.215 209.944 0.850242
69.9813 209.944 0.476302
