37 48
0 28 72 40
0 12 72 72
0 7 72 82
0 0 72 144
0 0 72 216
5.38318 5.38318 0.279301
16.1495 5.38318 0.460777
26.9159 5.38318 0.793188
37.6822 5.38318 0.659323
48.4486 5.38318 0.666857
59.215 5.38318 0.327768
69.9813 5.38318 0.301135
5.38318 16.1495 0.498025
16.1495 16.1495 1.07967
26.9159 16.1495 1.75793
37.6822 16.1495 1.66615
48.4486 16.1495 1.53255
59.215 16.1495 0.897767
69.9813 16.1495 0.701863
5.38318 26.9159 0.438906
16.1495 26.9159 1.31348
26.9159 26.9159 2.41878
37.6822 26.9159 2.43609
48.4486 26.9159 1.96473
59.215 26.9159 0.948028
69.9813 26.9159 0.64719
5.38318 37.6822 0.80229
16.1495 37.6822 2.06194
26.9159 37.6822 3.49867
37.6822 37.6822 3.72396
48.4486 37.6822 2.94765
59.215 37.6822 1.75321
69.9813 37.6822 0.956517
5.38318 48.4486 1.07607
16.1495 48.4486 2.62539
26.9159 48.4486 4.20047
37.6822 48.4486 4.58312
48.4486 48.4486 3.82401
59.215 48.4486 2.43498
69.9813 48.4486 1.38724
5.38318 59.215 1.26084
16.1495 59.215 2.79154
26.9159 59.215 3.88871
37.6822 59.215 4.14932
48.4486 59.215 3.66776
59.215 59.215 2.50513
69.9813 59.215 1.55011
5.38318 69.9813 0.893701
16.1495 69.9813 2.01143
26.9159 69.9813 2.49537
37.6822 69.9813 2.61325
48.4486 69.9813 2.40367
59.215 69.9813 1.78271
69.9813 69.9813 1.22687
5.38318 80.7477 0.288135
16.1495 80.7477 0.856796
26.9159 80.7477 1.1462
37.6822 80.7477 1.25184
48.4486 80.7477 1.06219
59.215 80.7477 0.799565
69.9813 80.7477 0.613073
5.38318 91.514 -0.426526
16.1495 91.514 -0.626334
26.9159 91.514 -0.630404
37.6822 91.514 -0.600102
48.4486 91.514 -0.639816
59.215 91.514 -0.467208
69.9813 91.514 -0.212125
5.38318 102.28 -0.566913
16.1495 102.28 -0.90518
26.9159 102.28 -0.988473
37.6822 102.28 -0.987914
48.4486 102.28 -0.959423
59.215 102.28 -0.743113
69.9813 102.28 -0.341266
5.38318 113.047 -0.572238
16.1495 113.047 -0.91256
26.9159 113.047 -0.987975
37.6822 113.047 -0.985897
48.4486 113.047 -0.937413
59.215 113.047 -0.719446
69.9813 113.047 -0.309752
5.38318 123.813 -0.509025
16.1495 123.813 -0.758891
26.9159 123.813 -0.702618
37.6822 123.813 -0.67005
48.4486 123.813 -0.629581
59.215 123.813 -0.483357
69.9813 123.813 -0.182754
5.38318 134.579 -0.27407
16.1495 134.579 -0.360846
26.9159 134.579 -0.215553
37.6822 134.579 -0.171086
48.4486 134.579 -0.120968
59.215 134.579 -0.0793796
69.9813 134.579 0.133932
5.38318 145.346 0.0894905
16.1495 145.346 0.502045
26.9159 145.346 1.15686
37.6822 145.346 1.38302
48.4486 145.346 1.54345
59.215 145.346 1.16585
69.9813 145.346 0.879813
5.38318 156.112 0.825977
16.1495 156.112 1.7328
26.9159 156.112 2.46115
37.6822 156.112 2.75301
48.4486 156.112 2.91925
59.215 156.112 2.31911
69.9813 156.112 1.5064
5.38318 166.879 1.19858
16.1495 166.879 2.18273
26.9159 166.879 3.05076
37.6822 166.879 3.42934
48.4486 166.879 3.66454
59.215 166.879 2.86753
69.9813 166.879 1.82889
5.38318 177.645 1.45875
16.1495 177.645 2.51211
26.9159 177.645 3.43967
37.6822 177.645 3.7399
48.4486 177.645 3.89868
59.215 177.645 3.02259
69.9813 177.645 1.88185
5.38318 188.411 1.48095
16.1495 188.411 2.52133
26.9159 188.411 3.32384
37.6822 188.411 3.5099
48.4486 188.411 3.56838
59.215 188.411 2.78767
69.9813 188.411 1.72992
5.38318 199.178 1.51141
16.1495 199.178 2.34174
26.9159 199.178 2.66924
37.6822 199.178 2.62515
48.4486 199.178 2.68876
59.215 199.178 2.34128
69.9813 199.178 1.55403
5.38318 209.944 0.943409
16.1495 209.944 1.33603
26.9159 209.944 1.24479
37.6822 209.944 1.15175
48.4486 209.944 1.26187
59.215 209.944 1.42525
69.9813 209.944 1.05102
