59 166
0 146 72 40
0 130 72 72
0 125 72 82
0 72 72 144
0 0 72 216
5.38318 5.38318 0.0686524
16.1495 5.38318 0.149663
26.9159 5.38318 0.584141
37.6822 5.38318 0.770625
48.4486 5.38318 0.74445
59.215 5.38318 0.585986
69.9813 5.38318 0.333486
5.38318 16.1495 0.0466008
16.1495 16.1495 0.444174
26.9159 16.1495 1.29472
37.6822 16.1495 1.59552
48.4486 16.1495 1.51377
59.215 16.1495 1.17828
69.9813 16.1495 0.717258
5.38318 26.9159 -0.15076
16.1495 26.9159 -0.0186822
26.9159 26.9159 0.981042
37.6822 26.9159 1.30094
48.4486 26.9159 1.1454
59.215 26.9159 0.853471
69.9813 26.9159 0.537418
5.38318 37.6822 -0.0603673
16.1495 37.6822 0.250874
26.9159 37.6822 0.983434
37.6822 37.6822 0.99231
48.4486 37.6822 0.584588
59.215 37.6822 0.258591
69.9813 37.6822 0.198511
5.38318 48.4486 -0.093916
16.1495 48.4486 0.106236
26.9159 48.4486 0.596336
37.6822 48.4486 0.47026
48.4486 48.4486 -0.0262524
59.215 48.4486 -0.151937
69.9813 48.4486 -0.0559367
5.38318 59.215 -0.182276
16.1495 59.215 -0.176229
26.9159 59.215 -0.00303557
37.6822 59.215 -0.0331672
48.4486 59.215 -0.19176
59.215 59.215 -0.238168
69.9813 59.215 -0.0900741
5.38318 69.9813 -0.362954
16.1495 69.9813 -0.530259
26.9159 69.9813 -0.467295
37.6822 69.9813 -0.470431
48.4486 69.9813 -0.505981
59.215 69.9813 -0.431449
69.9813 69.9813 -0.178852
5.38318 80.7477 -0.498516
16.1495 80.7477 -0.786532
26.9159 80.7477 -0.789117
37.6822 80.7477 -0.816369
48.4486 80.7477 -0.807721
59.215 80.7477 -0.647224
69.9813 80.7477 -0.276955
5.38318 91.514 -0.559631
16.1495 91.514 -0.903011
26.9159 91.514 -0.998308
37.6822 91.514 -1.02932
48.4486 91.514 -0.99181
59.215 91.514 -0.799364
69.9813 91.514 -0.348729
5.38318 102.28 -0.580849
16.1495 102.28 -0.934706
26.9159 102.28 -1.0277
37.6822 102.28 -1.04116
48.4486 102.28 -0.991813
59.215 102.28 -0.790524
69.9813 102.28 -0.345846
5.38318 113.047 -0.572896
16.1495 113.047 -0.916843
26.9159 113.047 -0.99442
37.6822 113.047 -0.994549
48.4486 113.047 -0.939449
59.215 113.047 -0.725381
69.9813 113.047 -0.306815
5.38318 123.813 -0.528318
16.1495 123.813 -0.82637
26.9159 123.813 -0.84353
37.6822 123.813 -0.766791
48.4486 123.813 -0.665314
59.215 123.813 -0.411248
69.9813 123.813 -0.109542
5.38318 134.579 -0.405066
16.1495 134.579 -0.577987
26.9159 134.579 -0.472393
37.6822 134.579 -0.253447
48.4486 134.579 -0.00124472
59.215 134.579 0.554148
69.9813 134.579 0.697156
5.38318 145.346 -0.20604
16.1495 145.346 -0.192392
26.9159 145.346 0.217366
37.6822 145.346 1.2235
48.4486 145.346 2.2185
59.215 145.346 2.65233
69.9813 145.346 1.99338
5.38318 156.112 0.0844704
16.1495 156.112 0.539801
26.9159 156.112 1.36915
37.6822 156.112 2.34775
48.4486 156.112 3.61255
59.215 156.112 4.13804
69.9813 156.112 3.07017
5.38318 166.879 0.261631
16.1495 166.879 0.812438
26.9159 166.879 1.64129
37.6822 166.879 2.51843
48.4486 166.879 3.83565
59.215 166.879 4.35054
69.9813 166.879 3.1977
5.38318 177.645 0.274332
16.1495 177.645 0.743933
26.9159 177.645 1.31902
37.6822 177.645 1.86642
48.4486 177.645 2.68773
59.215 177.645 2.8738
69.9813 177.645 2.14057
5.38318 188.411 0.16573
16.1495 188.411 0.493717
26.9159 188.411 0.944606
37.6822 188.411 1.36922
48.4486 188.411 1.82712
59.215 188.411 1.79742
69.9813 188.411 1.29038
5.38318 199.178 0.294712
16.1495 199.178 0.619277
26.9159 199.178 0.797186
37.6822 199.178 1.0969
48.4486 199.178 1.44069
59.215 199.178 1.50729
69.9813 199.178 1.11702
5.38318 209.944 0.296945
16.1495 209.944 0.511637
26.9159 209.944 0.545016
37.6822 209.944 0.730711
48.4486 209.944 1.00462
59.215 209.944 1.11518
69.9813 209.944 0.856423
