37 26
0 6 72 40
0 0 72 72
0 0 72 82
0 0 72 144
0 0 72 216
5.38318 5.38318 0.219322
16.1495 5.38318 0.58876
26.9159 5.38318 1.46055
37.6822 5.38318 1.71523
48.4486 5.38318 1.33364
59.215 5.38318 0.803103
69.9813 5.38318 0.31886
5.38318 16.1495 0.401568
16.1495 16.1495 1.2389
26.9159 16.1495 2.74792
37.6822 16.1495 3.30216
48.4486 16.1495 2.71075
59.215 16.1495 1.80523
69.9813 16.1495 0.820666
5.38318 26.9159 0.471871
16.1495 26.9159 1.47693
26.9159 26.9159 3.21379
37.6822 26.9159 3.8858
48.4486 26.9159 3.25745
59.215 26.9159 2.17874
69.9813 26.9159 1.0217
5.38318 37.6822 0.803426
16.1495 37.6822 1.51345
26.9159 37.6822 2.56903
37.6822 37.6822 2.86995
48.4486 37.6822 2.56193
59.215 37.6822 1.99306
69.9813 37.6822 1.17788
5.38318 48.4486 0.816224
16.1495 48.4486 1.10755
26.9159 48.4486 1.46452
37.6822 48.4486 1.29299
48.4486 48.4486 1.25633
59.215 48.4486 1.25064
69.9813 48.4486 1.00312
5.38318 59.215 0.339727
16.1495 59.215 0.244396
26.9159 59.215 0.300413
37.6822 59.215 -0.0289229
48.4486 59.215 -0.0480401
59.215 59.215 0.267706
69.9813 59.215 0.463238
5.38318 69.9813 -0.247103
16.1495 69.9813 -0.483588
26.9159 69.9813 -0.468456
37.6822 69.9813 -0.520118
48.4486 69.9813 -0.464426
59.215 69.9813 -0.262113
69.9813 69.9813 -0.0304682
5.38318 80.7477 -0.417384
16.1495 80.7477 -0.711784
26.9159 80.7477 -0.730276
37.6822 80.7477 -0.763447
48.4486 80.7477 -0.702089
59.215 80.7477 -0.455954
69.9813 80.7477 -0.144217
5.38318 91.514 -0.537881
16.1495 91.514 -0.871737
26.9159 91.514 -0.9111
37.6822 91.514 -0.93124
48.4486 91.514 -0.856209
59.215 91.514 -0.604702
69.9813 91.514 -0.234641
5.38318 102.28 -0.546372
16.1495 102.28 -0.873468
26.9159 102.28 -0.931623
37.6822 102.28 -0.933996
48.4486 102.28 -0.883382
59.215 102.28 -0.649026
69.9813 102.28 -0.264104
5.38318 113.047 -0.529448
16.1495 113.047 -0.845715
26.9159 113.047 -0.920834
37.6822 113.047 -0.920053
48.4486 113.047 -0.854905
59.215 113.047 -0.603985
69.9813 113.047 -0.229223
5.38318 123.813 -0.322697
16.1495 123.813 -0.512738
26.9159 123.813 -0.474212
37.6822 123.813 -0.475092
48.4486 123.813 -0.409787
59.215 123.813 -0.211708
69.9813 123.813 0.0269008
5.38318 134.579 0.132005
16.1495 134.579 0.188477
26.9159 134.579 0.444444
37.6822 134.579 0.396056
48.4486 134.579 0.628084
59.215 134.579 0.86445
69.9813 134.579 0.817501
5.38318 145.346 1.1253
16.1495 145.346 1.81879
26.9159 145.346 2.22077
37.6822 145.346 2.13322
48.4486 145.346 2.29188
59.215 145.346 2.25822
69.9813 145.346 1.62738
5.38318 156.112 1.89513
16.1495 156.112 2.88053
26.9159 156.112 3.07323
37.6822 156.112 2.90865
48.4486 156.112 3.19275
59.215 156.112 3.12139
69.9813 156.112 2.23689
5.38318 166.879 2.58995
16.1495 166.879 3.66428
26.9159 166.879 3.52234
37.6822 166.879 3.20361
48.4486 166.879 3.61465
59.215 166.879 3.63195
69.9813 166.879 2.59702
5.38318 177.645 2.57155
16.1495 177.645 3.4503
26.9159 177.645 3.00281
37.6822 177.645 2.62175
48.4486 177.645 3.12811
59.215 177.645 3.30235
69.9813 177.645 2.42812
5.38318 188.411 2.09046
16.1495 188.411 2.70605
26.9159 188.411 2.37994
37.6822 188.411 2.10699
48.4486 188.411 2.70273
59.215 188.411 2.83154
69.9813 188.411 2.15836
5.38318 199.178 0.820014
16.1495 199.178 1.24504
26.9159 199.178 1.32226
37.6822 199.178 1.36916
48.4486 199.178 1.83733
59.215 199.178 1.66523
69.9813 199.178 1.32937
5.38318 209.944 0.210856
16.1495 209.944 0.405079
26.9159 209.944 0.74536
37.6822 209.944 0.878836
48.4486 209.944 1.29914
59.215 209.944 1.09628
69.9813 209.944 0.915602
