37 37
0 17 72 40
0 1 72 72
0 0 72 82
0 0 72 144
0 0 72 216
5.38318 5.38318 0.483189
16.1495 5.38318 0.892972
26.9159 5.38318 1.28477
37.6822 5.38318 1.26808
48.4486 5.38318 1.15363
59.215 5.38318 0.771407
69.9813 5.38318 0.458595
5.38318 16.1495 0.760968
16.1495 16.1495 1.67895
26.9159 16.1495 2.67068
37.6822 16.1495 2.85403
48.4486 16.1495 2.65017
59.215 16.1495 1.77929
69.9813 16.1495 1.00859
5.38318 26.9159 0.767041
16.1495 26.9159 2.02757
26.9159 26.9159 3.64428
37.6822 26.9159 4.07482
48.4486 26.9159 3.78893
59.215 26.9159 2.51785
69.9813 26.9159 1.34922
5.38318 37.6822 0.802403
16.1495 37.6822 2.13118
26.9159 37.6822 3.83361
37.6822 37.6822 4.35712
48.4486 37.6822 4.02317
59.215 37.6822 2.6454
69.9813 37.6822 1.38284
5.38318 48.4486 0.979877
16.1495 48.4486 2.1243
26.9159 48.4486 3.23577
37.6822 48.4486 3.24553
48.4486 48.4486 2.78529
59.215 48.4486 1.82029
69.9813 48.4486 1.04101
5.38318 59.215 0.874865
16.1495 59.215 1.66564
26.9159 59.215 2.10675
37.6822 59.215 1.85077
48.4486 59.215 1.56057
59.215 59.215 1.10237
69.9813 59.215 0.811361
5.38318 69.9813 0.502175
16.1495 69.9813 0.927321
26.9159 69.9813 1.19001
37.6822 69.9813 0.942786
48.4486 69.9813 0.908182
59.215 69.9813 0.836665
69.9813 69.9813 0.744409
5.38318 80.7477 -0.0727093
16.1495 80.7477 -0.102107
26.9159 80.7477 0.0695621
37.6822 80.7477 0.0854749
48.4486 80.7477 0.284391
59.215 80.7477 0.440691
69.9813 80.7477 0.468893
5.38318 91.514 -0.255557
16.1495 91.514 -0.392558
26.9159 91.514 -0.316033
37.6822 91.514 -0.273082
48.4486 91.514 -0.220111
59.215 91.514 -0.128321
69.9813 91.514 -0.0031936
5.38318 102.28 -0.293396
16.1495 102.28 -0.429042
26.9159 102.28 -0.346587
37.6822 102.28 -0.288377
48.4486 102.28 -0.265973
59.215 102.28 -0.20801
69.9813 102.28 -0.0839346
5.38318 113.047 -0.289555
16.1495 113.047 -0.429268
26.9159 113.047 -0.394946
37.6822 113.047 -0.373047
48.4486 113.047 -0.354785
59.215 113.047 -0.277342
69.9813 113.047 -0.120469
5.38318 123.813 -0.176087
16.1495 123.813 -0.211721
26.9159 123.813 -0.112065
37.6822 123.813 -0.095643
48.4486 123.813 -0.103809
59.215 123.813 -0.106641
69.9813 123.813 -0.0161711
5.38318 134.579 0.108358
16.1495 134.579 0.436072
26.9159 134.579 0.846621
37.6822 134.579 0.894038
48.4486 134.579 0.756565
59.215 134.579 0.490201
69.9813 134.579 0.39596
5.38318 145.346 0.733548
16.1495 145.346 1.59964
26.9159 145.346 2.24435
37.6822 145.346 2.29168
48.4486 145.346 2.06204
59.215 145.346 1.53755
69.9813 145.346 1.04593
5.38318 156.112 1.13216
16.1495 156.112 2.3393
26.9159 156.112 3.12202
37.6822 156.112 3.17164
48.4486 156.112 2.97425
59.215 156.112 2.29075
69.9813 156.112 1.55795
5.38318 166.879 1.28523
16.1495 166.879 2.5611
26.9159 166.879 3.31032
37.6822 166.879 3.63496
48.4486 166.879 3.78188
59.215 166.879 3.13352
69.9813 166.879 2.1301
5.38318 177.645 1.24019
16.1495 177.645 2.22584
26.9159 177.645 2.81574
37.6822 177.645 3.32981
48.4486 177.645 3.78368
59.215 177.645 3.29955
69.9813 177.645 2.2205
5.38318 188.411 1.21256
16.1495 188.411 2.21788
26.9159 188.411 2.84629
37.6822 188.411 3.58161
48.4486 188.411 3.99007
59.215 188.411 3.54654
69.9813 188.411 2.24339
5.38318 199.178 0.934083
16.1495 199.178 1.80706
26.9159 199.178 2.40783
37.6822 199.178 2.7158
48.4486 199.178 2.73212
59.215 199.178 2.37834
69.9813 199.178 1.54808
5.38318 209.944 0.577828
16.1495 209.944 1.15783
26.9159 209.944 1.52065
37.6822 209.944 1.50427
48.4486 209.944 1.39209
59.215 209.944 1.23587
69.9813 209.944 0.898462
