37 177
0 157 72 40
0 141 72 72
0 134 72 82
0 72 72 144
0 0 72 216
5.38318 5.38318 1.09269
16.1495 5.38318 1.69267
26.9159 5.38318 1.93122
37.6822 5.38318 1.92125
48.4486 5.38318 1.76991
59.215 5.38318 1.4149
69.9813 5.38318 0.831184
5.38318 16.1495 1.87747
16.1495 16.1495 3.15009
26.9159 16.1495 3.65126
37.6822 16.1495 3.62293
48.4486 16.1495 3.39768
59.215 16.1495 2.78822
69.9813 16.1495 1.67198
5.38318 26.9159 2.14921
16.1495 26.9159 3.73817
26.9159 26.9159 4.34446
37.6822 26.9159 4.40009
48.4486 26.9159 4.18209
59.215 26.9159 3.49282
69.9813 26.9159 2.09097
5.38318 37.6822 1.79794
16.1495 37.6822 3.06813
26.9159 37.6822 3.69492
37.6822 37.6822 3.84037
48.4486 37.6822 3.64861
59.215 37.6822 3.06125
69.9813 37.6822 1.78876
5.38318 48.4486 1.23027
16.1495 48.4486 2.20162
26.9159 48.4486 2.89754
37.6822 48.4486 3.0295
48.4486 48.4486 2.76413
59.215 48.4486 2.32585
69.9813 48.4486 1.37778
5.38318 59.215 1.02312
16.1495 59.215 1.76005
26.9159 59.215 2.55457
37.6822 59.215 2.5339
48.4486 59.215 2.29018
59.215 59.215 1.97765
69.9813 59.215 1.24157
5.38318 69.9813 0.705554
16.1495 69.9813 1.20003
26.9159 69.9813 1.90741
37.6822 69.9813 1.82247
48.4486 69.9813 1.66501
59.215 69.9813 1.5458
69.9813 69.9813 1.04038
5.38318 80.7477 0.063545
16.1495 80.7477 0.158929
26.9159 80.7477 0.531726
37.6822 80.7477 0.411999
48.4486 80.7477 0.353714
59.215 80.7477 0.443474
69.9813 80.7477 0.454319
5.38318 91.514 -0.183046
16.1495 91.514 -0.275086
26.9159 91.514 -0.230657
37.6822 91.514 -0.271289
48.4486 91.514 -0.262536
59.215 91.514 -0.193534
69.9813 91.514 -0.0227272
5.38318 102.28 -0.285231
16.1495 102.28 -0.433637
26.9159 102.28 -0.414783
37.6822 102.28 -0.428817
48.4486 102.28 -0.432091
59.215 102.28 -0.344923
69.9813 102.28 -0.153621
5.38318 113.047 -0.29971
16.1495 113.047 -0.454609
26.9159 113.047 -0.457241
37.6822 113.047 -0.442601
48.4486 113.047 -0.425774
59.215 113.047 -0.335812
69.9813 113.047 -0.148423
5.38318 123.813 -0.288984
16.1495 123.813 -0.434017
26.9159 123.813 -0.399364
37.6822 123.813 -0.388687
48.4486 123.813 -0.365904
59.215 123.813 -0.297903
69.9813 123.813 -0.127715
5.38318 134.579 -0.219047
16.1495 134.579 -0.277812
26.9159 134.579 -0.151562
37.6822 134.579 -0.115625
48.4486 134.579 -0.122438
59.215 134.579 -0.148117
69.9813 134.579 -0.0562529
5.38318 145.346 -0.0846124
16.1495 145.346 0.0639105
26.9159 145.346 0.708535
37.6822 145.346 0.899798
48.4486 145.346 0.743979
59.215 145.346 0.296888
69.9813 145.346 0.183998
5.38318 156.112 0.263787
16.1495 156.112 1.18185
26.9159 156.112 2.29003
37.6822 156.112 2.67647
48.4486 156.112 2.16387
59.215 156.112 1.18693
69.9813 156.112 0.49175
5.38318 166.879 0.572257
16.1495 166.879 1.91837
26.9159 166.879 3.70147
37.6822 166.879 4.36387
48.4486 166.879 3.52653
59.215 166.879 1.89786
69.9813 166.879 0.786694
5.38318 177.645 0.797879
16.1495 177.645 2.35969
26.9159 177.645 4.33547
37.6822 177.645 5.06178
48.4486 177.645 4.06029
59.215 177.645 2.20036
69.9813 177.645 0.912515
5.38318 188.411 0.805026
16.1495 188.411 2.17023
26.9159 188.411 3.65785
37.6822 188.411 4.16071
48.4486 188.411 3.46213
59.215 188.411 2.00914
69.9813 188.411 1.00128
5.38318 199.178 0.58808
16.1495 199.178 1.53606
26.9159 199.178 2.20869
37.6822 199.178 2.45431
48.4486 199.178 2.16483
59.215 199.178 1.44234
69.9813 199.178 0.878788
5.38318 209.944 0.35681
16.1495 209.944 0.956166
26.9159 209.944 1.33905
37.6822 209.944 1.48874
48.4486 209.944 1.37549
59.215 209.944 1.0014
69.9813 209.944 0.646382
