37 48
0 28 72 40
0 12 72 72
0 7 72 82
0 0 72 144
0 0 72 216
5.38318 5.38318 -0.00807945
16.1495 5.38318 -0.0220014
26.9159 5.38318 0.19962
37.6822 5.38318 0.212008
48.4486 5.38318 0.256429
59.215 5.38318 0.0876223
69.9813 5.38318 0.106282
5.38318 16.1495 0.161847
16.1495 16.1495 0.469095
26.9159 16.1495 1.16705
37.6822 16.1495 1.24719
48.4486 16.1495 1.10218
59.215 16.1495 0.575791
69.9813 16.1495 0.410003
5.38318 26.9159 0.202816
16.1495 26.9159 0.918545
26.9159 26.9159 2.17042
37.6822 26.9159 2.44679
48.4486 26.9159 1.95889
59.215 26.9159 0.932989
69.9813 26.9159 0.431524
5.38318 37.6822 0.884016
16.1495 37.6822 2.22718
26.9159 37.6822 4.03584
37.6822 37.6822 4.56133
48.4486 37.6822 3.61843
59.215 37.6822 1.92531
69.9813 37.6822 0.796961
5.38318 48.4486 1.09338
16.1495 48.4486 2.76221
26.9159 48.4486 4.78352
37.6822 48.4486 5.47059
48.4486 48.4486 4.44447
59.215 48.4486 2.49372
69.9813 48.4486 1.04922
5.38318 59.215 1.17728
16.1495 59.215 2.62529
26.9159 59.215 4.05007
37.6822 59.215 4.47442
48.4486 59.215 3.77456
59.215 59.215 2.31346
69.9813 59.215 1.15563
5.38318 69.9813 0.838181
16.1495 69.9813 1.7241
26.9159 69.9813 2.18437
37.6822 69.9813 2.28122
48.4486 69.9813 2.01326
59.215 69.9813 1.52044
69.9813 69.9813 0.965176
5.38318 80.7477 0.443304
16.1495 80.7477 0.965373
26.9159 80.7477 1.18845
37.6822 80.7477 1.22093
48.4486 80.7477 1.02677
59.215 80.7477 0.918766
69.9813 80.7477 0.642292
5.38318 91.514 -0.152737
16.1495 91.514 -0.147946
26.9159 91.514 -0.080833
37.6822 91.514 -0.0119115
48.4486 91.514 -0.115565
59.215 91.514 -0.0175804
69.9813 91.514 0.0205949
5.38318 102.28 -0.278421
16.1495 102.28 -0.4083
26.9159 102.28 -0.382288
37.6822 102.28 -0.366012
48.4486 102.28 -0.411222
59.215 102.28 -0.305784
69.9813 102.28 -0.155924
5.38318 113.047 -0.301245
16.1495 113.047 -0.456327
26.9159 113.047 -0.463305
37.6822 113.047 -0.444962
48.4486 113.047 -0.428311
59.215 113.047 -0.333939
69.9813 113.047 -0.148314
5.38318 123.813 -0.300073
16.1495 123.813 -0.455992
26.9159 123.813 -0.46301
37.6822 123.813 -0.447002
48.4486 123.813 -0.416705
59.215 123.813 -0.316178
69.9813 123.813 -0.134587
5.38318 134.579 -0.266926
16.1495 134.579 -0.397374
26.9159 134.579 -0.35799
37.6822 134.579 -0.33487
48.4486 134.579 -0.303082
59.215 134.579 -0.230424
69.9813 134.579 -0.0857934
5.38318 145.346 -0.126214
16.1495 145.346 -0.154178
26.9159 145.346 -0.0201958
37.6822 145.346 0.153787
48.4486 145.346 0.200094
59.215 145.346 0.14575
69.9813 145.346 0.168136
5.38318 156.112 0.402613
16.1495 156.112 0.774806
26.9159 156.112 1.343
37.6822 156.112 1.57353
48.4486 156.112 1.45629
59.215 156.112 1.01197
69.9813 156.112 0.586521
5.38318 166.879 1.25089
16.1495 166.879 2.08412
26.9159 166.879 2.80726
37.6822 166.879 3.04515
48.4486 166.879 2.7834
59.215 166.879 2.03852
69.9813 166.879 1.15174
5.38318 177.645 1.84796
16.1495 177.645 3.05615
26.9159 177.645 3.83295
37.6822 177.645 3.95275
48.4486 177.645 3.563
59.215 177.645 2.65743
69.9813 177.645 1.49028
5.38318 188.411 1.92446
16.1495 188.411 3.11526
26.9159 188.411 3.7513
37.6822 188.411 3.67329
48.4486 188.411 3.20704
59.215 188.411 2.4688
69.9813 188.411 1.41007
5.38318 199.178 1.01466
16.1495 199.178 1.81136
26.9159 199.178 2.26658
37.6822 199.178 2.25573
48.4486 199.178 1.8457
59.215 199.178 1.5591
69.9813 199.178 0.929409
5.38318 209.944 0.346567
16.1495 209.944 0.794552
26.9159 209.944 1.21677
37.6822 209.944 1.29334
48.4486 209.944 1.01715
59.215 209.944 0.826658
69.9813 209.944 0.448546
