37 26
0 6 72 40
0 0 72 72
0 0 72 82
0 0 72 144
0 0 72 216
5.38318 5.38318 0.590342
16.1495 5.38318 1.20496
26.9159 5.38318 1.92665
37.6822 5.38318 2.10559
48.4486 5.38318 1.7174
59.215 5.38318 1.04245
69.9813 5.38318 0.466801
5.38318 16.1495 1.01753
16.1495 16.1495 2.48265
26.9159 16.1495 4.18066
37.6822 16.1495 4.65689
48.4486 16.1495 3.78561
59.215 16.1495 2.20747
69.9813 16.1495 1.01308
5.38318 26.9159 1.12195
16.1495 26.9159 3.10079
26.9159 26.9159 5.57036
37.6822 26.9159 6.34862
48.4486 26.9159 5.15589
59.215 26.9159 2.93028
69.9813 26.9159 1.30564
5.38318 37.6822 1.11674
16.1495 37.6822 3.0672
26.9159 37.6822 5.32798
37.6822 37.6822 6.02709
48.4486 37.6822 4.83113
59.215 37.6822 2.79413
69.9813 37.6822 1.23265
5.38318 48.4486 1.06463
16.1495 48.4486 2.46308
26.9159 48.4486 3.81559
37.6822 48.4486 4.26309
48.4486 48.4486 3.56068
59.215 48.4486 2.4358
69.9813 48.4486 1.29562
5.38318 59.215 1.26113
16.1495 59.215 2.61407
26.9159 59.215 3.53426
37.6822 59.215 4.06199
48.4486 59.215 3.45719
59.215 59.215 2.74417
69.9813 59.215 1.4507
5.38318 69.9813 1.17332
16.1495 69.9813 2.38755
26.9159 69.9813 3.28865
37.6822 69.9813 3.8658
48.4486 69.9813 3.37957
59.215 69.9813 2.69964
69.9813 69.9813 1.43408
5.38318 80.7477 0.30126
16.1495 80.7477 0.919523
26.9159 80.7477 1.55498
37.6822 80.7477 1.95939
48.4486 80.7477 1.37056
59.215 80.7477 1.09059
69.9813 80.7477 0.496779
5.38318 91.514 -0.397617
16.1495 91.514 -0.592986
26.9159 91.514 -0.563724
37.6822 91.514 -0.55419
48.4486 91.514 -0.68751
59.215 91.514 -0.505805
69.9813 91.514 -0.263592
5.38318 102.28 -0.559365
16.1495 102.28 -0.894361
26.9159 102.28 -0.972856
37.6822 102.28 -0.978578
48.4486 102.28 -0.949188
59.215 102.28 -0.7209
69.9813 102.28 -0.318379
5.38318 113.047 -0.579805
16.1495 113.047 -0.923831
26.9159 113.047 -0.999105
37.6822 113.047 -0.998761
48.4486 113.047 -0.94586
59.215 113.047 -0.732222
69.9813 113.047 -0.310406
5.38318 123.813 -0.555124
16.1495 123.813 -0.872761
26.9159 123.813 -0.900286
37.6822 123.813 -0.868023
48.4486 123.813 -0.805086
59.215 123.813 -0.584578
69.9813 123.813 -0.234447
5.38318 134.579 -0.499061
16.1495 134.579 -0.709348
26.9159 134.579 -0.531903
37.6822 134.579 -0.429336
48.4486 134.579 -0.377066
59.215 134.579 -0.246707
69.9813 134.579 -0.0519962
5.38318 145.346 -0.357773
16.1495 145.346 -0.392365
26.9159 145.346 0.126615
37.6822 145.346 0.702838
48.4486 145.346 0.909086
59.215 145.346 0.83393
69.9813 145.346 0.643805
5.38318 156.112 -0.183569
16.1495 156.112 0.0754726
26.9159 156.112 1.61191
37.6822 156.112 2.43192
48.4486 156.112 2.636
59.215 156.112 2.13095
69.9813 156.112 1.33209
5.38318 166.879 0.0651115
16.1495 166.879 0.976752
26.9159 166.879 2.68586
37.6822 166.879 3.6457
48.4486 166.879 3.90575
59.215 166.879 3.069
69.9813 166.879 1.83997
5.38318 177.645 0.497057
16.1495 177.645 1.56614
26.9159 177.645 2.95555
37.6822 177.645 3.74948
48.4486 177.645 3.86221
59.215 177.645 3.0591
69.9813 177.645 1.84795
5.38318 188.411 1.06582
16.1495 188.411 2.1659
26.9159 188.411 3.00042
37.6822 188.411 3.11596
48.4486 188.411 2.89042
59.215 188.411 2.32119
69.9813 188.411 1.49559
5.38318 199.178 1.08349
16.1495 199.178 2.01423
26.9159 199.178 2.36357
37.6822 199.178 1.89546
48.4486 199.178 1.43027
59.215 199.178 1.25613
69.9813 199.178 1.05872
5.38318 209.944 0.894628
16.1495 209.944 1.61717
26.9159 209.944 1.85801
37.6822 209.944 1.32397
48.4486 209.944 1.01592
59.215 209.944 1.00315
69.9813 209.944 0.930001
