37 188
0 168 72 40
0 144 72 72
0 134 72 82
0 72 72 144
0 0 72 216
5.38318 5.38318 0.648614
16.1495 5.38318 1.06926
26.9159 5.38318 1.18952
37.6822 5.38318 1.2417
48.4486 5.38318 1.13592
59.215 5.38318 1.01386
69.9813 5.38318 0.6594
5.38318 16.1495 1.31229
16.1495 16.1495 2.11896
26.9159 16.1495 2.2742
37.6822 16.1495 2.34045
48.4486 16.1495 2.27524
59.215 16.1495 2.08958
69.9813 16.1495 1.39164
5.38318 26.9159 1.89375
16.1495 26.9159 2.86659
26.9159 26.9159 2.78433
37.6822 26.9159 2.75465
48.4486 26.9159 2.84851
59.215 26.9159 2.90576
69.9813 26.9159 2.02234
5.38318 37.6822 2.11724
16.1495 37.6822 3.02584
26.9159 37.6822 2.82473
37.6822 37.6822 2.66041
48.4486 37.6822 2.94233
59.215 37.6822 3.13648
69.9813 37.6822 2.28091
5.38318 48.4486 1.51223
16.1495 48.4486 2.18296
26.9159 48.4486 2.24594
37.6822 48.4486 2.28231
48.4486 48.4486 2.66401
59.215 48.4486 2.71975
69.9813 48.4486 1.99256
5.38318 59.215 0.335205
16.1495 59.215 0.678685
26.9159 59.215 1.17296
37.6822 59.215 1.41306
48.4486 59.215 1.83184
59.215 59.215 1.59864
69.9813 59.215 1.25796
5.38318 69.9813 -0.106154
16.1495 69.9813 -0.110088
26.9159 69.9813 0.40363
37.6822 69.9813 0.628368
48.4486 69.9813 1.08161
59.215 69.9813 0.884413
69.9813 69.9813 0.878408
5.38318 80.7477 -0.207219
16.1495 80.7477 -0.307467
26.9159 80.7477 -0.207243
37.6822 80.7477 -0.262165
48.4486 80.7477 -0.215294
59.215 80.7477 -0.173778
69.9813 80.7477 0.167396
5.38318 91.514 -0.468218
16.1495 91.514 -0.779467
26.9159 91.514 -0.834947
37.6822 91.514 -0.949409
48.4486 91.514 -0.938814
59.215 91.514 -0.727141
69.9813 91.514 -0.284971
5.38318 102.28 -0.549237
16.1495 102.28 -0.893627
26.9159 102.28 -0.995404
37.6822 102.28 -1.03418
48.4486 102.28 -1.0022
59.215 102.28 -0.802117
69.9813 102.28 -0.350187
5.38318 113.047 -0.55243
16.1495 113.047 -0.882627
26.9159 113.047 -0.959077
37.6822 113.047 -0.966843
48.4486 113.047 -0.920031
59.215 113.047 -0.699369
69.9813 113.047 -0.291957
5.38318 123.813 -0.489848
16.1495 123.813 -0.753352
26.9159 123.813 -0.748327
37.6822 123.813 -0.743573
48.4486 123.813 -0.687865
59.215 123.813 -0.494378
69.9813 123.813 -0.177004
5.38318 134.579 -0.199341
16.1495 134.579 -0.293528
26.9159 134.579 -0.265458
37.6822 134.579 -0.299514
48.4486 134.579 -0.278252
59.215 134.579 -0.131984
69.9813 134.579 0.124521
5.38318 145.346 0.0866282
16.1495 145.346 0.322332
26.9159 145.346 0.651925
37.6822 145.346 0.76005
48.4486 145.346 0.885038
59.215 145.346 0.941149
69.9813 145.346 0.789156
5.38318 156.112 0.8148
16.1495 156.112 1.55126
26.9159 156.112 2.0446
37.6822 156.112 2.09798
48.4486 156.112 2.13148
59.215 156.112 1.89926
69.9813 156.112 1.32319
5.38318 166.879 0.967951
16.1495 166.879 1.92473
26.9159 166.879 2.6921
37.6822 166.879 2.88939
48.4486 166.879 2.93679
59.215 166.879 2.3687
69.9813 166.879 1.55462
5.38318 177.645 1.25889
16.1495 177.645 2.61858
26.9159 177.645 3.76944
37.6822 177.645 3.88684
48.4486 177.645 3.48041
59.215 177.645 2.4489
69.9813 177.645 1.48111
5.38318 188.411 1.24605
16.1495 188.411 2.88873
26.9159 188.411 4.46491
37.6822 188.411 4.61339
48.4486 188.411 3.74112
59.215 188.411 2.32426
69.9813 188.411 1.26755
5.38318 199.178 1.04812
16.1495 199.178 2.57307
26.9159 199.178 3.94156
37.6822 199.178 3.87909
48.4486 199.178 2.7874
59.215 199.178 1.59793
69.9813 199.178 0.792884
5.38318 209.944 0.396294
16.1495 209.944 1.16278
26.9159 209.944 1.90371
37.6822 209.944 1.81845
48.4486 209.944 1.24652
59.215 209.944 0.617327
69.9813 209.944 0.39992
