37 177
0 157 72 40
0 141 72 72
0 134 72 82
0 72 72 144
0 0 72 216
5.38318 5.38318 0.584644
16.1495 5.38318 0.986636
26.9159 5.38318 1.2791
37.6822 5.38318 1.31022
48.4486 5.38318 1.23767
59.215 5.38318 0.687264
69.9813 5.38318 0.492265
5.38318 16.1495 0.975194
16.1495 16.1495 1.93871
26.9159 16.1495 2.5291
37.6822 16.1495 2.59106
48.4486 16.1495 2.38791
59.215 16.1495 1.54152
69.9813 16.1495 1.03836
5.38318 26.9159 1.00036
16.1495 26.9159 2.13694
26.9159 26.9159 2.91711
37.6822 26.9159 2.92768
48.4486 26.9159 2.46767
59.215 26.9159 1.43764
69.9813 26.9159 0.928176
5.38318 37.6822 0.765997
16.1495 37.6822 1.73664
26.9159 37.6822 2.50781
37.6822 37.6822 2.52593
48.4486 37.6822 2.00312
59.215 37.6822 1.14799
69.9813 37.6822 0.675058
5.38318 48.4486 0.213735
16.1495 48.4486 0.692163
26.9159 48.4486 1.48175
37.6822 48.4486 1.58813
48.4486 48.4486 1.22209
59.215 48.4486 0.723987
69.9813 48.4486 0.391186
5.38318 59.215 -0.0467195
16.1495 59.215 0.159446
26.9159 59.215 0.968619
37.6822 59.215 1.08701
48.4486 59.215 0.964054
59.215 59.215 0.524897
69.9813 59.215 0.355454
5.38318 69.9813 -0.223152
16.1495 69.9813 -0.275979
26.9159 69.9813 0.0286242
37.6822 69.9813 -0.00623713
48.4486 69.9813 -0.0469884
59.215 69.9813 -0.164063
69.9813 69.9813 -0.042518
5.38318 80.7477 -0.431352
16.1495 80.7477 -0.645677
26.9159 80.7477 -0.511285
37.6822 80.7477 -0.567305
48.4486 80.7477 -0.567822
59.215 80.7477 -0.524748
69.9813 80.7477 -0.222522
5.38318 91.514 -0.53194
16.1495 91.514 -0.850658
26.9159 91.514 -0.893085
37.6822 91.514 -0.94492
48.4486 91.514 -0.923255
59.215 91.514 -0.762957
69.9813 91.514 -0.338916
5.38318 102.28 -0.575684
16.1495 102.28 -0.924294
26.9159 102.28 -1.00524
37.6822 102.28 -1.02052
48.4486 102.28 -0.97414
59.215 102.28 -0.784172
69.9813 102.28 -0.3446
5.38318 113.047 -0.581186
16.1495 113.047 -0.924312
26.9159 113.047 -1.00188
37.6822 113.047 -0.996801
48.4486 113.047 -0.949541
59.215 113.047 -0.746922
69.9813 113.047 -0.324235
5.38318 123.813 -0.543319
16.1495 123.813 -0.82925
26.9159 123.813 -0.798516
37.6822 123.813 -0.741534
48.4486 123.813 -0.745232
59.215 123.813 -0.586207
69.9813 123.813 -0.263603
5.38318 134.579 -0.433521
16.1495 134.579 -0.552616
26.9159 134.579 -0.342364
37.6822 134.579 -0.226225
48.4486 134.579 -0.310745
59.215 134.579 -0.29229
69.9813 134.579 -0.131134
5.38318 145.346 -0.14884
16.1495 145.346 0.129556
26.9159 145.346 1.18973
37.6822 145.346 1.6875
48.4486 145.346 1.10526
59.215 145.346 0.578664
69.9813 145.346 0.182868
5.38318 156.112 0.35591
16.1495 156.112 1.33187
26.9159 156.112 2.84731
37.6822 156.112 3.4608
48.4486 156.112 2.72616
59.215 156.112 1.72954
69.9813 156.112 0.690276
5.38318 166.879 0.93795
16.1495 166.879 2.48873
26.9159 166.879 4.33558
37.6822 166.879 5.06168
48.4486 166.879 3.88829
59.215 166.879 2.4111
69.9813 166.879 0.921998
5.38318 177.645 1.20697
16.1495 177.645 2.91511
26.9159 177.645 5.08279
37.6822 177.645 5.81748
48.4486 177.645 4.51391
59.215 177.645 2.69052
69.9813 177.645 1.10271
5.38318 188.411 1.11009
16.1495 188.411 2.71377
26.9159 188.411 4.69671
37.6822 188.411 5.21811
48.4486 188.411 3.96484
59.215 188.411 2.28989
69.9813 188.411 0.924775
5.38318 199.178 0.683393
16.1495 199.178 1.70696
26.9159 199.178 2.85762
37.6822 199.178 3.1175
48.4486 199.178 2.51269
59.215 199.178 1.61089
69.9813 199.178 0.850459
5.38318 209.944 0.300052
16.1495 209.944 0.760339
26.9159 209.944 1.05328
37.6822 209.944 1.1603
48.4486 209.944 1.03826
59.215 209.944 0.863296
69.9813 209.944 0.622472
