37 37
0 17 72 40
0 1 72 72
0 0 72 82
0 0 72 144
0 0 72 216
5.38318 5.38318 0.379411
16.1495 5.38318 0.633727
26.9159 5.38318 1.06533
37.6822 5.38318 1.45555
48.4486 5.38318 1.59564
59.215 5.38318 1.33177
69.9813 5.38318 0.828576
5.38318 16.1495 0.650307
16.1495 16.1495 1.42193
26.9159 16.1495 2.44038
37.6822 16.1495 3.24318
48.4486 16.1495 3.41885
59.215 16.1495 2.7382
69.9813 16.1495 1.63128
5.38318 26.9159 0.907628
16.1495 26.9159 2.11435
26.9159 26.9159 3.6222
37.6822 26.9159 4.84144
48.4486 26.9159 4.8618
59.215 26.9159 3.66617
69.9813 26.9159 2.01699
5.38318 37.6822 1.15985
16.1495 37.6822 2.51795
26.9159 37.6822 4.21537
37.6822 37.6822 5.41096
48.4486 37.6822 5.17729
59.215 37.6822 3.77328
69.9813 37.6822 1.96786
5.38318 48.4486 1.3104
16.1495 48.4486 2.54747
26.9159 48.4486 3.83511
37.6822 48.4486 4.49452
48.4486 48.4486 4.25726
59.215 48.4486 3.22776
69.9813 48.4486 1.77854
5.38318 59.215 0.896401
16.1495 59.215 1.73291
26.9159 59.215 2.39316
37.6822 59.215 2.45016
48.4486 59.215 2.45429
59.215 59.215 2.27521
69.9813 59.215 1.53147
5.38318 69.9813 0.439007
16.1495 69.9813 0.876132
26.9159 69.9813 1.29393
37.6822 69.9813 1.33105
48.4486 69.9813 1.63059
59.215 69.9813 1.8278
69.9813 69.9813 1.37409
5.38318 80.7477 -0.0939686
16.1495 80.7477 -0.0293112
26.9159 80.7477 0.259694
37.6822 80.7477 0.517687
48.4486 80.7477 0.709551
59.215 80.7477 1.03292
69.9813 80.7477 0.850957
5.38318 91.514 -0.256492
16.1495 91.514 -0.32171
26.9159 91.514 -0.23993
37.6822 91.514 -0.135018
48.4486 91.514 -0.119587
59.215 91.514 -0.0133366
69.9813 91.514 0.145233
5.38318 102.28 -0.282058
16.1495 102.28 -0.398071
26.9159 102.28 -0.331614
37.6822 102.28 -0.264827
48.4486 102.28 -0.243366
59.215 102.28 -0.185439
69.9813 102.28 -0.0623793
5.38318 113.047 -0.299742
16.1495 113.047 -0.4538
26.9159 113.047 -0.459349
37.6822 113.047 -0.441809
48.4486 113.047 -0.425805
59.215 113.047 -0.334686
69.9813 113.047 -0.14824
5.38318 123.813 -0.296762
16.1495 123.813 -0.454099
26.9159 123.813 -0.456776
37.6822 123.813 -0.450222
48.4486 123.813 -0.417472
59.215 123.813 -0.310676
69.9813 123.813 -0.127704
5.38318 134.579 -0.29108
16.1495 134.579 -0.442048
26.9159 134.579 -0.391343
37.6822 134.579 -0.360007
48.4486 134.579 -0.320315
59.215 134.579 -0.209416
69.9813 134.579 -0.0801443
5.38318 145.346 -0.233227
16.1495 145.346 -0.303769
26.9159 145.346 -0.120652
37.6822 145.346 0.0592785
48.4486 145.346 0.227895
59.215 145.346 0.32127
69.9813 145.346 0.241457
5.38318 156.112 -0.113448
16.1495 156.112 -0.0201136
26.9159 156.112 0.874095
37.6822 156.112 1.565
48.4486 156.112 1.70008
59.215 156.112 1.3877
69.9813 156.112 0.775339
5.38318 166.879 0.25284
16.1495 166.879 0.931993
26.9159 166.879 2.30074
37.6822 166.879 3.23601
48.4486 166.879 3.34908
59.215 166.879 2.53044
69.9813 166.879 1.35284
5.38318 177.645 0.845197
16.1495 177.645 1.75577
26.9159 177.645 3.10424
37.6822 177.645 4.13216
48.4486 177.645 4.26695
59.215 177.645 3.22061
69.9813 177.645 1.73199
5.38318 188.411 1.51591
16.1495 188.411 2.49585
26.9159 188.411 3.31305
37.6822 188.411 3.77759
48.4486 188.411 3.72599
59.215 188.411 2.86269
69.9813 188.411 1.56999
5.38318 199.178 1.7612
16.1495 199.178 2.4011
26.9159 199.178 2.41932
37.6822 199.178 2.15542
48.4486 199.178 2.03238
59.215 199.178 1.75192
69.9813 199.178 1.07839
5.38318 209.944 1.35299
16.1495 209.944 1.75085
26.9159 209.944 1.60692
37.6822 209.944 1.19844
48.4486 209.944 1.10808
59.215 209.944 1.01065
69.9813 209.944 0.679599
