48 16
0 0 72 40
0 0 72 72
0 0 72 82
0 0 72 144
0 0 72 216
5.38318 5.38318 0.376513
16.1495 5.38318 0.646438
26.9159 5.38318 1.11258
37.6822 5.38318 1.38891
48.4486 5.38318 1.52156
59.215 5.38318 1.40321
69.9813 5.38318 0.92227
5.38318 16.1495 0.801455
16.1495 16.1495 1.38905
26.9159 16.1495 2.16804
37.6822 16.1495 2.46343
48.4486 16.1495 2.64824
59.215 16.1495 2.41278
69.9813 16.1495 1.6326
5.38318 26.9159 0.99747
16.1495 26.9159 1.55406
26.9159 26.9159 2.32948
37.6822 26.9159 2.34583
48.4486 26.9159 2.56695
59.215 26.9159 2.2751
69.9813 26.9159 1.64687
5.38318 37.6822 1.16241
16.1495 37.6822 1.71284
26.9159 37.6822 2.34231
37.6822 37.6822 1.93576
48.4486 37.6822 2.15092
59.215 37.6822 1.79737
69.9813 37.6822 1.37951
5.38318 48.4486 0.810481
16.1495 48.4486 1.12632
26.9159 48.4486 1.70122
37.6822 48.4486 1.19425
48.4486 48.4486 1.623
59.215 48.4486 1.39362
69.9813 48.4486 1.22981
5.38318 59.215 0.229341
16.1495 59.215 0.327118
26.9159 59.215 0.861701
37.6822 59.215 0.645157
48.4486 59.215 1.07248
59.215 59.215 1.0644
69.9813 59.215 1.04215
5.38318 69.9813 -0.120469
16.1495 69.9813 -0.229475
26.9159 69.9813 -0.139879
37.6822 69.9813 -0.182208
48.4486 69.9813 0.103192
59.215 69.9813 0.380092
69.9813 69.9813 0.61573
5.38318 80.7477 -0.145712
16.1495 80.7477 -0.222033
26.9159 80.7477 -0.113596
37.6822 80.7477 -0.106796
48.4486 80.7477 0.0497181
59.215 80.7477 0.389905
69.9813 80.7477 0.533953
5.38318 91.514 -0.19935
16.1495 91.514 -0.279182
26.9159 91.514 -0.197251
37.6822 91.514 -0.184924
48.4486 91.514 -0.122068
59.215 91.514 0.0301273
69.9813 91.514 0.272956
5.38318 102.28 -0.208125
16.1495 102.28 -0.28026
26.9159 102.28 -0.204289
37.6822 102.28 -0.19202
48.4486 102.28 -0.180127
59.215 102.28 -0.114783
69.9813 102.28 0.029313
5.38318 113.047 -0.295882
16.1495 113.047 -0.443945
26.9159 113.047 -0.426429
37.6822 113.047 -0.413943
48.4486 113.047 -0.397894
59.215 113.047 -0.317232
69.9813 113.047 -0.139511
5.38318 123.813 -0.277445
16.1495 123.813 -0.384488
26.9159 123.813 -0.288669
37.6822 123.813 -0.266722
48.4486 123.813 -0.283962
59.215 123.813 -0.262337
69.9813 123.813 -0.129094
5.38318 134.579 -0.195404
16.1495 134.579 -0.185818
26.9159 134.579 0.1579
37.6822 134.579 0.207499
48.4486 134.579 -0.0162475
59.215 134.579 -0.129011
69.9813 134.579 -0.0879932
5.38318 145.346 -0.0800982
16.1495 145.346 0.283736
26.9159 145.346 1.24997
37.6822 145.346 1.36867
48.4486 145.346 0.909107
59.215 145.346 0.266464
69.9813 145.346 -0.0111692
5.38318 156.112 0.0419228
16.1495 156.112 0.812565
26.9159 156.112 2.03662
37.6822 156.112 2.1919
48.4486 156.112 1.63364
59.215 156.112 0.683774
69.9813 156.112 0.131016
5.38318 166.879 0.00962926
16.1495 166.879 0.853128
26.9159 166.879 2.1363
37.6822 166.879 2.45749
48.4486 166.879 1.97246
59.215 166.879 0.991683
69.9813 166.879 0.316039
5.38318 177.645 -0.0350683
16.1495 177.645 0.507723
26.9159 177.645 1.67908
37.6822 177.645 2.15148
48.4486 177.645 1.97467
59.215 177.645 1.19046
69.9813 177.645 0.505104
5.38318 188.411 -0.0985935
16.1495 188.411 0.093591
26.9159 188.411 1.08169
37.6822 188.411 1.83114
48.4486 188.411 1.9871
59.215 188.411 1.41555
69.9813 188.411 0.745478
5.38318 199.178 -0.130234
16.1495 199.178 0.00661281
26.9159 199.178 0.962197
37.6822 199.178 1.76802
48.4486 199.178 2.04113
59.215 199.178 1.5277
69.9813 199.178 0.870467
5.38318 209.944 -0.0817157
16.1495 209.944 0.130225
26.9159 209.944 0.87331
37.6822 209.944 1.45674
48.4486 209.944 1.65984
59.215 209.944 1.25412
69.9813 209.944 0.695145
