48 166
0 146 72 40
0 130 72 72
0 125 72 82
0 72 72 144
0 0 72 216
5.38318 5.38318 1.21206
16.1495 5.38318 1.84201
26.9159 5.38318 1.99511
37.6822 5.38318 2.00139
48.4486 5.38318 1.95901
59.215 5.38318 1.56203
69.9813 5.38318 0.946753
5.38318 16.1495 2.12512
16.1495 16.1495 3.35888
26.9159 16.1495 3.67829
37.6822 16.1495 3.58136
48.4486 16.1495 3.50001
59.215 16.1495 2.82828
69.9813 16.1495 1.75442
5.38318 26.9159 2.3091
16.1495 26.9159 3.78376
26.9159 26.9159 4.1219
37.6822 26.9159 3.83225
48.4486 26.9159 3.64243
59.215 26.9159 3.02827
69.9813 26.9159 1.91441
5.38318 37.6822 1.73132
16.1495 37.6822 2.7926
26.9159 37.6822 3.0734
37.6822 37.6822 2.73581
48.4486 37.6822 2.55844
59.215 37.6822 2.18267
69.9813 37.6822 1.42558
5.38318 48.4486 1.12867
16.1495 48.4486 1.85909
26.9159 48.4486 2.21119
37.6822 48.4486 1.94526
48.4486 48.4486 1.88459
59.215 48.4486 1.69314
69.9813 48.4486 1.18428
5.38318 59.215 1.29059
16.1495 59.215 2.07344
26.9159 59.215 2.45598
37.6822 59.215 2.22136
48.4486 59.215 2.11455
59.215 59.215 1.85905
69.9813 59.215 1.32012
5.38318 69.9813 1.2177
16.1495 69.9813 1.97493
26.9159 69.9813 2.26886
37.6822 69.9813 1.90535
48.4486 69.9813 1.87908
59.215 69.9813 1.65408
69.9813 69.9813 1.29447
5.38318 80.7477 0.821278
16.1495 80.7477 1.33978
26.9159 80.7477 1.46932
37.6822 80.7477 1.07918
48.4486 80.7477 1.08958
59.215 80.7477 0.993182
69.9813 80.7477 0.921019
5.38318 91.514 -0.202433
16.1495 91.514 -0.305131
26.9159 91.514 -0.331096
37.6822 91.514 -0.437229
48.4486 91.514 -0.392912
59.215 91.514 -0.242302
69.9813 91.514 0.116229
5.38318 102.28 -0.51264
16.1495 102.28 -0.822024
26.9159 102.28 -0.889771
37.6822 102.28 -0.927714
48.4486 102.28 -0.887785
59.215 102.28 -0.64939
69.9813 102.28 -0.258525
5.38318 113.047 -0.581034
16.1495 113.047 -0.923797
26.9159 113.047 -0.997663
37.6822 113.047 -0.987185
48.4486 113.047 -0.929052
59.215 113.047 -0.69573
69.9813 113.047 -0.288869
5.38318 123.813 -0.555422
16.1495 123.813 -0.866801
26.9159 123.813 -0.851528
37.6822 123.813 -0.755917
48.4486 123.813 -0.668919
59.215 123.813 -0.457542
69.9813 123.813 -0.166987
5.38318 134.579 -0.488305
16.1495 134.579 -0.681629
26.9159 134.579 -0.47204
37.6822 134.579 -0.261681
48.4486 134.579 -0.182705
59.215 134.579 -0.0236523
69.9813 134.579 0.157972
5.38318 145.346 -0.349304
16.1495 145.346 -0.33546
26.9159 145.346 0.44657
37.6822 145.346 1.36827
48.4486 145.346 1.6945
59.215 145.346 1.49992
69.9813 145.346 0.952527
5.38318 156.112 -0.154987
16.1495 156.112 0.277882
26.9159 156.112 2.00763
37.6822 156.112 3.15378
48.4486 156.112 3.42638
59.215 156.112 2.77796
69.9813 156.112 1.61293
5.38318 166.879 -0.0412167
16.1495 166.879 0.911964
26.9159 166.879 2.97754
37.6822 166.879 4.54762
48.4486 166.879 4.96611
59.215 166.879 3.83693
69.9813 166.879 2.14403
5.38318 177.645 0.160889
16.1495 177.645 1.24485
26.9159 177.645 3.1419
37.6822 177.645 4.55266
48.4486 177.645 4.77724
59.215 177.645 3.71313
69.9813 177.645 2.10008
5.38318 188.411 0.135968
16.1495 188.411 0.927179
26.9159 188.411 2.48794
37.6822 188.411 3.50386
48.4486 188.411 3.76497
59.215 188.411 3.11833
69.9813 188.411 1.87344
5.38318 199.178 0.282888
16.1495 199.178 0.76211
26.9159 199.178 1.63909
37.6822 199.178 1.80271
48.4486 199.178 1.99127
59.215 199.178 1.91888
69.9813 199.178 1.3777
5.38318 209.944 0.302452
16.1495 209.944 0.65311
26.9159 209.944 1.19488
37.6822 209.944 1.18243
48.4486 209.944 1.4301
59.215 209.944 1.44824
69.9813 209.944 1.0929
