37 37
0 17 72 40
0 1 72 72
0 0 72 82
0 0 72 144
0 0 72 216
5.38318 5.38318 0.39387
16.1495 5.38318 0.75736
26.9159 5.38318 1.1558
37.6822 5.38318 1.27992
48.4486 5.38318 1.21809
59.215 5.38318 0.829917
69.9813 5.38318 0.490167
5.38318 16.1495 0.580558
16.1495 16.1495 1.46202
26.9159 16.1495 2.28347
37.6822 16.1495 2.66644
48.4486 16.1495 2.5129
59.215 16.1495 1.68438
69.9813 16.1495 0.960784
5.38318 26.9159 0.407726
16.1495 26.9159 1.33407
26.9159 26.9159 2.58179
37.6822 26.9159 3.30204
48.4486 26.9159 3.22928
59.215 26.9159 2.1052
69.9813 26.9159 1.1522
5.38318 37.6822 0.526507
16.1495 37.6822 1.52974
26.9159 37.6822 2.87164
37.6822 37.6822 3.67868
48.4486 37.6822 3.44079
59.215 37.6822 2.15783
69.9813 37.6822 1.09547
5.38318 48.4486 0.647433
16.1495 48.4486 1.52598
26.9159 48.4486 2.58413
37.6822 48.4486 3.18514
48.4486 48.4486 2.93735
59.215 48.4486 2.0255
69.9813 48.4486 1.08054
5.38318 59.215 0.681711
16.1495 59.215 1.41796
26.9159 59.215 2.06089
37.6822 59.215 2.35685
48.4486 59.215 2.18894
59.215 59.215 1.78149
69.9813 59.215 1.05579
5.38318 69.9813 0.182908
16.1495 69.9813 0.398882
26.9159 69.9813 0.531466
37.6822 69.9813 0.804031
48.4486 69.9813 0.915774
59.215 69.9813 1.1337
69.9813 69.9813 0.840468
5.38318 80.7477 -0.247713
16.1495 80.7477 -0.369011
26.9159 80.7477 -0.380101
37.6822 80.7477 -0.315631
48.4486 80.7477 -0.213207
59.215 80.7477 0.0699506
69.9813 80.7477 0.33304
5.38318 91.514 -0.487168
16.1495 91.514 -0.782475
26.9159 91.514 -0.838142
37.6822 91.514 -0.8197
48.4486 91.514 -0.754632
59.215 91.514 -0.512125
69.9813 91.514 -0.1909
5.38318 102.28 -0.567268
16.1495 102.28 -0.909676
26.9159 102.28 -0.993497
37.6822 102.28 -0.994184
48.4486 102.28 -0.945805
59.215 102.28 -0.734326
69.9813 102.28 -0.318326
5.38318 113.047 -0.577008
16.1495 113.047 -0.923443
26.9159 113.047 -1.00452
37.6822 113.047 -1.00864
48.4486 113.047 -0.958141
59.215 113.047 -0.758256
69.9813 113.047 -0.327158
5.38318 123.813 -0.539959
16.1495 123.813 -0.853588
26.9159 123.813 -0.908386
37.6822 123.813 -0.90687
48.4486 123.813 -0.863931
59.215 123.813 -0.658739
69.9813 123.813 -0.281897
5.38318 134.579 -0.432591
16.1495 134.579 -0.629213
26.9159 134.579 -0.582277
37.6822 134.579 -0.545266
48.4486 134.579 -0.559774
59.215 134.579 -0.452711
69.9813 134.579 -0.182618
5.38318 145.346 -0.21057
16.1495 145.346 -0.225334
26.9159 145.346 -0.0643837
37.6822 145.346 0.180495
48.4486 145.346 0.000537083
59.215 145.346 -0.0310397
69.9813 145.346 0.0620805
5.38318 156.112 0.363274
16.1495 156.112 0.899471
26.9159 156.112 1.40896
37.6822 156.112 1.71907
48.4486 156.112 1.36726
59.215 156.112 0.92829
69.9813 156.112 0.567897
5.38318 166.879 1.07976
16.1495 166.879 2.05576
26.9159 166.879 2.5778
37.6822 166.879 2.59804
48.4486 166.879 2.11179
59.215 166.879 1.47888
69.9813 166.879 0.835999
5.38318 177.645 1.64726
16.1495 177.645 3.03648
26.9159 177.645 3.48684
37.6822 177.645 2.90962
48.4486 177.645 2.0164
59.215 177.645 1.24772
69.9813 177.645 0.742584
5.38318 188.411 1.55148
16.1495 188.411 2.92215
26.9159 188.411 3.35877
37.6822 188.411 2.52297
48.4486 188.411 1.40424
59.215 188.411 0.611224
69.9813 188.411 0.398784
5.38318 199.178 0.987714
16.1495 199.178 1.81397
26.9159 199.178 2.07482
37.6822 199.178 1.50387
48.4486 199.178 0.622007
59.215 199.178 0.204396
69.9813 199.178 0.229643
5.38318 209.944 0.173755
16.1495 209.944 0.357882
26.9159 209.944 0.486858
37.6822 209.944 0.238717
48.4486 209.944 -0.0216502
59.215 209.944 -0.00379851
69.9813 209.944 0.160076
