37 177
0 157 72 40
0 141 72 72
0 134 72 82
0 72 72 144
0 0 72 216
5.38318 5.38318 0.220259
16.1495 5.38318 0.352546
26.9159 5.38318 0.492603
37.6822 5.38318 0.474959
48.4486 5.38318 0.326798
59.215 5.38318 0.211722
69.9813 5.38318 0.154527
5.38318 16.1495 0.232106
16.1495 16.1495 0.554165
26.9159 16.1495 0.789081
37.6822 16.1495 0.892442
48.4486 16.1495 0.719878
59.215 16.1495 0.623481
69.9813 16.1495 0.477187
5.38318 26.9159 -0.154998
16.1495 26.9159 -0.165082
26.9159 26.9159 -0.105477
37.6822 26.9159 0.171101
48.4486 26.9159 0.171332
59.215 26.9159 0.504418
69.9813 26.9159 0.481787
5.38318 37.6822 -0.179742
16.1495 37.6822 -0.22267
26.9159 37.6822 -0.244454
37.6822 37.6822 0.0494298
48.4486 37.6822 0.469081
59.215 37.6822 1.10381
69.9813 37.6822 0.969309
5.38318 48.4486 -0.164729
16.1495 48.4486 -0.206945
26.9159 48.4486 -0.198976
37.6822 48.4486 0.145103
48.4486 48.4486 0.835975
59.215 48.4486 1.49633
69.9813 48.4486 1.27764
5.38318 59.215 -0.0501053
16.1495 59.215 -0.0143835
26.9159 59.215 0.113432
37.6822 59.215 0.559346
48.4486 59.215 1.20745
59.215 59.215 1.77765
69.9813 59.215 1.46274
5.38318 69.9813 -0.0557325
16.1495 69.9813 -0.0440403
26.9159 69.9813 -0.0102204
37.6822 69.9813 0.258531
48.4486 69.9813 0.778264
59.215 69.9813 1.32185
69.9813 69.9813 1.17395
5.38318 80.7477 -0.12735
16.1495 80.7477 -0.153993
26.9159 80.7477 -0.116081
37.6822 80.7477 -0.0241891
48.4486 80.7477 0.121221
59.215 80.7477 0.574918
69.9813 80.7477 0.584411
5.38318 91.514 -0.219185
16.1495 91.514 -0.313734
26.9159 91.514 -0.288811
37.6822 91.514 -0.252424
48.4486 91.514 -0.272742
59.215 91.514 -0.136232
69.9813 91.514 -0.0241024
5.38318 102.28 -0.291481
16.1495 102.28 -0.429168
26.9159 102.28 -0.371725
37.6822 102.28 -0.319112
48.4486 102.28 -0.311308
59.215 102.28 -0.232559
69.9813 102.28 -0.101063
5.38318 113.047 -0.276219
16.1495 113.047 -0.424904
26.9159 113.047 -0.411454
37.6822 113.047 -0.410504
48.4486 113.047 -0.393911
59.215 113.047 -0.304494
69.9813 113.047 -0.130036
5.38318 123.813 -0.172647
16.1495 123.813 -0.226917
26.9159 123.813 -0.170746
37.6822 123.813 -0.158128
48.4486 123.813 -0.181564
59.215 123.813 -0.14134
69.9813 123.813 -0.0400948
5.38318 134.579 0.037951
16.1495 134.579 0.188792
26.9159 134.579 0.585972
37.6822 134.579 0.589266
48.4486 134.579 0.453059
59.215 134.579 0.274256
69.9813 134.579 0.246761
5.38318 145.346 0.503504
16.1495 145.346 1.13908
26.9159 145.346 2.07123
37.6822 145.346 2.2034
48.4486 145.346 1.86693
59.215 145.346 1.23828
69.9813 145.346 0.714655
5.38318 156.112 0.866956
16.1495 156.112 2.01502
26.9159 156.112 3.50889
37.6822 156.112 3.68257
48.4486 156.112 3.13628
59.215 156.112 1.96246
69.9813 156.112 1.06352
5.38318 166.879 0.962587
16.1495 166.879 2.63319
26.9159 166.879 4.86236
37.6822 166.879 5.2304
48.4486 166.879 4.33242
59.215 166.879 2.48426
69.9813 166.879 1.22467
5.38318 177.645 0.762549
16.1495 177.645 2.55605
26.9159 177.645 5.13648
37.6822 177.645 5.55601
48.4486 177.645 4.46155
59.215 177.645 2.30986
69.9813 177.645 1.02541
5.38318 188.411 0.258828
16.1495 188.411 1.78629
26.9159 188.411 3.97353
37.6822 188.411 4.31998
48.4486 188.411 3.27802
59.215 188.411 1.43568
69.9813 188.411 0.547614
5.38318 199.178 -0.118253
16.1495 199.178 0.409232
26.9159 199.178 1.8271
37.6822 199.178 1.89779
48.4486 199.178 1.18136
59.215 199.178 0.209224
69.9813 199.178 0.116363
5.38318 209.944 -0.131517
16.1495 209.944 -0.00392048
26.9159 209.944 0.54535
37.6822 209.944 0.436769
48.4486 209.944 -0.0210031
59.215 209.944 -0.117282
69.9813 209.944 -0.00057121
