37 177
0 157 72 40
0 141 72 72
0 134 72 82
0 72 72 144
0 0 72 216
5.38318 5.38318 0.371326
16.1495 5.38318 0.628679
26.9159 5.38318 0.886587
37.6822 5.38318 0.897895
48.4486 5.38318 0.805081
59.215 5.38318 0.599964
69.9813 5.38318 0.35535
5.38318 16.1495 0.744467
16.1495 16.1495 1.45771
26.9159 16.1495 2.00981
37.6822 16.1495 2.08044
48.4486 16.1495 1.94051
59.215 16.1495 1.49694
69.9813 16.1495 0.904612
5.38318 26.9159 0.928647
16.1495 26.9159 1.86038
26.9159 26.9159 2.71488
37.6822 26.9159 2.83593
48.4486 26.9159 2.58027
59.215 26.9159 1.83849
69.9813 26.9159 1.10706
5.38318 37.6822 1.14516
16.1495 37.6822 2.33913
26.9159 37.6822 3.53309
37.6822 37.6822 3.74892
48.4486 37.6822 3.39062
59.215 37.6822 2.3304
69.9813 37.6822 1.34744
5.38318 48.4486 1.0203
16.1495 48.4486 2.09635
26.9159 48.4486 3.26746
37.6822 48.4486 3.4491
48.4486 48.4486 3.04586
59.215 48.4486 2.02314
69.9813 48.4486 1.15525
5.38318 59.215 0.487449
16.1495 59.215 1.1639
26.9159 59.215 2.09083
37.6822 59.215 2.08046
48.4486 59.215 1.6277
59.215 59.215 0.859011
69.9813 59.215 0.483274
5.38318 69.9813 -0.157314
16.1495 69.9813 -0.17447
26.9159 69.9813 0.0878059
37.6822 69.9813 -0.106954
48.4486 69.9813 -0.316056
59.215 69.9813 -0.351726
69.9813 69.9813 -0.181256
5.38318 80.7477 -0.430223
16.1495 80.7477 -0.65661
26.9159 80.7477 -0.623345
37.6822 80.7477 -0.721013
48.4486 80.7477 -0.806776
59.215 80.7477 -0.694773
69.9813 80.7477 -0.336587
5.38318 91.514 -0.546953
16.1495 91.514 -0.885301
26.9159 91.514 -0.976999
37.6822 91.514 -1.02522
48.4486 91.514 -1.0008
59.215 91.514 -0.815928
69.9813 91.514 -0.367699
5.38318 102.28 -0.582058
16.1495 102.28 -0.934908
26.9159 102.28 -1.02535
37.6822 102.28 -1.0375
48.4486 102.28 -0.991152
59.215 102.28 -0.790409
69.9813 102.28 -0.348413
5.38318 113.047 -0.570258
16.1495 113.047 -0.910509
26.9159 113.047 -0.982241
37.6822 113.047 -0.981573
48.4486 113.047 -0.930501
59.215 113.047 -0.719289
69.9813 113.047 -0.306979
5.38318 123.813 -0.522019
16.1495 123.813 -0.817135
26.9159 123.813 -0.807696
37.6822 123.813 -0.795815
48.4486 123.813 -0.750325
59.215 123.813 -0.562512
69.9813 123.813 -0.224324
5.38318 134.579 -0.353326
16.1495 134.579 -0.493461
26.9159 134.579 -0.382324
37.6822 134.579 -0.334791
48.4486 134.579 -0.317634
59.215 134.579 -0.244452
69.9813 134.579 -0.060839
5.38318 145.346 -0.0444717
16.1495 145.346 0.23385
26.9159 145.346 0.951505
37.6822 145.346 1.21152
48.4486 145.346 1.13149
59.215 145.346 0.720565
69.9813 145.346 0.498634
5.38318 156.112 0.650501
16.1495 156.112 1.62027
26.9159 156.112 2.73901
37.6822 156.112 3.10663
48.4486 156.112 2.82533
59.215 156.112 1.91265
69.9813 156.112 1.04367
5.38318 166.879 1.28594
16.1495 166.879 2.61537
26.9159 166.879 4.21083
37.6822 166.879 4.58881
48.4486 166.879 4.0602
59.215 166.879 2.59895
69.9813 166.879 1.38319
5.38318 177.645 1.48662
16.1495 177.645 2.86125
26.9159 177.645 4.44592
37.6822 177.645 4.68516
48.4486 177.645 4.08215
59.215 177.645 2.68007
69.9813 177.645 1.43582
5.38318 188.411 1.5409
16.1495 188.411 2.67481
26.9159 188.411 3.6956
37.6822 188.411 3.58429
48.4486 188.411 3.18244
59.215 188.411 2.31292
69.9813 188.411 1.41137
5.38318 199.178 1.09769
16.1495 199.178 1.63353
26.9159 199.178 1.73075
37.6822 199.178 1.65609
48.4486 199.178 1.78028
59.215 199.178 1.81952
69.9813 199.178 1.34079
5.38318 209.944 0.601667
16.1495 209.944 0.933927
26.9159 209.944 0.847435
37.6822 209.944 0.829879
48.4486 209.944 1.03755
59.215 209.944 1.27698
69.9813 209.944 1.02436
