16 37
0 17 72 40
0 1 72 72
0 0 72 82
0 0 72 144
0 0 72 216
5.38318 5.38318 0.939849
16.1495 5.38318 1.32608
26.9159 5.38318 1.37519
37.6822 5.38318 1.40171
48.4486 5.38318 1.223
59.215 5.38318 1.03675
69.9813 5.38318 0.577654
5.38318 16.1495 2.16398
16.1495 16.1495 3.09741
26.9159 16.1495 3.10143
37.6822 16.1495 3.03293
48.4486 16.1495 2.65076
59.215 16.1495 2.17775
69.9813 16.1495 1.21639
5.38318 26.9159 3.33065
16.1495 26.9159 4.79709
26.9159 26.9159 4.62049
37.6822 26.9159 4.25913
48.4486 26.9159 3.57755
59.215 26.9159 2.95891
69.9813 26.9159 1.63532
5.38318 37.6822 3.57643
16.1495 37.6822 5.21553
26.9159 37.6822 5.14637
37.6822 37.6822 4.5431
48.4486 37.6822 3.74747
59.215 37.6822 2.98547
69.9813 37.6822 1.64388
5.38318 48.4486 2.41281
16.1495 48.4486 3.81283
26.9159 48.4486 4.10221
37.6822 48.4486 3.54699
48.4486 48.4486 2.92663
59.215 48.4486 2.34576
69.9813 48.4486 1.41453
5.38318 59.215 1.35954
16.1495 59.215 2.25389
26.9159 59.215 2.71055
37.6822 59.215 2.09014
48.4486 59.215 1.70356
59.215 59.215 1.45859
69.9813 59.215 1.12166
5.38318 69.9813 0.645595
16.1495 69.9813 1.04824
26.9159 69.9813 1.54793
37.6822 69.9813 1.01512
48.4486 69.9813 0.997277
59.215 69.9813 1.02045
69.9813 69.9813 0.964402
5.38318 80.7477 0.0141391
16.1495 80.7477 0.106666
26.9159 80.7477 0.510619
37.6822 80.7477 0.184762
48.4486 80.7477 0.156088
59.215 80.7477 0.337843
69.9813 80.7477 0.543137
5.38318 91.514 -0.194186
16.1495 91.514 -0.268113
26.9159 91.514 -0.186743
37.6822 91.514 -0.238523
48.4486 91.514 -0.22306
59.215 91.514 -0.131824
69.9813 91.514 0.135684
5.38318 102.28 -0.244247
16.1495 102.28 -0.343589
26.9159 102.28 -0.257378
37.6822 102.28 -0.240246
48.4486 102.28 -0.218988
59.215 102.28 -0.156541
69.9813 102.28 -0.0164816
5.38318 113.047 -0.295653
16.1495 113.047 -0.445864
26.9159 113.047 -0.442668
37.6822 113.047 -0.431977
48.4486 113.047 -0.416178
59.215 113.047 -0.326827
69.9813 113.047 -0.143789
5.38318 123.813 -0.297633
16.1495 123.813 -0.451522
26.9159 123.813 -0.450099
37.6822 123.813 -0.437082
48.4486 123.813 -0.415749
59.215 123.813 -0.324974
69.9813 123.813 -0.143947
5.38318 134.579 -0.242283
16.1495 134.579 -0.365966
26.9159 134.579 -0.331802
37.6822 134.579 -0.340781
48.4486 134.579 -0.327643
59.215 134.579 -0.269483
69.9813 134.579 -0.112108
5.38318 145.346 -0.0949512
16.1495 145.346 -0.0833956
26.9159 145.346 0.0649103
37.6822 145.346 0.0780645
48.4486 145.346 -0.00207202
59.215 145.346 -0.0671214
69.9813 145.346 -0.00424443
5.38318 156.112 0.398926
16.1495 156.112 0.934615
26.9159 156.112 1.47353
37.6822 156.112 1.51463
48.4486 156.112 1.22196
59.215 156.112 0.637101
69.9813 156.112 0.33494
5.38318 166.879 0.907492
16.1495 166.879 1.95843
26.9159 166.879 3.00731
37.6822 166.879 3.28943
48.4486 166.879 2.71262
59.215 166.879 1.60349
69.9813 166.879 0.756589
5.38318 177.645 1.13484
16.1495 177.645 2.52648
26.9159 177.645 4.05024
37.6822 177.645 4.52902
48.4486 177.645 3.78714
59.215 177.645 2.25042
69.9813 177.645 1.03719
5.38318 188.411 1.16872
16.1495 188.411 2.54526
26.9159 188.411 3.96306
37.6822 188.411 4.3685
48.4486 188.411 3.78336
59.215 188.411 2.34216
69.9813 188.411 1.20729
5.38318 199.178 0.945601
16.1495 199.178 1.8828
26.9159 199.178 2.55481
37.6822 199.178 2.69374
48.4486 199.178 2.56111
59.215 199.178 1.83702
69.9813 199.178 1.21514
5.38318 209.944 0.810925
16.1495 209.944 1.52055
26.9159 209.944 1.78942
37.6822 209.944 1.76972
48.4486 209.944 1.83926
59.215 209.944 1.54414
69.9813 209.944 1.12184
