37 177
0 157 72 40
0 141 72 72
0 134 72 82
0 72 72 144
0 0 72 216
5.38318 5.38318 0.88855
16.1495 5.38318 1.77887
26.9159 5.38318 2.06824
37.6822 5.38318 1.65968
48.4486 5.38318 1.18977
59.215 5.38318 0.871832
69.9813 5.38318 0.517032
5.38318 16.1495 1.47578
16.1495 16.1495 3.1833
26.9159 16.1495 3.86047
37.6822 16.1495 3.32989
48.4486 16.1495 2.62861
59.215 16.1495 2.09771
69.9813 16.1495 1.31337
5.38318 26.9159 1.65633
16.1495 26.9159 3.49966
26.9159 26.9159 4.26066
37.6822 26.9159 3.89207
48.4486 26.9159 3.33714
59.215 26.9159 2.94911
69.9813 26.9159 1.92804
5.38318 37.6822 1.46657
16.1495 37.6822 2.78836
26.9159 37.6822 3.37129
37.6822 37.6822 3.44764
48.4486 37.6822 3.58213
59.215 37.6822 3.47029
69.9813 37.6822 2.34337
5.38318 48.4486 1.18571
16.1495 48.4486 2.14211
26.9159 48.4486 2.50371
37.6822 48.4486 2.74308
48.4486 48.4486 2.91672
59.215 48.4486 2.89003
69.9813 48.4486 1.94774
5.38318 59.215 0.938413
16.1495 59.215 1.7665
26.9159 59.215 2.14927
37.6822 59.215 2.29126
48.4486 59.215 2.19582
59.215 59.215 2.0165
69.9813 59.215 1.32963
5.38318 69.9813 0.18514
16.1495 69.9813 0.553917
26.9159 69.9813 0.823241
37.6822 69.9813 0.868174
48.4486 69.9813 0.742349
59.215 69.9813 0.632358
69.9813 69.9813 0.527903
5.38318 80.7477 -0.232006
16.1495 80.7477 -0.307207
26.9159 80.7477 -0.289363
37.6822 80.7477 -0.311398
48.4486 80.7477 -0.352338
59.215 80.7477 -0.291124
69.9813 80.7477 -0.0851236
5.38318 91.514 -0.4733
16.1495 91.514 -0.744592
26.9159 91.514 -0.8122
37.6822 91.514 -0.850722
48.4486 91.514 -0.839936
59.215 91.514 -0.651107
69.9813 91.514 -0.274976
5.38318 102.28 -0.563804
16.1495 102.28 -0.904792
26.9159 102.28 -0.997968
37.6822 102.28 -1.0119
48.4486 102.28 -0.975492
59.215 102.28 -0.778247
69.9813 102.28 -0.34406
5.38318 113.047 -0.575835
16.1495 113.047 -0.921914
26.9159 113.047 -0.999734
37.6822 113.047 -1.00098
48.4486 113.047 -0.947087
59.215 113.047 -0.7397
69.9813 113.047 -0.31636
5.38318 123.813 -0.538285
16.1495 123.813 -0.834245
26.9159 123.813 -0.824882
37.6822 123.813 -0.795185
48.4486 123.813 -0.732023
59.215 123.813 -0.553772
69.9813 123.813 -0.217883
5.38318 134.579 -0.38586
16.1495 134.579 -0.518331
26.9159 134.579 -0.368152
37.6822 134.579 -0.301528
48.4486 134.579 -0.27786
59.215 134.579 -0.232777
69.9813 134.579 -0.0510833
5.38318 145.346 -0.103357
16.1495 145.346 0.161897
26.9159 145.346 1.01191
37.6822 145.346 1.42624
48.4486 145.346 1.26283
59.215 145.346 0.810615
69.9813 145.346 0.527578
5.38318 156.112 0.457472
16.1495 156.112 1.4686
26.9159 156.112 2.57865
37.6822 156.112 3.05512
48.4486 156.112 2.6935
59.215 156.112 1.85822
69.9813 156.112 1.02659
5.38318 166.879 0.924773
16.1495 166.879 2.33786
26.9159 166.879 3.82121
37.6822 166.879 4.3389
48.4486 166.879 3.67575
59.215 166.879 2.37177
69.9813 166.879 1.23883
5.38318 177.645 1.04233
16.1495 177.645 2.487
26.9159 177.645 4.0714
37.6822 177.645 4.46241
48.4486 177.645 3.74443
59.215 177.645 2.35856
69.9813 177.645 1.24124
5.38318 188.411 1.00543
16.1495 188.411 2.34712
26.9159 188.411 3.74752
37.6822 188.411 3.88797
48.4486 188.411 3.14388
59.215 188.411 1.9124
69.9813 188.411 0.995729
5.38318 199.178 0.888958
16.1495 199.178 1.73179
26.9159 199.178 2.26171
37.6822 199.178 2.22263
48.4486 199.178 2.00857
59.215 199.178 1.55383
69.9813 199.178 1.08376
5.38318 209.944 0.722228
16.1495 209.944 1.30087
26.9159 209.944 1.41617
37.6822 209.944 1.28824
48.4486 209.944 1.25854
59.215 209.944 1.14195
69.9813 209.944 0.856134
