26 177
0 157 72 40
0 141 72 72
0 134 72 82
0 72 72 144
0 0 72 216
5.38318 5.38318 0.296916
16.1495 5.38318 0.573345
26.9159 5.38318 1.18724
37.6822 5.38318 1.42871
48.4486 5.38318 1.42894
59.215 5.38318 1.2229
69.9813 5.38318 0.800113
5.38318 16.1495 0.544996
16.1495 16.1495 1.19176
26.9159 16.1495 2.18064
37.6822 16.1495 2.5412
48.4486 16.1495 2.51492
59.215 16.1495 2.14258
69.9813 16.1495 1.4079
5.38318 26.9159 0.448634
16.1495 26.9159 1.02277
26.9159 26.9159 2.1453
37.6822 26.9159 2.42093
48.4486 26.9159 2.38868
59.215 26.9159 2.02707
69.9813 26.9159 1.39655
5.38318 37.6822 0.575855
16.1495 37.6822 1.02655
26.9159 37.6822 1.77378
37.6822 37.6822 1.61974
48.4486 37.6822 1.54875
59.215 37.6822 1.36377
69.9813 37.6822 1.05697
5.38318 48.4486 0.312001
16.1495 48.4486 0.407462
26.9159 48.4486 0.996962
37.6822 48.4486 0.568341
48.4486 48.4486 0.714286
59.215 48.4486 0.696218
69.9813 48.4486 0.730233
5.38318 59.215 -0.129607
16.1495 59.215 -0.238355
26.9159 59.215 -0.027802
37.6822 59.215 -0.198582
48.4486 59.215 -0.101929
59.215 59.215 0.0043385
69.9813 59.215 0.365293
5.38318 69.9813 -0.351266
16.1495 69.9813 -0.618118
26.9159 69.9813 -0.535764
37.6822 69.9813 -0.621954
48.4486 69.9813 -0.540183
59.215 69.9813 -0.386886
69.9813 69.9813 -0.100992
5.38318 80.7477 -0.413487
16.1495 80.7477 -0.698539
26.9159 80.7477 -0.677333
37.6822 80.7477 -0.723128
48.4486 80.7477 -0.664712
59.215 80.7477 -0.436904
69.9813 80.7477 -0.131109
5.38318 91.514 -0.49697
16.1495 91.514 -0.814267
26.9159 91.514 -0.833836
37.6822 91.514 -0.872434
48.4486 91.514 -0.812796
59.215 91.514 -0.560315
69.9813 91.514 -0.200407
5.38318 102.28 -0.530995
16.1495 102.28 -0.850208
26.9159 102.28 -0.917903
37.6822 102.28 -0.929141
48.4486 102.28 -0.882228
59.215 102.28 -0.637322
69.9813 102.28 -0.250359
5.38318 113.047 -0.577852
16.1495 113.047 -0.920255
26.9159 113.047 -0.993562
37.6822 113.047 -0.990324
48.4486 113.047 -0.93737
59.215 113.047 -0.72115
69.9813 113.047 -0.305976
5.38318 123.813 -0.558813
16.1495 123.813 -0.880523
26.9159 123.813 -0.915673
37.6822 123.813 -0.871366
48.4486 123.813 -0.788607
59.215 123.813 -0.555265
69.9813 123.813 -0.215265
5.38318 134.579 -0.431166
16.1495 134.579 -0.622587
26.9159 134.579 -0.512913
37.6822 134.579 -0.425573
48.4486 134.579 -0.353163
59.215 134.579 -0.191303
69.9813 134.579 0.0030831
5.38318 145.346 -0.0992737
16.1495 145.346 -0.0455262
26.9159 145.346 0.448577
37.6822 145.346 0.871496
48.4486 145.346 1.05289
59.215 145.346 1.05557
69.9813 145.346 0.804606
5.38318 156.112 0.993921
16.1495 156.112 1.83065
26.9159 156.112 2.33411
37.6822 156.112 2.68136
48.4486 156.112 2.68106
59.215 156.112 2.30953
69.9813 156.112 1.4526
5.38318 166.879 1.94777
16.1495 166.879 3.20126
26.9159 166.879 3.63918
37.6822 166.879 3.90377
48.4486 166.879 3.70156
59.215 166.879 3.06696
69.9813 166.879 1.78955
5.38318 177.645 2.33974
16.1495 177.645 3.64111
26.9159 177.645 3.94799
37.6822 177.645 3.90772
48.4486 177.645 3.43245
59.215 177.645 2.78695
69.9813 177.645 1.56402
5.38318 188.411 1.76229
16.1495 188.411 2.75781
26.9159 188.411 2.99465
37.6822 188.411 2.82377
48.4486 188.411 2.2863
59.215 188.411 1.86349
69.9813 188.411 1.04035
5.38318 199.178 0.957018
16.1495 199.178 1.51535
26.9159 199.178 1.56564
37.6822 199.178 1.13878
48.4486 199.178 0.717677
59.215 199.178 0.716522
69.9813 199.178 0.602201
5.38318 209.944 0.568995
16.1495 209.944 0.907491
26.9159 209.944 0.95142
37.6822 209.944 0.462604
48.4486 209.944 0.162415
59.215 209.944 0.332467
69.9813 209.944 0.446747
