37 177
0 157 72 40
0 141 72 72
0 134 72 82
0 72 72 144
0 0 72 216
5.38318 5.38318 0.75015
16.1495 5.38318 1.20999
26.9159 5.38318 1.34046
37.6822 5.38318 1.23234
48.4486 5.38318 1.101
59.215 5.38318 0.904856
69.9813 5.38318 0.598189
5.38318 16.1495 1.29106
16.1495 16.1495 2.18351
26.9159 16.1495 2.53216
37.6822 16.1495 2.37509
48.4486 16.1495 2.20628
59.215 16.1495 1.86334
69.9813 16.1495 1.28128
5.38318 26.9159 1.65166
16.1495 26.9159 2.62419
26.9159 26.9159 2.90105
37.6822 26.9159 2.68757
48.4486 26.9159 2.77329
59.215 26.9159 2.53976
69.9813 26.9159 1.85573
5.38318 37.6822 2.0685
16.1495 37.6822 3.14205
26.9159 37.6822 3.42958
37.6822 37.6822 3.20055
48.4486 37.6822 3.64982
59.215 37.6822 3.50614
69.9813 37.6822 2.51921
5.38318 48.4486 2.18741
16.1495 48.4486 3.31459
26.9159 48.4486 3.57668
37.6822 48.4486 3.27225
48.4486 48.4486 3.84909
59.215 48.4486 3.75574
69.9813 48.4486 2.68779
5.38318 59.215 1.44642
16.1495 59.215 2.16966
26.9159 59.215 2.4592
37.6822 59.215 2.23136
48.4486 59.215 2.7439
59.215 59.215 2.66328
69.9813 59.215 1.95125
5.38318 69.9813 -0.0235135
16.1495 69.9813 -0.135813
26.9159 69.9813 -0.139799
37.6822 69.9813 -0.298861
48.4486 69.9813 -0.165332
59.215 69.9813 -0.00514364
69.9813 69.9813 0.385307
5.38318 80.7477 -0.454817
16.1495 80.7477 -0.787773
26.9159 80.7477 -0.870272
37.6822 80.7477 -0.953222
48.4486 80.7477 -0.894171
59.215 80.7477 -0.649559
69.9813 80.7477 -0.250449
5.38318 91.514 -0.566027
16.1495 91.514 -0.932509
26.9159 91.514 -1.02967
37.6822 91.514 -1.0494
48.4486 91.514 -0.997444
59.215 91.514 -0.789206
69.9813 91.514 -0.346248
5.38318 102.28 -0.585038
16.1495 102.28 -0.937943
26.9159 102.28 -1.02242
37.6822 102.28 -1.02326
48.4486 102.28 -0.970457
59.215 102.28 -0.765332
69.9813 102.28 -0.330709
5.38318 113.047 -0.568213
16.1495 113.047 -0.905429
26.9159 113.047 -0.9757
37.6822 113.047 -0.972832
48.4486 113.047 -0.916971
59.215 113.047 -0.698953
69.9813 113.047 -0.292841
5.38318 123.813 -0.514111
16.1495 123.813 -0.802494
26.9159 123.813 -0.766345
37.6822 123.813 -0.757228
48.4486 123.813 -0.685799
59.215 123.813 -0.509216
69.9813 123.813 -0.18687
5.38318 134.579 -0.273034
16.1495 134.579 -0.383858
26.9159 134.579 -0.266749
37.6822 134.579 -0.26712
48.4486 134.579 -0.222391
59.215 134.579 -0.147794
69.9813 134.579 0.0504489
5.38318 145.346 0.137707
16.1495 145.346 0.544127
26.9159 145.346 1.10986
37.6822 145.346 1.19162
48.4486 145.346 1.14264
59.215 145.346 0.890858
69.9813 145.346 0.659263
5.38318 156.112 0.887795
16.1495 156.112 1.90931
26.9159 156.112 2.6537
37.6822 156.112 2.83185
48.4486 156.112 2.59257
59.215 156.112 2.01378
69.9813 156.112 1.24306
5.38318 166.879 1.24971
16.1495 166.879 2.51387
26.9159 166.879 3.63334
37.6822 166.879 3.90744
48.4486 166.879 3.46524
59.215 166.879 2.50864
69.9813 166.879 1.46248
5.38318 177.645 1.27147
16.1495 177.645 2.52164
26.9159 177.645 3.82637
37.6822 177.645 4.07498
48.4486 177.645 3.5713
59.215 177.645 2.50176
69.9813 177.645 1.45568
5.38318 188.411 1.09852
16.1495 188.411 2.3258
26.9159 188.411 3.75742
37.6822 188.411 3.91225
48.4486 188.411 3.26606
59.215 188.411 2.08503
69.9813 188.411 1.14232
5.38318 199.178 0.74689
16.1495 199.178 1.70872
26.9159 199.178 2.96851
37.6822 199.178 3.08737
48.4486 199.178 2.60608
59.215 199.178 1.53361
69.9813 199.178 0.840781
5.38318 209.944 0.396423
16.1495 209.944 1.05613
26.9159 209.944 2.0061
37.6822 209.944 2.19753
48.4486 209.944 1.8114
59.215 209.944 1.02201
69.9813 209.944 0.505306
