37 177
0 157 72 40
0 141 72 72
0 134 72 82
0 72 72 144
0 0 72 216
5.38318 5.38318 0.26374
16.1495 5.38318 0.629855
26.9159 5.38318 1.52002
37.6822 5.38318 1.95882
48.4486 5.38318 1.81343
59.215 5.38318 1.30229
69.9813 5.38318 0.660872
5.38318 16.1495 0.379504
16.1495 16.1495 1.1511
26.9159 16.1495 2.7068
37.6822 16.1495 3.44509
48.4486 16.1495 3.16975
59.215 16.1495 2.18633
69.9813 16.1495 1.1106
5.38318 26.9159 0.258635
16.1495 26.9159 1.08491
26.9159 26.9159 3.01572
37.6822 26.9159 3.77006
48.4486 26.9159 3.28795
59.215 26.9159 2.19124
69.9813 26.9159 1.06283
5.38318 37.6822 0.219695
16.1495 37.6822 1.06157
26.9159 37.6822 2.90608
37.6822 37.6822 3.42876
48.4486 37.6822 2.81343
59.215 37.6822 1.72473
69.9813 37.6822 0.797871
5.38318 48.4486 -0.00320787
16.1495 48.4486 0.838828
26.9159 48.4486 2.65187
37.6822 48.4486 3.28835
48.4486 48.4486 2.84055
59.215 48.4486 1.91937
69.9813 48.4486 0.978458
5.38318 59.215 -0.261784
16.1495 59.215 0.219379
26.9159 59.215 2.17831
37.6822 59.215 3.30469
48.4486 59.215 3.21705
59.215 59.215 2.53605
69.9813 59.215 1.46297
5.38318 69.9813 -0.454647
16.1495 69.9813 -0.315183
26.9159 69.9813 0.92354
37.6822 69.9813 2.44285
48.4486 69.9813 2.63312
59.215 69.9813 2.41241
69.9813 69.9813 1.45453
5.38318 80.7477 -0.541507
16.1495 80.7477 -0.672438
26.9159 80.7477 -0.32527
37.6822 80.7477 0.777025
48.4486 80.7477 1.02973
59.215 80.7477 1.20706
69.9813 80.7477 0.755579
5.38318 91.514 -0.578867
16.1495 91.514 -0.872974
26.9159 91.514 -0.883856
37.6822 91.514 -0.677783
48.4486 91.514 -0.657565
59.215 91.514 -0.414739
69.9813 91.514 -0.184027
5.38318 102.28 -0.584597
16.1495 102.28 -0.934456
26.9159 102.28 -1.02178
37.6822 102.28 -1.02189
48.4486 102.28 -0.988635
59.215 102.28 -0.792929
69.9813 102.28 -0.36733
5.38318 113.047 -0.56839
16.1495 113.047 -0.909656
26.9159 113.047 -0.983463
37.6822 113.047 -0.987227
48.4486 113.047 -0.935552
59.215 113.047 -0.725583
69.9813 113.047 -0.307977
5.38318 123.813 -0.527659
16.1495 123.813 -0.829232
26.9159 123.813 -0.787574
37.6822 123.813 -0.776644
48.4486 123.813 -0.696003
59.215 123.813 -0.529559
69.9813 123.813 -0.198563
5.38318 134.579 -0.332045
16.1495 134.579 -0.453808
26.9159 134.579 -0.267095
37.6822 134.579 -0.234516
48.4486 134.579 -0.184168
59.215 134.579 -0.163094
69.9813 134.579 -0.00160179
5.38318 145.346 -0.048549
16.1495 145.346 0.301442
26.9159 145.346 1.17764
37.6822 145.346 1.46173
48.4486 145.346 1.42874
59.215 145.346 0.942494
69.9813 145.346 0.636305
5.38318 156.112 0.549834
16.1495 156.112 1.73624
26.9159 156.112 2.98439
37.6822 156.112 3.47834
48.4486 156.112 3.14873
59.215 156.112 2.21286
69.9813 156.112 1.22394
5.38318 166.879 1.00107
16.1495 166.879 2.60785
26.9159 166.879 4.29293
37.6822 166.879 4.95326
48.4486 166.879 4.30329
59.215 166.879 2.8905
69.9813 166.879 1.49134
5.38318 177.645 1.25461
16.1495 177.645 2.97049
26.9159 177.645 4.79021
37.6822 177.645 5.39559
48.4486 177.645 4.60166
59.215 177.645 3.12311
69.9813 177.645 1.63634
5.38318 188.411 1.76385
16.1495 188.411 3.57728
26.9159 188.411 4.96942
37.6822 188.411 5.15801
48.4486 188.411 4.3345
59.215 188.411 3.0862
69.9813 188.411 1.73644
5.38318 199.178 2.22834
16.1495 199.178 3.87109
26.9159 199.178 4.22543
37.6822 199.178 4.08521
48.4486 199.178 3.75703
59.215 199.178 3.41101
69.9813 199.178 2.25272
5.38318 209.944 2.00199
16.1495 209.944 3.35922
26.9159 209.944 3.3728
37.6822 209.944 3.03902
48.4486 209.944 2.93429
59.215 209.944 2.94364
69.9813 209.944 2.05785
