26 166
0 146 72 40
0 130 72 72
0 125 72 82
0 72 72 144
0 0 72 216
5.38318 5.38318 0.37111
16.1495 5.38318 0.555912
26.9159 5.38318 0.642765
37.6822 5.38318 0.532647
48.4486 5.38318 0.376152
59.215 5.38318 0.274173
69.9813 5.38318 0.196389
5.38318 16.1495 0.645478
16.1495 16.1495 1.18642
26.9159 16.1495 1.49366
37.6822 16.1495 1.27302
48.4486 16.1495 1.02027
59.215 16.1495 0.769311
69.9813 16.1495 0.541659
5.38318 26.9159 0.729634
16.1495 26.9159 1.40322
26.9159 26.9159 1.79127
37.6822 26.9159 1.41307
48.4486 26.9159 1.03389
59.215 26.9159 0.738206
69.9813 26.9159 0.561895
5.38318 37.6822 0.80851
16.1495 37.6822 1.52818
26.9159 37.6822 1.83075
37.6822 37.6822 1.41882
48.4486 37.6822 1.0853
59.215 37.6822 0.930017
69.9813 37.6822 0.750179
5.38318 48.4486 0.528377
16.1495 48.4486 0.95494
26.9159 48.4486 0.976371
37.6822 48.4486 0.577483
48.4486 48.4486 0.433335
59.215 48.4486 0.654747
69.9813 48.4486 0.683344
5.38318 59.215 0.0502245
16.1495 59.215 0.143009
26.9159 59.215 -0.0293217
37.6822 59.215 -0.168087
48.4486 59.215 -0.225271
59.215 59.215 0.0451715
69.9813 59.215 0.36618
5.38318 69.9813 -0.280497
16.1495 69.9813 -0.429291
26.9159 69.9813 -0.512692
37.6822 69.9813 -0.565453
48.4486 69.9813 -0.618367
59.215 69.9813 -0.407054
69.9813 69.9813 -0.138754
5.38318 80.7477 -0.433232
16.1495 80.7477 -0.689518
26.9159 80.7477 -0.784579
37.6822 80.7477 -0.860217
48.4486 80.7477 -0.911667
59.215 80.7477 -0.692741
69.9813 80.7477 -0.306757
5.38318 91.514 -0.553043
16.1495 91.514 -0.896485
26.9159 91.514 -1.0128
37.6822 91.514 -1.03388
48.4486 91.514 -1.004
59.215 91.514 -0.78658
69.9813 91.514 -0.347169
5.38318 102.28 -0.585073
16.1495 102.28 -0.945792
26.9159 102.28 -1.04251
37.6822 102.28 -1.04691
48.4486 102.28 -0.994137
59.215 102.28 -0.779512
69.9813 102.28 -0.34247
5.38318 113.047 -0.574746
16.1495 113.047 -0.917692
26.9159 113.047 -0.993761
37.6822 113.047 -0.992663
48.4486 113.047 -0.943163
59.215 113.047 -0.730902
69.9813 113.047 -0.315376
5.38318 123.813 -0.468301
16.1495 123.813 -0.698644
26.9159 123.813 -0.657068
37.6822 123.813 -0.693465
48.4486 123.813 -0.701533
59.215 123.813 -0.543406
69.9813 123.813 -0.218639
5.38318 134.579 -0.164458
16.1495 134.579 -0.100524
26.9159 134.579 0.164137
37.6822 134.579 -0.0353808
48.4486 134.579 -0.200454
59.215 134.579 -0.211669
69.9813 134.579 -0.0490557
5.38318 145.346 0.688438
16.1495 145.346 1.82239
26.9159 145.346 2.51798
37.6822 145.346 2.15264
48.4486 145.346 1.32844
59.215 145.346 0.751843
69.9813 145.346 0.518501
5.38318 156.112 1.25193
16.1495 156.112 2.86796
26.9159 156.112 3.8338
37.6822 156.112 3.45546
48.4486 156.112 2.46598
59.215 156.112 1.6229
69.9813 156.112 0.979346
5.38318 166.879 1.41812
16.1495 166.879 3.11628
26.9159 166.879 4.17355
37.6822 166.879 3.9804
48.4486 166.879 3.03913
59.215 166.879 2.04042
69.9813 166.879 1.18281
5.38318 177.645 1.16943
16.1495 177.645 2.35847
26.9159 177.645 3.1531
37.6822 177.645 3.25993
48.4486 177.645 2.81897
59.215 177.645 2.04804
69.9813 177.645 1.20313
5.38318 188.411 1.06236
16.1495 188.411 1.97825
26.9159 188.411 2.63721
37.6822 188.411 2.95521
48.4486 188.411 2.86492
59.215 188.411 2.18743
69.9813 188.411 1.30117
5.38318 199.178 1.04539
16.1495 199.178 1.90199
26.9159 199.178 2.48438
37.6822 199.178 2.66598
48.4486 199.178 2.67021
59.215 199.178 2.07121
69.9813 199.178 1.30109
5.38318 209.944 0.78353
16.1495 209.944 1.44699
26.9159 209.944 1.89517
37.6822 209.944 2.04513
48.4486 209.944 2.07188
59.215 209.944 1.60425
69.9813 209.944 1.01962
