48 177
0 157 72 40
0 141 72 72
0 134 72 82
0 72 72 144
0 0 72 216
5.38318 5.38318 0.716984
16.1495 5.38318 1.09002
26.9159 5.38318 1.30166
37.6822 5.38318 1.28592
48.4486 5.38318 1.25891
59.215 5.38318 1.00273
69.9813 5.38318 0.656921
5.38318 16.1495 1.16155
16.1495 16.1495 2.03536
26.9159 16.1495 2.56818
37.6822 16.1495 2.54525
48.4486 16.1495 2.50571
59.215 16.1495 1.94386
69.9813 16.1495 1.26886
5.38318 26.9159 1.33507
16.1495 26.9159 2.5078
26.9159 26.9159 3.46433
37.6822 26.9159 3.57653
48.4486 26.9159 3.55155
59.215 26.9159 2.65158
69.9813 26.9159 1.65005
5.38318 37.6822 1.16997
16.1495 37.6822 2.24885
26.9159 37.6822 3.37631
37.6822 37.6822 3.56115
48.4486 37.6822 3.50763
59.215 37.6822 2.45754
69.9813 37.6822 1.47251
5.38318 48.4486 1.05352
16.1495 48.4486 1.96595
26.9159 48.4486 3.04944
37.6822 48.4486 3.17049
48.4486 48.4486 2.92963
59.215 48.4486 1.94452
69.9813 48.4486 1.0908
5.38318 59.215 0.693667
16.1495 59.215 1.24245
26.9159 59.215 2.08166
37.6822 59.215 2.0951
48.4486 59.215 1.86341
59.215 59.215 1.22608
69.9813 59.215 0.659341
5.38318 69.9813 0.209105
16.1495 69.9813 0.45022
26.9159 69.9813 0.94885
37.6822 69.9813 0.923186
48.4486 69.9813 0.677764
59.215 69.9813 0.39676
69.9813 69.9813 0.211487
5.38318 80.7477 -0.12987
16.1495 80.7477 -0.185639
26.9159 80.7477 -0.141246
37.6822 80.7477 -0.184484
48.4486 80.7477 -0.216487
59.215 80.7477 -0.204715
69.9813 80.7477 -0.0839098
5.38318 91.514 -0.263763
16.1495 91.514 -0.41308
26.9159 91.514 -0.437516
37.6822 91.514 -0.470978
48.4486 91.514 -0.457157
59.215 91.514 -0.374675
69.9813 91.514 -0.163646
5.38318 102.28 -0.293206
16.1495 102.28 -0.441118
26.9159 102.28 -0.440066
37.6822 102.28 -0.440216
48.4486 102.28 -0.424994
59.215 102.28 -0.342481
69.9813 102.28 -0.15088
5.38318 113.047 -0.290457
16.1495 113.047 -0.437043
26.9159 113.047 -0.421904
37.6822 113.047 -0.410507
48.4486 113.047 -0.394523
59.215 113.047 -0.313793
69.9813 113.047 -0.138605
5.38318 123.813 -0.261197
16.1495 123.813 -0.384066
26.9159 123.813 -0.34443
37.6822 123.813 -0.324234
48.4486 123.813 -0.300528
59.215 123.813 -0.235644
69.9813 123.813 -0.0895018
5.38318 134.579 -0.183459
16.1495 134.579 -0.216415
26.9159 134.579 -0.134879
37.6822 134.579 -0.0770594
48.4486 134.579 -0.0693976
59.215 134.579 -0.0704766
69.9813 134.579 0.0234701
5.38318 145.346 -0.121307
16.1495 145.346 -0.0463572
26.9159 145.346 0.298273
37.6822 145.346 0.667158
48.4486 145.346 0.733777
59.215 145.346 0.512835
69.9813 145.346 0.37703
5.38318 156.112 -0.026216
16.1495 156.112 0.480334
26.9159 156.112 1.26117
37.6822 156.112 1.90676
48.4486 156.112 1.87295
59.215 156.112 1.22846
69.9813 156.112 0.722056
5.38318 166.879 -0.00329569
16.1495 166.879 0.715328
26.9159 166.879 2.10456
37.6822 166.879 3.03807
48.4486 166.879 3.08581
59.215 166.879 2.02562
69.9813 166.879 1.04666
5.38318 177.645 0.221662
16.1495 177.645 1.10716
26.9159 177.645 2.7225
37.6822 177.645 3.88776
48.4486 177.645 3.91495
59.215 177.645 2.50585
69.9813 177.645 1.22098
5.38318 188.411 0.207037
16.1495 188.411 1.02033
26.9159 188.411 2.56452
37.6822 188.411 3.69507
48.4486 188.411 3.6877
59.215 188.411 2.41847
69.9813 188.411 1.1891
5.38318 199.178 0.0582309
16.1495 199.178 0.699292
26.9159 199.178 1.70551
37.6822 199.178 2.39085
48.4486 199.178 2.31932
59.215 199.178 1.62411
69.9813 199.178 0.951507
5.38318 209.944 -0.0953938
16.1495 209.944 0.138794
26.9159 209.944 0.506594
37.6822 209.944 0.952943
48.4486 209.944 1.00004
59.215 209.944 0.898818
69.9813 209.944 0.677566
