37 37
0 17 72 40
0 1 72 72
0 0 72 82
0 0 72 144
0 0 72 216
5.38318 5.38318 0.609264
16.1495 5.38318 1.11645
26.9159 5.38318 1.5006
37.6822 5.38318 1.60612
48.4486 5.38318 1.37201
59.215 5.38318 0.969349
69.9813 5.38318 0.525952
5.38318 16.1495 1.03851
16.1495 16.1495 2.20684
26.9159 16.1495 3.2775
37.6822 16.1495 3.64794
48.4486 16.1495 3.08432
59.215 16.1495 2.12091
69.9813 16.1495 1.10943
5.38318 26.9159 1.25246
16.1495 26.9159 2.90754
26.9159 26.9159 4.79473
37.6822 26.9159 5.38661
48.4486 26.9159 4.38912
59.215 26.9159 2.78648
69.9813 26.9159 1.36097
5.38318 37.6822 1.40532
16.1495 37.6822 3.3585
26.9159 37.6822 5.81536
37.6822 37.6822 6.53718
48.4486 37.6822 5.2391
59.215 37.6822 3.09876
69.9813 37.6822 1.41679
5.38318 48.4486 1.67416
16.1495 48.4486 3.55535
26.9159 48.4486 5.6095
37.6822 48.4486 6.06048
48.4486 48.4486 4.96728
59.215 48.4486 3.17392
69.9813 48.4486 1.62446
5.38318 59.215 1.55778
16.1495 59.215 2.83957
26.9159 59.215 3.65828
37.6822 59.215 3.8627
48.4486 59.215 3.32492
59.215 59.215 2.80236
69.9813 59.215 1.73554
5.38318 69.9813 1.22992
16.1495 69.9813 2.12171
26.9159 69.9813 2.33863
37.6822 69.9813 2.43869
48.4486 69.9813 1.90035
59.215 69.9813 1.99812
69.9813 69.9813 1.33804
5.38318 80.7477 -0.0495613
16.1495 80.7477 0.277256
26.9159 80.7477 0.674607
37.6822 80.7477 1.06118
48.4486 80.7477 0.250892
59.215 80.7477 0.368704
69.9813 80.7477 0.165648
5.38318 91.514 -0.519929
16.1495 91.514 -0.740598
26.9159 91.514 -0.678926
37.6822 91.514 -0.572165
48.4486 91.514 -0.76101
59.215 91.514 -0.599292
69.9813 91.514 -0.345376
5.38318 102.28 -0.575729
16.1495 102.28 -0.912243
26.9159 102.28 -0.984267
37.6822 102.28 -0.982263
48.4486 102.28 -0.978942
59.215 102.28 -0.787318
69.9813 102.28 -0.381218
5.38318 113.047 -0.5742
16.1495 113.047 -0.916675
26.9159 113.047 -0.990455
37.6822 113.047 -0.985568
48.4486 113.047 -0.930564
59.215 113.047 -0.716778
69.9813 113.047 -0.304443
5.38318 123.813 -0.521358
16.1495 123.813 -0.809266
26.9159 123.813 -0.762577
37.6822 123.813 -0.719282
48.4486 123.813 -0.63709
59.215 123.813 -0.470616
69.9813 123.813 -0.16487
5.38318 134.579 -0.299111
16.1495 134.579 -0.390842
26.9159 134.579 -0.227113
37.6822 134.579 -0.119712
48.4486 134.579 -0.0479774
59.215 134.579 -0.0121369
69.9813 134.579 0.209535
5.38318 145.346 0.145437
16.1495 145.346 0.731227
26.9159 145.346 1.51037
37.6822 145.346 1.95985
48.4486 145.346 1.89339
59.215 145.346 1.42068
69.9813 145.346 0.899351
5.38318 156.112 0.878289
16.1495 156.112 2.115
26.9159 156.112 3.12472
37.6822 156.112 3.61776
48.4486 156.112 3.30353
59.215 156.112 2.47958
69.9813 156.112 1.41003
5.38318 166.879 1.32077
16.1495 166.879 3.01811
26.9159 166.879 4.49972
37.6822 166.879 5.04224
48.4486 166.879 4.32346
59.215 166.879 2.98427
69.9813 166.879 1.58716
5.38318 177.645 1.38385
16.1495 177.645 3.11434
26.9159 177.645 4.64921
37.6822 177.645 5.11311
48.4486 177.645 4.36957
59.215 177.645 2.9689
69.9813 177.645 1.61949
5.38318 188.411 1.62017
16.1495 188.411 3.21681
26.9159 188.411 4.4477
37.6822 188.411 4.55732
48.4486 188.411 3.96679
59.215 188.411 2.75476
69.9813 188.411 1.61871
5.38318 199.178 1.86146
16.1495 199.178 3.03189
26.9159 199.178 3.31992
37.6822 199.178 3.09221
48.4486 199.178 3.02077
59.215 199.178 2.57236
69.9813 199.178 1.75939
5.38318 209.944 1.61791
16.1495 209.944 2.45171
26.9159 209.944 2.27793
37.6822 209.944 1.84362
48.4486 209.944 1.93124
59.215 209.944 1.89362
69.9813 209.944 1.40273
