26 26
0 6 72 40
0 0 72 72
0 0 72 82
0 0 72 144
0 0 72 216
5.38318 5.38318 0.853214
16.1495 5.38318 1.64803
26.9159 5.38318 1.88476
37.6822 5.38318 1.42851
48.4486 5.38318 0.849092
59.215 5.38318 0.541248
69.9813 5.38318 0.317741
5.38318 16.1495 1.35886
16.1495 16.1495 2.87943
26.9159 16.1495 3.45578
37.6822 16.1495 2.83592
48.4486 16.1495 2.06594
59.215 16.1495 1.52995
69.9813 16.1495 0.971662
5.38318 26.9159 1.36544
16.1495 26.9159 2.92769
26.9159 26.9159 3.56641
37.6822 26.9159 3.13976
48.4486 26.9159 2.56034
59.215 26.9159 2.19718
69.9813 26.9159 1.45741
5.38318 37.6822 1.12455
16.1495 37.6822 2.22769
26.9159 37.6822 2.70263
37.6822 37.6822 2.82952
48.4486 37.6822 2.99406
59.215 37.6822 2.97778
69.9813 37.6822 2.04565
5.38318 48.4486 0.936815
16.1495 48.4486 1.80607
26.9159 48.4486 2.16083
37.6822 48.4486 2.53976
48.4486 48.4486 2.85464
59.215 48.4486 2.8908
69.9813 48.4486 1.96927
5.38318 59.215 0.905768
16.1495 59.215 1.72788
26.9159 59.215 2.10362
37.6822 59.215 2.31365
48.4486 59.215 2.3182
59.215 59.215 2.18245
69.9813 59.215 1.45569
5.38318 69.9813 0.344079
16.1495 69.9813 0.782202
26.9159 69.9813 1.00873
37.6822 69.9813 1.00028
48.4486 69.9813 0.828137
59.215 69.9813 0.675791
69.9813 69.9813 0.554347
5.38318 80.7477 -0.182969
16.1495 80.7477 -0.227381
26.9159 80.7477 -0.215806
37.6822 80.7477 -0.262592
48.4486 80.7477 -0.324801
59.215 80.7477 -0.282935
69.9813 80.7477 -0.0797461
5.38318 91.514 -0.464596
16.1495 91.514 -0.731192
26.9159 91.514 -0.798796
37.6822 91.514 -0.844643
48.4486 91.514 -0.839917
59.215 91.514 -0.652635
69.9813 91.514 -0.276337
5.38318 102.28 -0.564034
16.1495 102.28 -0.906038
26.9159 102.28 -1.0011
37.6822 102.28 -1.01684
48.4486 102.28 -0.981332
59.215 102.28 -0.785322
69.9813 102.28 -0.347837
5.38318 113.047 -0.582139
16.1495 113.047 -0.935919
26.9159 113.047 -1.01968
37.6822 113.047 -1.02287
48.4486 113.047 -0.96822
59.215 113.047 -0.762611
69.9813 113.047 -0.329338
5.38318 123.813 -0.538778
16.1495 123.813 -0.854396
26.9159 123.813 -0.906071
37.6822 123.813 -0.91192
48.4486 123.813 -0.854258
59.215 123.813 -0.624807
69.9813 123.813 -0.254703
5.38318 134.579 -0.36278
16.1495 134.579 -0.526718
26.9159 134.579 -0.442031
37.6822 134.579 -0.419854
48.4486 134.579 -0.384314
59.215 134.579 -0.263399
69.9813 134.579 -0.049972
5.38318 145.346 -0.0157351
16.1495 145.346 0.186107
26.9159 145.346 0.662463
37.6822 145.346 0.835879
48.4486 145.346 0.926434
59.215 145.346 0.847609
69.9813 145.346 0.718596
5.38318 156.112 0.849761
16.1495 156.112 1.74078
26.9159 156.112 2.3275
37.6822 156.112 2.55066
48.4486 156.112 2.66268
59.215 156.112 2.31886
69.9813 156.112 1.52597
5.38318 166.879 1.21346
16.1495 166.879 2.1769
26.9159 166.879 2.71397
37.6822 166.879 2.96237
48.4486 166.879 3.12533
59.215 166.879 2.81279
69.9813 166.879 1.86468
5.38318 177.645 1.17391
16.1495 177.645 1.93337
26.9159 177.645 2.34923
37.6822 177.645 2.47956
48.4486 177.645 2.51926
59.215 177.645 2.39713
69.9813 177.645 1.61483
5.38318 188.411 0.641999
16.1495 188.411 1.05553
26.9159 188.411 1.41184
37.6822 188.411 1.47019
48.4486 188.411 1.28874
59.215 188.411 1.33674
69.9813 188.411 0.939883
5.38318 199.178 0.533828
16.1495 199.178 1.00405
26.9159 199.178 1.58124
37.6822 199.178 1.80236
48.4486 199.178 1.52126
59.215 199.178 1.33095
69.9813 199.178 0.845527
5.38318 209.944 0.441239
16.1495 209.944 0.890798
26.9159 209.944 1.39957
37.6822 209.944 1.63016
48.4486 209.944 1.39895
59.215 209.944 1.14009
69.9813 209.944 0.687191
