48 177
0 157 72 40
0 141 72 72
0 134 72 82
0 72 72 144
0 0 72 216
5.38318 5.38318 0.125391
16.1495 5.38318 0.455556
26.9159 5.38318 1.20029
37.6822 5.38318 1.36599
48.4486 5.38318 1.07947
59.215 5.38318 0.554234
69.9813 5.38318 0.195051
5.38318 16.1495 0.180212
16.1495 16.1495 0.928738
26.9159 16.1495 2.1415
37.6822 16.1495 2.50065
48.4486 16.1495 2.00394
59.215 16.1495 1.16951
69.9813 16.1495 0.456115
5.38318 26.9159 0.0217744
16.1495 26.9159 0.812944
26.9159 26.9159 2.13962
37.6822 26.9159 2.61432
48.4486 26.9159 2.06657
59.215 26.9159 1.08254
69.9813 26.9159 0.331894
5.38318 37.6822 0.270142
16.1495 37.6822 1.03305
26.9159 37.6822 1.94808
37.6822 37.6822 2.24408
48.4486 37.6822 1.78678
59.215 37.6822 0.988516
69.9813 37.6822 0.403826
5.38318 48.4486 0.478375
16.1495 48.4486 1.37047
26.9159 48.4486 2.08245
37.6822 48.4486 2.24996
48.4486 48.4486 1.8322
59.215 48.4486 1.08771
69.9813 48.4486 0.567157
5.38318 59.215 0.637695
16.1495 59.215 1.62962
26.9159 59.215 2.35727
37.6822 59.215 2.62477
48.4486 59.215 2.35106
59.215 59.215 1.62889
69.9813 59.215 0.984441
5.38318 69.9813 0.488278
16.1495 69.9813 1.35501
26.9159 69.9813 2.01149
37.6822 69.9813 2.39917
48.4486 69.9813 2.3324
59.215 69.9813 1.78266
69.9813 69.9813 1.10556
5.38318 80.7477 0.0699736
16.1495 80.7477 0.469675
26.9159 80.7477 0.823963
37.6822 80.7477 1.25137
48.4486 80.7477 1.42179
59.215 80.7477 1.27815
69.9813 80.7477 0.887056
5.38318 91.514 -0.211999
16.1495 91.514 -0.267143
26.9159 91.514 -0.242572
37.6822 91.514 -0.153301
48.4486 91.514 -0.0712136
59.215 91.514 0.0794187
69.9813 91.514 0.248566
5.38318 102.28 -0.285068
16.1495 102.28 -0.426418
26.9159 102.28 -0.419186
37.6822 102.28 -0.405149
48.4486 102.28 -0.393458
59.215 102.28 -0.298658
69.9813 102.28 -0.125391
5.38318 113.047 -0.293825
16.1495 113.047 -0.444659
26.9159 113.047 -0.445181
37.6822 113.047 -0.441437
48.4486 113.047 -0.426196
59.215 113.047 -0.327184
69.9813 113.047 -0.141784
5.38318 123.813 -0.262777
16.1495 123.813 -0.389864
26.9159 123.813 -0.330762
37.6822 123.813 -0.304112
48.4486 123.813 -0.277955
59.215 123.813 -0.176436
69.9813 123.813 -0.0596665
5.38318 134.579 -0.172571
16.1495 134.579 -0.214215
26.9159 134.579 -0.103411
37.6822 134.579 -0.0449471
48.4486 134.579 -0.0113807
59.215 134.579 0.183909
69.9813 134.579 0.23807
5.38318 145.346 -0.0119369
16.1495 145.346 0.241268
26.9159 145.346 0.748411
37.6822 145.346 1.04414
48.4486 145.346 1.22164
59.215 145.346 1.19801
69.9813 145.346 0.853768
5.38318 156.112 0.379387
16.1495 156.112 1.04082
26.9159 156.112 1.81001
37.6822 156.112 2.23641
48.4486 156.112 2.45826
59.215 156.112 2.16176
69.9813 156.112 1.42883
5.38318 166.879 0.863882
16.1495 166.879 1.909
26.9159 166.879 2.95422
37.6822 166.879 3.57765
48.4486 166.879 3.78021
59.215 166.879 3.16559
69.9813 166.879 1.99726
5.38318 177.645 1.19733
16.1495 177.645 2.36413
26.9159 177.645 3.50884
37.6822 177.645 4.25478
48.4486 177.645 4.40977
59.215 177.645 3.69587
69.9813 177.645 2.25082
5.38318 188.411 1.36094
16.1495 188.411 2.5107
26.9159 188.411 3.57872
37.6822 188.411 4.18951
48.4486 188.411 4.27098
59.215 188.411 3.53051
69.9813 188.411 2.07637
5.38318 199.178 1.05468
16.1495 199.178 1.71498
26.9159 199.178 2.31991
37.6822 199.178 2.60617
48.4486 199.178 2.81311
59.215 199.178 2.54102
69.9813 199.178 1.53859
5.38318 209.944 0.482028
16.1495 209.944 0.78456
26.9159 209.944 1.14382
37.6822 209.944 1.20668
48.4486 209.944 1.4615
59.215 209.944 1.42809
69.9813 209.944 0.963113
