37 177
0 157 72 40
0 141 72 72
0 134 72 82
0 72 72 144
0 0 72 216
5.38318 5.38318 0.351928
16.1495 5.38318 0.714004
26.9159 5.38318 1.21049
37.6822 5.38318 1.47452
48.4486 5.38318 1.4575
59.215 5.38318 1.09084
69.9813 5.38318 0.642216
5.38318 16.1495 0.445095
16.1495 16.1495 1.20637
26.9159 16.1495 2.10145
37.6822 16.1495 2.64037
48.4486 16.1495 2.62354
59.215 16.1495 2.00957
69.9813 16.1495 1.19942
5.38318 26.9159 0.138782
16.1495 26.9159 0.924452
26.9159 26.9159 2.0859
37.6822 26.9159 2.72422
48.4486 26.9159 2.69105
59.215 26.9159 2.14338
69.9813 26.9159 1.32362
5.38318 37.6822 -0.0422501
16.1495 37.6822 0.660401
26.9159 37.6822 1.88957
37.6822 37.6822 2.39587
48.4486 37.6822 2.14934
59.215 37.6822 1.57651
69.9813 37.6822 0.951041
5.38318 48.4486 -0.11939
16.1495 48.4486 0.438717
26.9159 48.4486 1.55968
37.6822 48.4486 1.95857
48.4486 48.4486 1.33474
59.215 48.4486 0.566159
69.9813 48.4486 0.303909
5.38318 59.215 -0.182611
16.1495 59.215 0.178505
26.9159 59.215 1.21294
37.6822 59.215 1.50745
48.4486 59.215 0.833707
59.215 59.215 -0.056732
69.9813 59.215 -0.0745756
5.38318 69.9813 -0.277436
16.1495 69.9813 -0.185204
26.9159 69.9813 0.334636
37.6822 69.9813 0.422243
48.4486 69.9813 -0.147356
59.215 69.9813 -0.404156
69.9813 69.9813 -0.221477
5.38318 80.7477 -0.405019
16.1495 80.7477 -0.494004
26.9159 80.7477 -0.370196
37.6822 80.7477 -0.409986
48.4486 80.7477 -0.592926
59.215 80.7477 -0.636799
69.9813 80.7477 -0.31112
5.38318 91.514 -0.520356
16.1495 91.514 -0.805036
26.9159 91.514 -0.827574
37.6822 91.514 -0.898184
48.4486 91.514 -0.942931
59.215 91.514 -0.809645
69.9813 91.514 -0.377631
5.38318 102.28 -0.573287
16.1495 102.28 -0.916876
26.9159 102.28 -1.00392
37.6822 102.28 -1.02603
48.4486 102.28 -1.00104
59.215 102.28 -0.80922
69.9813 102.28 -0.374073
5.38318 113.047 -0.585154
16.1495 113.047 -0.938809
26.9159 113.047 -1.02534
37.6822 113.047 -1.02783
48.4486 113.047 -0.974252
59.215 113.047 -0.770253
69.9813 113.047 -0.335125
5.38318 123.813 -0.577322
16.1495 123.813 -0.924172
26.9159 123.813 -1.00242
37.6822 123.813 -1.00423
48.4486 123.813 -0.950575
59.215 123.813 -0.74661
69.9813 123.813 -0.31977
5.38318 134.579 -0.556018
16.1495 134.579 -0.884905
26.9159 134.579 -0.944671
37.6822 134.579 -0.94851
48.4486 134.579 -0.901299
59.215 134.579 -0.687777
69.9813 134.579 -0.28985
5.38318 145.346 -0.457769
16.1495 145.346 -0.663659
26.9159 145.346 -0.542813
37.6822 145.346 -0.525103
48.4486 145.346 -0.52112
59.215 145.346 -0.451011
69.9813 145.346 -0.176161
5.38318 156.112 -0.212096
16.1495 156.112 -0.14392
26.9159 156.112 0.576192
37.6822 156.112 0.804676
48.4486 156.112 0.553068
59.215 156.112 0.0235273
69.9813 156.112 0.0604218
5.38318 166.879 0.282967
16.1495 166.879 1.34248
26.9159 166.879 2.78972
37.6822 166.879 3.25961
48.4486 166.879 2.73102
59.215 166.879 1.53082
69.9813 166.879 0.699862
5.38318 177.645 0.705594
16.1495 177.645 2.23588
26.9159 177.645 4.07148
37.6822 177.645 4.81006
48.4486 177.645 4.05554
59.215 177.645 2.44489
69.9813 177.645 1.16911
5.38318 188.411 0.85804
16.1495 188.411 2.37065
26.9159 188.411 4.01731
37.6822 188.411 4.6737
48.4486 188.411 3.88413
59.215 188.411 2.443
69.9813 188.411 1.23698
5.38318 199.178 0.528253
16.1495 199.178 1.52993
26.9159 199.178 2.37311
37.6822 199.178 2.63478
48.4486 199.178 2.31282
59.215 199.178 1.62959
69.9813 199.178 1.03314
5.38318 209.944 0.346178
16.1495 209.944 0.923647
26.9159 209.944 1.19738
37.6822 209.944 1.18747
48.4486 209.944 1.10238
59.215 209.944 0.950661
69.9813 209.944 0.727761
