26 26
0 6 72 40
0 0 72 72
0 0 72 82
0 0 72 144
0 0 72 216
5.38318 5.38318 0.982822
16.1495 5.38318 1.60818
26.9159 5.38318 1.95158
37.6822 5.38318 1.66973
48.4486 5.38318 1.15289
59.215 5.38318 0.677232
69.9813 5.38318 0.338129
5.38318 16.1495 1.81618
16.1495 16.1495 3.27406
26.9159 16.1495 4.04636
37.6822 16.1495 3.51142
48.4486 16.1495 2.46026
59.215 16.1495 1.54052
69.9813 16.1495 0.830932
5.38318 26.9159 2.28662
16.1495 26.9159 4.28189
26.9159 26.9159 5.20939
37.6822 26.9159 4.45871
48.4486 26.9159 2.9599
59.215 26.9159 1.91105
69.9813 26.9159 1.0723
5.38318 37.6822 2.03783
16.1495 37.6822 3.852
26.9159 37.6822 4.60918
37.6822 37.6822 3.93221
48.4486 37.6822 2.66322
59.215 37.6822 1.92852
69.9813 37.6822 1.21724
5.38318 48.4486 1.24058
16.1495 48.4486 2.35734
26.9159 48.4486 2.73758
37.6822 48.4486 2.37623
48.4486 48.4486 1.5812
59.215 48.4486 1.35544
69.9813 48.4486 1.01363
5.38318 59.215 0.44832
16.1495 59.215 0.757185
26.9159 59.215 1.051
37.6822 59.215 0.856113
48.4486 59.215 0.380032
59.215 59.215 0.40414
69.9813 59.215 0.411922
5.38318 69.9813 -0.030011
16.1495 69.9813 -0.126827
26.9159 69.9813 -0.0528506
37.6822 69.9813 -0.18887
48.4486 69.9813 -0.357026
59.215 69.9813 -0.267152
69.9813 69.9813 -0.0969666
5.38318 80.7477 -0.257995
16.1495 80.7477 -0.458269
26.9159 80.7477 -0.436207
37.6822 80.7477 -0.507378
48.4486 80.7477 -0.608192
59.215 80.7477 -0.473228
69.9813 80.7477 -0.21608
5.38318 91.514 -0.502132
16.1495 91.514 -0.83097
26.9159 91.514 -0.846926
37.6822 91.514 -0.885751
48.4486 91.514 -0.880669
59.215 91.514 -0.661398
69.9813 91.514 -0.295295
5.38318 102.28 -0.547429
16.1495 102.28 -0.87601
26.9159 102.28 -0.942341
37.6822 102.28 -0.953866
48.4486 102.28 -0.924195
59.215 102.28 -0.722006
69.9813 102.28 -0.322518
5.38318 113.047 -0.586757
16.1495 113.047 -0.935746
26.9159 113.047 -1.00733
37.6822 113.047 -0.988251
48.4486 113.047 -0.91631
59.215 113.047 -0.67305
69.9813 113.047 -0.272432
5.38318 123.813 -0.585808
16.1495 123.813 -0.916846
26.9159 123.813 -0.92871
37.6822 123.813 -0.745345
48.4486 123.813 -0.501813
59.215 123.813 -0.269962
69.9813 123.813 -0.00452136
5.38318 134.579 -0.582171
16.1495 134.579 -0.877621
26.9159 134.579 -0.696332
37.6822 134.579 -0.220073
48.4486 134.579 0.575585
59.215 134.579 0.876093
69.9813 134.579 0.825086
5.38318 145.346 -0.552425
16.1495 145.346 -0.747528
26.9159 145.346 -0.228982
37.6822 145.346 1.45188
48.4486 145.346 2.71498
59.215 145.346 2.64438
69.9813 145.346 1.7673
5.38318 156.112 -0.418348
16.1495 156.112 -0.392734
26.9159 156.112 0.677094
37.6822 156.112 2.55605
48.4486 156.112 3.67164
59.215 156.112 3.45291
69.9813 156.112 2.19342
5.38318 166.879 -0.0789729
16.1495 166.879 0.405073
26.9159 166.879 1.83485
37.6822 166.879 3.06045
48.4486 166.879 3.6501
59.215 166.879 3.17178
69.9813 166.879 1.9371
5.38318 177.645 0.737642
16.1495 177.645 1.79906
26.9159 177.645 2.87901
37.6822 177.645 3.16632
48.4486 177.645 2.85935
59.215 177.645 2.1455
69.9813 177.645 1.25353
5.38318 188.411 1.40968
16.1495 188.411 2.77899
26.9159 188.411 3.89081
37.6822 188.411 3.84629
48.4486 188.411 3.20866
59.215 188.411 2.2469
69.9813 188.411 1.26635
5.38318 199.178 1.56014
16.1495 199.178 2.98124
26.9159 199.178 4.18677
37.6822 199.178 4.4126
48.4486 199.178 3.91895
59.215 199.178 2.82762
69.9813 199.178 1.5488
5.38318 209.944 1.04376
16.1495 209.944 2.04681
26.9159 209.944 3.14103
37.6822 209.944 3.62119
48.4486 209.944 3.51644
59.215 209.944 2.62884
69.9813 209.944 1.4216
