37 26
0 6 72 40
0 0 72 72
0 0 72 82
0 0 72 144
0 0 72 216
5.38318 5.38318 0.323526
16.1495 5.38318 0.863168
26.9159 5.38318 1.85831
37.6822 5.38318 2.03272
48.4486 5.38318 1.60921
59.215 5.38318 0.826127
69.9813 5.38318 0.285695
5.38318 16.1495 0.497712
16.1495 16.1495 1.736
26.9159 16.1495 3.60138
37.6822 16.1495 4.03168
48.4486 16.1495 3.21384
59.215 16.1495 1.76549
69.9813 16.1495 0.691138
5.38318 26.9159 0.43306
16.1495 26.9159 1.9586
26.9159 26.9159 4.29469
37.6822 26.9159 4.88473
48.4486 26.9159 3.77058
59.215 26.9159 1.90883
69.9813 26.9159 0.619649
5.38318 37.6822 0.598197
16.1495 37.6822 2.00119
26.9159 37.6822 3.75349
37.6822 37.6822 4.04228
48.4486 37.6822 3.11752
59.215 37.6822 1.64753
69.9813 37.6822 0.703573
5.38318 48.4486 0.73126
16.1495 48.4486 1.8356
26.9159 48.4486 2.75543
37.6822 48.4486 2.82218
48.4486 48.4486 2.27102
59.215 48.4486 1.36898
69.9813 48.4486 0.74732
5.38318 59.215 0.644853
16.1495 59.215 1.55838
26.9159 59.215 2.17887
37.6822 59.215 2.23681
48.4486 59.215 1.87705
59.215 59.215 1.20827
69.9813 59.215 0.720962
5.38318 69.9813 0.132346
16.1495 69.9813 0.593354
26.9159 69.9813 1.00342
37.6822 69.9813 1.02664
48.4486 69.9813 0.657401
59.215 69.9813 0.296306
69.9813 69.9813 0.218792
5.38318 80.7477 -0.27865
16.1495 80.7477 -0.345535
26.9159 80.7477 -0.269211
37.6822 80.7477 -0.298991
48.4486 80.7477 -0.413408
59.215 80.7477 -0.404084
69.9813 80.7477 -0.182746
5.38318 91.514 -0.506696
16.1495 91.514 -0.803026
26.9159 91.514 -0.864267
37.6822 91.514 -0.915137
48.4486 91.514 -0.913766
59.215 91.514 -0.740415
69.9813 91.514 -0.331837
5.38318 102.28 -0.573243
16.1495 102.28 -0.920131
26.9159 102.28 -1.01241
37.6822 102.28 -1.01897
48.4486 102.28 -0.976481
59.215 102.28 -0.778481
69.9813 102.28 -0.346445
5.38318 113.047 -0.579108
16.1495 113.047 -0.926907
26.9159 113.047 -1.00484
37.6822 113.047 -1.00516
48.4486 113.047 -0.958435
59.215 113.047 -0.760548
69.9813 113.047 -0.334377
5.38318 123.813 -0.490767
16.1495 123.813 -0.766936
26.9159 123.813 -0.751523
37.6822 123.813 -0.763894
48.4486 123.813 -0.796217
59.215 123.813 -0.637442
69.9813 123.813 -0.293767
5.38318 134.579 -0.133333
16.1495 134.579 -0.21546
26.9159 134.579 -0.15748
37.6822 134.579 -0.214925
48.4486 134.579 -0.448023
59.215 134.579 -0.434729
69.9813 134.579 -0.229893
5.38318 145.346 0.898852
16.1495 145.346 1.3213
26.9159 145.346 1.54791
37.6822 145.346 1.37559
48.4486 145.346 0.354328
59.215 145.346 -0.0640579
69.9813 145.346 -0.104336
5.38318 156.112 1.77121
16.1495 156.112 2.59693
26.9159 156.112 2.80611
37.6822 156.112 2.57678
48.4486 156.112 1.54435
59.215 156.112 0.882371
69.9813 156.112 0.331216
5.38318 166.879 1.90917
16.1495 166.879 2.882
26.9159 166.879 3.21642
37.6822 166.879 3.08709
48.4486 166.879 2.32291
59.215 166.879 1.69476
69.9813 166.879 0.851181
5.38318 177.645 1.42498
16.1495 177.645 2.53601
26.9159 177.645 3.30721
37.6822 177.645 3.63809
48.4486 177.645 3.17
59.215 177.645 2.51264
69.9813 177.645 1.4618
5.38318 188.411 0.96336
16.1495 188.411 2.12501
26.9159 188.411 3.35647
37.6822 188.411 4.09762
48.4486 188.411 3.63557
59.215 188.411 2.8047
69.9813 188.411 1.56855
5.38318 199.178 0.90667
16.1495 199.178 1.98435
26.9159 199.178 2.90788
37.6822 199.178 3.33051
48.4486 199.178 2.75437
59.215 199.178 2.17232
69.9813 199.178 1.23772
5.38318 209.944 0.509249
16.1495 209.944 1.02403
26.9159 209.944 1.2812
37.6822 209.944 1.38742
48.4486 209.944 1.09079
59.215 209.944 1.04967
69.9813 209.944 0.682481
