48 177
0 157 72 40
0 141 72 72
0 134 72 82
0 72 72 144
0 0 72 216
5.38318 5.38318 0.337313
16.1495 5.38318 0.687783
26.9159 5.38318 1.11773
37.6822 5.38318 1.26497
48.4486 5.38318 1.12126
59.215 5.38318 0.777571
69.9813 5.38318 0.426408
5.38318 16.1495 0.727754
16.1495 16.1495 1.67875
26.9159 16.1495 2.65568
37.6822 16.1495 3.03129
48.4486 16.1495 2.67934
59.215 16.1495 1.83473
69.9813 16.1495 0.984852
5.38318 26.9159 1.0613
16.1495 26.9159 2.47027
26.9159 26.9159 3.99552
37.6822 26.9159 4.50981
48.4486 26.9159 3.93324
59.215 26.9159 2.63877
69.9813 26.9159 1.35757
5.38318 37.6822 1.18273
16.1495 37.6822 2.69299
26.9159 37.6822 4.23787
37.6822 37.6822 4.77563
48.4486 37.6822 4.16943
59.215 37.6822 2.78995
69.9813 37.6822 1.41979
5.38318 48.4486 0.983908
16.1495 48.4486 2.0202
26.9159 48.4486 2.96324
37.6822 48.4486 3.17167
48.4486 48.4486 2.727
59.215 48.4486 1.90349
69.9813 48.4486 1.0726
5.38318 59.215 0.73406
16.1495 59.215 1.44628
26.9159 59.215 1.68647
37.6822 59.215 1.64686
48.4486 59.215 1.31537
59.215 59.215 1.11649
69.9813 59.215 0.798665
5.38318 69.9813 0.55195
16.1495 69.9813 1.1302
26.9159 69.9813 1.15926
37.6822 69.9813 1.05789
48.4486 69.9813 0.813029
59.215 69.9813 0.877607
69.9813 69.9813 0.738627
5.38318 80.7477 -0.00102678
16.1495 80.7477 0.273934
26.9159 80.7477 0.425461
37.6822 80.7477 0.400773
48.4486 80.7477 0.299705
59.215 80.7477 0.449681
69.9813 80.7477 0.462647
5.38318 91.514 -0.259798
16.1495 91.514 -0.336548
26.9159 91.514 -0.269574
37.6822 91.514 -0.214086
48.4486 91.514 -0.212115
59.215 91.514 -0.125254
69.9813 91.514 -0.00291577
5.38318 102.28 -0.296485
16.1495 102.28 -0.415668
26.9159 102.28 -0.334825
37.6822 102.28 -0.276209
48.4486 102.28 -0.266669
59.215 102.28 -0.207371
69.9813 102.28 -0.0827714
5.38318 113.047 -0.29519
16.1495 113.047 -0.447132
26.9159 113.047 -0.416961
37.6822 113.047 -0.396141
48.4486 113.047 -0.364833
59.215 113.047 -0.275378
69.9813 113.047 -0.111384
5.38318 123.813 -0.250089
16.1495 123.813 -0.409981
26.9159 123.813 -0.348368
37.6822 123.813 -0.315184
48.4486 123.813 -0.272432
59.215 123.813 -0.167188
69.9813 123.813 -0.0490242
5.38318 134.579 -0.169241
16.1495 134.579 -0.284671
26.9159 134.579 -0.122939
37.6822 134.579 -0.0440804
48.4486 134.579 0.0457965
59.215 134.579 0.216205
69.9813 134.579 0.249119
5.38318 145.346 -0.0240133
16.1495 145.346 -0.0303784
26.9159 145.346 0.581854
37.6822 145.346 0.853288
48.4486 145.346 1.11465
59.215 145.346 1.08778
69.9813 145.346 0.772049
5.38318 156.112 0.29084
16.1495 156.112 0.754667
26.9159 156.112 1.76162
37.6822 156.112 2.2922
48.4486 156.112 2.53515
59.215 156.112 2.08303
69.9813 156.112 1.31463
5.38318 166.879 0.733057
16.1495 166.879 1.7061
26.9159 166.879 2.99332
37.6822 166.879 3.83229
48.4486 166.879 4.06432
59.215 166.879 3.12133
69.9813 166.879 1.81203
5.38318 177.645 1.01722
16.1495 177.645 2.22643
26.9159 177.645 3.73431
37.6822 177.645 4.81816
48.4486 177.645 4.90811
59.215 177.645 3.6791
69.9813 177.645 2.04846
5.38318 188.411 1.1791
16.1495 188.411 2.32698
26.9159 188.411 3.67762
37.6822 188.411 4.47079
48.4486 188.411 4.41545
59.215 188.411 3.35518
69.9813 188.411 1.88978
5.38318 199.178 1.01811
16.1495 199.178 1.84204
26.9159 199.178 2.54243
37.6822 199.178 2.65961
48.4486 199.178 2.57066
59.215 199.178 2.245
69.9813 199.178 1.41235
5.38318 209.944 0.609768
16.1495 209.944 0.985126
26.9159 209.944 1.31409
37.6822 209.944 1.15329
48.4486 209.944 1.25003
59.215 209.944 1.33647
69.9813 209.944 0.984884
