48 37
0 17 72 40
0 1 72 72
0 0 72 82
0 0 72 144
0 0 72 216
5.38318 5.38318 0.154971
16.1495 5.38318 0.333635
26.9159 5.38318 0.811215
37.6822 5.38318 1.05809
48.4486 5.38318 1.18985
59.215 5.38318 1.00082
69.9813 5.38318 0.650042
5.38318 16.1495 0.267564
16.1495 16.1495 0.997666
26.9159 16.1495 2.05817
37.6822 16.1495 2.68399
48.4486 16.1495 2.90406
59.215 16.1495 2.3484
69.9813 16.1495 1.46071
5.38318 26.9159 0.100287
16.1495 26.9159 1.15565
26.9159 26.9159 2.8579
37.6822 26.9159 4.19698
48.4486 26.9159 4.59515
59.215 26.9159 3.58073
69.9813 26.9159 2.07059
5.38318 37.6822 0.521122
16.1495 37.6822 1.8863
26.9159 37.6822 3.65925
37.6822 37.6822 5.43611
48.4486 37.6822 5.66519
59.215 37.6822 4.32998
69.9813 37.6822 2.30832
5.38318 48.4486 1.05863
16.1495 48.4486 2.2492
26.9159 48.4486 3.49289
37.6822 48.4486 4.76539
48.4486 48.4486 4.84632
59.215 48.4486 3.66439
69.9813 48.4486 1.95482
5.38318 59.215 1.49928
16.1495 59.215 2.63891
26.9159 59.215 2.92508
37.6822 59.215 3.0647
48.4486 59.215 2.8174
59.215 59.215 2.30229
69.9813 59.215 1.40562
5.38318 69.9813 1.34189
16.1495 69.9813 2.18074
26.9159 69.9813 2.06033
37.6822 69.9813 1.50597
48.4486 69.9813 1.13651
59.215 69.9813 1.04643
69.9813 69.9813 0.912792
5.38318 80.7477 0.227903
16.1495 80.7477 0.420996
26.9159 80.7477 0.142804
37.6822 80.7477 -0.0828981
48.4486 80.7477 -0.161316
59.215 80.7477 0.00454194
69.9813 80.7477 0.341808
5.38318 91.514 -0.484186
16.1495 91.514 -0.791536
26.9159 91.514 -0.897287
37.6822 91.514 -0.902634
48.4486 91.514 -0.844055
59.215 91.514 -0.576591
69.9813 91.514 -0.20957
5.38318 102.28 -0.576631
16.1495 102.28 -0.933077
26.9159 102.28 -1.02784
37.6822 102.28 -1.03093
48.4486 102.28 -0.973816
59.215 102.28 -0.754961
69.9813 102.28 -0.321761
5.38318 113.047 -0.587619
16.1495 113.047 -0.939615
26.9159 113.047 -1.02192
37.6822 113.047 -1.02148
48.4486 113.047 -0.967893
59.215 113.047 -0.76629
69.9813 113.047 -0.331308
5.38318 123.813 -0.570623
16.1495 123.813 -0.913039
26.9159 123.813 -0.986003
37.6822 123.813 -0.987347
48.4486 123.813 -0.934469
59.215 123.813 -0.726233
69.9813 123.813 -0.307978
5.38318 134.579 -0.538262
16.1495 134.579 -0.846804
26.9159 134.579 -0.859691
37.6822 134.579 -0.850647
48.4486 134.579 -0.793605
59.215 134.579 -0.596833
69.9813 134.579 -0.241236
5.38318 145.346 -0.402068
16.1495 145.346 -0.603055
26.9159 145.346 -0.502894
37.6822 145.346 -0.503042
48.4486 145.346 -0.458878
59.215 145.346 -0.337783
69.9813 145.346 -0.101341
5.38318 156.112 -0.142611
16.1495 156.112 -0.0799733
26.9159 156.112 0.482961
37.6822 156.112 0.646839
48.4486 156.112 0.593977
59.215 156.112 0.380662
69.9813 156.112 0.348602
5.38318 166.879 0.413261
16.1495 166.879 1.13425
26.9159 166.879 1.99514
37.6822 166.879 2.17317
48.4486 166.879 2.00499
59.215 166.879 1.44193
69.9813 166.879 0.876996
5.38318 177.645 0.908507
16.1495 177.645 1.96095
26.9159 177.645 3.12483
37.6822 177.645 3.42451
48.4486 177.645 3.08463
59.215 177.645 2.11758
69.9813 177.645 1.20013
5.38318 188.411 0.974532
16.1495 188.411 2.04412
26.9159 188.411 3.33647
37.6822 188.411 3.61511
48.4486 188.411 3.16071
59.215 188.411 2.08121
69.9813 188.411 1.15704
5.38318 199.178 0.642104
16.1495 199.178 1.55084
26.9159 199.178 2.81741
37.6822 199.178 3.02509
48.4486 199.178 2.43841
59.215 199.178 1.44951
69.9813 199.178 0.709403
5.38318 209.944 0.26889
16.1495 209.944 0.778605
26.9159 209.944 1.44825
37.6822 209.944 1.4833
48.4486 209.944 1.07239
59.215 209.944 0.515625
69.9813 209.944 0.267909
