37 48
0 28 72 40
0 12 72 72
0 7 72 82
0 0 72 144
0 0 72 216
5.38318 5.38318 0.272206
16.1495 5.38318 0.435879
26.9159 5.38318 0.728021
37.6822 5.38318 0.584455
48.4486 5.38318 0.603582
59.215 5.38318 0.2925
69.9813 5.38318 0.290909
5.38318 16.1495 0.492261
16.1495 16.1495 1.06346
26.9159 16.1495 1.70497
37.6822 16.1495 1.58914
48.4486 16.1495 1.4497
59.215 16.1495 0.830814
69.9813 16.1495 0.674789
5.38318 26.9159 0.429222
16.1495 26.9159 1.24839
26.9159 26.9159 2.26588
37.6822 26.9159 2.24778
48.4486 26.9159 1.79611
59.215 26.9159 0.833261
69.9813 26.9159 0.596534
5.38318 37.6822 0.793058
16.1495 37.6822 2.03561
26.9159 37.6822 3.42513
37.6822 37.6822 3.62887
48.4486 37.6822 2.83134
59.215 37.6822 1.6741
69.9813 37.6822 0.905934
5.38318 48.4486 1.06034
16.1495 48.4486 2.58082
26.9159 48.4486 4.09171
37.6822 48.4486 4.49495
48.4486 48.4486 3.68012
59.215 48.4486 2.38331
69.9813 48.4486 1.33085
5.38318 59.215 1.17648
16.1495 59.215 2.69581
26.9159 59.215 3.75582
37.6822 59.215 4.0793
48.4486 59.215 3.52342
59.215 59.215 2.52418
69.9813 59.215 1.54884
5.38318 69.9813 0.782631
16.1495 69.9813 1.88022
26.9159 69.9813 2.31685
37.6822 69.9813 2.45677
48.4486 69.9813 2.13335
59.215 69.9813 1.76547
69.9813 69.9813 1.19967
5.38318 80.7477 0.150701
16.1495 80.7477 0.65413
26.9159 80.7477 0.855804
37.6822 80.7477 0.940756
48.4486 80.7477 0.678337
59.215 80.7477 0.703297
69.9813 80.7477 0.57639
5.38318 91.514 -0.452316
16.1495 91.514 -0.677112
26.9159 91.514 -0.700457
37.6822 91.514 -0.698384
48.4486 91.514 -0.745043
59.215 91.514 -0.514232
69.9813 91.514 -0.233593
5.38318 102.28 -0.570623
16.1495 102.28 -0.911582
26.9159 102.28 -0.99544
37.6822 102.28 -0.992911
48.4486 102.28 -0.959984
59.215 102.28 -0.736324
69.9813 102.28 -0.334364
5.38318 113.047 -0.57438
16.1495 113.047 -0.918659
26.9159 113.047 -0.995694
37.6822 113.047 -0.993152
48.4486 113.047 -0.939118
59.215 113.047 -0.723143
69.9813 113.047 -0.307148
5.38318 123.813 -0.529146
16.1495 123.813 -0.827674
26.9159 123.813 -0.844276
37.6822 123.813 -0.779979
48.4486 123.813 -0.689826
59.215 123.813 -0.44386
69.9813 123.813 -0.132224
5.38318 134.579 -0.4136
16.1495 134.579 -0.588097
26.9159 134.579 -0.486427
37.6822 134.579 -0.30146
48.4486 134.579 -0.0880217
59.215 134.579 0.308034
69.9813 134.579 0.55465
5.38318 145.346 -0.221471
16.1495 145.346 -0.217164
26.9159 145.346 0.105819
37.6822 145.346 0.996309
48.4486 145.346 1.76251
59.215 145.346 2.16665
69.9813 145.346 1.64015
5.38318 156.112 0.0232881
16.1495 156.112 0.442179
26.9159 156.112 1.22367
37.6822 156.112 2.09327
48.4486 156.112 3.02467
59.215 156.112 3.43044
69.9813 156.112 2.55015
5.38318 166.879 0.215405
16.1495 166.879 0.723301
26.9159 166.879 1.54537
37.6822 166.879 2.28424
48.4486 166.879 3.27416
59.215 166.879 3.69876
69.9813 166.879 2.71824
5.38318 177.645 0.22926
16.1495 177.645 0.65436
26.9159 177.645 1.2369
37.6822 177.645 1.70856
48.4486 177.645 2.41899
59.215 177.645 2.60746
69.9813 177.645 1.99265
5.38318 188.411 0.128032
16.1495 188.411 0.433421
26.9159 188.411 0.871823
37.6822 188.411 1.28527
48.4486 188.411 1.73588
59.215 188.411 1.74737
69.9813 188.411 1.31535
5.38318 199.178 0.260265
16.1495 199.178 0.577943
26.9159 199.178 0.717197
37.6822 199.178 1.02319
48.4486 199.178 1.36686
59.215 199.178 1.49501
69.9813 199.178 1.13089
5.38318 209.944 0.279202
16.1495 209.944 0.497621
26.9159 209.944 0.515793
37.6822 209.944 0.702909
48.4486 209.944 0.890619
59.215 209.944 1.01427
69.9813 209.944 0.759148
