37 37
0 17 72 40
0 1 72 72
0 0 72 82
0 0 72 144
0 0 72 216
5.38318 5.38318 0.406592
16.1495 5.38318 0.875762
26.9159 5.38318 1.34093
37.6822 5.38318 1.51045
48.4486 5.38318 1.3307
59.215 5.38318 0.86077
69.9813 5.38318 0.446998
5.38318 16.1495 0.735989
16.1495 16.1495 1.83647
26.9159 16.1495 2.89956
37.6822 16.1495 3.37862
48.4486 16.1495 2.96013
59.215 16.1495 1.9074
69.9813 16.1495 0.991873
5.38318 26.9159 0.888168
16.1495 26.9159 2.51128
26.9159 26.9159 4.33622
37.6822 26.9159 5.17679
48.4486 26.9159 4.40484
59.215 26.9159 2.68764
69.9813 26.9159 1.29029
5.38318 37.6822 1.04237
16.1495 37.6822 2.80514
26.9159 37.6822 4.86482
37.6822 37.6822 5.81686
48.4486 37.6822 4.89819
59.215 37.6822 2.98219
69.9813 37.6822 1.38095
5.38318 48.4486 1.02334
16.1495 48.4486 2.64506
26.9159 48.4486 4.38118
37.6822 48.4486 5.2174
48.4486 48.4486 4.39321
59.215 48.4486 2.83609
69.9813 48.4486 1.37577
5.38318 59.215 0.853231
16.1495 59.215 2.0831
26.9159 59.215 2.9586
37.6822 59.215 3.59406
48.4486 59.215 3.0183
59.215 59.215 2.25564
69.9813 59.215 1.17619
5.38318 69.9813 0.524304
16.1495 69.9813 1.49343
26.9159 69.9813 2.1574
37.6822 69.9813 2.78248
48.4486 69.9813 2.23013
59.215 69.9813 1.82301
69.9813 69.9813 0.897744
5.38318 80.7477 -0.0635589
16.1495 80.7477 0.374879
26.9159 80.7477 0.777308
37.6822 80.7477 1.23449
48.4486 80.7477 0.43651
59.215 80.7477 0.420666
69.9813 80.7477 0.092331
5.38318 91.514 -0.411667
16.1495 91.514 -0.583708
26.9159 91.514 -0.570397
37.6822 91.514 -0.524917
48.4486 91.514 -0.696531
59.215 91.514 -0.503085
69.9813 91.514 -0.280603
5.38318 102.28 -0.560298
16.1495 102.28 -0.885572
26.9159 102.28 -0.959172
37.6822 102.28 -0.952657
48.4486 102.28 -0.944114
59.215 102.28 -0.717552
69.9813 102.28 -0.337405
5.38318 113.047 -0.579508
16.1495 113.047 -0.920068
26.9159 113.047 -0.992986
37.6822 113.047 -0.989699
48.4486 113.047 -0.94609
59.215 113.047 -0.740315
69.9813 113.047 -0.321953
5.38318 123.813 -0.5457
16.1495 123.813 -0.815767
26.9159 123.813 -0.712381
37.6822 123.813 -0.637313
48.4486 123.813 -0.692057
59.215 123.813 -0.575417
69.9813 123.813 -0.278636
5.38318 134.579 -0.4629
16.1495 134.579 -0.46566
26.9159 134.579 -0.04985
37.6822 134.579 0.361662
48.4486 134.579 -0.146078
59.215 134.579 -0.281554
69.9813 134.579 -0.196914
5.38318 145.346 -0.315466
16.1495 145.346 0.170498
26.9159 145.346 2.05511
37.6822 145.346 2.79584
48.4486 145.346 1.63346
59.215 145.346 0.484868
69.9813 145.346 -0.0923168
5.38318 156.112 -0.198116
16.1495 156.112 0.966241
26.9159 156.112 3.2258
37.6822 156.112 4.08575
48.4486 156.112 2.69315
59.215 156.112 1.07742
69.9813 156.112 -0.0207231
5.38318 166.879 -0.171859
16.1495 166.879 0.928898
26.9159 166.879 3.03159
37.6822 166.879 3.74449
48.4486 166.879 2.44777
59.215 166.879 0.918641
69.9813 166.879 -0.0610042
5.38318 177.645 -0.123096
16.1495 177.645 0.515762
26.9159 177.645 2.04198
37.6822 177.645 2.33463
48.4486 177.645 1.3507
59.215 177.645 0.421526
69.9813 177.645 -0.0145867
5.38318 188.411 -0.043637
16.1495 188.411 0.428495
26.9159 188.411 1.56132
37.6822 188.411 1.68037
48.4486 188.411 1.16599
59.215 188.411 0.675624
69.9813 188.411 0.382491
5.38318 199.178 0.0350469
16.1495 199.178 0.694893
26.9159 199.178 1.64592
37.6822 199.178 1.93311
48.4486 199.178 1.75556
59.215 199.178 1.43324
69.9813 199.178 0.911055
5.38318 209.944 0.160582
16.1495 209.944 0.730421
26.9159 209.944 1.35104
37.6822 209.944 1.62942
48.4486 209.944 1.69787
59.215 209.944 1.5633
69.9813 209.944 1.03131
