37 177
0 157 72 40
0 141 72 72
0 134 72 82
0 72 72 144
0 0 72 216
5.38318 5.38318 0.50853
16.1495 5.38318 1.03719
26.9159 5.38318 1.59979
37.6822 5.38318 1.81108
48.4486 5.38318 1.56994
59.215 5.38318 0.973065
69.9813 5.38318 0.510469
5.38318 16.1495 0.820721
16.1495 16.1495 2.01165
26.9159 16.1495 3.35814
37.6822 16.1495 3.88398
48.4486 16.1495 3.35403
59.215 16.1495 2.10478
69.9813 16.1495 1.06252
5.38318 26.9159 1.00209
16.1495 26.9159 2.63644
26.9159 26.9159 4.70438
37.6822 26.9159 5.45754
48.4486 26.9159 4.55897
59.215 26.9159 2.70176
69.9813 26.9159 1.23563
5.38318 37.6822 1.0389
16.1495 37.6822 2.73388
26.9159 37.6822 4.81773
37.6822 37.6822 5.52089
48.4486 37.6822 4.4116
59.215 37.6822 2.62658
69.9813 37.6822 1.10915
5.38318 48.4486 1.09779
16.1495 48.4486 2.54439
26.9159 48.4486 4.01186
37.6822 48.4486 4.45169
48.4486 48.4486 3.61693
59.215 48.4486 2.39413
69.9813 48.4486 1.2083
5.38318 59.215 1.1296
16.1495 59.215 2.35809
26.9159 59.215 3.1236
37.6822 59.215 3.58272
48.4486 59.215 3.00134
59.215 59.215 2.39691
69.9813 59.215 1.31144
5.38318 69.9813 1.01258
16.1495 69.9813 2.07376
26.9159 69.9813 2.77301
37.6822 69.9813 3.26292
48.4486 69.9813 2.85286
59.215 69.9813 2.3297
69.9813 69.9813 1.30676
5.38318 80.7477 0.219499
16.1495 80.7477 0.756336
26.9159 80.7477 1.2726
37.6822 80.7477 1.61419
48.4486 80.7477 1.07953
59.215 80.7477 0.917611
69.9813 80.7477 0.43518
5.38318 91.514 -0.389532
16.1495 91.514 -0.583611
26.9159 91.514 -0.561559
37.6822 91.514 -0.558306
48.4486 91.514 -0.700832
59.215 91.514 -0.518522
69.9813 91.514 -0.272945
5.38318 102.28 -0.558146
16.1495 102.28 -0.893035
26.9159 102.28 -0.972551
37.6822 102.28 -0.980048
48.4486 102.28 -0.952119
59.215 102.28 -0.726979
69.9813 102.28 -0.322441
5.38318 113.047 -0.581315
16.1495 113.047 -0.93043
26.9159 113.047 -1.01346
37.6822 113.047 -1.01586
48.4486 113.047 -0.962473
59.215 113.047 -0.756655
69.9813 113.047 -0.323826
5.38318 123.813 -0.557445
16.1495 123.813 -0.882423
26.9159 123.813 -0.938761
37.6822 123.813 -0.933202
48.4486 123.813 -0.882587
59.215 123.813 -0.662737
69.9813 123.813 -0.277296
5.38318 134.579 -0.476689
16.1495 134.579 -0.711093
26.9159 134.579 -0.640664
37.6822 134.579 -0.632291
48.4486 134.579 -0.58886
59.215 134.579 -0.460842
69.9813 134.579 -0.169811
5.38318 145.346 -0.265662
16.1495 145.346 -0.264709
26.9159 145.346 -0.0082389
37.6822 145.346 0.180145
48.4486 145.346 0.0572243
59.215 145.346 -0.0563575
69.9813 145.346 0.0324392
5.38318 156.112 0.146151
16.1495 156.112 0.936873
26.9159 156.112 2.03821
37.6822 156.112 2.39472
48.4486 156.112 1.96722
59.215 156.112 1.07424
69.9813 156.112 0.559035
5.38318 166.879 0.714054
16.1495 166.879 2.20191
26.9159 166.879 3.86007
37.6822 166.879 4.47737
48.4486 166.879 3.59198
59.215 166.879 2.05714
69.9813 166.879 0.902715
5.38318 177.645 1.07232
16.1495 177.645 2.75192
26.9159 177.645 4.96015
37.6822 177.645 5.67201
48.4486 177.645 4.53146
59.215 177.645 2.44388
69.9813 177.645 1.04387
5.38318 188.411 1.00675
16.1495 188.411 2.56143
26.9159 188.411 4.66402
37.6822 188.411 5.0884
48.4486 188.411 3.97312
59.215 188.411 2.01699
69.9813 188.411 0.821187
5.38318 199.178 0.541816
16.1495 199.178 1.4558
26.9159 199.178 2.59172
37.6822 199.178 2.68048
48.4486 199.178 2.21604
59.215 199.178 1.00867
69.9813 199.178 0.596798
5.38318 209.944 0.253659
16.1495 209.944 0.65247
26.9159 209.944 1.04239
37.6822 209.944 0.955596
48.4486 209.944 0.812363
59.215 209.944 0.363535
69.9813 209.944 0.403701
