48 156
0 136 72 40
0 120 72 72
0 115 72 82
0 72 72 144
0 0 72 216
5.38318 5.38318 0.527
16.1495 5.38318 1.01034
26.9159 5.38318 1.52869
37.6822 5.38318 1.60533
48.4486 5.38318 1.40331
59.215 5.38318 0.895416
69.9813 5.38318 0.45866
5.38318 16.1495 0.769747
16.1495 16.1495 1.69619
26.9159 16.1495 2.90997
37.6822 16.1495 3.20268
48.4486 16.1495 2.87944
59.215 16.1495 1.81054
69.9813 16.1495 0.931745
5.38318 26.9159 0.771888
16.1495 26.9159 1.96694
26.9159 26.9159 3.80008
37.6822 26.9159 4.23434
48.4486 26.9159 3.71628
59.215 26.9159 2.18076
69.9813 26.9159 1.04413
5.38318 37.6822 0.571107
16.1495 37.6822 1.70731
26.9159 37.6822 3.51783
37.6822 37.6822 3.95488
48.4486 37.6822 3.43424
59.215 37.6822 1.91767
69.9813 37.6822 0.886667
5.38318 48.4486 0.665457
16.1495 48.4486 1.57454
26.9159 48.4486 2.76462
37.6822 48.4486 2.79909
48.4486 48.4486 2.31866
59.215 48.4486 1.18129
69.9813 48.4486 0.692424
5.38318 59.215 0.331576
16.1495 59.215 0.679027
26.9159 59.215 1.08967
37.6822 59.215 1.02199
48.4486 59.215 0.940427
59.215 59.215 0.72731
69.9813 59.215 0.664563
5.38318 69.9813 -0.0580424
16.1495 69.9813 -0.0996085
26.9159 69.9813 -0.075374
37.6822 69.9813 -0.105112
48.4486 69.9813 0.0419575
59.215 69.9813 0.362684
69.9813 69.9813 0.6176
5.38318 80.7477 -0.327163
16.1495 80.7477 -0.556068
26.9159 80.7477 -0.549059
37.6822 80.7477 -0.507709
48.4486 80.7477 -0.353556
59.215 80.7477 -0.148508
69.9813 80.7477 0.205064
5.38318 91.514 -0.518605
16.1495 91.514 -0.849888
26.9159 91.514 -0.930828
37.6822 91.514 -0.916894
48.4486 91.514 -0.827358
59.215 91.514 -0.584191
69.9813 91.514 -0.226327
5.38318 102.28 -0.572468
16.1495 102.28 -0.914249
26.9159 102.28 -0.985363
37.6822 102.28 -0.972384
48.4486 102.28 -0.917372
59.215 102.28 -0.70497
69.9813 102.28 -0.305022
5.38318 113.047 -0.584756
16.1495 113.047 -0.922561
26.9159 113.047 -0.990005
37.6822 113.047 -0.969692
48.4486 113.047 -0.923332
59.215 113.047 -0.711609
69.9813 113.047 -0.310483
5.38318 123.813 -0.568169
16.1495 123.813 -0.814902
26.9159 123.813 -0.655671
37.6822 123.813 -0.436622
48.4486 123.813 -0.453271
59.215 123.813 -0.39408
69.9813 123.813 -0.182122
5.38318 134.579 -0.544331
16.1495 134.579 -0.563137
26.9159 134.579 -0.000955505
37.6822 134.579 1.32264
48.4486 134.579 1.25595
59.215 134.579 0.792871
69.9813 134.579 0.421438
5.38318 145.346 -0.489494
16.1495 145.346 -0.131401
26.9159 145.346 2.11519
37.6822 145.346 4.02996
48.4486 145.346 4.0602
59.215 145.346 2.83093
69.9813 145.346 1.43345
5.38318 156.112 -0.339936
16.1495 156.112 0.324712
26.9159 156.112 2.96314
37.6822 156.112 5.40082
48.4486 156.112 5.87669
59.215 156.112 4.41734
69.9813 156.112 2.33511
5.38318 166.879 -0.084134
16.1495 166.879 0.91049
26.9159 166.879 3.05151
37.6822 166.879 5.03931
48.4486 166.879 5.76611
59.215 166.879 4.67842
69.9813 166.879 2.71683
5.38318 177.645 0.637734
16.1495 177.645 1.65987
26.9159 177.645 2.82722
37.6822 177.645 3.68632
48.4486 177.645 4.24255
59.215 177.645 3.74651
69.9813 177.645 2.44118
5.38318 188.411 1.25132
16.1495 188.411 2.55214
26.9159 188.411 3.72235
37.6822 188.411 3.94271
48.4486 188.411 3.87162
59.215 188.411 3.13781
69.9813 188.411 1.95698
5.38318 199.178 1.49181
16.1495 199.178 2.86422
26.9159 199.178 3.87654
37.6822 199.178 3.94133
48.4486 199.178 3.58662
59.215 199.178 2.83831
69.9813 199.178 1.70591
5.38318 209.944 1.01448
16.1495 209.944 1.90649
26.9159 209.944 2.70463
37.6822 209.944 2.89126
48.4486 209.944 2.75771
59.215 209.944 2.18649
69.9813 209.944 1.28666
