37 188
0 168 72 40
0 144 72 72
0 134 72 82
0 72 72 144
0 0 72 216
5.38318 5.38318 0.0131349
16.1495 5.38318 -0.0268569
26.9159 5.38318 0.25586
37.6822 5.38318 0.209434
48.4486 5.38318 0.0676411
59.215 5.38318 -0.0136378
69.9813 5.38318 0.026146
5.38318 16.1495 -0.0786398
16.1495 16.1495 -0.0658264
26.9159 16.1495 0.42817
37.6822 16.1495 0.301463
48.4486 16.1495 0.107709
59.215 16.1495 -0.0131621
69.9813 16.1495 0.140924
5.38318 26.9159 -0.268658
16.1495 26.9159 -0.36059
26.9159 26.9159 -0.208549
37.6822 26.9159 -0.274348
48.4486 26.9159 -0.339029
59.215 26.9159 -0.307953
69.9813 26.9159 -0.0779467
5.38318 37.6822 -0.101669
16.1495 37.6822 -0.116196
26.9159 37.6822 -0.0864773
37.6822 37.6822 -0.169423
48.4486 37.6822 -0.171614
59.215 37.6822 -0.0615941
69.9813 37.6822 0.243116
5.38318 48.4486 0.402542
16.1495 48.4486 0.740323
26.9159 48.4486 0.655501
37.6822 48.4486 0.651232
48.4486 48.4486 0.813332
59.215 48.4486 1.01868
69.9813 48.4486 0.881542
5.38318 59.215 0.927684
16.1495 59.215 1.52721
26.9159 59.215 1.46246
37.6822 59.215 1.5832
48.4486 59.215 1.95777
59.215 59.215 2.07844
69.9813 59.215 1.43595
5.38318 69.9813 0.819716
16.1495 69.9813 1.34606
26.9159 69.9813 1.2552
37.6822 69.9813 1.49689
48.4486 69.9813 2.03799
59.215 69.9813 2.23246
69.9813 69.9813 1.52012
5.38318 80.7477 0.0168761
16.1495 80.7477 0.10459
26.9159 80.7477 -0.021872
37.6822 80.7477 0.209868
48.4486 80.7477 0.732989
59.215 80.7477 1.16462
69.9813 80.7477 0.978689
5.38318 91.514 -0.424774
16.1495 91.514 -0.68995
26.9159 91.514 -0.79331
37.6822 91.514 -0.831796
48.4486 91.514 -0.715514
59.215 91.514 -0.426518
69.9813 91.514 -0.102968
5.38318 102.28 -0.582355
16.1495 102.28 -0.944411
26.9159 102.28 -1.043
37.6822 102.28 -1.05943
48.4486 102.28 -0.994833
59.215 102.28 -0.781917
69.9813 102.28 -0.329505
5.38318 113.047 -0.58501
16.1495 113.047 -0.936768
26.9159 113.047 -1.01898
37.6822 113.047 -1.02024
48.4486 113.047 -0.966163
59.215 113.047 -0.765757
69.9813 113.047 -0.330719
5.38318 123.813 -0.571415
16.1495 123.813 -0.910561
26.9159 123.813 -0.979858
37.6822 123.813 -0.975852
48.4486 123.813 -0.919735
59.215 123.813 -0.702845
69.9813 123.813 -0.295905
5.38318 134.579 -0.525762
16.1495 134.579 -0.815883
26.9159 134.579 -0.772132
37.6822 134.579 -0.753785
48.4486 134.579 -0.695541
59.215 134.579 -0.523129
69.9813 134.579 -0.200153
5.38318 145.346 -0.332551
16.1495 145.346 -0.440261
26.9159 145.346 -0.314929
37.6822 145.346 -0.296419
48.4486 145.346 -0.259131
59.215 145.346 -0.19252
69.9813 145.346 -0.0110712
5.38318 156.112 -0.0565016
16.1495 156.112 0.258863
26.9159 156.112 0.949767
37.6822 156.112 1.14697
48.4486 156.112 1.14843
59.215 156.112 0.797808
69.9813 156.112 0.577638
5.38318 166.879 0.575388
16.1495 166.879 1.63759
26.9159 166.879 2.64058
37.6822 166.879 3.01322
48.4486 166.879 2.82696
59.215 166.879 2.04325
69.9813 166.879 1.19389
5.38318 177.645 0.91818
16.1495 177.645 2.26296
26.9159 177.645 3.83724
37.6822 177.645 4.52919
48.4486 177.645 4.24493
59.215 177.645 2.88167
69.9813 177.645 1.5675
5.38318 188.411 1.01544
16.1495 188.411 2.36114
26.9159 188.411 4.21084
37.6822 188.411 4.94982
48.4486 188.411 4.55661
59.215 188.411 3.02908
69.9813 188.411 1.59516
5.38318 199.178 0.569954
16.1495 199.178 1.74837
26.9159 199.178 3.47526
37.6822 199.178 4.0221
48.4486 199.178 3.57548
59.215 199.178 2.2178
69.9813 199.178 1.14308
5.38318 209.944 0.225324
16.1495 209.944 0.823311
26.9159 209.944 1.71168
37.6822 209.944 1.84304
48.4486 209.944 1.5726
59.215 209.944 0.89367
69.9813 209.944 0.507088
