26 166
0 146 72 40
0 130 72 72
0 125 72 82
0 72 72 144
0 0 72 216
5.38318 5.38318 0.277828
16.1495 5.38318 0.447291
26.9159 5.38318 0.679634
37.6822 5.38318 0.803266
48.4486 5.38318 0.83344
59.215 5.38318 0.715558
69.9813 5.38318 0.455873
5.38318 16.1495 0.551034
16.1495 16.1495 1.12184
26.9159 16.1495 1.81953
37.6822 16.1495 2.06705
48.4486 16.1495 2.1172
59.215 16.1495 1.68467
69.9813 16.1495 1.02682
5.38318 26.9159 0.414168
16.1495 26.9159 1.10747
26.9159 26.9159 2.30042
37.6822 26.9159 2.71028
48.4486 26.9159 2.82281
59.215 26.9159 2.08614
69.9813 26.9159 1.24154
5.38318 37.6822 0.669116
16.1495 37.6822 1.75432
26.9159 37.6822 3.26484
37.6822 37.6822 3.62693
48.4486 37.6822 3.54397
59.215 37.6822 2.32535
69.9813 37.6822 1.33183
5.38318 48.4486 0.453334
16.1495 48.4486 1.55184
26.9159 48.4486 3.20432
37.6822 48.4486 3.57409
48.4486 48.4486 3.30096
59.215 48.4486 1.95861
69.9813 48.4486 1.06983
5.38318 59.215 0.0135965
16.1495 59.215 0.779012
26.9159 59.215 2.30613
37.6822 59.215 2.52294
48.4486 59.215 2.14183
59.215 59.215 0.971973
69.9813 59.215 0.471777
5.38318 69.9813 -0.326898
16.1495 69.9813 -0.40708
26.9159 69.9813 -0.119452
37.6822 69.9813 -0.103498
48.4486 69.9813 -0.257527
59.215 69.9813 -0.32605
69.9813 69.9813 -0.168753
5.38318 80.7477 -0.510537
16.1495 80.7477 -0.797679
26.9159 80.7477 -0.778992
37.6822 80.7477 -0.794068
48.4486 80.7477 -0.838331
59.215 80.7477 -0.666029
69.9813 80.7477 -0.316584
5.38318 91.514 -0.570889
16.1495 91.514 -0.922849
26.9159 91.514 -1.02495
37.6822 91.514 -1.05243
48.4486 91.514 -1.01107
59.215 91.514 -0.805287
69.9813 91.514 -0.355825
5.38318 102.28 -0.5868
16.1495 102.28 -0.944672
26.9159 102.28 -1.03934
37.6822 102.28 -1.04996
48.4486 102.28 -0.996381
59.215 102.28 -0.790508
69.9813 102.28 -0.346091
5.38318 113.047 -0.574654
16.1495 113.047 -0.920446
26.9159 113.047 -1.00595
37.6822 113.047 -1.01199
48.4486 113.047 -0.964869
59.215 113.047 -0.765393
69.9813 113.047 -0.333117
5.38318 123.813 -0.515464
16.1495 123.813 -0.808571
26.9159 123.813 -0.835074
37.6822 123.813 -0.897689
48.4486 123.813 -0.902657
59.215 123.813 -0.726045
69.9813 123.813 -0.323955
5.38318 134.579 -0.220151
16.1495 134.579 -0.258388
26.9159 134.579 -0.19986
37.6822 134.579 -0.407422
48.4486 134.579 -0.607963
59.215 134.579 -0.54065
69.9813 134.579 -0.242009
5.38318 145.346 0.490284
16.1495 145.346 1.36859
26.9159 145.346 1.91167
37.6822 145.346 1.1747
48.4486 145.346 0.16833
59.215 145.346 -0.0946149
69.9813 145.346 -0.0153348
5.38318 156.112 1.46341
16.1495 156.112 3.15094
26.9159 156.112 3.95597
37.6822 156.112 3.10723
48.4486 156.112 2.05531
59.215 156.112 1.30865
69.9813 156.112 0.874238
5.38318 166.879 1.72756
16.1495 166.879 3.68546
26.9159 166.879 4.58424
37.6822 166.879 3.99347
48.4486 166.879 3.24163
59.215 166.879 2.65009
69.9813 166.879 1.77638
5.38318 177.645 1.72306
16.1495 177.645 3.31994
26.9159 177.645 3.91834
37.6822 177.645 3.68469
48.4486 177.645 3.5828
59.215 177.645 3.34364
69.9813 177.645 2.35126
5.38318 188.411 1.34079
16.1495 188.411 2.42753
26.9159 188.411 2.80239
37.6822 188.411 2.94111
48.4486 188.411 3.1499
59.215 188.411 3.17899
69.9813 188.411 2.22133
5.38318 199.178 1.08736
16.1495 199.178 2.03418
26.9159 199.178 2.35768
37.6822 199.178 2.48722
48.4486 199.178 2.35588
59.215 199.178 2.25676
69.9813 199.178 1.51166
5.38318 209.944 0.537037
16.1495 209.944 1.0572
26.9159 209.944 1.26466
37.6822 209.944 1.36409
48.4486 209.944 1.29274
59.215 209.944 1.22329
69.9813 209.944 0.842431
