48 37
0 17 72 40
0 1 72 72
0 0 72 82
0 0 72 144
0 0 72 216
5.38318 5.38318 0.298263
16.1495 5.38318 0.539622
26.9159 5.38318 1.10185
37.6822 5.38318 1.22942
48.4486 5.38318 1.27605
59.215 5.38318 1.06447
69.9813 5.38318 0.682153
5.38318 16.1495 0.598972
16.1495 16.1495 1.48905
26.9159 16.1495 2.5027
37.6822 16.1495 2.88944
48.4486 16.1495 2.9884
59.215 16.1495 2.40862
69.9813 16.1495 1.49799
5.38318 26.9159 0.83884
16.1495 26.9159 2.0623
26.9159 26.9159 3.68306
37.6822 26.9159 4.57085
48.4486 26.9159 4.78715
59.215 26.9159 3.86046
69.9813 26.9159 2.28873
5.38318 37.6822 1.18881
16.1495 37.6822 2.63319
26.9159 37.6822 4.29695
37.6822 37.6822 5.45669
48.4486 37.6822 5.66851
59.215 37.6822 4.50316
69.9813 37.6822 2.60175
5.38318 48.4486 1.33192
16.1495 48.4486 2.51279
26.9159 48.4486 3.76396
37.6822 48.4486 4.5401
48.4486 48.4486 4.53765
59.215 48.4486 3.54143
69.9813 48.4486 2.01529
5.38318 59.215 0.917642
16.1495 59.215 1.57136
26.9159 59.215 1.98619
37.6822 59.215 2.09233
48.4486 59.215 1.80306
59.215 59.215 1.37721
69.9813 59.215 0.861484
5.38318 69.9813 0.142032
16.1495 69.9813 0.281536
26.9159 69.9813 0.387104
37.6822 69.9813 0.174659
48.4486 69.9813 -0.0812832
59.215 69.9813 -0.0750989
69.9813 69.9813 0.131753
5.38318 80.7477 -0.289447
16.1495 80.7477 -0.472188
26.9159 80.7477 -0.563907
37.6822 80.7477 -0.629712
48.4486 80.7477 -0.709597
59.215 80.7477 -0.514474
69.9813 80.7477 -0.201674
5.38318 91.514 -0.527767
16.1495 91.514 -0.865029
26.9159 91.514 -0.98884
37.6822 91.514 -1.00309
48.4486 91.514 -0.986796
59.215 91.514 -0.740771
69.9813 91.514 -0.31948
5.38318 102.28 -0.586224
16.1495 102.28 -0.947144
26.9159 102.28 -1.04951
37.6822 102.28 -1.04542
48.4486 102.28 -0.99846
59.215 102.28 -0.77505
69.9813 102.28 -0.336763
5.38318 113.047 -0.581976
16.1495 113.047 -0.929118
26.9159 113.047 -1.00801
37.6822 113.047 -1.00432
48.4486 113.047 -0.949763
59.215 113.047 -0.737779
69.9813 113.047 -0.315615
5.38318 123.813 -0.563738
16.1495 123.813 -0.891935
26.9159 123.813 -0.936282
37.6822 123.813 -0.905588
48.4486 123.813 -0.814486
59.215 123.813 -0.584748
69.9813 123.813 -0.226572
5.38318 134.579 -0.51969
16.1495 134.579 -0.798658
26.9159 134.579 -0.656673
37.6822 134.579 -0.567112
48.4486 134.579 -0.433435
59.215 134.579 -0.283415
69.9813 134.579 -0.0371326
5.38318 145.346 -0.373723
16.1495 145.346 -0.497625
26.9159 145.346 -0.138236
37.6822 145.346 0.20452
48.4486 145.346 0.745596
59.215 145.346 0.706391
69.9813 145.346 0.664554
5.38318 156.112 -0.0958153
16.1495 156.112 0.0902716
26.9159 156.112 1.28714
37.6822 156.112 2.08172
48.4486 156.112 2.52219
59.215 156.112 2.05208
69.9813 156.112 1.35756
5.38318 166.879 0.540925
16.1495 166.879 1.34149
26.9159 166.879 2.60418
37.6822 166.879 3.52614
48.4486 166.879 3.91445
59.215 166.879 3.08685
69.9813 166.879 1.82942
5.38318 177.645 1.24802
16.1495 177.645 2.23736
26.9159 177.645 3.27837
37.6822 177.645 4.10504
48.4486 177.645 4.2157
59.215 177.645 3.3072
69.9813 177.645 1.86335
5.38318 188.411 1.4344
16.1495 188.411 2.37526
26.9159 188.411 3.15594
37.6822 188.411 3.56352
48.4486 188.411 3.27712
59.215 188.411 2.52643
69.9813 188.411 1.36171
5.38318 199.178 1.05673
16.1495 199.178 1.64702
26.9159 199.178 1.95301
37.6822 199.178 1.81431
48.4486 199.178 1.47473
59.215 199.178 1.28082
69.9813 199.178 0.82419
5.38318 209.944 0.39716
16.1495 209.944 0.685509
26.9159 209.944 0.875291
37.6822 209.944 0.659329
48.4486 209.944 0.456724
59.215 209.944 0.51421
69.9813 209.944 0.457834
