37 166
0 146 72 40
0 130 72 72
0 125 72 82
0 72 72 144
0 0 72 216
5.38318 5.38318 0.74445
16.1495 5.38318 1.15449
26.9159 5.38318 1.36714
37.6822 5.38318 1.27293
48.4486 5.38318 1.18565
59.215 5.38318 1.00324
69.9813 5.38318 0.676383
5.38318 16.1495 1.26945
16.1495 16.1495 2.14147
26.9159 16.1495 2.59421
37.6822 16.1495 2.4218
48.4486 16.1495 2.3303
59.215 16.1495 1.99845
69.9813 16.1495 1.40011
5.38318 26.9159 1.72706
16.1495 26.9159 2.80698
26.9159 26.9159 3.13985
37.6822 26.9159 2.87036
48.4486 26.9159 2.94948
59.215 26.9159 2.68306
69.9813 26.9159 1.98412
5.38318 37.6822 2.41325
16.1495 37.6822 3.76275
26.9159 37.6822 3.91626
37.6822 37.6822 3.4685
48.4486 37.6822 3.71619
59.215 37.6822 3.52495
69.9813 37.6822 2.53876
5.38318 48.4486 2.60536
16.1495 48.4486 4.1608
26.9159 48.4486 4.30433
37.6822 48.4486 3.76765
48.4486 48.4486 3.85537
59.215 48.4486 3.61536
69.9813 48.4486 2.52048
5.38318 59.215 1.97871
16.1495 59.215 3.11552
26.9159 59.215 3.31662
37.6822 59.215 2.98275
48.4486 59.215 3.02277
59.215 59.215 2.7832
69.9813 59.215 1.8681
5.38318 69.9813 0.202404
16.1495 69.9813 0.387034
26.9159 69.9813 0.731794
37.6822 69.9813 0.632174
48.4486 69.9813 0.629071
59.215 69.9813 0.687717
69.9813 69.9813 0.519244
5.38318 80.7477 -0.325664
16.1495 80.7477 -0.502089
26.9159 80.7477 -0.424821
37.6822 80.7477 -0.433068
48.4486 80.7477 -0.511689
59.215 80.7477 -0.344931
69.9813 80.7477 -0.180742
5.38318 91.514 -0.527425
16.1495 91.514 -0.838854
26.9159 91.514 -0.813431
37.6822 91.514 -0.838467
48.4486 91.514 -0.891176
59.215 91.514 -0.646395
69.9813 91.514 -0.327983
5.38318 102.28 -0.549514
16.1495 102.28 -0.879504
26.9159 102.28 -0.94889
37.6822 102.28 -0.975568
48.4486 102.28 -0.975413
59.215 102.28 -0.778436
69.9813 102.28 -0.36776
5.38318 113.047 -0.56983
16.1495 113.047 -0.907269
26.9159 113.047 -0.977927
37.6822 113.047 -0.974729
48.4486 113.047 -0.92601
59.215 113.047 -0.716476
69.9813 113.047 -0.306997
5.38318 123.813 -0.517435
16.1495 123.813 -0.79819
26.9159 123.813 -0.749786
37.6822 123.813 -0.707342
48.4486 123.813 -0.629395
59.215 123.813 -0.467451
69.9813 123.813 -0.164657
5.38318 134.579 -0.289113
16.1495 134.579 -0.353987
26.9159 134.579 -0.177768
37.6822 134.579 -0.0548195
48.4486 134.579 -0.007333
59.215 134.579 0.0116365
69.9813 134.579 0.2237
5.38318 145.346 0.147946
16.1495 145.346 0.807109
26.9159 145.346 1.60482
37.6822 145.346 2.08831
48.4486 145.346 1.99898
59.215 145.346 1.46736
69.9813 145.346 0.924539
5.38318 156.112 0.860515
16.1495 156.112 2.1614
26.9159 156.112 3.21555
37.6822 156.112 3.7206
48.4486 156.112 3.40364
59.215 156.112 2.51148
69.9813 156.112 1.42964
5.38318 166.879 1.28632
16.1495 166.879 3.00006
26.9159 166.879 4.47628
37.6822 166.879 5.0083
48.4486 166.879 4.30718
59.215 166.879 2.96364
69.9813 166.879 1.58567
5.38318 177.645 1.33581
16.1495 177.645 3.01743
26.9159 177.645 4.46883
37.6822 177.645 4.87771
48.4486 177.645 4.20589
59.215 177.645 2.89181
69.9813 177.645 1.60919
5.38318 188.411 1.56077
16.1495 188.411 3.08677
26.9159 188.411 4.17904
37.6822 188.411 4.27312
48.4486 188.411 3.73861
59.215 188.411 2.66371
69.9813 188.411 1.58692
5.38318 199.178 1.8089
16.1495 199.178 2.95118
26.9159 199.178 3.16716
37.6822 199.178 2.94364
48.4486 199.178 2.90044
59.215 199.178 2.51506
69.9813 199.178 1.73779
5.38318 209.944 1.62258
16.1495 209.944 2.47536
26.9159 209.944 2.33602
37.6822 209.944 1.91824
48.4486 209.944 2.00875
59.215 209.944 1.93043
69.9813 209.944 1.41421
