48 177
0 157 72 40
0 141 72 72
0 134 72 82
0 72 72 144
0 0 72 216
5.38318 5.38318 0.525986
16.1495 5.38318 0.913127
26.9159 5.38318 1.26319
37.6822 5.38318 1.32514
48.4486 5.38318 1.26225
59.215 5.38318 1.02074
69.9813 5.38318 0.676788
5.38318 16.1495 0.912511
16.1495 16.1495 1.86994
26.9159 16.1495 2.59938
37.6822 16.1495 2.84412
48.4486 16.1495 2.70417
59.215 16.1495 2.1629
69.9813 16.1495 1.36559
5.38318 26.9159 1.11177
16.1495 26.9159 2.33959
26.9159 26.9159 3.38292
37.6822 26.9159 3.86024
48.4486 26.9159 3.7102
59.215 26.9159 2.99606
69.9813 26.9159 1.84031
5.38318 37.6822 1.1426
16.1495 37.6822 2.40615
26.9159 37.6822 3.56679
37.6822 37.6822 4.23614
48.4486 37.6822 4.12363
59.215 37.6822 3.32693
69.9813 37.6822 1.97429
5.38318 48.4486 1.03922
16.1495 48.4486 1.95524
26.9159 48.4486 2.89965
37.6822 48.4486 3.43181
48.4486 48.4486 3.34839
59.215 48.4486 2.69789
69.9813 48.4486 1.57226
5.38318 59.215 0.777835
16.1495 59.215 1.36189
26.9159 59.215 1.88547
37.6822 59.215 1.81022
48.4486 59.215 1.61259
59.215 59.215 1.49442
69.9813 59.215 1.03016
5.38318 69.9813 0.437361
16.1495 69.9813 0.70338
26.9159 69.9813 0.810577
37.6822 69.9813 0.439306
48.4486 69.9813 0.208776
59.215 69.9813 0.565459
69.9813 69.9813 0.57954
5.38318 80.7477 -0.12149
16.1495 80.7477 -0.198938
26.9159 80.7477 -0.253369
37.6822 80.7477 -0.35373
48.4486 80.7477 -0.363974
59.215 80.7477 0.0170409
69.9813 80.7477 0.390997
5.38318 91.514 -0.483714
16.1495 91.514 -0.796406
26.9159 91.514 -0.900287
37.6822 91.514 -0.917516
48.4486 91.514 -0.847547
59.215 91.514 -0.492566
69.9813 91.514 -0.137721
5.38318 102.28 -0.575247
16.1495 102.28 -0.926226
26.9159 102.28 -1.01555
37.6822 102.28 -0.992993
48.4486 102.28 -0.90946
59.215 102.28 -0.604347
69.9813 102.28 -0.214886
5.38318 113.047 -0.583598
16.1495 113.047 -0.933286
26.9159 113.047 -1.01546
37.6822 113.047 -1.01444
48.4486 113.047 -0.960536
59.215 113.047 -0.750114
69.9813 113.047 -0.320828
5.38318 123.813 -0.568651
16.1495 123.813 -0.903489
26.9159 123.813 -0.966197
37.6822 123.813 -0.957616
48.4486 123.813 -0.903292
59.215 123.813 -0.656521
69.9813 123.813 -0.2698
5.38318 134.579 -0.523255
16.1495 134.579 -0.812041
26.9159 134.579 -0.761342
37.6822 134.579 -0.71849
48.4486 134.579 -0.644247
59.215 134.579 -0.417919
69.9813 134.579 -0.137364
5.38318 145.346 -0.376219
16.1495 145.346 -0.497239
26.9159 145.346 -0.249598
37.6822 145.346 -0.108064
48.4486 145.346 0.0580873
59.215 145.346 0.379882
69.9813 145.346 0.467605
5.38318 156.112 -0.0893503
16.1495 156.112 0.15798
26.9159 156.112 1.21067
37.6822 156.112 1.62041
48.4486 156.112 1.96923
59.215 156.112 1.83464
69.9813 156.112 1.27418
5.38318 166.879 0.506776
16.1495 166.879 1.43141
26.9159 166.879 2.78778
37.6822 166.879 3.32988
48.4486 166.879 3.70122
59.215 166.879 3.22563
69.9813 166.879 2.05736
5.38318 177.645 1.12694
16.1495 177.645 2.33639
26.9159 177.645 3.62432
37.6822 177.645 4.14813
48.4486 177.645 4.47735
59.215 177.645 3.80975
69.9813 177.645 2.42011
5.38318 188.411 1.38719
16.1495 188.411 2.69831
26.9159 188.411 3.7875
37.6822 188.411 4.05354
48.4486 188.411 3.99731
59.215 188.411 3.37964
69.9813 188.411 2.15246
5.38318 199.178 1.19365
16.1495 199.178 2.13968
26.9159 199.178 2.69256
37.6822 199.178 2.48819
48.4486 199.178 2.17998
59.215 199.178 1.88684
69.9813 199.178 1.27639
5.38318 209.944 0.571717
16.1495 209.944 1.10297
26.9159 209.944 1.42524
37.6822 209.944 1.19378
48.4486 209.944 0.817469
59.215 209.944 0.753845
69.9813 209.944 0.584774
