37 16
0 0 72 40
0 0 72 72
0 0 72 82
0 0 72 144
0 0 72 216
5.38318 5.38318 0.190189
16.1495 5.38318 0.833327
26.9159 5.38318 1.89631
37.6822 5.38318 2.22421
48.4486 5.38318 1.53999
59.215 5.38318 0.736051
69.9813 5.38318 0.147647
5.38318 16.1495 0.1538
16.1495 16.1495 1.32016
26.9159 16.1495 3.15412
37.6822 16.1495 3.72242
48.4486 16.1495 2.73265
59.215 16.1495 1.39647
69.9813 16.1495 0.403443
5.38318 26.9159 -0.11992
16.1495 26.9159 0.804143
26.9159 26.9159 2.67645
37.6822 26.9159 3.14495
48.4486 26.9159 2.23548
59.215 26.9159 0.807719
69.9813 26.9159 0.0261837
5.38318 37.6822 -0.165979
16.1495 37.6822 0.17807
26.9159 37.6822 1.46284
37.6822 37.6822 1.62079
48.4486 37.6822 1.09268
59.215 37.6822 0.112688
69.9813 37.6822 0.0423462
5.38318 48.4486 -0.149953
16.1495 48.4486 0.0473223
26.9159 48.4486 1.11832
37.6822 48.4486 1.05712
48.4486 48.4486 0.810898
59.215 48.4486 -0.0525717
69.9813 48.4486 0.143843
5.38318 59.215 -0.182893
16.1495 59.215 0.0101631
26.9159 59.215 1.14359
37.6822 59.215 1.14024
48.4486 59.215 0.779483
59.215 59.215 -0.0918721
69.9813 59.215 0.037053
5.38318 69.9813 -0.235329
16.1495 69.9813 -0.104818
26.9159 69.9813 1.00237
37.6822 69.9813 1.01733
48.4486 69.9813 0.584752
59.215 69.9813 -0.178435
69.9813 69.9813 -0.0744013
5.38318 80.7477 -0.371836
16.1495 80.7477 -0.372642
26.9159 80.7477 0.16213
37.6822 80.7477 0.196989
48.4486 80.7477 -0.151928
59.215 80.7477 -0.372055
69.9813 80.7477 -0.198646
5.38318 91.514 -0.511074
16.1495 91.514 -0.749779
26.9159 91.514 -0.59242
37.6822 91.514 -0.599178
48.4486 91.514 -0.661
59.215 91.514 -0.625067
69.9813 91.514 -0.304412
5.38318 102.28 -0.563637
16.1495 102.28 -0.889439
26.9159 102.28 -0.945751
37.6822 102.28 -0.957602
48.4486 102.28 -0.944019
59.215 102.28 -0.780835
69.9813 102.28 -0.361601
5.38318 113.047 -0.587258
16.1495 113.047 -0.943771
26.9159 113.047 -1.02757
37.6822 113.047 -1.02164
48.4486 113.047 -0.955524
59.215 113.047 -0.728195
69.9813 113.047 -0.303913
5.38318 123.813 -0.584083
16.1495 123.813 -0.932959
26.9159 123.813 -1.00408
37.6822 123.813 -0.969736
48.4486 123.813 -0.877074
59.215 123.813 -0.565672
69.9813 123.813 -0.199942
5.38318 134.579 -0.579089
16.1495 134.579 -0.915895
26.9159 134.579 -0.955768
37.6822 134.579 -0.847428
48.4486 134.579 -0.610668
59.215 134.579 -0.267215
69.9813 134.579 0.00335072
5.38318 145.346 -0.546168
16.1495 145.346 -0.845973
26.9159 145.346 -0.785756
37.6822 145.346 -0.568933
48.4486 145.346 -0.238498
59.215 145.346 0.304824
69.9813 145.346 0.518713
5.38318 156.112 -0.370731
16.1495 156.112 -0.505521
26.9159 156.112 -0.266061
37.6822 156.112 -0.0124963
48.4486 156.112 0.700583
59.215 156.112 1.08797
69.9813 156.112 0.91377
5.38318 166.879 -0.0169836
16.1495 166.879 0.149003
26.9159 166.879 0.857642
37.6822 166.879 1.2036
48.4486 166.879 1.45065
59.215 166.879 1.4805
69.9813 166.879 1.06354
5.38318 177.645 0.948534
16.1495 177.645 1.65277
26.9159 177.645 2.3718
37.6822 177.645 2.53955
48.4486 177.645 2.41843
59.215 177.645 1.96335
69.9813 177.645 1.23782
5.38318 188.411 1.35893
16.1495 188.411 2.21337
26.9159 188.411 2.83051
37.6822 188.411 3.16432
48.4486 188.411 3.30596
59.215 188.411 2.89582
69.9813 188.411 1.86305
5.38318 199.178 1.22725
16.1495 199.178 1.90441
26.9159 199.178 2.32559
37.6822 199.178 2.7096
48.4486 199.178 3.23508
59.215 199.178 3.21242
69.9813 199.178 2.1752
5.38318 209.944 0.388992
16.1495 209.944 0.657169
26.9159 209.944 0.868412
37.6822 209.944 1.28674
48.4486 209.944 1.97096
59.215 209.944 2.31712
69.9813 209.944 1.64316
