37 37
0 17 72 40
0 1 72 72
0 0 72 82
0 0 72 144
0 0 72 216
5.38318 5.38318 0.419197
16.1495 5.38318 0.582802
26.9159 5.38318 0.759031
37.6822 5.38318 0.637459
48.4486 5.38318 0.611808
59.215 5.38318 0.474393
69.9813 5.38318 0.34076
5.38318 16.1495 0.745524
16.1495 16.1495 1.42118
26.9159 16.1495 2.07185
37.6822 16.1495 1.9239
48.4486 16.1495 1.87622
59.215 16.1495 1.36314
69.9813 16.1495 0.912689
5.38318 26.9159 0.774925
16.1495 26.9159 1.64051
26.9159 26.9159 2.65294
37.6822 26.9159 2.6028
48.4486 26.9159 2.56348
59.215 26.9159 1.82273
69.9813 26.9159 1.18678
5.38318 37.6822 0.944565
16.1495 37.6822 2.10895
26.9159 37.6822 3.51478
37.6822 37.6822 3.66037
48.4486 37.6822 3.57055
59.215 37.6822 2.39929
69.9813 37.6822 1.47327
5.38318 48.4486 0.911405
16.1495 48.4486 2.03073
26.9159 48.4486 3.43338
37.6822 48.4486 3.64949
48.4486 48.4486 3.46795
59.215 48.4486 2.24493
69.9813 48.4486 1.33202
5.38318 59.215 0.513708
16.1495 59.215 1.30568
26.9159 59.215 2.45941
37.6822 59.215 2.6537
48.4486 59.215 2.47807
59.215 59.215 1.61303
69.9813 59.215 0.926757
5.38318 69.9813 -0.0200724
16.1495 69.9813 0.114364
26.9159 69.9813 0.665843
37.6822 69.9813 0.656744
48.4486 69.9813 0.547976
59.215 69.9813 0.269456
69.9813 69.9813 0.205471
5.38318 80.7477 -0.196177
16.1495 80.7477 -0.28251
26.9159 80.7477 -0.237056
37.6822 80.7477 -0.239536
48.4486 80.7477 -0.222558
59.215 80.7477 -0.201938
69.9813 80.7477 -0.074649
5.38318 91.514 -0.288863
16.1495 91.514 -0.456493
26.9159 91.514 -0.487998
37.6822 91.514 -0.509468
48.4486 91.514 -0.460988
59.215 91.514 -0.375375
69.9813 91.514 -0.154421
5.38318 102.28 -0.297815
16.1495 102.28 -0.447933
26.9159 102.28 -0.444112
37.6822 102.28 -0.432219
48.4486 102.28 -0.4058
59.215 102.28 -0.329538
69.9813 102.28 -0.142356
5.38318 113.047 -0.29545
16.1495 113.047 -0.43928
26.9159 113.047 -0.428036
37.6822 113.047 -0.402915
48.4486 113.047 -0.387987
59.215 113.047 -0.304341
69.9813 113.047 -0.134002
5.38318 123.813 -0.251193
16.1495 123.813 -0.34721
26.9159 123.813 -0.299718
37.6822 123.813 -0.268726
48.4486 123.813 -0.271346
59.215 123.813 -0.214227
69.9813 123.813 -0.082718
5.38318 134.579 -0.135861
16.1495 134.579 -0.152845
26.9159 134.579 -0.0529204
37.6822 134.579 -0.000669864
48.4486 134.579 -0.00277997
59.215 134.579 -0.00281442
69.9813 134.579 0.103062
5.38318 145.346 0.167112
16.1495 145.346 0.407776
26.9159 145.346 0.718762
37.6822 145.346 0.856446
48.4486 145.346 0.878419
59.215 145.346 0.700979
69.9813 145.346 0.513978
5.38318 156.112 0.619504
16.1495 156.112 1.1188
26.9159 156.112 1.57199
37.6822 156.112 1.68046
48.4486 156.112 1.70434
59.215 156.112 1.41406
69.9813 156.112 0.963748
5.38318 166.879 1.08716
16.1495 166.879 1.78206
26.9159 166.879 1.99857
37.6822 166.879 2.04037
48.4486 166.879 1.97741
59.215 166.879 1.79099
69.9813 166.879 1.21218
5.38318 177.645 1.2441
16.1495 177.645 2.09974
26.9159 177.645 2.22606
37.6822 177.645 2.24608
48.4486 177.645 2.01248
59.215 177.645 1.89545
69.9813 177.645 1.26506
5.38318 188.411 1.29531
16.1495 188.411 2.31256
26.9159 188.411 2.2435
37.6822 188.411 2.29073
48.4486 188.411 1.75089
59.215 188.411 1.74822
69.9813 188.411 1.09111
5.38318 199.178 0.880149
16.1495 199.178 1.77956
26.9159 199.178 1.778
37.6822 199.178 1.96969
48.4486 199.178 1.41545
59.215 199.178 1.43449
69.9813 199.178 0.864822
5.38318 209.944 0.504873
16.1495 209.944 1.04504
26.9159 209.944 0.937232
37.6822 209.944 1.02727
48.4486 209.944 0.668213
59.215 209.944 0.802093
69.9813 209.944 0.517394
