37 177
0 157 72 40
0 141 72 72
0 134 72 82
0 72 72 144
0 0 72 216
5.38318 5.38318 0.723753
16.1495 5.38318 1.22499
26.9159 5.38318 1.56584
37.6822 5.38318 1.48768
48.4486 5.38318 1.07043
59.215 5.38318 0.663054
69.9813 5.38318 0.326745
5.38318 16.1495 1.29925
16.1495 16.1495 2.47574
26.9159 16.1495 3.26179
37.6822 16.1495 3.10231
48.4486 16.1495 2.26638
59.215 16.1495 1.47457
69.9813 16.1495 0.774521
5.38318 26.9159 1.79405
16.1495 26.9159 3.55381
26.9159 26.9159 4.49654
37.6822 26.9159 4.12604
48.4486 26.9159 2.78669
59.215 26.9159 1.73206
69.9813 26.9159 0.903806
5.38318 37.6822 1.70602
16.1495 37.6822 3.42985
26.9159 37.6822 4.19572
37.6822 37.6822 3.72094
48.4486 37.6822 2.47286
59.215 37.6822 1.62091
69.9813 37.6822 0.952411
5.38318 48.4486 1.26603
16.1495 48.4486 2.46255
26.9159 48.4486 2.78762
37.6822 48.4486 2.44285
48.4486 48.4486 1.47585
59.215 48.4486 1.14243
69.9813 48.4486 0.813128
5.38318 59.215 0.298214
16.1495 59.215 0.535536
26.9159 59.215 0.561452
37.6822 59.215 0.460106
48.4486 59.215 0.0653424
59.215 59.215 0.360362
69.9813 59.215 0.40499
5.38318 69.9813 -0.107528
16.1495 69.9813 -0.203244
26.9159 69.9813 -0.220663
37.6822 69.9813 -0.242162
48.4486 69.9813 -0.336046
59.215 69.9813 -0.155306
69.9813 69.9813 0.00787038
5.38318 80.7477 -0.363921
16.1495 80.7477 -0.589347
26.9159 80.7477 -0.620436
37.6822 80.7477 -0.624041
48.4486 80.7477 -0.637932
59.215 80.7477 -0.43035
69.9813 80.7477 -0.164852
5.38318 91.514 -0.569466
16.1495 91.514 -0.922035
26.9159 91.514 -0.988434
37.6822 91.514 -0.99476
48.4486 91.514 -0.946066
59.215 91.514 -0.687003
69.9813 91.514 -0.294061
5.38318 102.28 -0.578623
16.1495 102.28 -0.929275
26.9159 102.28 -1.00673
37.6822 102.28 -1.01465
48.4486 102.28 -0.973479
59.215 102.28 -0.770175
69.9813 102.28 -0.343787
5.38318 113.047 -0.565795
16.1495 113.047 -0.905618
26.9159 113.047 -0.983298
37.6822 113.047 -0.983764
48.4486 113.047 -0.930038
59.215 113.047 -0.704291
69.9813 113.047 -0.293777
5.38318 123.813 -0.471125
16.1495 123.813 -0.720393
26.9159 123.813 -0.727975
37.6822 123.813 -0.691632
48.4486 123.813 -0.640499
59.215 123.813 -0.420887
69.9813 123.813 -0.13781
5.38318 134.579 -0.141825
16.1495 134.579 -0.168525
26.9159 134.579 -0.163605
37.6822 134.579 -0.109298
48.4486 134.579 -0.123646
59.215 134.579 0.116435
69.9813 134.579 0.355535
5.38318 145.346 0.683112
16.1495 145.346 1.37284
26.9159 145.346 1.63766
37.6822 145.346 1.9107
48.4486 145.346 1.77803
59.215 145.346 1.73284
69.9813 145.346 1.17285
5.38318 156.112 1.52127
16.1495 156.112 2.79061
26.9159 156.112 3.30701
37.6822 156.112 3.47915
48.4486 156.112 3.18092
59.215 156.112 2.73941
69.9813 156.112 1.68452
5.38318 166.879 1.80678
16.1495 166.879 3.62727
26.9159 166.879 4.89525
37.6822 166.879 5.34173
48.4486 166.879 4.65978
59.215 166.879 3.4752
69.9813 166.879 1.90117
5.38318 177.645 1.58912
16.1495 177.645 3.65646
26.9159 177.645 5.66515
37.6822 177.645 6.32392
48.4486 177.645 5.26293
59.215 177.645 3.3494
69.9813 177.645 1.64203
5.38318 188.411 1.18383
16.1495 188.411 3.12552
26.9159 188.411 5.44708
37.6822 188.411 6.23708
48.4486 188.411 5.04546
59.215 188.411 2.93892
69.9813 188.411 1.32549
5.38318 199.178 0.739544
16.1495 199.178 2.02937
26.9159 199.178 3.51361
37.6822 199.178 3.92607
48.4486 199.178 3.17275
59.215 199.178 1.87262
69.9813 199.178 0.938109
5.38318 209.944 0.405496
16.1495 209.944 0.976358
26.9159 209.944 1.35304
37.6822 209.944 1.40023
48.4486 209.944 1.12743
59.215 209.944 0.820873
69.9813 209.944 0.582714
