37 48
0 28 72 40
0 12 72 72
0 7 72 82
0 0 72 144
0 0 72 216
5.38318 5.38318 0.205167
16.1495 5.38318 0.253041
26.9159 5.38318 0.402374
37.6822 5.38318 0.33168
48.4486 5.38318 0.393113
59.215 5.38318 0.363501
69.9813 5.38318 0.306022
5.38318 16.1495 0.496109
16.1495 16.1495 0.89106
26.9159 16.1495 1.29977
37.6822 16.1495 1.26047
48.4486 16.1495 1.31819
59.215 16.1495 1.09943
69.9813 16.1495 0.802716
5.38318 26.9159 0.537716
16.1495 26.9159 1.08326
26.9159 26.9159 1.76071
37.6822 26.9159 1.84933
48.4486 26.9159 1.87428
59.215 26.9159 1.47067
69.9813 26.9159 1.00575
5.38318 37.6822 1.0708
16.1495 37.6822 1.98507
26.9159 37.6822 3.0277
37.6822 37.6822 3.13704
48.4486 37.6822 3.00025
59.215 37.6822 2.10549
69.9813 37.6822 1.31682
5.38318 48.4486 1.15792
16.1495 48.4486 2.14536
26.9159 48.4486 3.51191
37.6822 48.4486 3.57659
48.4486 48.4486 3.30076
59.215 48.4486 2.1652
69.9813 48.4486 1.30124
5.38318 59.215 0.882222
16.1495 59.215 1.69768
26.9159 59.215 3.08495
37.6822 59.215 3.06976
48.4486 59.215 2.71242
59.215 59.215 1.65298
69.9813 59.215 0.971696
5.38318 69.9813 -0.0263529
16.1495 69.9813 0.0797932
26.9159 69.9813 1.24905
37.6822 69.9813 1.12774
48.4486 69.9813 0.752125
59.215 69.9813 0.1402
69.9813 69.9813 0.096242
5.38318 80.7477 -0.426382
16.1495 80.7477 -0.614742
26.9159 80.7477 -0.446601
37.6822 80.7477 -0.419894
48.4486 80.7477 -0.530492
59.215 80.7477 -0.480407
69.9813 80.7477 -0.250468
5.38318 91.514 -0.547744
16.1495 91.514 -0.873048
26.9159 91.514 -0.961178
37.6822 91.514 -0.978535
48.4486 91.514 -0.964731
59.215 91.514 -0.774458
69.9813 91.514 -0.352985
5.38318 102.28 -0.584623
16.1495 102.28 -0.94277
26.9159 102.28 -1.04651
37.6822 102.28 -1.0567
48.4486 102.28 -1.00049
59.215 102.28 -0.788765
69.9813 102.28 -0.340485
5.38318 113.047 -0.576678
16.1495 113.047 -0.923338
26.9159 113.047 -1.00379
37.6822 113.047 -1.00778
48.4486 113.047 -0.956075
59.215 113.047 -0.756482
69.9813 113.047 -0.326246
5.38318 123.813 -0.539922
16.1495 123.813 -0.853552
26.9159 123.813 -0.908403
37.6822 123.813 -0.906941
48.4486 123.813 -0.863998
59.215 123.813 -0.658759
69.9813 123.813 -0.2819
5.38318 134.579 -0.432592
16.1495 134.579 -0.629213
26.9159 134.579 -0.582277
37.6822 134.579 -0.545266
48.4486 134.579 -0.559775
59.215 134.579 -0.452711
69.9813 134.579 -0.182619
5.38318 145.346 -0.21057
16.1495 145.346 -0.225335
26.9159 145.346 -0.0643842
37.6822 145.346 0.180495
48.4486 145.346 0.00053481
59.215 145.346 -0.03104
69.9813 145.346 0.0620797
5.38318 156.112 0.363273
16.1495 156.112 0.899471
26.9159 156.112 1.40896
37.6822 156.112 1.71907
48.4486 156.112 1.36726
59.215 156.112 0.928289
69.9813 156.112 0.567897
5.38318 166.879 1.07976
16.1495 166.879 2.05576
26.9159 166.879 2.5778
37.6822 166.879 2.59804
48.4486 166.879 2.11179
59.215 166.879 1.47888
69.9813 166.879 0.835999
5.38318 177.645 1.64726
16.1495 177.645 3.03648
26.9159 177.645 3.48684
37.6822 177.645 2.90962
48.4486 177.645 2.0164
59.215 177.645 1.24772
69.9813 177.645 0.742584
5.38318 188.411 1.55148
16.1495 188.411 2.92215
26.9159 188.411 3.35877
37.6822 188.411 2.52297
48.4486 188.411 1.40424
59.215 188.411 0.611224
69.9813 188.411 0.398784
5.38318 199.178 0.987714
16.1495 199.178 1.81397
26.9159 199.178 2.07482
37.6822 199.178 1.50387
48.4486 199.178 0.622008
59.215 199.178 0.204397
69.9813 199.178 0.229643
5.38318 209.944 0.173755
16.1495 209.944 0.357882
26.9159 209.944 0.486858
37.6822 209.944 0.238717
48.4486 209.944 -0.0216502
59.215 209.944 -0.00379851
69.9813 209.944 0.160076
