48 37
0 17 72 40
0 1 72 72
0 0 72 82
0 0 72 144
0 0 72 216
5.38318 5.38318 0.255635
16.1495 5.38318 0.617169
26.9159 5.38318 1.01779
37.6822 5.38318 1.28655
48.4486 5.38318 1.34937
59.215 5.38318 1.05999
69.9813 5.38318 0.691795
5.38318 16.1495 0.422934
16.1495 16.1495 1.37509
26.9159 16.1495 2.25798
37.6822 16.1495 2.92413
48.4486 16.1495 3.04084
59.215 16.1495 2.36171
69.9813 16.1495 1.47653
5.38318 26.9159 0.355988
16.1495 26.9159 1.51145
26.9159 26.9159 2.95373
37.6822 26.9159 4.27999
48.4486 26.9159 4.54704
59.215 26.9159 3.54113
69.9813 26.9159 2.0553
5.38318 37.6822 0.803804
16.1495 37.6822 1.94574
26.9159 37.6822 3.54546
37.6822 37.6822 5.047
48.4486 37.6822 5.26368
59.215 37.6822 4.0235
69.9813 37.6822 2.18834
5.38318 48.4486 1.4472
16.1495 48.4486 2.58685
26.9159 48.4486 3.6136
37.6822 48.4486 4.39912
48.4486 48.4486 4.3128
59.215 48.4486 3.23329
69.9813 48.4486 1.73511
5.38318 59.215 1.9737
16.1495 59.215 3.25128
26.9159 59.215 3.4248
37.6822 59.215 3.04132
48.4486 59.215 2.47555
59.215 59.215 1.84288
69.9813 59.215 1.1398
5.38318 69.9813 1.88757
16.1495 69.9813 3.06179
26.9159 69.9813 2.93984
37.6822 69.9813 2.19222
48.4486 69.9813 1.40375
59.215 69.9813 0.943935
69.9813 69.9813 0.775631
5.38318 80.7477 0.771505
16.1495 80.7477 1.38726
26.9159 80.7477 1.3421
37.6822 80.7477 0.962101
48.4486 80.7477 0.504365
59.215 80.7477 0.404074
69.9813 80.7477 0.475254
5.38318 91.514 -0.185826
16.1495 91.514 -0.244163
26.9159 91.514 -0.226678
37.6822 91.514 -0.232017
48.4486 91.514 -0.265351
59.215 91.514 -0.183713
69.9813 91.514 -0.0145502
5.38318 102.28 -0.280687
16.1495 102.28 -0.406527
26.9159 102.28 -0.340752
37.6822 102.28 -0.307246
48.4486 102.28 -0.288441
59.215 102.28 -0.213276
69.9813 102.28 -0.0678979
5.38318 113.047 -0.291132
16.1495 113.047 -0.441089
26.9159 113.047 -0.43833
37.6822 113.047 -0.433141
48.4486 113.047 -0.413542
59.215 113.047 -0.320201
69.9813 113.047 -0.136864
5.38318 123.813 -0.265724
16.1495 123.813 -0.412247
26.9159 123.813 -0.393642
37.6822 123.813 -0.392192
48.4486 123.813 -0.359256
59.215 123.813 -0.26536
69.9813 123.813 -0.099089
5.38318 134.579 -0.18467
16.1495 134.579 -0.284407
26.9159 134.579 -0.237043
37.6822 134.579 -0.244404
48.4486 134.579 -0.209906
59.215 134.579 -0.140788
69.9813 134.579 -0.0151538
5.38318 145.346 -0.115677
16.1495 145.346 -0.137054
26.9159 145.346 0.130554
37.6822 145.346 0.260144
48.4486 145.346 0.394597
59.215 145.346 0.362355
69.9813 145.346 0.339913
5.38318 156.112 0.149257
16.1495 156.112 0.563917
26.9159 156.112 1.31712
37.6822 156.112 1.50513
48.4486 156.112 1.49618
59.215 156.112 1.12265
69.9813 156.112 0.751993
5.38318 166.879 0.507158
16.1495 166.879 1.32964
26.9159 166.879 2.48427
37.6822 166.879 2.68994
48.4486 166.879 2.58665
59.215 166.879 1.87692
69.9813 166.879 1.16253
5.38318 177.645 0.934223
16.1495 177.645 2.16287
26.9159 177.645 3.45785
37.6822 177.645 3.58967
48.4486 177.645 3.3155
59.215 177.645 2.33816
69.9813 177.645 1.41874
5.38318 188.411 1.16616
16.1495 188.411 2.38363
26.9159 188.411 3.53666
37.6822 188.411 3.59466
48.4486 188.411 3.26196
59.215 188.411 2.34353
69.9813 188.411 1.42175
5.38318 199.178 0.921397
16.1495 199.178 1.73914
26.9159 199.178 2.43806
37.6822 199.178 2.48171
48.4486 199.178 2.19441
59.215 199.178 1.72782
69.9813 199.178 1.05517
5.38318 209.944 0.523321
16.1495 209.944 0.925463
26.9159 209.944 1.14726
37.6822 209.944 1.14594
48.4486 209.944 0.871447
59.215 209.944 0.841169
69.9813 209.944 0.499953
