37 37
0 17 72 40
0 1 72 72
0 0 72 82
0 0 72 144
0 0 72 216
5.38318 5.38318 0.355052
16.1495 5.38318 0.755879
26.9159 5.38318 1.19756
37.6822 5.38318 1.27627
48.4486 5.38318 0.96817
59.215 5.38318 0.532969
69.9813 5.38318 0.261453
5.38318 16.1495 0.658472
16.1495 16.1495 1.70244
26.9159 16.1495 2.79766
37.6822 16.1495 3.1241
48.4486 16.1495 2.5084
59.215 16.1495 1.51455
69.9813 16.1495 0.71835
5.38318 26.9159 0.818974
16.1495 26.9159 2.53144
26.9159 26.9159 4.57305
37.6822 26.9159 5.25143
48.4486 26.9159 4.06132
59.215 26.9159 2.15876
69.9813 26.9159 0.867596
5.38318 37.6822 0.931032
16.1495 37.6822 2.85524
26.9159 37.6822 5.45049
37.6822 37.6822 6.19617
48.4486 37.6822 5.14396
59.215 37.6822 2.73973
69.9813 37.6822 1.09983
5.38318 48.4486 0.853821
16.1495 48.4486 2.52356
26.9159 48.4486 4.58086
37.6822 48.4486 5.22354
48.4486 48.4486 4.1233
59.215 48.4486 2.26331
69.9813 48.4486 0.916008
5.38318 59.215 0.597016
16.1495 59.215 1.44868
26.9159 59.215 2.17931
37.6822 59.215 2.28278
48.4486 59.215 1.80993
59.215 59.215 1.16689
69.9813 59.215 0.623663
5.38318 69.9813 0.349966
16.1495 69.9813 0.643335
26.9159 69.9813 0.429118
37.6822 69.9813 0.167135
48.4486 69.9813 -0.156568
59.215 69.9813 0.129031
69.9813 69.9813 0.246936
5.38318 80.7477 -0.126041
16.1495 80.7477 -0.176767
26.9159 80.7477 -0.293962
37.6822 80.7477 -0.39063
48.4486 80.7477 -0.469962
59.215 80.7477 -0.25782
69.9813 80.7477 -0.0389119
5.38318 91.514 -0.444601
16.1495 91.514 -0.720839
26.9159 91.514 -0.817516
37.6822 91.514 -0.879885
48.4486 91.514 -0.863667
59.215 91.514 -0.603331
69.9813 91.514 -0.243317
5.38318 102.28 -0.564433
16.1495 102.28 -0.905858
26.9159 102.28 -0.991633
37.6822 102.28 -0.997228
48.4486 102.28 -0.950843
59.215 102.28 -0.735204
69.9813 102.28 -0.319594
5.38318 113.047 -0.580932
16.1495 113.047 -0.929152
26.9159 113.047 -1.00998
37.6822 113.047 -1.00936
48.4486 113.047 -0.955537
59.215 113.047 -0.751186
69.9813 113.047 -0.322927
5.38318 123.813 -0.561007
16.1495 123.813 -0.886864
26.9159 123.813 -0.942214
37.6822 123.813 -0.934042
48.4486 123.813 -0.883276
59.215 123.813 -0.663621
69.9813 123.813 -0.279337
5.38318 134.579 -0.471616
16.1495 134.579 -0.712283
26.9159 134.579 -0.636474
37.6822 134.579 -0.631398
48.4486 134.579 -0.581088
59.215 134.579 -0.44886
69.9813 134.579 -0.162047
5.38318 145.346 -0.238689
16.1495 145.346 -0.296205
26.9159 145.346 -0.0754592
37.6822 145.346 -0.0227945
48.4486 145.346 0.0359021
59.215 145.346 0.0334459
69.9813 145.346 0.215932
5.38318 156.112 0.372919
16.1495 156.112 0.946964
26.9159 156.112 1.67558
37.6822 156.112 1.91584
48.4486 156.112 1.89237
59.215 156.112 1.41424
69.9813 156.112 0.901618
5.38318 166.879 1.10468
16.1495 166.879 2.11314
26.9159 166.879 2.90088
37.6822 166.879 3.31089
48.4486 166.879 3.23801
59.215 166.879 2.5445
69.9813 166.879 1.47497
5.38318 177.645 1.57936
16.1495 177.645 2.78022
26.9159 177.645 3.53647
37.6822 177.645 3.91637
48.4486 177.645 3.82287
59.215 177.645 3.10648
69.9813 177.645 1.82381
5.38318 188.411 1.54185
16.1495 188.411 2.62108
26.9159 188.411 3.27731
37.6822 188.411 3.48247
48.4486 188.411 3.32299
59.215 188.411 2.80224
69.9813 188.411 1.70809
5.38318 199.178 1.14734
16.1495 199.178 1.9331
26.9159 199.178 2.30208
37.6822 199.178 2.27055
48.4486 199.178 2.05226
59.215 199.178 1.84871
69.9813 199.178 1.23742
5.38318 209.944 0.590664
16.1495 209.944 1.09404
26.9159 209.944 1.27923
37.6822 209.944 1.19087
48.4486 209.944 0.977707
59.215 209.944 0.892203
69.9813 209.944 0.681276
