26 26
0 6 72 40
0 0 72 72
0 0 72 82
0 0 72 144
0 0 72 216
5.38318 5.38318 0.79702
16.1495 5.38318 1.33202
26.9159 5.38318 1.68938
37.6822 5.38318 1.62385
48.4486 5.38318 1.25588
59.215 5.38318 0.808951
69.9813 5.38318 0.438617
5.38318 16.1495 1.37078
16.1495 16.1495 2.60547
26.9159 16.1495 3.3982
37.6822 16.1495 3.263
48.4486 16.1495 2.49548
59.215 16.1495 1.72556
69.9813 16.1495 0.990127
5.38318 26.9159 1.732
16.1495 26.9159 3.48908
26.9159 26.9159 4.38612
37.6822 26.9159 4.13052
48.4486 26.9159 3.02303
59.215 26.9159 2.11488
69.9813 26.9159 1.29057
5.38318 37.6822 1.58493
16.1495 37.6822 3.30212
26.9159 37.6822 4.03549
37.6822 37.6822 3.6843
48.4486 37.6822 2.64085
59.215 37.6822 2.01115
69.9813 37.6822 1.34662
5.38318 48.4486 1.33119
16.1495 48.4486 2.4973
26.9159 48.4486 2.83611
37.6822 48.4486 2.52112
48.4486 48.4486 1.75067
59.215 48.4486 1.57494
69.9813 48.4486 1.14172
5.38318 59.215 0.581295
16.1495 59.215 0.865138
26.9159 59.215 1.06615
37.6822 59.215 0.942585
48.4486 59.215 0.619221
59.215 59.215 0.819397
69.9813 59.215 0.611299
5.38318 69.9813 0.17177
16.1495 69.9813 0.0573719
26.9159 69.9813 0.240199
37.6822 69.9813 0.0561206
48.4486 69.9813 -0.123017
59.215 69.9813 0.0981426
69.9813 69.9813 0.139522
5.38318 80.7477 -0.253296
16.1495 80.7477 -0.455502
26.9159 80.7477 -0.433197
37.6822 80.7477 -0.47311
48.4486 80.7477 -0.523973
59.215 80.7477 -0.349824
69.9813 80.7477 -0.155689
5.38318 91.514 -0.475623
16.1495 91.514 -0.800257
26.9159 91.514 -0.807898
37.6822 91.514 -0.841502
48.4486 91.514 -0.806801
59.215 91.514 -0.597283
69.9813 91.514 -0.258143
5.38318 102.28 -0.553702
16.1495 102.28 -0.893912
26.9159 102.28 -0.972057
37.6822 102.28 -0.984299
48.4486 102.28 -0.946787
59.215 102.28 -0.748417
69.9813 102.28 -0.33538
5.38318 113.047 -0.574525
16.1495 113.047 -0.922258
26.9159 113.047 -1.00566
37.6822 113.047 -1.01079
48.4486 113.047 -0.959338
59.215 113.047 -0.754423
69.9813 113.047 -0.324683
5.38318 123.813 -0.559743
16.1495 123.813 -0.890308
26.9159 123.813 -0.961017
37.6822 123.813 -0.958353
48.4486 123.813 -0.903983
59.215 123.813 -0.676368
69.9813 123.813 -0.2811
5.38318 134.579 -0.504333
16.1495 134.579 -0.793964
26.9159 134.579 -0.807412
37.6822 134.579 -0.808258
48.4486 134.579 -0.754462
59.215 134.579 -0.551723
69.9813 134.579 -0.212948
5.38318 145.346 -0.39441
16.1495 145.346 -0.563132
26.9159 145.346 -0.516393
37.6822 145.346 -0.486925
48.4486 145.346 -0.458415
59.215 145.346 -0.354752
69.9813 145.346 -0.116824
5.38318 156.112 -0.212295
16.1495 156.112 -0.212998
26.9159 156.112 -0.0622078
37.6822 156.112 -0.0330508
48.4486 156.112 -0.113796
59.215 156.112 -0.15174
69.9813 156.112 -0.0153037
5.38318 166.879 -0.101616
16.1495 166.879 0.0802921
26.9159 166.879 0.647655
37.6822 166.879 0.718422
48.4486 166.879 0.439418
59.215 166.879 0.0864171
69.9813 166.879 0.128691
5.38318 177.645 -0.0428088
16.1495 177.645 0.187584
26.9159 177.645 0.672455
37.6822 177.645 0.549312
48.4486 177.645 0.183928
59.215 177.645 -0.0393095
69.9813 177.645 0.0688328
5.38318 188.411 -0.124019
16.1495 188.411 -0.140481
26.9159 188.411 -0.0228194
37.6822 188.411 -0.160352
48.4486 188.411 -0.244241
59.215 188.411 -0.209202
69.9813 188.411 -0.0147227
5.38318 199.178 -0.183966
16.1495 199.178 -0.246616
26.9159 199.178 -0.214858
37.6822 199.178 -0.334888
48.4486 199.178 -0.39678
59.215 199.178 -0.30088
69.9813 199.178 -0.0539341
5.38318 209.944 -0.158759
16.1495 209.944 -0.208726
26.9159 209.944 -0.203059
37.6822 209.944 -0.271987
48.4486 209.944 -0.291772
59.215 209.944 -0.205616
69.9813 209.944 -0.00439082
