37 188
0 168 72 40
0 144 72 72
0 134 72 82
0 72 72 144
0 0 72 216
5.38318 5.38318 0.448003
16.1495 5.38318 0.893503
26.9159 5.38318 1.24079
37.6822 5.38318 1.21904
48.4486 5.38318 1.00299
59.215 5.38318 0.641593
69.9813 5.38318 0.360804
5.38318 16.1495 0.842377
16.1495 16.1495 1.77099
26.9159 16.1495 2.37639
37.6822 16.1495 2.36121
48.4486 16.1495 2.05312
59.215 16.1495 1.47398
69.9813 16.1495 0.947412
5.38318 26.9159 1.18365
16.1495 26.9159 2.2317
26.9159 26.9159 2.79506
37.6822 26.9159 2.8166
48.4486 26.9159 2.74044
59.215 26.9159 2.17572
69.9813 26.9159 1.49131
5.38318 37.6822 2.01003
16.1495 37.6822 3.2333
26.9159 37.6822 3.4757
37.6822 37.6822 3.22648
48.4486 37.6822 3.47473
59.215 37.6822 3.16348
69.9813 37.6822 2.25454
5.38318 48.4486 2.43708
16.1495 48.4486 3.82412
26.9159 48.4486 3.92441
37.6822 48.4486 3.42274
48.4486 48.4486 3.79698
59.215 48.4486 3.64932
69.9813 48.4486 2.63055
5.38318 59.215 1.95591
16.1495 59.215 2.96378
26.9159 59.215 3.03821
37.6822 59.215 2.5668
48.4486 59.215 2.90253
59.215 59.215 2.84107
69.9813 59.215 2.08637
5.38318 69.9813 0.441646
16.1495 69.9813 0.585457
26.9159 69.9813 0.794801
37.6822 69.9813 0.484436
48.4486 69.9813 0.779179
59.215 69.9813 0.780187
69.9813 69.9813 0.746361
5.38318 80.7477 -0.191876
16.1495 80.7477 -0.296122
26.9159 80.7477 -0.260511
37.6822 80.7477 -0.303408
48.4486 80.7477 -0.28389
59.215 80.7477 -0.204827
69.9813 80.7477 -0.0213461
5.38318 91.514 -0.302557
16.1495 91.514 -0.466118
26.9159 91.514 -0.43745
37.6822 91.514 -0.445482
48.4486 91.514 -0.430642
59.215 91.514 -0.350894
69.9813 91.514 -0.146712
5.38318 102.28 -0.299458
16.1495 102.28 -0.451859
26.9159 102.28 -0.454356
37.6822 102.28 -0.440466
48.4486 102.28 -0.429693
59.215 102.28 -0.342357
69.9813 102.28 -0.152235
5.38318 113.047 -0.289515
16.1495 113.047 -0.433406
26.9159 113.047 -0.422994
37.6822 113.047 -0.410667
48.4486 113.047 -0.402167
59.215 113.047 -0.31682
69.9813 113.047 -0.141994
5.38318 123.813 -0.250605
16.1495 123.813 -0.354843
26.9159 123.813 -0.306644
37.6822 123.813 -0.275449
48.4486 123.813 -0.278982
59.215 123.813 -0.21913
69.9813 123.813 -0.0890513
5.38318 134.579 -0.167962
16.1495 134.579 -0.209343
26.9159 134.579 -0.1135
37.6822 134.579 -0.0672488
48.4486 134.579 -0.0934829
59.215 134.579 -0.0603493
69.9813 134.579 0.0168217
5.38318 145.346 -0.0938646
16.1495 145.346 -0.0460205
26.9159 145.346 0.361965
37.6822 145.346 0.558974
48.4486 145.346 0.552219
59.215 145.346 0.490469
69.9813 145.346 0.380371
5.38318 156.112 0.17707
16.1495 156.112 0.623277
26.9159 156.112 1.35408
37.6822 156.112 1.53602
48.4486 156.112 1.5251
59.215 156.112 1.19388
69.9813 156.112 0.806429
5.38318 166.879 0.491903
16.1495 166.879 1.22396
26.9159 166.879 2.25665
37.6822 166.879 2.46082
48.4486 166.879 2.43194
59.215 166.879 1.82311
69.9813 166.879 1.16592
5.38318 177.645 0.926417
16.1495 177.645 2.14377
26.9159 177.645 3.41828
37.6822 177.645 3.59375
48.4486 177.645 3.40252
59.215 177.645 2.37799
69.9813 177.645 1.46655
5.38318 188.411 1.04122
16.1495 188.411 2.41509
26.9159 188.411 3.83038
37.6822 188.411 4.05823
48.4486 188.411 3.73368
59.215 188.411 2.53643
69.9813 188.411 1.51288
5.38318 199.178 0.719973
16.1495 199.178 1.83757
26.9159 199.178 3.02285
37.6822 199.178 3.16042
48.4486 199.178 2.88695
59.215 199.178 1.96613
69.9813 199.178 1.20737
5.38318 209.944 0.320036
16.1495 209.944 0.816757
26.9159 209.944 1.40656
37.6822 209.944 1.40138
48.4486 209.944 1.28167
59.215 209.944 0.951836
69.9813 209.944 0.65513
