37 166
0 146 72 40
0 130 72 72
0 125 72 82
0 72 72 144
0 0 72 216
5.38318 5.38318 0.592262
16.1495 5.38318 0.823308
26.9159 5.38318 0.839283
37.6822 5.38318 0.832125
48.4486 5.38318 0.98278
59.215 5.38318 0.920604
69.9813 5.38318 0.658652
5.38318 16.1495 0.989685
16.1495 16.1495 1.68031
26.9159 16.1495 1.93004
37.6822 16.1495 1.95502
48.4486 16.1495 2.02734
59.215 16.1495 1.76553
69.9813 16.1495 1.24244
5.38318 26.9159 0.851582
16.1495 26.9159 1.74615
26.9159 26.9159 2.25523
37.6822 26.9159 2.45875
48.4486 26.9159 2.48967
59.215 26.9159 2.10907
69.9813 26.9159 1.42998
5.38318 37.6822 0.964541
16.1495 37.6822 2.16543
26.9159 37.6822 2.95192
37.6822 37.6822 3.29209
48.4486 37.6822 2.9106
59.215 37.6822 2.15712
69.9813 37.6822 1.29417
5.38318 48.4486 0.908229
16.1495 48.4486 2.08516
26.9159 48.4486 2.88429
37.6822 48.4486 3.11946
48.4486 48.4486 2.46237
59.215 48.4486 1.75547
69.9813 48.4486 0.922172
5.38318 59.215 0.378892
16.1495 59.215 1.04255
26.9159 59.215 1.52009
37.6822 59.215 1.52651
48.4486 59.215 0.84874
59.215 59.215 0.598228
69.9813 59.215 0.349501
5.38318 69.9813 -0.26971
16.1495 69.9813 -0.414593
26.9159 69.9813 -0.447136
37.6822 69.9813 -0.538206
48.4486 69.9813 -0.665407
59.215 69.9813 -0.442631
69.9813 69.9813 -0.200439
5.38318 80.7477 -0.497956
16.1495 80.7477 -0.827235
26.9159 80.7477 -0.917182
37.6822 80.7477 -1.0055
48.4486 80.7477 -1.0046
59.215 80.7477 -0.762764
69.9813 80.7477 -0.349075
5.38318 91.514 -0.566383
16.1495 91.514 -0.923896
26.9159 91.514 -1.04309
37.6822 91.514 -1.07366
48.4486 91.514 -1.0416
59.215 91.514 -0.820042
69.9813 91.514 -0.375131
5.38318 102.28 -0.582762
16.1495 102.28 -0.934951
26.9159 102.28 -1.02973
37.6822 102.28 -1.03735
48.4486 102.28 -0.991755
59.215 102.28 -0.783616
69.9813 102.28 -0.347204
5.38318 113.047 -0.570049
16.1495 113.047 -0.910153
26.9159 113.047 -0.979049
37.6822 113.047 -0.976408
48.4486 113.047 -0.922779
59.215 113.047 -0.708021
69.9813 113.047 -0.300305
5.38318 123.813 -0.515958
16.1495 123.813 -0.794043
26.9159 123.813 -0.756823
37.6822 123.813 -0.73394
48.4486 123.813 -0.699887
59.215 123.813 -0.529167
69.9813 123.813 -0.211661
5.38318 134.579 -0.322114
16.1495 134.579 -0.425576
26.9159 134.579 -0.266227
37.6822 134.579 -0.203681
48.4486 134.579 -0.22267
59.215 134.579 -0.191791
69.9813 134.579 -0.0427241
5.38318 145.346 -0.0187987
16.1495 145.346 0.43465
26.9159 145.346 1.22927
37.6822 145.346 1.51845
48.4486 145.346 1.26068
59.215 145.346 0.737274
69.9813 145.346 0.45693
5.38318 156.112 0.627114
16.1495 156.112 1.77209
26.9159 156.112 2.95302
37.6822 156.112 3.3247
48.4486 156.112 2.85936
59.215 156.112 1.82077
69.9813 156.112 0.9234
5.38318 166.879 1.16914
16.1495 166.879 2.62679
26.9159 166.879 4.23957
37.6822 166.879 4.63548
48.4486 166.879 3.91141
59.215 166.879 2.40562
69.9813 166.879 1.23866
5.38318 177.645 1.45468
16.1495 177.645 2.90798
26.9159 177.645 4.42506
37.6822 177.645 4.62875
48.4486 177.645 3.87275
59.215 177.645 2.46109
69.9813 177.645 1.32153
5.38318 188.411 1.69418
16.1495 188.411 2.94086
26.9159 188.411 3.82468
37.6822 188.411 3.70441
48.4486 188.411 3.19601
59.215 188.411 2.44717
69.9813 188.411 1.50776
5.38318 199.178 1.50628
16.1495 199.178 2.20323
26.9159 199.178 2.17437
37.6822 199.178 1.90216
48.4486 199.178 1.90789
59.215 199.178 2.04609
69.9813 199.178 1.51586
5.38318 209.944 0.99632
16.1495 209.944 1.44162
26.9159 209.944 1.28632
37.6822 209.944 1.11012
48.4486 209.944 1.25978
59.215 209.944 1.59488
69.9813 209.944 1.27137
