37 188
0 168 72 40
0 144 72 72
0 134 72 82
0 72 72 144
0 0 72 216
5.38318 5.38318 0.303036
16.1495 5.38318 0.24531
26.9159 5.38318 0.200696
37.6822 5.38318 0.0891578
48.4486 5.38318 -0.00688708
59.215 5.38318 0.087393
69.9813 5.38318 0.125145
5.38318 16.1495 0.557259
16.1495 16.1495 0.759959
26.9159 16.1495 0.815274
37.6822 16.1495 0.494447
48.4486 16.1495 0.242526
59.215 16.1495 0.312742
69.9813 16.1495 0.369913
5.38318 26.9159 0.616411
16.1495 26.9159 0.925016
26.9159 26.9159 0.948311
37.6822 26.9159 0.280235
48.4486 26.9159 -0.0815761
59.215 26.9159 -0.0105822
69.9813 26.9159 0.251983
5.38318 37.6822 0.942529
16.1495 37.6822 1.41463
26.9159 37.6822 1.50182
37.6822 37.6822 0.793286
48.4486 37.6822 0.417977
59.215 37.6822 0.483165
69.9813 37.6822 0.542001
5.38318 48.4486 0.771774
16.1495 48.4486 1.04369
26.9159 48.4486 1.22383
37.6822 48.4486 0.774287
48.4486 48.4486 0.745587
59.215 48.4486 0.961899
69.9813 48.4486 0.8102
5.38318 59.215 0.668144
16.1495 59.215 0.720147
26.9159 59.215 0.765508
37.6822 59.215 0.326377
48.4486 59.215 0.558501
59.215 59.215 0.997893
69.9813 59.215 0.878554
5.38318 69.9813 0.0564951
16.1495 69.9813 -0.0624173
26.9159 69.9813 -0.0232652
37.6822 69.9813 -0.10036
48.4486 69.9813 0.0905048
59.215 69.9813 0.601182
69.9813 69.9813 0.603358
5.38318 80.7477 -0.244393
16.1495 80.7477 -0.38709
26.9159 80.7477 -0.351759
37.6822 80.7477 -0.331614
48.4486 80.7477 -0.282138
59.215 80.7477 -0.140534
69.9813 80.7477 0.0169516
5.38318 91.514 -0.300671
16.1495 91.514 -0.453628
26.9159 91.514 -0.430405
37.6822 91.514 -0.414659
48.4486 91.514 -0.403712
59.215 91.514 -0.323034
69.9813 91.514 -0.145174
5.38318 102.28 -0.297115
16.1495 102.28 -0.447145
26.9159 102.28 -0.44948
37.6822 102.28 -0.434421
48.4486 102.28 -0.423236
59.215 102.28 -0.339725
69.9813 102.28 -0.154083
5.38318 113.047 -0.299149
16.1495 113.047 -0.453724
26.9159 113.047 -0.460094
37.6822 113.047 -0.445301
48.4486 113.047 -0.429745
59.215 113.047 -0.34146
69.9813 113.047 -0.152382
5.38318 123.813 -0.299019
16.1495 123.813 -0.457116
26.9159 123.813 -0.464529
37.6822 123.813 -0.450586
48.4486 123.813 -0.413967
59.215 123.813 -0.309379
69.9813 123.813 -0.128369
5.38318 134.579 -0.271138
16.1495 134.579 -0.414105
26.9159 134.579 -0.39252
37.6822 134.579 -0.370498
48.4486 134.579 -0.310329
59.215 134.579 -0.216304
69.9813 134.579 -0.0690507
5.38318 145.346 -0.169248
16.1495 145.346 -0.255318
26.9159 145.346 -0.180837
37.6822 145.346 -0.123664
48.4486 145.346 -0.0040941
59.215 145.346 0.0697128
69.9813 145.346 0.193092
5.38318 156.112 0.177957
16.1495 156.112 0.360945
26.9159 156.112 0.741453
37.6822 156.112 0.931523
48.4486 156.112 1.11063
59.215 156.112 0.840893
69.9813 156.112 0.578012
5.38318 166.879 0.916205
16.1495 166.879 1.46692
26.9159 166.879 1.96784
37.6822 166.879 2.1693
48.4486 166.879 2.20149
59.215 166.879 1.68023
69.9813 166.879 1.01622
5.38318 177.645 1.51284
16.1495 177.645 2.37935
26.9159 177.645 3.02901
37.6822 177.645 3.20353
48.4486 177.645 3.01234
59.215 177.645 2.26605
69.9813 177.645 1.30097
5.38318 188.411 1.70255
16.1495 188.411 2.66512
26.9159 188.411 3.36507
37.6822 188.411 3.39028
48.4486 188.411 2.99615
59.215 188.411 2.22608
69.9813 188.411 1.27854
5.38318 199.178 1.05611
16.1495 199.178 1.78659
26.9159 199.178 2.40725
37.6822 199.178 2.36379
48.4486 199.178 1.92792
59.215 199.178 1.40032
69.9813 199.178 0.813863
5.38318 209.944 0.378638
16.1495 209.944 0.816663
26.9159 209.944 1.23213
37.6822 209.944 1.16775
48.4486 209.944 0.859086
59.215 209.944 0.52132
69.9813 209.944 0.354384
