37 188
0 168 72 40
0 144 72 72
0 134 72 82
0 72 72 144
0 0 72 216
5.38318 5.38318 0.391936
16.1495 5.38318 0.78371
26.9159 5.38318 1.21353
37.6822 5.38318 1.26531
48.4486 5.38318 1.31047
59.215 5.38318 1.13577
69.9813 5.38318 0.771721
5.38318 16.1495 0.720294
16.1495 16.1495 1.67271
26.9159 16.1495 2.49785
37.6822 16.1495 2.73434
48.4486 16.1495 2.86327
59.215 16.1495 2.46307
69.9813 16.1495 1.63374
5.38318 26.9159 0.915205
16.1495 26.9159 2.21129
26.9159 26.9159 3.5055
37.6822 26.9159 4.02017
48.4486 26.9159 4.22082
59.215 26.9159 3.62752
69.9813 26.9159 2.36512
5.38318 37.6822 1.13824
16.1495 37.6822 2.47825
26.9159 37.6822 3.84786
37.6822 37.6822 4.45261
48.4486 37.6822 4.61094
59.215 37.6822 3.86985
69.9813 37.6822 2.46213
5.38318 48.4486 1.255
16.1495 48.4486 2.3946
26.9159 48.4486 3.5771
37.6822 48.4486 3.9072
48.4486 48.4486 3.91292
59.215 48.4486 3.17374
69.9813 48.4486 1.99932
5.38318 59.215 0.872692
16.1495 59.215 1.53088
26.9159 59.215 2.26847
37.6822 59.215 2.17678
48.4486 59.215 2.0125
59.215 59.215 1.61806
69.9813 59.215 1.07917
5.38318 69.9813 0.293768
16.1495 69.9813 0.601646
26.9159 69.9813 1.00994
37.6822 69.9813 0.842878
48.4486 69.9813 0.641657
59.215 69.9813 0.634119
69.9813 69.9813 0.558869
5.38318 80.7477 -0.211094
16.1495 80.7477 -0.281557
26.9159 80.7477 -0.298669
37.6822 80.7477 -0.294181
48.4486 80.7477 -0.376645
59.215 80.7477 -0.20613
69.9813 80.7477 -0.0218163
5.38318 91.514 -0.503507
16.1495 91.514 -0.803848
26.9159 91.514 -0.89185
37.6822 91.514 -0.87733
48.4486 91.514 -0.862676
59.215 91.514 -0.597954
69.9813 91.514 -0.239834
5.38318 102.28 -0.569762
16.1495 102.28 -0.914934
26.9159 102.28 -1.00602
37.6822 102.28 -0.990954
48.4486 102.28 -0.933885
59.215 102.28 -0.683758
69.9813 102.28 -0.281143
5.38318 113.047 -0.574864
16.1495 113.047 -0.919568
26.9159 113.047 -0.994127
37.6822 113.047 -0.994912
48.4486 113.047 -0.948112
59.215 113.047 -0.746831
69.9813 113.047 -0.325297
5.38318 123.813 -0.471747
16.1495 123.813 -0.730972
26.9159 123.813 -0.692604
37.6822 123.813 -0.710055
48.4486 123.813 -0.763371
59.215 123.813 -0.622127
69.9813 123.813 -0.292509
5.38318 134.579 -0.105965
16.1495 134.579 -0.13228
26.9159 134.579 0.0228584
37.6822 134.579 -0.0327197
48.4486 134.579 -0.335161
59.215 134.579 -0.378544
69.9813 134.579 -0.217558
5.38318 145.346 0.974716
16.1495 145.346 1.58529
26.9159 145.346 2.11489
37.6822 145.346 2.03093
48.4486 145.346 0.912483
59.215 145.346 0.220731
69.9813 145.346 -0.046013
5.38318 156.112 1.80479
16.1495 156.112 2.83356
26.9159 156.112 3.35673
37.6822 156.112 3.24231
48.4486 156.112 2.22279
59.215 156.112 1.31489
69.9813 156.112 0.547181
5.38318 166.879 1.97507
16.1495 166.879 3.15927
26.9159 166.879 3.80307
37.6822 166.879 3.77411
48.4486 166.879 3.04971
59.215 166.879 2.19565
69.9813 166.879 1.21201
5.38318 177.645 1.55869
16.1495 177.645 2.9045
26.9159 177.645 3.88095
37.6822 177.645 4.23333
48.4486 177.645 3.93529
59.215 177.645 3.0869
69.9813 177.645 1.88072
5.38318 188.411 1.15288
16.1495 188.411 2.56479
26.9159 188.411 4.07818
37.6822 188.411 4.81558
48.4486 188.411 4.60894
59.215 188.411 3.52318
69.9813 188.411 2.08984
5.38318 199.178 1.02906
16.1495 199.178 2.40617
26.9159 199.178 3.73702
37.6822 199.178 4.28734
48.4486 199.178 3.83739
59.215 199.178 2.85201
69.9813 199.178 1.65084
5.38318 209.944 0.45416
16.1495 209.944 1.06723
26.9159 209.944 1.60984
37.6822 209.944 1.84769
48.4486 209.944 1.66952
59.215 209.944 1.40474
69.9813 209.944 0.887596
