37 188
0 168 72 40
0 144 72 72
0 134 72 82
0 72 72 144
0 0 72 216
5.38318 5.38318 0.635196
16.1495 5.38318 1.07411
26.9159 5.38318 1.25415
37.6822 5.38318 1.21228
48.4486 5.38318 1.04488
59.215 5.38318 0.847202
69.9813 5.38318 0.554695
5.38318 16.1495 1.23461
16.1495 16.1495 2.05587
26.9159 16.1495 2.32203
37.6822 16.1495 2.21345
48.4486 16.1495 2.02397
59.215 16.1495 1.70903
69.9813 16.1495 1.14375
5.38318 26.9159 1.64793
16.1495 26.9159 2.52681
26.9159 26.9159 2.5834
37.6822 26.9159 2.37851
48.4486 26.9159 2.40081
59.215 26.9159 2.38068
69.9813 26.9159 1.69464
5.38318 37.6822 1.83117
16.1495 37.6822 2.58899
26.9159 37.6822 2.41666
37.6822 37.6822 2.13103
48.4486 37.6822 2.41439
59.215 37.6822 2.57387
69.9813 37.6822 1.92884
5.38318 48.4486 1.4655
16.1495 48.4486 2.10695
26.9159 48.4486 2.19003
37.6822 48.4486 2.1486
48.4486 48.4486 2.5258
59.215 48.4486 2.56766
69.9813 48.4486 1.92018
5.38318 59.215 0.776729
16.1495 59.215 1.42548
26.9159 59.215 2.02754
37.6822 59.215 2.32155
48.4486 59.215 2.56941
59.215 59.215 2.2091
69.9813 59.215 1.55372
5.38318 69.9813 0.536239
16.1495 69.9813 1.0682
26.9159 69.9813 1.94474
37.6822 69.9813 2.32049
48.4486 69.9813 2.63646
59.215 69.9813 2.16855
69.9813 69.9813 1.49909
5.38318 80.7477 0.16327
16.1495 80.7477 0.379467
26.9159 80.7477 1.00977
37.6822 80.7477 1.13885
48.4486 80.7477 1.49285
59.215 80.7477 1.30263
69.9813 80.7477 1.02434
5.38318 91.514 -0.139821
16.1495 91.514 -0.23242
26.9159 91.514 -0.151327
37.6822 91.514 -0.243493
48.4486 91.514 -0.160217
59.215 91.514 -0.0625027
69.9813 91.514 0.279484
5.38318 102.28 -0.217318
16.1495 102.28 -0.351838
26.9159 102.28 -0.3469
37.6822 102.28 -0.419181
48.4486 102.28 -0.390064
59.215 102.28 -0.280076
69.9813 102.28 -0.0772885
5.38318 113.047 -0.285649
16.1495 113.047 -0.433585
26.9159 113.047 -0.428186
37.6822 113.047 -0.432779
48.4486 113.047 -0.422405
59.215 113.047 -0.328866
69.9813 113.047 -0.142195
5.38318 123.813 -0.256066
16.1495 123.813 -0.397037
26.9159 123.813 -0.369671
37.6822 123.813 -0.372742
48.4486 123.813 -0.350272
59.215 123.813 -0.26099
69.9813 123.813 -0.101466
5.38318 134.579 -0.175198
16.1495 134.579 -0.260771
26.9159 134.579 -0.220214
37.6822 134.579 -0.231222
48.4486 134.579 -0.215195
59.215 134.579 -0.131449
69.9813 134.579 -0.0135592
5.38318 145.346 -0.100371
16.1495 145.346 -0.106629
26.9159 145.346 0.104719
37.6822 145.346 0.248828
48.4486 145.346 0.39235
59.215 145.346 0.407404
69.9813 145.346 0.357868
5.38318 156.112 0.175909
16.1495 156.112 0.593446
26.9159 156.112 1.28396
37.6822 156.112 1.53165
48.4486 156.112 1.62744
59.215 156.112 1.22321
69.9813 156.112 0.803746
5.38318 166.879 0.511088
16.1495 166.879 1.34951
26.9159 166.879 2.67576
37.6822 166.879 3.0174
48.4486 166.879 3.11968
59.215 166.879 2.097
69.9813 166.879 1.25268
5.38318 177.645 0.88812
16.1495 177.645 2.22174
26.9159 177.645 4.07032
37.6822 177.645 4.47556
48.4486 177.645 4.42738
59.215 177.645 2.77368
69.9813 177.645 1.56145
5.38318 188.411 0.924876
16.1495 188.411 2.32113
26.9159 188.411 4.25582
37.6822 188.411 4.69441
48.4486 188.411 4.53674
59.215 188.411 2.7651
69.9813 188.411 1.52619
5.38318 199.178 0.644562
16.1495 199.178 1.67429
26.9159 199.178 2.9875
37.6822 199.178 3.2849
48.4486 199.178 2.97969
59.215 199.178 1.87102
69.9813 199.178 1.01215
5.38318 209.944 0.293319
16.1495 209.944 0.690896
26.9159 209.944 1.14748
37.6822 209.944 1.18785
48.4486 209.944 0.925397
59.215 209.944 0.654807
69.9813 209.944 0.376114
