48 37
0 17 72 40
0 1 72 72
0 0 72 82
0 0 72 144
0 0 72 216
5.38318 5.38318 0.562722
16.1495 5.38318 0.922185
26.9159 5.38318 1.1725
37.6822 5.38318 1.3081
48.4486 5.38318 1.30642
59.215 5.38318 1.09452
69.9813 5.38318 0.699031
5.38318 16.1495 0.983081
16.1495 16.1495 1.88616
26.9159 16.1495 2.45507
37.6822 16.1495 2.7718
48.4486 16.1495 2.73014
59.215 16.1495 2.22837
69.9813 16.1495 1.38845
5.38318 26.9159 1.16307
16.1495 26.9159 2.30344
26.9159 26.9159 3.21428
37.6822 26.9159 3.76677
48.4486 26.9159 3.74423
59.215 26.9159 3.02659
69.9813 26.9159 1.83687
5.38318 37.6822 1.16016
16.1495 37.6822 2.35337
26.9159 37.6822 3.53644
37.6822 37.6822 4.42016
48.4486 37.6822 4.42154
59.215 37.6822 3.48125
69.9813 37.6822 1.9589
5.38318 48.4486 1.14959
16.1495 48.4486 2.08175
26.9159 48.4486 3.15069
37.6822 48.4486 3.97162
48.4486 48.4486 4.03769
59.215 48.4486 3.1482
69.9813 48.4486 1.7212
5.38318 59.215 1.00018
16.1495 59.215 1.64243
26.9159 59.215 2.11084
37.6822 59.215 2.32755
48.4486 59.215 2.23554
59.215 59.215 1.84758
69.9813 59.215 1.11636
5.38318 69.9813 0.805705
16.1495 69.9813 1.19904
26.9159 69.9813 1.16447
37.6822 69.9813 0.871724
48.4486 69.9813 0.604051
59.215 69.9813 0.57971
69.9813 69.9813 0.507809
5.38318 80.7477 0.0215169
16.1495 80.7477 0.160643
26.9159 80.7477 0.177773
37.6822 80.7477 0.012472
48.4486 80.7477 -0.112226
59.215 80.7477 -0.0349741
69.9813 80.7477 0.157928
5.38318 91.514 -0.257991
16.1495 91.514 -0.347538
26.9159 91.514 -0.311334
37.6822 91.514 -0.312799
48.4486 91.514 -0.366674
59.215 91.514 -0.293421
69.9813 91.514 -0.119024
5.38318 102.28 -0.30689
16.1495 102.28 -0.43339
26.9159 102.28 -0.344188
37.6822 102.28 -0.306692
48.4486 102.28 -0.316251
59.215 102.28 -0.26565
69.9813 102.28 -0.115555
5.38318 113.047 -0.301071
16.1495 113.047 -0.451382
26.9159 113.047 -0.434958
37.6822 113.047 -0.399403
48.4486 113.047 -0.359421
59.215 113.047 -0.267617
69.9813 113.047 -0.107863
5.38318 123.813 -0.296683
16.1495 123.813 -0.428542
26.9159 123.813 -0.333566
37.6822 123.813 -0.190074
48.4486 123.813 -0.0796825
59.215 123.813 0.0210349
69.9813 123.813 0.189905
5.38318 134.579 -0.293906
16.1495 134.579 -0.353559
26.9159 134.579 -0.129905
37.6822 134.579 0.479465
48.4486 134.579 0.929775
59.215 134.579 1.021
69.9813 134.579 0.790143
5.38318 145.346 -0.230368
16.1495 145.346 -0.179542
26.9159 145.346 0.361693
37.6822 145.346 1.58355
48.4486 145.346 2.31887
59.215 145.346 2.37174
69.9813 145.346 1.61045
5.38318 156.112 -0.126077
16.1495 156.112 0.0120233
26.9159 156.112 0.855633
37.6822 156.112 2.26693
48.4486 156.112 3.24852
59.215 156.112 3.33003
69.9813 156.112 2.23732
5.38318 166.879 0.121094
16.1495 166.879 0.441423
26.9159 166.879 1.13518
37.6822 166.879 2.27511
48.4486 166.879 3.20359
59.215 166.879 3.30821
69.9813 166.879 2.24652
5.38318 177.645 0.454113
16.1495 177.645 0.796379
26.9159 177.645 1.22354
37.6822 177.645 1.62281
48.4486 177.645 2.21904
59.215 177.645 2.33723
69.9813 177.645 1.67633
5.38318 188.411 0.714654
16.1495 188.411 0.925387
26.9159 188.411 1.10086
37.6822 188.411 0.848457
48.4486 188.411 1.18778
59.215 188.411 1.39377
69.9813 188.411 1.18049
5.38318 199.178 0.790161
16.1495 199.178 0.830686
26.9159 199.178 0.786519
37.6822 199.178 0.362208
48.4486 199.178 0.655839
59.215 199.178 0.971031
69.9813 199.178 0.942659
5.38318 209.944 0.630119
16.1495 209.944 0.683172
26.9159 209.944 0.623589
37.6822 209.944 0.271885
48.4486 209.944 0.305185
59.215 209.944 0.477413
69.9813 209.944 0.498208
