48 37
0 17 72 40
0 1 72 72
0 0 72 82
0 0 72 144
0 0 72 216
5.38318 5.38318 0.173712
16.1495 5.38318 0.384066
26.9159 5.38318 1.00435
37.6822 5.38318 1.41354
48.4486 5.38318 1.46696
59.215 5.38318 1.16511
69.9813 5.38318 0.715494
5.38318 16.1495 0.417899
16.1495 16.1495 1.03289
26.9159 16.1495 2.25505
37.6822 16.1495 3.08799
48.4486 16.1495 3.27328
59.215 16.1495 2.57815
69.9813 16.1495 1.52283
5.38318 26.9159 0.526119
16.1495 26.9159 1.42733
26.9159 26.9159 3.04502
37.6822 26.9159 4.34541
48.4486 26.9159 4.59492
59.215 26.9159 3.6094
69.9813 26.9159 2.05576
5.38318 37.6822 1.1029
16.1495 37.6822 2.08609
26.9159 37.6822 3.50253
37.6822 37.6822 4.61627
48.4486 37.6822 4.78336
59.215 37.6822 3.72102
69.9813 37.6822 2.07412
5.38318 48.4486 1.29598
16.1495 48.4486 2.24769
26.9159 48.4486 3.159
37.6822 48.4486 3.69119
48.4486 48.4486 3.52092
59.215 48.4486 2.77889
69.9813 48.4486 1.55378
5.38318 59.215 1.1351
16.1495 59.215 1.81915
26.9159 59.215 2.27715
37.6822 59.215 2.20577
48.4486 59.215 2.0747
59.215 59.215 1.84794
69.9813 59.215 1.19686
5.38318 69.9813 0.326442
16.1495 69.9813 0.550119
26.9159 69.9813 1.0444
37.6822 69.9813 1.0948
48.4486 69.9813 1.18688
59.215 69.9813 1.30749
69.9813 69.9813 0.918623
5.38318 80.7477 -0.169694
16.1495 80.7477 -0.282589
26.9159 80.7477 -0.127439
37.6822 80.7477 -0.119421
48.4486 80.7477 0.122735
59.215 80.7477 0.504403
69.9813 80.7477 0.559929
5.38318 91.514 -0.484369
16.1495 91.514 -0.806154
26.9159 91.514 -0.840087
37.6822 91.514 -0.825994
48.4486 91.514 -0.713423
59.215 91.514 -0.447415
69.9813 91.514 -0.143118
5.38318 102.28 -0.564822
16.1495 102.28 -0.915699
26.9159 102.28 -1.00211
37.6822 102.28 -1.00021
48.4486 102.28 -0.931897
59.215 102.28 -0.680177
69.9813 102.28 -0.273322
5.38318 113.047 -0.564989
16.1495 113.047 -0.906424
26.9159 113.047 -0.990743
37.6822 113.047 -0.99833
48.4486 113.047 -0.949475
59.215 113.047 -0.743172
69.9813 113.047 -0.317583
5.38318 123.813 -0.457574
16.1495 123.813 -0.721909
26.9159 123.813 -0.746995
37.6822 123.813 -0.791348
48.4486 123.813 -0.797458
59.215 123.813 -0.615783
69.9813 123.813 -0.25967
5.38318 134.579 -0.205042
16.1495 134.579 -0.305081
26.9159 134.579 -0.245676
37.6822 134.579 -0.304335
48.4486 134.579 -0.384555
59.215 134.579 -0.342231
69.9813 134.579 -0.13073
5.38318 145.346 0.492255
16.1495 145.346 1.04816
26.9159 145.346 1.59499
37.6822 145.346 1.4873
48.4486 145.346 1.00801
59.215 145.346 0.480683
69.9813 145.346 0.299891
5.38318 156.112 1.06359
16.1495 156.112 2.04757
26.9159 156.112 3.10031
37.6822 156.112 3.15518
48.4486 156.112 2.62235
59.215 156.112 1.57293
69.9813 156.112 0.777615
5.38318 166.879 1.23505
16.1495 166.879 2.61413
26.9159 166.879 4.31631
37.6822 166.879 4.54102
48.4486 166.879 3.77715
59.215 166.879 2.23357
69.9813 166.879 1.06282
5.38318 177.645 0.842649
16.1495 177.645 2.08868
26.9159 177.645 3.97729
37.6822 177.645 4.33061
48.4486 177.645 3.66544
59.215 177.645 2.07715
69.9813 177.645 0.982217
5.38318 188.411 0.749288
16.1495 188.411 1.87482
26.9159 188.411 3.37791
37.6822 188.411 3.44805
48.4486 188.411 2.7381
59.215 188.411 1.37363
69.9813 188.411 0.679403
5.38318 199.178 0.375367
16.1495 199.178 0.936913
26.9159 199.178 1.63874
37.6822 199.178 1.60797
48.4486 199.178 1.40497
59.215 199.178 0.831679
69.9813 199.178 0.698448
5.38318 209.944 0.196038
16.1495 209.944 0.51276
26.9159 209.944 0.786987
37.6822 209.944 0.749346
48.4486 209.944 0.785554
59.215 209.944 0.678058
69.9813 209.944 0.64935
