37 188
0 168 72 40
0 144 72 72
0 134 72 82
0 72 72 144
0 0 72 216
5.38318 5.38318 0.0215769
16.1495 5.38318 -0.0277422
26.9159 5.38318 0.239855
37.6822 5.38318 0.142273
48.4486 5.38318 0.0433613
59.215 5.38318 -0.00572477
69.9813 5.38318 0.0423709
5.38318 16.1495 -0.0249286
16.1495 16.1495 -0.00555027
26.9159 16.1495 0.466306
37.6822 16.1495 0.251146
48.4486 16.1495 0.147195
59.215 16.1495 0.15859
69.9813 16.1495 0.290579
5.38318 26.9159 -0.166666
16.1495 26.9159 -0.233778
26.9159 26.9159 -0.15532
37.6822 26.9159 -0.248826
48.4486 26.9159 -0.244104
59.215 26.9159 -0.0997881
69.9813 26.9159 0.191927
5.38318 37.6822 0.11778
16.1495 37.6822 0.161459
26.9159 37.6822 0.106056
37.6822 37.6822 -0.0458176
48.4486 37.6822 0.157185
59.215 37.6822 0.631079
69.9813 37.6822 0.713111
5.38318 48.4486 0.660289
16.1495 48.4486 0.934954
26.9159 48.4486 0.937932
37.6822 48.4486 0.851566
48.4486 48.4486 1.28286
59.215 48.4486 1.67978
69.9813 48.4486 1.31647
5.38318 59.215 0.775438
16.1495 59.215 1.08985
26.9159 59.215 1.44035
37.6822 59.215 1.36053
48.4486 59.215 1.94455
59.215 59.215 1.96529
69.9813 59.215 1.48562
5.38318 69.9813 0.290902
16.1495 69.9813 0.487752
26.9159 69.9813 1.04966
37.6822 69.9813 1.11761
48.4486 69.9813 1.59873
59.215 69.9813 1.50536
69.9813 69.9813 1.16632
5.38318 80.7477 -0.239261
16.1495 80.7477 -0.361763
26.9159 80.7477 -0.190813
37.6822 80.7477 -0.213606
48.4486 80.7477 -0.0399769
59.215 80.7477 -0.0730666
69.9813 80.7477 0.248875
5.38318 91.514 -0.473379
16.1495 91.514 -0.779421
26.9159 91.514 -0.792947
37.6822 91.514 -0.871719
48.4486 91.514 -0.786532
59.215 91.514 -0.620878
69.9813 91.514 -0.222154
5.38318 102.28 -0.549586
16.1495 102.28 -0.896571
26.9159 102.28 -0.995802
37.6822 102.28 -1.02361
48.4486 102.28 -0.96094
59.215 102.28 -0.75142
69.9813 102.28 -0.303227
5.38318 113.047 -0.573065
16.1495 113.047 -0.913418
26.9159 113.047 -0.986501
37.6822 113.047 -0.987463
48.4486 113.047 -0.933863
59.215 113.047 -0.724563
69.9813 113.047 -0.306873
5.38318 123.813 -0.532788
16.1495 123.813 -0.831485
26.9159 123.813 -0.788308
37.6822 123.813 -0.783679
48.4486 123.813 -0.724702
59.215 123.813 -0.577512
69.9813 123.813 -0.236183
5.38318 134.579 -0.417858
16.1495 134.579 -0.593392
26.9159 134.579 -0.363648
37.6822 134.579 -0.371248
48.4486 134.579 -0.325609
59.215 134.579 -0.349582
69.9813 134.579 -0.120414
5.38318 145.346 -0.257781
16.1495 145.346 -0.254036
26.9159 145.346 0.476406
37.6822 145.346 0.474281
48.4486 145.346 0.521036
59.215 145.346 -0.0433526
69.9813 145.346 0.0884111
5.38318 156.112 -0.0566074
16.1495 156.112 0.497121
26.9159 156.112 1.81307
37.6822 156.112 1.921
48.4486 156.112 1.62346
59.215 156.112 0.605452
69.9813 156.112 0.423945
5.38318 166.879 0.240785
16.1495 166.879 1.13135
26.9159 166.879 2.52466
37.6822 166.879 2.67691
48.4486 166.879 2.21065
59.215 166.879 1.00403
69.9813 166.879 0.577549
5.38318 177.645 0.659141
16.1495 177.645 1.90913
26.9159 177.645 3.5085
37.6822 177.645 3.71315
48.4486 177.645 2.79838
59.215 177.645 1.42927
69.9813 177.645 0.692222
5.38318 188.411 0.97113
16.1495 188.411 2.52978
26.9159 188.411 4.38335
37.6822 188.411 4.67841
48.4486 188.411 3.61847
59.215 188.411 2.17942
69.9813 188.411 1.06001
5.38318 199.178 1.13735
16.1495 199.178 2.76273
26.9159 199.178 4.2332
37.6822 199.178 4.47282
48.4486 199.178 3.69572
59.215 199.178 2.36983
69.9813 199.178 1.35599
5.38318 209.944 0.856485
16.1495 209.944 1.94205
26.9159 209.944 2.50348
37.6822 209.944 2.54441
48.4486 209.944 2.26766
59.215 209.944 1.65419
69.9813 209.944 1.06863
