37 37
0 17 72 40
0 1 72 72
0 0 72 82
0 0 72 144
0 0 72 216
5.38318 5.38318 0.658626
16.1495 5.38318 1.07021
26.9159 5.38318 1.25413
37.6822 5.38318 1.28152
48.4486 5.38318 1.18109
59.215 5.38318 0.930066
69.9813 5.38318 0.587636
5.38318 16.1495 1.11835
16.1495 16.1495 2.05159
26.9159 16.1495 2.61344
37.6822 16.1495 2.73223
48.4486 16.1495 2.54062
59.215 16.1495 1.91485
69.9813 16.1495 1.22031
5.38318 26.9159 1.25903
16.1495 26.9159 2.57112
26.9159 26.9159 3.68907
37.6822 26.9159 3.9433
48.4486 26.9159 3.58494
59.215 26.9159 2.47225
69.9813 26.9159 1.48981
5.38318 37.6822 1.22262
16.1495 37.6822 2.6423
26.9159 37.6822 4.21035
37.6822 37.6822 4.46688
48.4486 37.6822 4.0116
59.215 37.6822 2.55163
69.9813 37.6822 1.48173
5.38318 48.4486 0.848827
16.1495 48.4486 2.11039
26.9159 48.4486 3.70109
37.6822 48.4486 3.92653
48.4486 48.4486 3.43048
59.215 48.4486 1.99665
69.9813 48.4486 1.03656
5.38318 59.215 0.311194
16.1495 59.215 1.12186
26.9159 59.215 2.60617
37.6822 59.215 2.74369
48.4486 59.215 2.34018
59.215 59.215 1.01618
69.9813 59.215 0.488558
5.38318 69.9813 -0.192219
16.1495 69.9813 -0.0346225
26.9159 69.9813 1.10812
37.6822 69.9813 1.38172
48.4486 69.9813 0.903883
59.215 69.9813 -0.0332278
69.9813 69.9813 -0.0880399
5.38318 80.7477 -0.418562
16.1495 80.7477 -0.538557
26.9159 80.7477 -0.322101
37.6822 80.7477 -0.285389
48.4486 80.7477 -0.393881
59.215 80.7477 -0.497542
69.9813 80.7477 -0.258181
5.38318 91.514 -0.566968
16.1495 91.514 -0.900912
26.9159 91.514 -0.994586
37.6822 91.514 -1.02257
48.4486 91.514 -1.00481
59.215 91.514 -0.82482
69.9813 91.514 -0.37459
5.38318 102.28 -0.590779
16.1495 102.28 -0.950476
26.9159 102.28 -1.05351
37.6822 102.28 -1.0672
48.4486 102.28 -1.01739
59.215 102.28 -0.804348
69.9813 102.28 -0.354903
5.38318 113.047 -0.581093
16.1495 113.047 -0.931767
26.9159 113.047 -1.01654
37.6822 113.047 -1.01943
48.4486 113.047 -0.966815
59.215 113.047 -0.766035
69.9813 113.047 -0.331212
5.38318 123.813 -0.563039
16.1495 123.813 -0.897336
26.9159 123.813 -0.983719
37.6822 123.813 -0.984485
48.4486 123.813 -0.933904
59.215 123.813 -0.715983
69.9813 123.813 -0.301515
5.38318 134.579 -0.512317
16.1495 134.579 -0.798634
26.9159 134.579 -0.845298
37.6822 134.579 -0.844219
48.4486 134.579 -0.802816
59.215 134.579 -0.580451
69.9813 134.579 -0.224761
5.38318 145.346 -0.355126
16.1495 145.346 -0.49313
26.9159 145.346 -0.50616
37.6822 145.346 -0.479931
48.4486 145.346 -0.438008
59.215 145.346 -0.275217
69.9813 145.346 -0.0313106
5.38318 156.112 -0.113847
16.1495 156.112 -0.0335801
26.9159 156.112 0.187928
37.6822 156.112 0.279612
48.4486 156.112 0.343936
59.215 156.112 0.408192
69.9813 156.112 0.5249
5.38318 166.879 0.287296
16.1495 166.879 0.812585
26.9159 166.879 1.35897
37.6822 166.879 1.51798
48.4486 166.879 1.61565
59.215 166.879 1.45458
69.9813 166.879 1.1344
5.38318 177.645 0.45557
16.1495 177.645 1.03039
26.9159 177.645 1.70442
37.6822 177.645 1.91196
48.4486 177.645 2.05694
59.215 177.645 1.86549
69.9813 177.645 1.33749
5.38318 188.411 0.308783
16.1495 188.411 0.638069
26.9159 188.411 1.04734
37.6822 188.411 1.12912
48.4486 188.411 1.24336
59.215 188.411 1.31745
69.9813 188.411 1.07501
5.38318 199.178 -0.00492173
16.1495 199.178 -0.0146208
26.9159 199.178 0.0338548
37.6822 199.178 -0.0465094
48.4486 199.178 -0.0387208
59.215 199.178 0.284794
69.9813 199.178 0.513195
5.38318 209.944 -0.0689149
16.1495 209.944 -0.0996164
26.9159 209.944 -0.133609
37.6822 209.944 -0.210231
48.4486 209.944 -0.24998
59.215 209.944 -0.118596
69.9813 209.944 0.14648
