37 48
0 28 72 40
0 12 72 72
0 7 72 82
0 0 72 144
0 0 72 216
5.38318 5.38318 1.08095
16.1495 5.38318 1.37939
26.9159 5.38318 1.40742
37.6822 5.38318 1.18648
48.4486 5.38318 0.868625
59.215 5.38318 0.633587
69.9813 5.38318 0.380367
5.38318 16.1495 1.76831
16.1495 16.1495 2.58148
26.9159 16.1495 2.81471
37.6822 16.1495 2.50826
48.4486 16.1495 2.10773
59.215 16.1495 1.55682
69.9813 16.1495 0.943909
5.38318 26.9159 1.94256
16.1495 26.9159 3.19175
26.9159 26.9159 3.73433
37.6822 26.9159 3.67053
48.4486 26.9159 3.22955
59.215 26.9159 2.36147
69.9813 26.9159 1.40651
5.38318 37.6822 1.45536
16.1495 37.6822 3.10504
26.9159 37.6822 4.44205
37.6822 37.6822 5.01906
48.4486 37.6822 4.64275
59.215 37.6822 3.3214
69.9813 37.6822 1.89534
5.38318 48.4486 0.950364
16.1495 48.4486 2.75069
26.9159 48.4486 4.46094
37.6822 48.4486 5.36372
48.4486 48.4486 4.97567
59.215 48.4486 3.51221
69.9813 48.4486 1.91752
5.38318 59.215 0.807236
16.1495 59.215 2.26679
26.9159 59.215 3.47149
37.6822 59.215 3.89499
48.4486 59.215 3.50052
59.215 59.215 2.571
69.9813 59.215 1.46878
5.38318 69.9813 0.155976
16.1495 69.9813 0.604526
26.9159 69.9813 0.918296
37.6822 69.9813 0.977521
48.4486 69.9813 0.896753
59.215 69.9813 0.924846
69.9813 69.9813 0.696929
5.38318 80.7477 -0.0812698
16.1495 80.7477 -0.0627795
26.9159 80.7477 0.0373997
37.6822 80.7477 0.00102947
48.4486 80.7477 0.0905783
59.215 80.7477 0.319136
69.9813 80.7477 0.383798
5.38318 91.514 -0.227215
16.1495 91.514 -0.335957
26.9159 91.514 -0.261721
37.6822 91.514 -0.289144
48.4486 91.514 -0.271857
59.215 91.514 -0.17275
69.9813 91.514 -0.041862
5.38318 102.28 -0.238074
16.1495 102.28 -0.338938
26.9159 102.28 -0.274479
37.6822 102.28 -0.282904
48.4486 102.28 -0.297986
59.215 102.28 -0.234241
69.9813 102.28 -0.0973097
5.38318 113.047 -0.293747
16.1495 113.047 -0.438485
26.9159 113.047 -0.420806
37.6822 113.047 -0.412668
48.4486 113.047 -0.403916
59.215 113.047 -0.321891
69.9813 113.047 -0.143207
5.38318 123.813 -0.249221
16.1495 123.813 -0.361989
26.9159 123.813 -0.289092
37.6822 123.813 -0.308871
48.4486 123.813 -0.326871
59.215 123.813 -0.298848
69.9813 123.813 -0.138771
5.38318 134.579 -0.169091
16.1495 134.579 -0.21761
26.9159 134.579 -0.0881891
37.6822 134.579 -0.138257
48.4486 134.579 -0.185155
59.215 134.579 -0.240558
69.9813 134.579 -0.116018
5.38318 145.346 -0.0196827
16.1495 145.346 0.149179
26.9159 145.346 0.636045
37.6822 145.346 0.483245
48.4486 145.346 0.212978
59.215 145.346 -0.0965516
69.9813 145.346 -0.0501713
5.38318 156.112 0.0238681
16.1495 156.112 0.394864
26.9159 156.112 0.882573
37.6822 156.112 0.866981
48.4486 156.112 0.546835
59.215 156.112 0.208058
69.9813 156.112 0.146112
5.38318 166.879 -0.00220026
16.1495 166.879 0.341333
26.9159 166.879 0.720814
37.6822 166.879 0.919741
48.4486 166.879 0.745481
59.215 166.879 0.683918
69.9813 166.879 0.477286
5.38318 177.645 -0.120521
16.1495 177.645 -0.101211
26.9159 177.645 -0.0297194
37.6822 177.645 0.536298
48.4486 177.645 0.834479
59.215 177.645 1.21681
69.9813 177.645 0.921471
5.38318 188.411 -0.117872
16.1495 188.411 -0.107211
26.9159 188.411 -0.0859411
37.6822 188.411 0.510322
48.4486 188.411 1.0932
59.215 188.411 1.56035
69.9813 188.411 1.21967
5.38318 199.178 -0.0819579
16.1495 199.178 -0.0433026
26.9159 199.178 -0.00126739
37.6822 199.178 0.487939
48.4486 199.178 1.09662
59.215 199.178 1.4987
69.9813 199.178 1.23255
5.38318 209.944 5.75408e-05
16.1495 209.944 0.164771
26.9159 209.944 0.20263
37.6822 209.944 0.369847
48.4486 209.944 0.768497
59.215 209.944 1.0672
69.9813 209.944 0.927154
