37 26
0 6 72 40
0 0 72 72
0 0 72 82
0 0 72 144
0 0 72 216
5.38318 5.38318 0.401522
16.1495 5.38318 1.05597
26.9159 5.38318 1.83744
37.6822 5.38318 1.94587
48.4486 5.38318 1.36265
59.215 5.38318 0.740765
69.9813 5.38318 0.289484
5.38318 16.1495 0.731247
16.1495 16.1495 2.05112
26.9159 16.1495 3.5834
37.6822 16.1495 3.86542
48.4486 16.1495 2.80604
59.215 16.1495 1.71432
69.9813 16.1495 0.756916
5.38318 26.9159 0.809079
16.1495 26.9159 2.4635
26.9159 26.9159 4.41657
37.6822 26.9159 4.84626
48.4486 26.9159 3.59977
59.215 26.9159 2.19326
69.9813 26.9159 1.00478
5.38318 37.6822 0.988348
16.1495 37.6822 2.22199
26.9159 37.6822 3.50831
37.6822 37.6822 3.68595
48.4486 37.6822 2.89509
59.215 37.6822 2.05527
69.9813 37.6822 1.16524
5.38318 48.4486 0.749993
16.1495 48.4486 1.19009
26.9159 48.4486 1.70205
37.6822 48.4486 1.58529
48.4486 48.4486 1.39173
59.215 48.4486 1.29979
69.9813 48.4486 1.01817
5.38318 59.215 0.349599
16.1495 59.215 0.286762
26.9159 59.215 0.388877
37.6822 59.215 0.00253589
48.4486 59.215 -0.0516029
59.215 59.215 0.231165
69.9813 59.215 0.444814
5.38318 69.9813 -0.238802
16.1495 69.9813 -0.472094
26.9159 69.9813 -0.472055
37.6822 69.9813 -0.528257
48.4486 69.9813 -0.478694
59.215 69.9813 -0.268387
69.9813 69.9813 -0.0331258
5.38318 80.7477 -0.407994
16.1495 80.7477 -0.699334
26.9159 80.7477 -0.724193
37.6822 80.7477 -0.760229
48.4486 80.7477 -0.701759
59.215 80.7477 -0.453968
69.9813 80.7477 -0.142674
5.38318 91.514 -0.532339
16.1495 91.514 -0.864624
26.9159 91.514 -0.90502
37.6822 91.514 -0.929015
48.4486 91.514 -0.856112
59.215 91.514 -0.604238
69.9813 91.514 -0.234028
5.38318 102.28 -0.552994
16.1495 102.28 -0.88539
26.9159 102.28 -0.94502
37.6822 102.28 -0.946849
48.4486 102.28 -0.894342
59.215 102.28 -0.662273
69.9813 102.28 -0.271415
5.38318 113.047 -0.585969
16.1495 113.047 -0.938409
26.9159 113.047 -1.01919
37.6822 113.047 -1.01046
48.4486 113.047 -0.945113
59.215 113.047 -0.701118
69.9813 113.047 -0.288115
5.38318 123.813 -0.583334
16.1495 123.813 -0.929919
26.9159 123.813 -0.991965
37.6822 123.813 -0.93756
48.4486 123.813 -0.780771
59.215 123.813 -0.442415
69.9813 123.813 -0.114673
5.38318 134.579 -0.568593
16.1495 134.579 -0.889367
26.9159 134.579 -0.90795
37.6822 134.579 -0.696446
48.4486 134.579 -0.387397
59.215 134.579 0.0241617
69.9813 134.579 0.406173
5.38318 145.346 -0.527477
16.1495 145.346 -0.793438
26.9159 145.346 -0.637918
37.6822 145.346 -0.266427
48.4486 145.346 0.594347
59.215 145.346 1.38385
69.9813 145.346 1.19852
5.38318 156.112 -0.392923
16.1495 156.112 -0.498191
26.9159 156.112 -0.254077
37.6822 156.112 0.336875
48.4486 156.112 1.38159
59.215 156.112 1.94903
69.9813 156.112 1.5079
5.38318 166.879 -0.164043
16.1495 166.879 -0.100905
26.9159 166.879 0.369039
37.6822 166.879 0.879703
48.4486 166.879 1.54215
59.215 166.879 1.82461
69.9813 166.879 1.38858
5.38318 177.645 0.221855
16.1495 177.645 0.741139
26.9159 177.645 1.20629
37.6822 177.645 1.3203
48.4486 177.645 1.44785
59.215 177.645 1.4391
69.9813 177.645 1.03309
5.38318 188.411 0.676381
16.1495 188.411 1.43293
26.9159 188.411 1.82049
37.6822 188.411 1.75207
48.4486 188.411 1.68587
59.215 188.411 1.5298
69.9813 188.411 1.08087
5.38318 199.178 0.799355
16.1495 199.178 1.5625
26.9159 199.178 2.04401
37.6822 199.178 2.09268
48.4486 199.178 1.92545
59.215 199.178 1.66586
69.9813 199.178 1.10326
5.38318 209.944 0.581121
16.1495 209.944 1.26371
26.9159 209.944 1.82056
37.6822 209.944 1.94623
48.4486 209.944 1.65857
59.215 209.944 1.2292
69.9813 209.944 0.72438
