48 48
0 28 72 40
0 12 72 72
0 7 72 82
0 0 72 144
0 0 72 216
5.38318 5.38318 0.786642
16.1495 5.38318 1.20374
26.9159 5.38318 1.41423
37.6822 5.38318 1.35733
48.4486 5.38318 1.28051
59.215 5.38318 1.11212
69.9813 5.38318 0.744122
5.38318 16.1495 1.30648
16.1495 16.1495 2.20329
26.9159 16.1495 2.66553
37.6822 16.1495 2.57129
48.4486 16.1495 2.48656
59.215 16.1495 2.19288
69.9813 16.1495 1.5199
5.38318 26.9159 1.65774
16.1495 26.9159 2.74517
26.9159 26.9159 3.22618
37.6822 26.9159 3.13053
48.4486 26.9159 3.29374
59.215 26.9159 2.97097
69.9813 26.9159 2.12953
5.38318 37.6822 1.91287
16.1495 37.6822 3.00923
26.9159 37.6822 3.40873
37.6822 37.6822 3.34544
48.4486 37.6822 3.9444
59.215 37.6822 3.66848
69.9813 37.6822 2.60775
5.38318 48.4486 1.92784
16.1495 48.4486 3.04818
26.9159 48.4486 3.3999
37.6822 48.4486 3.3171
48.4486 48.4486 4.09438
59.215 48.4486 3.83822
69.9813 48.4486 2.71476
5.38318 59.215 1.42034
16.1495 59.215 2.21134
26.9159 59.215 2.58659
37.6822 59.215 2.57726
48.4486 59.215 3.2875
59.215 59.215 3.08895
69.9813 59.215 2.18287
5.38318 69.9813 0.127037
16.1495 69.9813 0.118638
26.9159 69.9813 0.236983
37.6822 69.9813 0.0325009
48.4486 69.9813 0.505106
59.215 69.9813 0.587199
69.9813 69.9813 0.65314
5.38318 80.7477 -0.344888
16.1495 80.7477 -0.613956
26.9159 80.7477 -0.694868
37.6822 80.7477 -0.80113
48.4486 80.7477 -0.714271
59.215 80.7477 -0.517991
69.9813 80.7477 -0.174622
5.38318 91.514 -0.550657
16.1495 91.514 -0.905419
26.9159 91.514 -1.0004
37.6822 91.514 -1.01711
48.4486 91.514 -0.953214
59.215 91.514 -0.733991
69.9813 91.514 -0.309684
5.38318 102.28 -0.588052
16.1495 102.28 -0.944461
26.9159 102.28 -1.03564
37.6822 102.28 -1.03842
48.4486 102.28 -0.983052
59.215 102.28 -0.772604
69.9813 102.28 -0.330286
5.38318 113.047 -0.584926
16.1495 113.047 -0.936685
26.9159 113.047 -1.01975
37.6822 113.047 -1.02251
48.4486 113.047 -0.969503
59.215 113.047 -0.76884
69.9813 113.047 -0.333246
5.38318 123.813 -0.568438
16.1495 123.813 -0.905589
26.9159 123.813 -0.977994
37.6822 123.813 -0.979123
48.4486 123.813 -0.933459
59.215 123.813 -0.732355
69.9813 123.813 -0.315649
5.38318 134.579 -0.545379
16.1495 134.579 -0.849511
26.9159 134.579 -0.870605
37.6822 134.579 -0.84878
48.4486 134.579 -0.812446
59.215 134.579 -0.629641
69.9813 134.579 -0.262136
5.38318 145.346 -0.48489
16.1495 145.346 -0.688489
26.9159 145.346 -0.608481
37.6822 145.346 -0.539641
48.4486 145.346 -0.537728
59.215 145.346 -0.437758
69.9813 145.346 -0.158462
5.38318 156.112 -0.434621
16.1495 156.112 -0.563342
26.9159 156.112 -0.408032
37.6822 156.112 -0.225725
48.4486 156.112 -0.212457
59.215 156.112 -0.201211
69.9813 156.112 -0.0214239
5.38318 166.879 -0.327243
16.1495 166.879 -0.393724
26.9159 166.879 -0.245596
37.6822 166.879 -0.0112887
48.4486 166.879 -0.0130683
59.215 166.879 -0.028258
69.9813 166.879 0.163431
5.38318 177.645 -0.278044
16.1495 177.645 -0.350244
26.9159 177.645 -0.234459
37.6822 177.645 -0.0468763
48.4486 177.645 -0.0454132
59.215 177.645 -0.0321298
69.9813 177.645 0.204206
5.38318 188.411 -0.183373
16.1495 188.411 -0.227266
26.9159 188.411 -0.151307
37.6822 188.411 -0.0517574
48.4486 188.411 -0.103072
59.215 188.411 -0.0716581
69.9813 188.411 0.165003
5.38318 199.178 -0.1707
16.1495 199.178 -0.196746
26.9159 199.178 -0.101257
37.6822 199.178 -0.036736
48.4486 199.178 -0.103488
59.215 199.178 -0.096081
69.9813 199.178 0.117866
5.38318 209.944 -0.107274
16.1495 209.944 -0.115334
26.9159 209.944 -0.0852276
37.6822 209.944 -0.114109
48.4486 209.944 -0.186294
59.215 209.944 -0.141541
69.9813 209.944 0.0373841
