37 37
0 17 72 40
0 1 72 72
0 0 72 82
0 0 72 144
0 0 72 216
5.38318 5.38318 0.153172
16.1495 5.38318 0.356921
26.9159 5.38318 0.75391
37.6822 5.38318 0.864659
48.4486 5.38318 0.772068
59.215 5.38318 0.425086
69.9813 5.38318 0.235573
5.38318 16.1495 0.372111
16.1495 16.1495 1.15184
26.9159 16.1495 2.05371
37.6822 16.1495 2.31422
48.4486 16.1495 2.01631
59.215 16.1495 1.26422
69.9813 16.1495 0.64712
5.38318 26.9159 0.513532
16.1495 26.9159 1.82441
26.9159 26.9159 3.43793
37.6822 26.9159 4.01899
48.4486 26.9159 3.39212
59.215 26.9159 1.96397
69.9813 26.9159 0.917937
5.38318 37.6822 0.762863
16.1495 37.6822 2.30064
26.9159 37.6822 4.24718
37.6822 37.6822 5.02188
48.4486 37.6822 4.19212
59.215 37.6822 2.43657
69.9813 37.6822 1.06972
5.38318 48.4486 0.622029
16.1495 48.4486 2.01104
26.9159 48.4486 3.79294
37.6822 48.4486 4.52198
48.4486 48.4486 3.83071
59.215 48.4486 2.27378
69.9813 48.4486 1.03966
5.38318 59.215 0.407862
16.1495 59.215 1.4925
26.9159 59.215 2.6598
37.6822 59.215 3.23373
48.4486 59.215 2.69035
59.215 59.215 1.6803
69.9813 59.215 0.782286
5.38318 69.9813 0.169043
16.1495 69.9813 1.11634
26.9159 69.9813 2.25213
37.6822 69.9813 2.87808
48.4486 69.9813 2.29068
59.215 69.9813 1.48941
69.9813 69.9813 0.58383
5.38318 80.7477 -0.107538
16.1495 80.7477 0.28865
26.9159 80.7477 1.0371
37.6822 80.7477 1.48996
48.4486 80.7477 0.856368
59.215 80.7477 0.526235
69.9813 80.7477 0.0564684
5.38318 91.514 -0.26929
16.1495 91.514 -0.337358
26.9159 91.514 -0.247127
37.6822 91.514 -0.155023
48.4486 91.514 -0.307223
59.215 91.514 -0.211509
69.9813 91.514 -0.169861
5.38318 102.28 -0.295788
16.1495 102.28 -0.441377
26.9159 102.28 -0.419925
37.6822 102.28 -0.398351
48.4486 102.28 -0.449978
59.215 102.28 -0.326316
69.9813 102.28 -0.172502
5.38318 113.047 -0.291461
16.1495 113.047 -0.443658
26.9159 113.047 -0.44515
37.6822 113.047 -0.436701
48.4486 113.047 -0.413772
59.215 113.047 -0.315187
69.9813 113.047 -0.135955
5.38318 123.813 -0.26919
16.1495 123.813 -0.419104
26.9159 123.813 -0.400151
37.6822 123.813 -0.394283
48.4486 123.813 -0.351402
59.215 123.813 -0.248303
69.9813 123.813 -0.0879874
5.38318 134.579 -0.200011
16.1495 134.579 -0.303358
26.9159 134.579 -0.253701
37.6822 134.579 -0.250863
48.4486 134.579 -0.199312
59.215 134.579 -0.112438
69.9813 134.579 0.0100187
5.38318 145.346 -0.151561
16.1495 145.346 -0.201665
26.9159 145.346 -0.0694688
37.6822 145.346 -0.0136307
48.4486 145.346 0.201349
59.215 145.346 0.340546
69.9813 145.346 0.371417
5.38318 156.112 0.0631809
16.1495 156.112 0.369483
26.9159 156.112 1.01631
37.6822 156.112 1.1169
48.4486 156.112 1.23868
59.215 156.112 1.02648
69.9813 156.112 0.786402
5.38318 166.879 0.399299
16.1495 166.879 0.927665
26.9159 166.879 1.94886
37.6822 166.879 2.03006
48.4486 166.879 2.11968
59.215 166.879 1.65401
69.9813 166.879 1.15646
5.38318 177.645 0.956321
16.1495 177.645 1.88674
26.9159 177.645 3.17103
37.6822 177.645 3.12023
48.4486 177.645 3.13028
59.215 177.645 2.24336
69.9813 177.645 1.48601
5.38318 188.411 1.17432
16.1495 188.411 2.10334
26.9159 188.411 3.45561
37.6822 188.411 3.36502
48.4486 188.411 3.37494
59.215 188.411 2.32309
69.9813 188.411 1.52968
5.38318 199.178 0.998626
16.1495 199.178 1.66883
26.9159 199.178 2.77713
37.6822 199.178 2.63467
48.4486 199.178 2.67019
59.215 199.178 1.80048
69.9813 199.178 1.22804
5.38318 209.944 0.538616
16.1495 209.944 0.761905
26.9159 209.944 1.30511
37.6822 209.944 1.05478
48.4486 209.944 1.11374
59.215 209.944 0.712124
69.9813 209.944 0.619673
