37 188
0 168 72 40
0 144 72 72
0 134 72 82
0 72 72 144
0 0 72 216
5.38318 5.38318 0.192664
16.1495 5.38318 0.234869
26.9159 5.38318 0.336991
37.6822 5.38318 0.333173
48.4486 5.38318 0.244331
59.215 5.38318 0.203727
69.9813 5.38318 0.133628
5.38318 16.1495 0.321654
16.1495 16.1495 0.554502
26.9159 16.1495 0.755343
37.6822 16.1495 0.788736
48.4486 16.1495 0.660594
59.215 16.1495 0.603752
69.9813 16.1495 0.410946
5.38318 26.9159 0.38011
16.1495 26.9159 0.656023
26.9159 26.9159 0.704794
37.6822 26.9159 0.771617
48.4486 26.9159 0.615847
59.215 26.9159 0.620597
69.9813 26.9159 0.422549
5.38318 37.6822 0.622845
16.1495 37.6822 0.924588
26.9159 37.6822 0.843892
37.6822 37.6822 0.863186
48.4486 37.6822 0.773197
59.215 37.6822 0.878583
69.9813 37.6822 0.601213
5.38318 48.4486 0.573247
16.1495 48.4486 0.827485
26.9159 48.4486 0.775563
37.6822 48.4486 0.780591
48.4486 48.4486 0.757213
59.215 48.4486 0.870832
69.9813 48.4486 0.610663
5.38318 59.215 0.272642
16.1495 59.215 0.427934
26.9159 59.215 0.554062
37.6822 59.215 0.566664
48.4486 59.215 0.575968
59.215 59.215 0.656627
69.9813 59.215 0.481715
5.38318 69.9813 0.00102309
16.1495 69.9813 0.00190394
26.9159 69.9813 0.149845
37.6822 69.9813 0.0631964
48.4486 69.9813 0.0392694
59.215 69.9813 0.138076
69.9813 69.9813 0.178101
5.38318 80.7477 -0.130222
16.1495 80.7477 -0.18722
26.9159 80.7477 -0.184821
37.6822 80.7477 -0.222899
48.4486 80.7477 -0.227883
59.215 80.7477 -0.164349
69.9813 80.7477 -0.0488011
5.38318 91.514 -0.246607
16.1495 91.514 -0.378887
26.9159 91.514 -0.408904
37.6822 91.514 -0.444747
48.4486 91.514 -0.438828
59.215 91.514 -0.351531
69.9813 91.514 -0.152586
5.38318 102.28 -0.291804
16.1495 102.28 -0.444832
26.9159 102.28 -0.458801
37.6822 102.28 -0.452944
48.4486 102.28 -0.424692
59.215 102.28 -0.333059
69.9813 102.28 -0.144279
5.38318 113.047 -0.292248
16.1495 113.047 -0.440281
26.9159 113.047 -0.436251
37.6822 113.047 -0.429181
48.4486 113.047 -0.41626
59.215 113.047 -0.330579
69.9813 113.047 -0.14741
5.38318 123.813 -0.24065
16.1495 123.813 -0.359174
26.9159 123.813 -0.335038
37.6822 123.813 -0.346919
48.4486 123.813 -0.354085
59.215 123.813 -0.275873
69.9813 123.813 -0.115167
5.38318 134.579 -0.136752
16.1495 134.579 -0.177216
26.9159 134.579 -0.125527
37.6822 134.579 -0.155287
48.4486 134.579 -0.188358
59.215 134.579 -0.142644
69.9813 134.579 -0.0433422
5.38318 145.346 -0.00879548
16.1495 145.346 0.136798
26.9159 145.346 0.352963
37.6822 145.346 0.348339
48.4486 145.346 0.278721
59.215 145.346 0.296929
69.9813 145.346 0.272703
5.38318 156.112 0.278986
16.1495 156.112 0.842221
26.9159 156.112 1.44201
37.6822 156.112 1.55507
48.4486 156.112 1.4647
59.215 156.112 1.10423
69.9813 156.112 0.731721
5.38318 166.879 0.507814
16.1495 166.879 1.36356
26.9159 166.879 2.38602
37.6822 166.879 2.50625
48.4486 166.879 2.48385
59.215 166.879 1.80785
69.9813 166.879 1.15105
5.38318 177.645 0.832708
16.1495 177.645 2.06103
26.9159 177.645 3.49555
37.6822 177.645 3.68513
48.4486 177.645 3.58532
59.215 177.645 2.36734
69.9813 177.645 1.43498
5.38318 188.411 0.940676
16.1495 188.411 2.19247
26.9159 188.411 3.8199
37.6822 188.411 4.02037
48.4486 188.411 3.83954
59.215 188.411 2.39434
69.9813 188.411 1.40932
5.38318 199.178 0.891668
16.1495 199.178 1.93581
26.9159 199.178 3.26371
37.6822 199.178 3.456
48.4486 199.178 3.05396
59.215 199.178 1.8203
69.9813 199.178 0.991065
5.38318 209.944 0.455391
16.1495 209.944 0.909178
26.9159 209.944 1.48163
37.6822 209.944 1.47587
48.4486 209.944 1.21144
59.215 209.944 0.688234
69.9813 209.944 0.381473
