48 177
0 157 72 40
0 141 72 72
0 134 72 82
0 72 72 144
0 0 72 216
5.38318 5.38318 0.0701714
16.1495 5.38318 0.0657563
26.9159 5.38318 0.374249
37.6822 5.38318 0.48932
48.4486 5.38318 0.651566
59.215 5.38318 0.569793
69.9813 5.38318 0.370253
5.38318 16.1495 0.260409
16.1495 16.1495 0.491431
26.9159 16.1495 0.962416
37.6822 16.1495 1.09414
48.4486 16.1495 1.22211
59.215 16.1495 1.08013
69.9813 16.1495 0.722401
5.38318 26.9159 0.476396
16.1495 26.9159 0.670824
26.9159 26.9159 0.871788
37.6822 26.9159 0.793815
48.4486 26.9159 0.786157
59.215 26.9159 0.813759
69.9813 26.9159 0.599391
5.38318 37.6822 1.07572
16.1495 37.6822 1.47236
26.9159 37.6822 1.23467
37.6822 37.6822 0.700063
48.4486 37.6822 0.287197
59.215 37.6822 0.39598
69.9813 37.6822 0.348828
5.38318 48.4486 1.20599
16.1495 48.4486 1.61143
26.9159 48.4486 1.30308
37.6822 48.4486 0.535048
48.4486 48.4486 -0.023204
59.215 48.4486 0.019427
69.9813 48.4486 0.124389
5.38318 59.215 0.744692
16.1495 59.215 1.08212
26.9159 59.215 0.89472
37.6822 59.215 0.456962
48.4486 59.215 0.106876
59.215 59.215 0.204941
69.9813 59.215 0.23917
5.38318 69.9813 0.0106306
16.1495 69.9813 0.0784094
26.9159 69.9813 0.0395173
37.6822 69.9813 -0.0353268
48.4486 69.9813 -0.0667542
59.215 69.9813 0.0359263
69.9813 69.9813 0.175194
5.38318 80.7477 -0.17988
16.1495 80.7477 -0.231876
26.9159 80.7477 -0.230062
37.6822 80.7477 -0.22519
48.4486 80.7477 -0.2388
59.215 80.7477 -0.161576
69.9813 80.7477 -0.0435522
5.38318 91.514 -0.252121
16.1495 91.514 -0.377003
26.9159 91.514 -0.401459
37.6822 91.514 -0.429493
48.4486 91.514 -0.430496
59.215 91.514 -0.342524
69.9813 91.514 -0.147018
5.38318 102.28 -0.29576
16.1495 102.28 -0.449203
26.9159 102.28 -0.455225
37.6822 102.28 -0.4488
48.4486 102.28 -0.420311
59.215 102.28 -0.330145
69.9813 102.28 -0.142357
5.38318 113.047 -0.295642
16.1495 113.047 -0.444266
26.9159 113.047 -0.428286
37.6822 113.047 -0.410164
48.4486 113.047 -0.385235
59.215 113.047 -0.302594
69.9813 113.047 -0.130216
5.38318 123.813 -0.264221
16.1495 123.813 -0.371202
26.9159 123.813 -0.27705
37.6822 123.813 -0.223236
48.4486 123.813 -0.174814
59.215 123.813 -0.136419
69.9813 123.813 -0.0274159
5.38318 134.579 -0.138448
16.1495 134.579 -0.120063
26.9159 134.579 0.146309
37.6822 134.579 0.408046
48.4486 134.579 0.520939
59.215 134.579 0.397597
69.9813 134.579 0.328396
5.38318 145.346 0.165165
16.1495 145.346 0.575785
26.9159 145.346 1.16604
37.6822 145.346 1.57459
48.4486 145.346 1.68193
59.215 145.346 1.34451
69.9813 145.346 0.865541
5.38318 156.112 0.666924
16.1495 156.112 1.51365
26.9159 156.112 2.26505
37.6822 156.112 2.79627
48.4486 156.112 2.90456
59.215 156.112 2.3163
69.9813 156.112 1.39248
5.38318 166.879 1.04809
16.1495 166.879 2.12294
26.9159 166.879 3.15698
37.6822 166.879 3.77465
48.4486 166.879 3.78105
59.215 166.879 2.95407
69.9813 166.879 1.72827
5.38318 177.645 1.18669
16.1495 177.645 2.3723
26.9159 177.645 3.57881
37.6822 177.645 4.34316
48.4486 177.645 4.36759
59.215 177.645 3.48802
69.9813 177.645 2.01783
5.38318 188.411 1.17097
16.1495 188.411 2.25194
26.9159 188.411 3.45934
37.6822 188.411 4.11901
48.4486 188.411 4.05919
59.215 188.411 3.15741
69.9813 188.411 1.76754
5.38318 199.178 0.922268
16.1495 199.178 1.68027
26.9159 199.178 2.46308
37.6822 199.178 2.67785
48.4486 199.178 2.57057
59.215 199.178 2.10484
69.9813 199.178 1.2341
5.38318 209.944 0.664107
16.1495 209.944 1.08873
26.9159 209.944 1.4117
37.6822 209.944 1.20219
48.4486 209.944 1.09719
59.215 209.944 0.989973
69.9813 209.944 0.70427
