37 177
0 157 72 40
0 141 72 72
0 134 72 82
0 72 72 144
0 0 72 216
5.38318 5.38318 0.314751
16.1495 5.38318 1.16956
26.9159 5.38318 2.41712
37.6822 5.38318 2.74622
48.4486 5.38318 1.8584
59.215 5.38318 0.854189
69.9813 5.38318 0.167975
5.38318 16.1495 0.420434
16.1495 16.1495 1.87102
26.9159 16.1495 4.0956
37.6822 16.1495 4.76491
48.4486 16.1495 3.42606
59.215 16.1495 1.6138
69.9813 16.1495 0.419399
5.38318 26.9159 0.26739
16.1495 26.9159 1.81437
26.9159 26.9159 4.0171
37.6822 26.9159 4.76292
48.4486 26.9159 3.41385
59.215 26.9159 1.56352
69.9813 26.9159 0.30554
5.38318 37.6822 0.260728
16.1495 37.6822 1.23113
26.9159 37.6822 2.581
37.6822 37.6822 2.97095
48.4486 37.6822 2.30491
59.215 37.6822 1.09129
69.9813 37.6822 0.321063
5.38318 48.4486 0.251473
16.1495 48.4486 0.972522
26.9159 48.4486 1.95058
37.6822 48.4486 2.18793
48.4486 48.4486 1.83218
59.215 48.4486 0.871918
69.9813 48.4486 0.393767
5.38318 59.215 0.225516
16.1495 59.215 1.0037
26.9159 59.215 2.02188
37.6822 59.215 2.37865
48.4486 59.215 2.04456
59.215 59.215 1.03795
69.9813 59.215 0.475777
5.38318 69.9813 -0.00237859
16.1495 69.9813 0.60957
26.9159 69.9813 1.56472
37.6822 69.9813 1.89346
48.4486 69.9813 1.71027
59.215 69.9813 0.744496
69.9813 69.9813 0.392334
5.38318 80.7477 -0.133627
16.1495 80.7477 0.0221505
26.9159 80.7477 0.752979
37.6822 80.7477 0.991078
48.4486 80.7477 0.895239
59.215 80.7477 0.222892
69.9813 80.7477 0.169407
5.38318 91.514 -0.237795
16.1495 91.514 -0.285907
26.9159 91.514 -0.170563
37.6822 91.514 -0.175484
48.4486 91.514 -0.176447
59.215 91.514 -0.284424
69.9813 91.514 -0.110176
5.38318 102.28 -0.294839
16.1495 102.28 -0.444244
26.9159 102.28 -0.437366
37.6822 102.28 -0.440719
48.4486 102.28 -0.428055
59.215 102.28 -0.374993
69.9813 102.28 -0.165038
5.38318 113.047 -0.288255
16.1495 113.047 -0.432901
26.9159 113.047 -0.417439
37.6822 113.047 -0.40548
48.4486 113.047 -0.394609
59.215 113.047 -0.314261
69.9813 113.047 -0.141669
5.38318 123.813 -0.175737
16.1495 123.813 -0.254374
26.9159 123.813 -0.18391
37.6822 123.813 -0.177655
48.4486 123.813 -0.181171
59.215 123.813 -0.141388
69.9813 123.813 -0.040241
5.38318 134.579 0.121201
16.1495 134.579 0.261062
26.9159 134.579 0.609908
37.6822 134.579 0.592311
48.4486 134.579 0.485425
59.215 134.579 0.336172
69.9813 134.579 0.295027
5.38318 145.346 0.860287
16.1495 145.346 1.50188
26.9159 145.346 2.13741
37.6822 145.346 2.09692
48.4486 145.346 1.91205
59.215 145.346 1.39155
69.9813 145.346 0.908498
5.38318 156.112 1.49393
16.1495 156.112 2.73677
26.9159 156.112 3.87234
37.6822 156.112 3.82349
48.4486 156.112 3.38096
59.215 156.112 2.31641
69.9813 156.112 1.38421
5.38318 166.879 1.86341
16.1495 166.879 3.72566
26.9159 166.879 5.53614
37.6822 166.879 5.6546
48.4486 166.879 4.89784
59.215 166.879 3.19846
69.9813 166.879 1.74591
5.38318 177.645 1.68026
16.1495 177.645 3.63332
26.9159 177.645 5.7545
37.6822 177.645 6.09311
48.4486 177.645 5.29134
59.215 177.645 3.36438
69.9813 177.645 1.7265
5.38318 188.411 1.21252
16.1495 188.411 2.78564
26.9159 188.411 4.53236
37.6822 188.411 4.80284
48.4486 188.411 4.13458
59.215 188.411 2.55221
69.9813 188.411 1.32708
5.38318 199.178 0.630596
16.1495 199.178 1.27799
26.9159 199.178 2.00112
37.6822 199.178 1.9048
48.4486 199.178 1.83328
59.215 199.178 1.09299
69.9813 199.178 0.83008
5.38318 209.944 0.305347
16.1495 209.944 0.585614
26.9159 209.944 0.881946
37.6822 209.944 0.677735
48.4486 209.944 0.717408
59.215 209.944 0.385192
69.9813 209.944 0.487839
