37 37
0 17 72 40
0 1 72 72
0 0 72 82
0 0 72 144
0 0 72 216
5.38318 5.38318 0.352631
16.1495 5.38318 0.534421
26.9159 5.38318 0.823735
37.6822 5.38318 0.871083
48.4486 5.38318 0.903307
59.215 5.38318 0.704381
69.9813 5.38318 0.462985
5.38318 16.1495 0.655689
16.1495 16.1495 1.35421
26.9159 16.1495 2.03244
37.6822 16.1495 2.07343
48.4486 16.1495 2.06049
59.215 16.1495 1.63269
69.9813 16.1495 1.07733
5.38318 26.9159 0.760359
16.1495 26.9159 1.74849
26.9159 26.9159 2.79921
37.6822 26.9159 2.99276
48.4486 26.9159 2.97525
59.215 26.9159 2.23498
69.9813 26.9159 1.40882
5.38318 37.6822 1.05746
16.1495 37.6822 2.33686
26.9159 37.6822 3.72448
37.6822 37.6822 3.96141
48.4486 37.6822 3.79003
59.215 37.6822 2.69384
69.9813 37.6822 1.63743
5.38318 48.4486 1.07236
16.1495 48.4486 2.32674
26.9159 48.4486 3.70887
37.6822 48.4486 3.95038
48.4486 48.4486 3.65948
59.215 48.4486 2.48532
69.9813 48.4486 1.44135
5.38318 59.215 0.575468
16.1495 59.215 1.43417
26.9159 59.215 2.47529
37.6822 59.215 2.60427
48.4486 59.215 2.32618
59.215 59.215 1.55009
69.9813 59.215 0.883639
5.38318 69.9813 -0.022447
16.1495 69.9813 0.0991489
26.9159 69.9813 0.575004
37.6822 69.9813 0.561715
48.4486 69.9813 0.435181
59.215 69.9813 0.211478
69.9813 69.9813 0.175147
5.38318 80.7477 -0.199778
16.1495 80.7477 -0.288176
26.9159 80.7477 -0.247778
37.6822 80.7477 -0.250903
48.4486 80.7477 -0.234667
59.215 80.7477 -0.210289
69.9813 80.7477 -0.0781035
5.38318 91.514 -0.288906
16.1495 91.514 -0.45663
26.9159 91.514 -0.487752
37.6822 91.514 -0.510372
48.4486 91.514 -0.461923
59.215 91.514 -0.37687
69.9813 91.514 -0.154981
5.38318 102.28 -0.296422
16.1495 102.28 -0.445513
26.9159 102.28 -0.439349
37.6822 102.28 -0.430112
48.4486 102.28 -0.40545
59.215 102.28 -0.330252
69.9813 102.28 -0.142818
5.38318 113.047 -0.282836
16.1495 113.047 -0.411892
26.9159 113.047 -0.360199
37.6822 113.047 -0.349805
48.4486 113.047 -0.356322
59.215 113.047 -0.303336
69.9813 113.047 -0.142047
5.38318 123.813 -0.19898
16.1495 123.813 -0.228894
26.9159 123.813 -0.090229
37.6822 123.813 -0.0988474
48.4486 123.813 -0.183307
59.215 123.813 -0.225763
69.9813 123.813 -0.120789
5.38318 134.579 -0.0344893
16.1495 134.579 0.363738
26.9159 134.579 0.964305
37.6822 134.579 0.905158
48.4486 134.579 0.416099
59.215 134.579 -0.0606143
69.9813 134.579 -0.0679783
5.38318 145.346 0.341814
16.1495 145.346 1.25331
26.9159 145.346 2.08404
37.6822 145.346 2.04213
48.4486 145.346 1.36385
59.215 145.346 0.466756
69.9813 145.346 0.131956
5.38318 156.112 0.752928
16.1495 156.112 1.93952
26.9159 156.112 2.92332
37.6822 156.112 2.8545
48.4486 156.112 1.96987
59.215 156.112 0.878325
69.9813 156.112 0.35765
5.38318 166.879 1.27019
16.1495 166.879 2.42629
26.9159 166.879 3.14048
37.6822 166.879 2.97607
48.4486 166.879 2.23137
59.215 166.879 1.28351
69.9813 166.879 0.64962
5.38318 177.645 1.89114
16.1495 177.645 3.01158
26.9159 177.645 3.29425
37.6822 177.645 2.88623
48.4486 177.645 2.30446
59.215 177.645 1.59746
69.9813 177.645 0.908925
5.38318 188.411 2.30956
16.1495 188.411 3.46795
26.9159 188.411 3.42502
37.6822 188.411 2.86884
48.4486 188.411 2.48225
59.215 188.411 2.04594
69.9813 188.411 1.29197
5.38318 199.178 1.72518
16.1495 199.178 2.67583
26.9159 199.178 2.74543
37.6822 199.178 2.45183
48.4486 199.178 2.43321
59.215 199.178 2.39134
69.9813 199.178 1.62227
5.38318 209.944 0.668843
16.1495 209.944 1.25717
26.9159 209.944 1.51229
37.6822 209.944 1.64893
48.4486 209.944 1.9259
59.215 209.944 2.13552
69.9813 209.944 1.56944
