37 199
0 176 72 40
0 144 72 72
0 134 72 82
0 72 72 144
0 0 72 216
5.38318 5.38318 0.46769
16.1495 5.38318 0.64857
26.9159 5.38318 0.874038
37.6822 5.38318 0.648589
48.4486 5.38318 0.545786
59.215 5.38318 0.344507
69.9813 5.38318 0.266785
5.38318 16.1495 0.85276
16.1495 16.1495 1.49302
26.9159 16.1495 1.95331
37.6822 16.1495 1.48926
48.4486 16.1495 1.22345
59.215 16.1495 0.788818
69.9813 16.1495 0.60334
5.38318 26.9159 0.898086
16.1495 26.9159 1.62143
26.9159 26.9159 2.09801
37.6822 26.9159 1.46697
48.4486 26.9159 1.07655
59.215 26.9159 0.623415
69.9813 26.9159 0.549062
5.38318 37.6822 1.06065
16.1495 37.6822 1.8128
26.9159 37.6822 2.17348
37.6822 37.6822 1.52653
48.4486 37.6822 1.08705
59.215 37.6822 0.698614
69.9813 37.6822 0.602534
5.38318 48.4486 0.827294
16.1495 48.4486 1.33036
26.9159 48.4486 1.4773
37.6822 48.4486 0.918192
48.4486 48.4486 0.719236
59.215 48.4486 0.622229
69.9813 48.4486 0.591928
5.38318 59.215 0.403061
16.1495 59.215 0.728952
26.9159 59.215 0.841235
37.6822 59.215 0.559046
48.4486 59.215 0.458366
59.215 59.215 0.404333
69.9813 59.215 0.43717
5.38318 69.9813 -0.0570689
16.1495 69.9813 -0.0273903
26.9159 69.9813 0.00390223
37.6822 69.9813 -0.00708344
48.4486 69.9813 -0.0220658
59.215 69.9813 -0.034876
69.9813 69.9813 0.128414
5.38318 80.7477 -0.230578
16.1495 80.7477 -0.281363
26.9159 80.7477 -0.258737
37.6822 80.7477 -0.204485
48.4486 80.7477 -0.240766
59.215 80.7477 -0.217386
69.9813 80.7477 -0.0894178
5.38318 91.514 -0.296957
16.1495 91.514 -0.434115
26.9159 91.514 -0.45274
37.6822 91.514 -0.415679
48.4486 91.514 -0.432241
59.215 91.514 -0.332782
69.9813 91.514 -0.160954
5.38318 102.28 -0.304322
16.1495 102.28 -0.464356
26.9159 102.28 -0.47498
37.6822 102.28 -0.436476
48.4486 102.28 -0.43494
59.215 102.28 -0.330937
69.9813 102.28 -0.160407
5.38318 113.047 -0.297301
16.1495 113.047 -0.450008
26.9159 113.047 -0.451467
37.6822 113.047 -0.43565
48.4486 113.047 -0.416009
59.215 113.047 -0.32502
69.9813 113.047 -0.145113
5.38318 123.813 -0.270373
16.1495 123.813 -0.396391
26.9159 123.813 -0.35353
37.6822 123.813 -0.334096
48.4486 123.813 -0.31812
59.215 123.813 -0.248901
69.9813 123.813 -0.0993276
5.38318 134.579 -0.198589
16.1495 134.579 -0.238179
26.9159 134.579 -0.121223
37.6822 134.579 -0.0600158
48.4486 134.579 -0.0800315
59.215 134.579 -0.0663197
69.9813 134.579 -0.00551826
5.38318 145.346 -0.102914
16.1495 145.346 -0.004929
26.9159 145.346 0.563348
37.6822 145.346 0.804991
48.4486 145.346 0.651356
59.215 145.346 0.475663
69.9813 145.346 0.290792
5.38318 156.112 0.102284
16.1495 156.112 0.718268
26.9159 156.112 1.76038
37.6822 156.112 2.0209
48.4486 156.112 1.70121
59.215 156.112 1.15832
69.9813 156.112 0.628167
5.38318 166.879 0.405709
16.1495 166.879 1.32488
26.9159 166.879 2.68281
37.6822 166.879 2.97371
48.4486 166.879 2.57321
59.215 166.879 1.66595
69.9813 166.879 0.926611
5.38318 177.645 0.876525
16.1495 177.645 1.99078
26.9159 177.645 3.84335
37.6822 177.645 4.08612
48.4486 177.645 3.61106
59.215 177.645 2.15642
69.9813 177.645 1.16636
5.38318 188.411 0.97903
16.1495 188.411 2.28154
26.9159 188.411 4.50282
37.6822 188.411 4.8888
48.4486 188.411 4.29653
59.215 188.411 2.42828
69.9813 188.411 1.23654
5.38318 199.178 0.99023
16.1495 199.178 2.29789
26.9159 199.178 4.54352
37.6822 199.178 4.97674
48.4486 199.178 4.26605
59.215 199.178 2.31177
69.9813 199.178 1.08272
5.38318 209.944 0.526295
16.1495 209.944 1.28579
26.9159 209.944 2.66916
37.6822 209.944 2.94855
48.4486 209.944 2.40386
59.215 209.944 1.2603
69.9813 209.944 0.56202
