37 166
0 146 72 40
0 130 72 72
0 125 72 82
0 72 72 144
0 0 72 216
5.38318 5.38318 0.809622
16.1495 5.38318 1.41133
26.9159 5.38318 1.74794
37.6822 5.38318 1.70758
48.4486 5.38318 1.56437
59.215 5.38318 1.1358
69.9813 5.38318 0.68082
5.38318 16.1495 1.40788
16.1495 16.1495 2.6065
26.9159 16.1495 3.28948
37.6822 16.1495 3.37922
48.4486 16.1495 3.09404
59.215 16.1495 2.25121
69.9813 16.1495 1.32842
5.38318 26.9159 1.62353
16.1495 26.9159 3.07926
26.9159 26.9159 4.03342
37.6822 26.9159 4.236
48.4486 26.9159 3.74517
59.215 26.9159 2.76193
69.9813 26.9159 1.58403
5.38318 37.6822 1.4851
16.1495 37.6822 2.82421
26.9159 37.6822 3.86388
37.6822 37.6822 4.12961
48.4486 37.6822 3.53788
59.215 37.6822 2.60408
69.9813 37.6822 1.48712
5.38318 48.4486 1.17119
16.1495 48.4486 2.30411
26.9159 48.4486 3.23294
37.6822 48.4486 3.40507
48.4486 48.4486 2.75462
59.215 48.4486 2.0594
69.9813 48.4486 1.13341
5.38318 59.215 0.423828
16.1495 59.215 1.01749
26.9159 59.215 1.48582
37.6822 59.215 1.58871
48.4486 59.215 1.17949
59.215 59.215 1.0536
69.9813 59.215 0.732232
5.38318 69.9813 0.0214731
16.1495 69.9813 0.250112
26.9159 69.9813 0.262611
37.6822 69.9813 0.283071
48.4486 69.9813 0.0355713
59.215 69.9813 0.419286
69.9813 69.9813 0.476009
5.38318 80.7477 -0.272149
16.1495 80.7477 -0.398744
26.9159 80.7477 -0.480837
37.6822 80.7477 -0.484019
48.4486 80.7477 -0.513295
59.215 80.7477 -0.290058
69.9813 80.7477 -0.0642556
5.38318 91.514 -0.500139
16.1495 91.514 -0.800148
26.9159 91.514 -0.894637
37.6822 91.514 -0.919059
48.4486 91.514 -0.889837
59.215 91.514 -0.646216
69.9813 91.514 -0.260605
5.38318 102.28 -0.58033
16.1495 102.28 -0.935365
26.9159 102.28 -1.02576
37.6822 102.28 -1.02982
48.4486 102.28 -0.978066
59.215 102.28 -0.775686
69.9813 102.28 -0.339271
5.38318 113.047 -0.582458
16.1495 113.047 -0.926844
26.9159 113.047 -1.00652
37.6822 113.047 -1.00283
48.4486 113.047 -0.951611
59.215 113.047 -0.744453
69.9813 113.047 -0.318714
5.38318 123.813 -0.55392
16.1495 123.813 -0.8669
26.9159 123.813 -0.889776
37.6822 123.813 -0.870516
48.4486 123.813 -0.82122
59.215 123.813 -0.630766
69.9813 123.813 -0.267746
5.38318 134.579 -0.455397
16.1495 134.579 -0.606255
26.9159 134.579 -0.384933
37.6822 134.579 -0.318117
48.4486 134.579 -0.33752
59.215 134.579 -0.348043
69.9813 134.579 -0.146056
5.38318 145.346 -0.254079
16.1495 145.346 -0.112962
26.9159 145.346 1.05657
37.6822 145.346 1.48544
48.4486 145.346 1.21289
59.215 145.346 0.438358
69.9813 145.346 0.18622
5.38318 156.112 -0.00535539
16.1495 156.112 1.09748
26.9159 156.112 3.06307
37.6822 156.112 3.6929
48.4486 156.112 3.09873
59.215 156.112 1.65153
69.9813 156.112 0.663826
5.38318 166.879 0.384018
16.1495 166.879 1.98822
26.9159 166.879 4.35132
37.6822 166.879 5.22473
48.4486 166.879 4.32997
59.215 166.879 2.39223
69.9813 166.879 1.01497
5.38318 177.645 0.54636
16.1495 177.645 2.06045
26.9159 177.645 4.16036
37.6822 177.645 4.76877
48.4486 177.645 3.84217
59.215 177.645 2.10666
69.9813 177.645 0.880416
5.38318 188.411 0.653033
16.1495 188.411 1.88325
26.9159 188.411 3.19316
37.6822 188.411 3.43313
48.4486 188.411 2.77669
59.215 188.411 1.61656
69.9813 188.411 0.835444
5.38318 199.178 0.469113
16.1495 199.178 1.21873
26.9159 199.178 1.75164
37.6822 199.178 1.79386
48.4486 199.178 1.3882
59.215 199.178 0.888326
69.9813 199.178 0.598736
5.38318 209.944 0.329519
16.1495 209.944 0.834394
26.9159 209.944 1.10979
37.6822 209.944 1.14664
48.4486 209.944 0.982971
59.215 209.944 0.702117
69.9813 209.944 0.490446
