37 177
0 157 72 40
0 141 72 72
0 134 72 82
0 72 72 144
0 0 72 216
5.38318 5.38318 0.433998
16.1495 5.38318 0.655974
26.9159 5.38318 0.873706
37.6822 5.38318 0.935831
48.4486 5.38318 0.919568
59.215 5.38318 0.774162
69.9813 5.38318 0.508154
5.38318 16.1495 0.749235
16.1495 16.1495 1.33009
26.9159 16.1495 1.71798
37.6822 16.1495 1.80658
48.4486 16.1495 1.79646
59.215 16.1495 1.57763
69.9813 16.1495 1.0748
5.38318 26.9159 0.987243
16.1495 26.9159 1.74649
26.9159 26.9159 2.08429
37.6822 26.9159 2.16674
48.4486 26.9159 2.061
59.215 26.9159 1.90721
69.9813 26.9159 1.28794
5.38318 37.6822 1.07448
16.1495 37.6822 1.89348
26.9159 37.6822 2.23801
37.6822 37.6822 2.34202
48.4486 37.6822 2.21752
59.215 37.6822 2.07212
69.9813 37.6822 1.37066
5.38318 48.4486 1.02818
16.1495 48.4486 1.83978
26.9159 48.4486 2.10365
37.6822 48.4486 2.24249
48.4486 48.4486 1.96569
59.215 48.4486 1.85238
69.9813 48.4486 1.13651
5.38318 59.215 0.578433
16.1495 59.215 1.20049
26.9159 59.215 1.43065
37.6822 59.215 1.67682
48.4486 59.215 1.4517
59.215 59.215 1.50234
69.9813 59.215 0.953758
5.38318 69.9813 0.396493
16.1495 69.9813 0.774214
26.9159 69.9813 0.824048
37.6822 69.9813 0.866017
48.4486 69.9813 0.551985
59.215 69.9813 0.83263
69.9813 69.9813 0.576378
5.38318 80.7477 -0.0938221
16.1495 80.7477 -0.0426497
26.9159 80.7477 0.100363
37.6822 80.7477 0.275197
48.4486 80.7477 0.1213
59.215 80.7477 0.450355
69.9813 80.7477 0.370444
5.38318 91.514 -0.244758
16.1495 91.514 -0.336786
26.9159 91.514 -0.271767
37.6822 91.514 -0.252524
48.4486 91.514 -0.248796
59.215 91.514 -0.146515
69.9813 91.514 -0.0232306
5.38318 102.28 -0.299008
16.1495 102.28 -0.433336
26.9159 102.28 -0.358462
37.6822 102.28 -0.329362
48.4486 102.28 -0.310278
59.215 102.28 -0.239281
69.9813 102.28 -0.0937815
5.38318 113.047 -0.297601
16.1495 113.047 -0.453651
26.9159 113.047 -0.456409
37.6822 113.047 -0.443908
48.4486 113.047 -0.422509
59.215 113.047 -0.325191
69.9813 113.047 -0.139859
5.38318 123.813 -0.208973
16.1495 123.813 -0.31924
26.9159 123.813 -0.270022
37.6822 123.813 -0.251263
48.4486 123.813 -0.249698
59.215 123.813 -0.175923
69.9813 123.813 -0.0634045
5.38318 134.579 -0.0301623
16.1495 134.579 -0.04241
26.9159 134.579 0.0990175
37.6822 134.579 0.162752
48.4486 134.579 0.00949614
59.215 134.579 0.131593
69.9813 134.579 0.196449
5.38318 145.346 0.564158
16.1495 145.346 1.00903
26.9159 145.346 1.43086
37.6822 145.346 1.50455
48.4486 145.346 1.26163
59.215 145.346 1.1055
69.9813 145.346 0.733789
5.38318 156.112 1.25685
16.1495 156.112 2.20961
26.9159 156.112 2.75458
37.6822 156.112 2.62541
48.4486 156.112 2.17309
59.215 156.112 1.73244
69.9813 156.112 1.06636
5.38318 166.879 1.6817
16.1495 166.879 3.08836
26.9159 166.879 3.99591
37.6822 166.879 3.88831
48.4486 166.879 3.28186
59.215 166.879 2.3342
69.9813 166.879 1.31335
5.38318 177.645 1.68532
16.1495 177.645 3.31667
26.9159 177.645 4.63427
37.6822 177.645 4.66349
48.4486 177.645 3.87339
59.215 177.645 2.45002
69.9813 177.645 1.24975
5.38318 188.411 1.22348
16.1495 188.411 2.63393
26.9159 188.411 4.09579
37.6822 188.411 4.41586
48.4486 188.411 3.69628
59.215 188.411 2.18098
69.9813 188.411 1.02802
5.38318 199.178 0.522444
16.1495 199.178 1.43351
26.9159 199.178 2.40968
37.6822 199.178 2.55975
48.4486 199.178 2.15792
59.215 199.178 1.20171
69.9813 199.178 0.620205
5.38318 209.944 0.276053
16.1495 209.944 0.846802
26.9159 209.944 1.28958
37.6822 209.944 1.2393
48.4486 209.944 0.980752
59.215 209.944 0.499171
69.9813 209.944 0.367123
