37 177
0 157 72 40
0 141 72 72
0 134 72 82
0 72 72 144
0 0 72 216
5.38318 5.38318 -0.0323232
16.1495 5.38318 -0.0569791
26.9159 5.38318 -0.000180573
37.6822 5.38318 0.0204748
48.4486 5.38318 0.0292069
59.215 5.38318 0.0347603
69.9813 5.38318 0.0671306
5.38318 16.1495 0.0495744
16.1495 16.1495 0.323658
26.9159 16.1495 0.763915
37.6822 16.1495 0.826581
48.4486 16.1495 0.779583
59.215 16.1495 0.541573
69.9813 16.1495 0.409024
5.38318 26.9159 0.0696448
16.1495 26.9159 0.651219
26.9159 26.9159 1.53095
37.6822 26.9159 1.75851
48.4486 26.9159 1.58176
59.215 26.9159 0.893211
69.9813 26.9159 0.582163
5.38318 37.6822 0.598729
16.1495 37.6822 1.80061
26.9159 37.6822 3.05522
37.6822 37.6822 3.38113
48.4486 37.6822 3.00841
59.215 37.6822 1.85718
69.9813 37.6822 1.03608
5.38318 48.4486 0.696811
16.1495 48.4486 2.04261
26.9159 48.4486 3.41876
37.6822 48.4486 3.88297
48.4486 48.4486 3.40601
59.215 48.4486 2.09709
69.9813 48.4486 1.1017
5.38318 59.215 0.392974
16.1495 59.215 1.44124
26.9159 59.215 2.38847
37.6822 59.215 2.75451
48.4486 59.215 2.33966
59.215 59.215 1.45634
69.9813 59.215 0.75385
5.38318 69.9813 -0.075259
16.1495 69.9813 0.190298
26.9159 69.9813 0.513476
37.6822 69.9813 0.654678
48.4486 69.9813 0.264942
59.215 69.9813 0.0326477
69.9813 69.9813 -0.0142786
5.38318 80.7477 -0.214679
16.1495 80.7477 -0.259852
26.9159 80.7477 -0.269348
37.6822 80.7477 -0.248597
48.4486 80.7477 -0.358452
59.215 80.7477 -0.305962
69.9813 80.7477 -0.166683
5.38318 91.514 -0.286531
16.1495 91.514 -0.431496
26.9159 91.514 -0.457662
37.6822 91.514 -0.463013
48.4486 91.514 -0.466243
59.215 91.514 -0.389866
69.9813 91.514 -0.179946
5.38318 102.28 -0.299257
16.1495 102.28 -0.453308
26.9159 102.28 -0.462348
37.6822 102.28 -0.448094
48.4486 102.28 -0.431432
59.215 102.28 -0.346866
69.9813 102.28 -0.154359
5.38318 113.047 -0.285507
16.1495 113.047 -0.430465
26.9159 113.047 -0.415128
37.6822 113.047 -0.411667
48.4486 113.047 -0.403266
59.215 113.047 -0.32067
69.9813 113.047 -0.144696
5.38318 123.813 -0.206236
16.1495 123.813 -0.302096
26.9159 123.813 -0.238623
37.6822 123.813 -0.227313
48.4486 123.813 -0.223858
59.215 123.813 -0.173567
69.9813 123.813 -0.0620662
5.38318 134.579 -0.0107851
16.1495 134.579 0.0473494
26.9159 134.579 0.419329
37.6822 134.579 0.427361
48.4486 134.579 0.350236
59.215 134.579 0.243704
69.9813 134.579 0.232248
5.38318 145.346 0.577539
16.1495 145.346 1.13414
26.9159 145.346 1.84997
37.6822 145.346 1.90475
48.4486 145.346 1.75017
59.215 145.346 1.26345
69.9813 145.346 0.802346
5.38318 156.112 1.17894
16.1495 156.112 2.24071
26.9159 156.112 3.35902
37.6822 156.112 3.46265
48.4486 156.112 3.13546
59.215 156.112 2.17816
69.9813 156.112 1.26565
5.38318 166.879 1.52886
16.1495 166.879 3.0866
26.9159 166.879 4.7897
37.6822 166.879 5.01857
48.4486 166.879 4.46251
59.215 166.879 2.96161
69.9813 166.879 1.60698
5.38318 177.645 1.45884
16.1495 177.645 3.03877
26.9159 177.645 4.88128
37.6822 177.645 5.14532
48.4486 177.645 4.58156
59.215 177.645 2.97885
69.9813 177.645 1.56661
5.38318 188.411 1.17989
16.1495 188.411 2.49817
26.9159 188.411 4.02021
37.6822 188.411 4.10514
48.4486 188.411 3.61991
59.215 188.411 2.25785
69.9813 188.411 1.23061
5.38318 199.178 0.736805
16.1495 199.178 1.30222
26.9159 199.178 1.97862
37.6822 199.178 1.75651
48.4486 199.178 1.763
59.215 199.178 1.06691
69.9813 199.178 0.839911
5.38318 209.944 0.380892
16.1495 209.944 0.632645
26.9159 209.944 0.947775
37.6822 209.944 0.636305
48.4486 209.944 0.72781
59.215 209.944 0.383748
69.9813 209.944 0.503682
