26 26
0 6 72 40
0 0 72 72
0 0 72 82
0 0 72 144
0 0 72 216
5.38318 5.38318 0.984872
16.1495 5.38318 1.49175
26.9159 5.38318 1.77766
37.6822 5.38318 1.59821
48.4486 5.38318 1.52353
59.215 5.38318 1.21632
69.9813 5.38318 0.783585
5.38318 16.1495 1.9484
16.1495 16.1495 3.14807
26.9159 16.1495 3.60975
37.6822 16.1495 3.12519
48.4486 16.1495 2.77535
59.215 16.1495 2.25404
69.9813 16.1495 1.48327
5.38318 26.9159 2.76578
16.1495 26.9159 4.42843
26.9159 26.9159 4.83795
37.6822 26.9159 3.82044
48.4486 26.9159 3.10459
59.215 26.9159 2.41975
69.9813 26.9159 1.66141
5.38318 37.6822 2.79548
16.1495 37.6822 4.43363
26.9159 37.6822 4.66097
37.6822 37.6822 3.46312
48.4486 37.6822 2.42843
59.215 37.6822 1.61541
69.9813 37.6822 1.1217
5.38318 48.4486 2.07081
16.1495 48.4486 3.17887
26.9159 48.4486 3.48236
37.6822 48.4486 2.61815
48.4486 48.4486 1.54492
59.215 48.4486 0.524809
69.9813 48.4486 0.323005
5.38318 59.215 0.559702
16.1495 59.215 1.04063
26.9159 59.215 1.58151
37.6822 59.215 1.40647
48.4486 59.215 0.696579
59.215 59.215 -0.0693667
69.9813 59.215 -0.0811838
5.38318 69.9813 -0.132137
16.1495 69.9813 -0.0783131
26.9159 69.9813 0.369707
37.6822 69.9813 0.32381
48.4486 69.9813 -0.220379
59.215 69.9813 -0.374557
69.9813 69.9813 -0.235184
5.38318 80.7477 -0.416539
16.1495 80.7477 -0.601561
26.9159 80.7477 -0.4648
37.6822 80.7477 -0.458865
48.4486 80.7477 -0.630071
59.215 80.7477 -0.600169
69.9813 80.7477 -0.329885
5.38318 91.514 -0.565873
16.1495 91.514 -0.891696
26.9159 91.514 -0.931503
37.6822 91.514 -0.941289
48.4486 91.514 -0.957525
59.215 91.514 -0.753858
69.9813 91.514 -0.362573
5.38318 102.28 -0.561938
16.1495 102.28 -0.909841
26.9159 102.28 -1.00041
37.6822 102.28 -1.02875
48.4486 102.28 -1.00071
59.215 102.28 -0.794759
69.9813 102.28 -0.362441
5.38318 113.047 -0.560643
16.1495 113.047 -0.901669
26.9159 113.047 -0.987655
37.6822 113.047 -0.988391
48.4486 113.047 -0.929533
59.215 113.047 -0.683151
69.9813 113.047 -0.277561
5.38318 123.813 -0.375823
16.1495 123.813 -0.636646
26.9159 123.813 -0.71456
37.6822 123.813 -0.736553
48.4486 123.813 -0.655146
59.215 123.813 -0.365997
69.9813 123.813 -0.0741927
5.38318 134.579 0.0569244
16.1495 134.579 -0.0304522
26.9159 134.579 -0.150244
37.6822 134.579 -0.180601
48.4486 134.579 -0.0102172
59.215 134.579 0.634488
69.9813 134.579 0.734909
5.38318 145.346 1.26164
16.1495 145.346 1.87947
26.9159 145.346 1.56501
37.6822 145.346 1.44968
48.4486 145.346 1.80901
59.215 145.346 2.19292
69.9813 145.346 1.63797
5.38318 156.112 1.71554
16.1495 156.112 2.64221
26.9159 156.112 2.66144
37.6822 156.112 2.67481
48.4486 156.112 2.99501
59.215 156.112 3.05341
69.9813 156.112 2.15697
5.38318 166.879 1.59733
16.1495 166.879 2.72257
26.9159 166.879 3.32618
37.6822 166.879 3.63403
48.4486 166.879 3.7021
59.215 166.879 3.23
69.9813 166.879 2.05234
5.38318 177.645 1.11018
16.1495 177.645 2.28875
26.9159 177.645 3.73898
37.6822 177.645 4.18305
48.4486 177.645 3.87707
59.215 177.645 2.61928
69.9813 177.645 1.48376
5.38318 188.411 0.843412
16.1495 188.411 2.11941
26.9159 188.411 4.00458
37.6822 188.411 4.43133
48.4486 188.411 3.89963
59.215 188.411 2.35856
69.9813 188.411 1.27335
5.38318 199.178 0.531486
16.1495 199.178 1.60358
26.9159 199.178 3.09806
37.6822 199.178 3.25347
48.4486 199.178 2.69166
59.215 199.178 1.53012
69.9813 199.178 0.824129
5.38318 209.944 0.133894
16.1495 209.944 0.556325
26.9159 209.944 1.24677
37.6822 209.944 1.21148
48.4486 209.944 0.923555
59.215 209.944 0.557315
69.9813 209.944 0.462345
