37 177
0 157 72 40
0 141 72 72
0 134 72 82
0 72 72 144
0 0 72 216
5.38318 5.38318 0.535912
16.1495 5.38318 1.11771
26.9159 5.38318 1.71416
37.6822 5.38318 1.89905
48.4486 5.38318 1.5896
59.215 5.38318 1.04357
69.9813 5.38318 0.500449
5.38318 16.1495 0.824836
16.1495 16.1495 2.09436
26.9159 16.1495 3.45201
37.6822 16.1495 3.96106
48.4486 16.1495 3.35562
59.215 16.1495 2.14443
69.9813 16.1495 1.03567
5.38318 26.9159 0.917717
16.1495 26.9159 2.54798
26.9159 26.9159 4.49432
37.6822 26.9159 5.22484
48.4486 26.9159 4.34218
59.215 26.9159 2.67413
69.9813 26.9159 1.21687
5.38318 37.6822 0.80315
16.1495 37.6822 2.32626
26.9159 37.6822 4.135
37.6822 37.6822 4.74356
48.4486 37.6822 3.84889
59.215 37.6822 2.32206
69.9813 37.6822 1.03373
5.38318 48.4486 0.66499
16.1495 48.4486 1.77011
26.9159 48.4486 2.87848
37.6822 48.4486 3.05832
48.4486 48.4486 2.39341
59.215 48.4486 1.46811
69.9813 48.4486 0.765789
5.38318 59.215 0.411026
16.1495 59.215 1.03327
26.9159 59.215 1.33168
37.6822 59.215 1.34246
48.4486 59.215 0.930042
59.215 59.215 0.788567
69.9813 59.215 0.629081
5.38318 69.9813 0.0580572
16.1495 69.9813 0.368602
26.9159 69.9813 0.316489
37.6822 69.9813 0.276014
48.4486 69.9813 0.024586
59.215 69.9813 0.297298
69.9813 69.9813 0.50087
5.38318 80.7477 -0.196401
16.1495 80.7477 -0.260935
26.9159 80.7477 -0.332109
37.6822 80.7477 -0.356343
48.4486 80.7477 -0.371288
59.215 80.7477 -0.18716
69.9813 80.7477 0.128178
5.38318 91.514 -0.495241
16.1495 91.514 -0.798408
26.9159 91.514 -0.878656
37.6822 91.514 -0.880691
48.4486 91.514 -0.845381
59.215 91.514 -0.6024
69.9813 91.514 -0.233984
5.38318 102.28 -0.565284
16.1495 102.28 -0.903518
26.9159 102.28 -0.986348
37.6822 102.28 -0.978187
48.4486 102.28 -0.930252
59.215 102.28 -0.716091
69.9813 102.28 -0.309217
5.38318 113.047 -0.58137
16.1495 113.047 -0.929722
26.9159 113.047 -1.01139
37.6822 113.047 -1.0105
48.4486 113.047 -0.956467
59.215 113.047 -0.752162
69.9813 113.047 -0.322755
5.38318 123.813 -0.557457
16.1495 123.813 -0.882439
26.9159 123.813 -0.938764
37.6822 123.813 -0.933203
48.4486 123.813 -0.882631
59.215 123.813 -0.66286
69.9813 123.813 -0.277392
5.38318 134.579 -0.476687
16.1495 134.579 -0.711092
26.9159 134.579 -0.640664
37.6822 134.579 -0.632289
48.4486 134.579 -0.588859
59.215 134.579 -0.460841
69.9813 134.579 -0.169811
5.38318 145.346 -0.265662
16.1495 145.346 -0.264709
26.9159 145.346 -0.00823891
37.6822 145.346 0.180145
48.4486 145.346 0.0572225
59.215 145.346 -0.0563578
69.9813 145.346 0.0324385
5.38318 156.112 0.146151
16.1495 156.112 0.936873
26.9159 156.112 2.03821
37.6822 156.112 2.39472
48.4486 156.112 1.96722
59.215 156.112 1.07424
69.9813 156.112 0.559034
5.38318 166.879 0.714053
16.1495 166.879 2.20191
26.9159 166.879 3.86007
37.6822 166.879 4.47737
48.4486 166.879 3.59198
59.215 166.879 2.05714
69.9813 166.879 0.902715
5.38318 177.645 1.07232
16.1495 177.645 2.75192
26.9159 177.645 4.96015
37.6822 177.645 5.67201
48.4486 177.645 4.53146
59.215 177.645 2.44388
69.9813 177.645 1.04387
5.38318 188.411 1.00674
16.1495 188.411 2.56143
26.9159 188.411 4.66401
37.6822 188.411 5.08839
48.4486 188.411 3.97312
59.215 188.411 2.01699
69.9813 188.411 0.821188
5.38318 199.178 0.541816
16.1495 199.178 1.4558
26.9159 199.178 2.59172
37.6822 199.178 2.68048
48.4486 199.178 2.21604
59.215 199.178 1.00867
69.9813 199.178 0.596798
5.38318 209.944 0.253659
16.1495 209.944 0.65247
26.9159 209.944 1.04239
37.6822 209.944 0.955596
48.4486 209.944 0.812363
59.215 209.944 0.363535
69.9813 209.944 0.403701
