37 26
0 6 72 40
0 0 72 72
0 0 72 82
0 0 72 144
0 0 72 216
5.38318 5.38318 0.349628
16.1495 5.38318 0.832091
26.9159 5.38318 1.81203
37.6822 5.38318 2.04655
48.4486 5.38318 1.76239
59.215 5.38318 0.984842
69.9813 5.38318 0.429546
5.38318 16.1495 0.517082
16.1495 16.1495 1.70754
26.9159 16.1495 3.64649
37.6822 16.1495 4.20297
48.4486 16.1495 3.61946
59.215 16.1495 2.12045
69.9813 16.1495 0.969261
5.38318 26.9159 0.543737
16.1495 26.9159 2.09101
26.9159 26.9159 4.68479
37.6822 26.9159 5.39847
48.4486 26.9159 4.45545
59.215 26.9159 2.42206
69.9813 26.9159 1.00224
5.38318 37.6822 0.600029
16.1495 37.6822 2.10817
26.9159 37.6822 4.23793
37.6822 37.6822 4.65361
48.4486 37.6822 3.70918
59.215 37.6822 2.01552
69.9813 37.6822 0.89193
5.38318 48.4486 0.690378
16.1495 48.4486 1.87633
26.9159 48.4486 3.06442
37.6822 48.4486 3.19518
48.4486 48.4486 2.56958
59.215 48.4486 1.48462
69.9813 48.4486 0.843407
5.38318 59.215 0.507837
16.1495 59.215 1.33396
26.9159 59.215 2.07122
37.6822 59.215 2.16902
48.4486 59.215 1.82561
59.215 59.215 1.16521
69.9813 59.215 0.760746
5.38318 69.9813 0.0105888
16.1495 69.9813 0.428772
26.9159 69.9813 0.906939
37.6822 69.9813 0.978915
48.4486 69.9813 0.669868
59.215 69.9813 0.338373
69.9813 69.9813 0.304301
5.38318 80.7477 -0.328552
16.1495 80.7477 -0.410647
26.9159 80.7477 -0.321817
37.6822 80.7477 -0.327314
48.4486 80.7477 -0.439842
59.215 80.7477 -0.409645
69.9813 80.7477 -0.175391
5.38318 91.514 -0.535531
16.1495 91.514 -0.8383
26.9159 91.514 -0.897298
37.6822 91.514 -0.905076
48.4486 91.514 -0.921344
59.215 91.514 -0.728466
69.9813 91.514 -0.325553
5.38318 102.28 -0.584227
16.1495 102.28 -0.93538
26.9159 102.28 -1.02585
37.6822 102.28 -1.02689
48.4486 102.28 -0.982619
59.215 102.28 -0.784123
69.9813 102.28 -0.348943
5.38318 113.047 -0.574468
16.1495 113.047 -0.916919
26.9159 113.047 -0.995511
37.6822 113.047 -0.997859
48.4486 113.047 -0.951507
59.215 113.047 -0.749008
69.9813 113.047 -0.323845
5.38318 123.813 -0.539383
16.1495 123.813 -0.849215
26.9159 123.813 -0.870136
37.6822 123.813 -0.86647
48.4486 123.813 -0.805383
59.215 123.813 -0.608652
69.9813 123.813 -0.244724
5.38318 134.579 -0.409201
16.1495 134.579 -0.580459
26.9159 134.579 -0.469767
37.6822 134.579 -0.446141
48.4486 134.579 -0.399149
59.215 134.579 -0.323275
69.9813 134.579 -0.0893153
5.38318 145.346 -0.159343
16.1495 145.346 -0.0730709
26.9159 145.346 0.597796
37.6822 145.346 0.896503
48.4486 145.346 0.972702
59.215 145.346 0.576773
69.9813 145.346 0.477754
5.38318 156.112 0.403508
16.1495 156.112 1.28228
26.9159 156.112 2.48881
37.6822 156.112 2.91604
48.4486 156.112 2.7694
59.215 156.112 1.8448
69.9813 156.112 1.07617
5.38318 166.879 1.07875
16.1495 166.879 2.51036
26.9159 166.879 4.26089
37.6822 166.879 4.83603
48.4486 166.879 4.32981
59.215 166.879 2.73385
69.9813 166.879 1.43291
5.38318 177.645 1.26795
16.1495 177.645 2.85379
26.9159 177.645 4.83117
37.6822 177.645 5.30803
48.4486 177.645 4.56077
59.215 177.645 2.80497
69.9813 177.645 1.42349
5.38318 188.411 1.15875
16.1495 188.411 2.54503
26.9159 188.411 4.14168
37.6822 188.411 4.30112
48.4486 188.411 3.47832
59.215 188.411 2.11664
69.9813 188.411 1.07321
5.38318 199.178 0.587392
16.1495 199.178 1.34624
26.9159 199.178 1.93219
37.6822 199.178 1.88795
48.4486 199.178 1.44475
59.215 199.178 0.933432
69.9813 199.178 0.701985
5.38318 209.944 0.334384
16.1495 209.944 0.857402
26.9159 209.944 0.966745
37.6822 209.944 0.886812
48.4486 209.944 0.575883
59.215 209.944 0.51817
69.9813 209.944 0.501131
