26 26
0 6 72 40
0 0 72 72
0 0 72 82
0 0 72 144
0 0 72 216
5.38318 5.38318 1.02852
16.1495 5.38318 1.80983
26.9159 5.38318 2.05427
37.6822 5.38318 1.59031
48.4486 5.38318 1.12862
59.215 5.38318 0.768922
69.9813 5.38318 0.499482
5.38318 16.1495 1.57392
16.1495 16.1495 2.99511
26.9159 16.1495 3.50648
37.6822 16.1495 2.90118
48.4486 16.1495 2.16529
59.215 16.1495 1.54396
69.9813 16.1495 1.03391
5.38318 26.9159 1.6402
16.1495 26.9159 3.04761
26.9159 26.9159 3.68548
37.6822 26.9159 3.20503
48.4486 26.9159 2.59016
59.215 26.9159 1.90764
69.9813 26.9159 1.28109
5.38318 37.6822 1.28743
16.1495 37.6822 2.23445
26.9159 37.6822 2.77922
37.6822 37.6822 2.79297
48.4486 37.6822 2.70858
59.215 37.6822 2.12283
69.9813 37.6822 1.39343
5.38318 48.4486 1.08657
16.1495 48.4486 1.94577
26.9159 48.4486 2.57254
37.6822 48.4486 2.87198
48.4486 48.4486 2.98787
59.215 48.4486 2.3539
69.9813 48.4486 1.51999
5.38318 59.215 1.11263
16.1495 59.215 1.96326
26.9159 59.215 2.53154
37.6822 59.215 2.68772
48.4486 59.215 2.79961
59.215 59.215 2.23814
69.9813 59.215 1.48764
5.38318 69.9813 0.433273
16.1495 69.9813 0.863405
26.9159 69.9813 1.38509
37.6822 69.9813 1.5519
48.4486 69.9813 1.76749
59.215 69.9813 1.38454
69.9813 69.9813 1.03154
5.38318 80.7477 -0.16983
16.1495 80.7477 -0.258697
26.9159 80.7477 -0.140911
37.6822 80.7477 -0.183878
48.4486 80.7477 -0.0973313
59.215 80.7477 -0.0234436
69.9813 80.7477 0.28754
5.38318 91.514 -0.461251
16.1495 91.514 -0.734917
26.9159 91.514 -0.693862
37.6822 91.514 -0.736132
48.4486 91.514 -0.697941
59.215 91.514 -0.53389
69.9813 91.514 -0.204583
5.38318 102.28 -0.529767
16.1495 102.28 -0.83739
26.9159 102.28 -0.846362
37.6822 102.28 -0.897848
48.4486 102.28 -0.868276
59.215 102.28 -0.64375
69.9813 102.28 -0.250749
5.38318 113.047 -0.565346
16.1495 113.047 -0.897576
26.9159 113.047 -0.962203
37.6822 113.047 -0.958825
48.4486 113.047 -0.909624
59.215 113.047 -0.690541
69.9813 113.047 -0.290168
5.38318 123.813 -0.51323
16.1495 123.813 -0.778487
26.9159 123.813 -0.719977
37.6822 123.813 -0.673338
48.4486 123.813 -0.634892
59.215 123.813 -0.466377
69.9813 123.813 -0.17815
5.38318 134.579 -0.315152
16.1495 134.579 -0.423025
26.9159 134.579 -0.286907
37.6822 134.579 -0.197936
48.4486 134.579 -0.179632
59.215 134.579 -0.0484272
69.9813 134.579 0.119802
5.38318 145.346 -0.0115744
16.1495 145.346 0.394632
26.9159 145.346 1.00161
37.6822 145.346 1.435
48.4486 145.346 1.35355
59.215 145.346 1.25435
69.9813 145.346 0.814697
5.38318 156.112 0.65213
16.1495 156.112 1.49935
26.9159 156.112 2.22301
37.6822 156.112 2.56548
48.4486 156.112 2.48142
59.215 156.112 2.18516
69.9813 156.112 1.37546
5.38318 166.879 1.09229
16.1495 166.879 2.13812
26.9159 166.879 3.03977
37.6822 166.879 3.31613
48.4486 166.879 3.178
59.215 166.879 2.57847
69.9813 166.879 1.59935
5.38318 177.645 1.16016
16.1495 177.645 2.23036
26.9159 177.645 3.41262
37.6822 177.645 3.42234
48.4486 177.645 3.13489
59.215 177.645 2.25976
69.9813 177.645 1.39436
5.38318 188.411 0.870216
16.1495 188.411 1.91284
26.9159 188.411 3.28804
37.6822 188.411 3.30348
48.4486 188.411 2.89137
59.215 188.411 1.80314
69.9813 188.411 1.02512
5.38318 199.178 0.395353
16.1495 199.178 1.10823
26.9159 199.178 2.28349
37.6822 199.178 2.2111
48.4486 199.178 1.83378
59.215 199.178 0.815516
69.9813 199.178 0.488978
5.38318 209.944 -0.000102736
16.1495 209.944 0.2311
26.9159 209.944 0.75742
37.6822 209.944 0.637325
48.4486 209.944 0.41336
59.215 209.944 0.0179802
69.9813 209.944 0.137094
