48 37
0 17 72 40
0 1 72 72
0 0 72 82
0 0 72 144
0 0 72 216
5.38318 5.38318 0.616551
16.1495 5.38318 0.952287
26.9159 5.38318 1.25386
37.6822 5.38318 1.34005
48.4486 5.38318 1.42954
59.215 5.38318 1.1413
69.9813 5.38318 0.728939
5.38318 16.1495 1.11132
16.1495 16.1495 1.95881
26.9159 16.1495 2.64513
37.6822 16.1495 2.93425
48.4486 16.1495 3.08948
59.215 16.1495 2.44286
69.9813 16.1495 1.52758
5.38318 26.9159 1.31253
16.1495 26.9159 2.33011
26.9159 26.9159 3.33805
37.6822 26.9159 3.71143
48.4486 26.9159 3.91363
59.215 26.9159 3.01318
69.9813 26.9159 1.85798
5.38318 37.6822 1.59706
16.1495 37.6822 2.78431
26.9159 37.6822 3.89607
37.6822 37.6822 4.24073
48.4486 37.6822 4.29784
59.215 37.6822 3.2529
69.9813 37.6822 1.94635
5.38318 48.4486 1.66336
16.1495 48.4486 2.77151
26.9159 48.4486 3.58118
37.6822 48.4486 3.74549
48.4486 48.4486 3.76239
59.215 48.4486 2.99441
69.9813 48.4486 1.83873
5.38318 59.215 1.58539
16.1495 59.215 2.30026
26.9159 59.215 2.46906
37.6822 59.215 2.42146
48.4486 59.215 2.63669
59.215 59.215 2.52
69.9813 59.215 1.73642
5.38318 69.9813 0.912132
16.1495 69.9813 1.06826
26.9159 69.9813 0.790213
37.6822 69.9813 0.647885
48.4486 69.9813 1.03924
59.215 69.9813 1.65906
69.9813 69.9813 1.34673
5.38318 80.7477 0.0127902
16.1495 80.7477 -0.14559
26.9159 80.7477 -0.271122
37.6822 80.7477 -0.349673
48.4486 80.7477 -0.245858
59.215 80.7477 0.29533
69.9813 80.7477 0.542813
5.38318 91.514 -0.433092
16.1495 91.514 -0.760167
26.9159 91.514 -0.823212
37.6822 91.514 -0.891925
48.4486 91.514 -0.790097
59.215 91.514 -0.481018
69.9813 91.514 -0.142497
5.38318 102.28 -0.566908
16.1495 102.28 -0.928024
26.9159 102.28 -1.01595
37.6822 102.28 -1.03166
48.4486 102.28 -0.979314
59.215 102.28 -0.746593
69.9813 102.28 -0.320034
5.38318 113.047 -0.579345
16.1495 113.047 -0.92379
26.9159 113.047 -1.00069
37.6822 113.047 -0.993306
48.4486 113.047 -0.943445
59.215 113.047 -0.72207
69.9813 113.047 -0.311691
5.38318 123.813 -0.49471
16.1495 123.813 -0.716923
26.9159 123.813 -0.652146
37.6822 123.813 -0.590366
48.4486 123.813 -0.57666
59.215 123.813 -0.423281
69.9813 123.813 -0.165496
5.38318 134.579 -0.232974
16.1495 134.579 -0.21701
26.9159 134.579 -0.00252303
37.6822 134.579 0.346989
48.4486 134.579 0.264082
59.215 134.579 0.290215
69.9813 134.579 0.320403
5.38318 145.346 0.348467
16.1495 145.346 1.18808
26.9159 145.346 2.02605
37.6822 145.346 2.44265
48.4486 145.346 2.26222
59.215 145.346 1.83995
69.9813 145.346 1.10998
5.38318 156.112 0.763028
16.1495 156.112 1.83495
26.9159 156.112 2.63438
37.6822 156.112 3.11832
48.4486 156.112 3.03807
59.215 156.112 2.54363
69.9813 156.112 1.54293
5.38318 166.879 0.72262
16.1495 166.879 1.59594
26.9159 166.879 2.2264
37.6822 166.879 2.57758
48.4486 166.879 2.57498
59.215 166.879 2.23747
69.9813 166.879 1.43621
5.38318 177.645 0.18239
16.1495 177.645 0.533625
26.9159 177.645 1.01551
37.6822 177.645 1.21545
48.4486 177.645 1.32755
59.215 177.645 1.16755
69.9813 177.645 0.870039
5.38318 188.411 -0.025615
16.1495 188.411 0.0504481
26.9159 188.411 0.570203
37.6822 188.411 0.687674
48.4486 188.411 0.707991
59.215 188.411 0.412808
69.9813 188.411 0.36325
5.38318 199.178 -0.116737
16.1495 199.178 -0.124594
26.9159 199.178 0.180272
37.6822 199.178 0.189384
48.4486 199.178 0.121852
59.215 199.178 -0.0981199
69.9813 199.178 0.00673177
5.38318 209.944 -0.1205
16.1495 209.944 -0.157054
26.9159 209.944 -0.0489618
37.6822 209.944 -0.0984247
48.4486 209.944 -0.0853076
59.215 209.944 -0.154558
69.9813 209.944 -0.0167446
