48 37
0 17 72 40
0 1 72 72
0 0 72 82
0 0 72 144
0 0 72 216
5.38318 5.38318 0.234679
16.1495 5.38318 0.431328
26.9159 5.38318 0.957945
37.6822 5.38318 1.29113
48.4486 5.38318 1.41735
59.215 5.38318 1.15701
69.9813 5.38318 0.703548
5.38318 16.1495 0.512854
16.1495 16.1495 1.20248
26.9159 16.1495 2.14813
37.6822 16.1495 2.82617
48.4486 16.1495 3.05538
59.215 16.1495 2.49003
69.9813 16.1495 1.5015
5.38318 26.9159 0.919717
16.1495 26.9159 1.87447
26.9159 26.9159 3.00025
37.6822 26.9159 4.01294
48.4486 26.9159 4.24884
59.215 26.9159 3.4213
69.9813 26.9159 1.97994
5.38318 37.6822 1.41281
16.1495 37.6822 2.44993
26.9159 37.6822 3.42761
37.6822 37.6822 4.25125
48.4486 37.6822 4.2755
59.215 37.6822 3.36744
69.9813 37.6822 1.89809
5.38318 48.4486 1.57808
16.1495 48.4486 2.4698
26.9159 48.4486 3.09816
37.6822 48.4486 3.27811
48.4486 48.4486 2.98615
59.215 48.4486 2.29993
69.9813 48.4486 1.30009
5.38318 59.215 0.897018
16.1495 59.215 1.25985
26.9159 59.215 1.44272
37.6822 59.215 1.01973
48.4486 59.215 0.756667
59.215 59.215 0.755789
69.9813 59.215 0.637772
5.38318 69.9813 -0.0466634
16.1495 69.9813 -0.129102
26.9159 69.9813 -0.091617
37.6822 69.9813 -0.282879
48.4486 69.9813 -0.324672
59.215 69.9813 -0.142755
69.9813 69.9813 0.178619
5.38318 80.7477 -0.438607
16.1495 80.7477 -0.735053
26.9159 80.7477 -0.792864
37.6822 80.7477 -0.828575
48.4486 80.7477 -0.747308
59.215 80.7477 -0.395956
69.9813 80.7477 -0.0692464
5.38318 91.514 -0.614955
16.1495 91.514 -0.99447
26.9159 91.514 -1.09059
37.6822 91.514 -1.06575
48.4486 91.514 -0.991575
59.215 91.514 -0.700081
69.9813 91.514 -0.274754
5.38318 102.28 -0.608331
16.1495 102.28 -0.974043
26.9159 102.28 -1.04973
37.6822 102.28 -1.02819
48.4486 102.28 -0.960536
59.215 102.28 -0.730828
69.9813 102.28 -0.31098
5.38318 113.047 -0.557278
16.1495 113.047 -0.888182
26.9159 113.047 -0.960603
37.6822 113.047 -0.958614
48.4486 113.047 -0.906928
59.215 113.047 -0.678934
69.9813 113.047 -0.282286
5.38318 123.813 -0.487167
16.1495 123.813 -0.752795
26.9159 123.813 -0.755219
37.6822 123.813 -0.743896
48.4486 123.813 -0.687068
59.215 123.813 -0.485633
69.9813 123.813 -0.172631
5.38318 134.579 -0.190476
16.1495 134.579 -0.291658
26.9159 134.579 -0.278952
37.6822 134.579 -0.298307
48.4486 134.579 -0.261588
59.215 134.579 -0.106951
69.9813 134.579 0.164435
5.38318 145.346 0.175639
16.1495 145.346 0.385273
26.9159 145.346 0.656899
37.6822 145.346 0.712755
48.4486 145.346 0.842824
59.215 145.346 0.917138
69.9813 145.346 0.793565
5.38318 156.112 0.954421
16.1495 156.112 1.68178
26.9159 156.112 2.10592
37.6822 156.112 2.10797
48.4486 156.112 2.09925
59.215 156.112 1.86125
69.9813 156.112 1.2859
5.38318 166.879 1.04035
16.1495 166.879 2.02078
26.9159 166.879 2.72139
37.6822 166.879 2.85235
48.4486 166.879 2.76773
59.215 166.879 2.22091
69.9813 166.879 1.43578
5.38318 177.645 1.23349
16.1495 177.645 2.58407
26.9159 177.645 3.51123
37.6822 177.645 3.72136
48.4486 177.645 3.21274
59.215 177.645 2.31154
69.9813 177.645 1.35195
5.38318 188.411 0.938863
16.1495 188.411 2.38331
26.9159 188.411 3.52715
37.6822 188.411 3.86359
48.4486 188.411 3.09087
59.215 188.411 2.08657
69.9813 188.411 1.10828
5.38318 199.178 0.634489
16.1495 199.178 1.80787
26.9159 199.178 2.62642
37.6822 199.178 2.77893
48.4486 199.178 2.02061
59.215 199.178 1.317
69.9813 199.178 0.679592
5.38318 209.944 -0.016724
16.1495 209.944 0.277347
26.9159 209.944 0.631561
37.6822 209.944 0.609067
48.4486 209.944 0.236748
59.215 209.944 0.261298
69.9813 209.944 0.251172
