37 166
0 146 72 40
0 130 72 72
0 125 72 82
0 72 72 144
0 0 72 216
5.38318 5.38318 0.306463
16.1495 5.38318 0.581079
26.9159 5.38318 1.09877
37.6822 5.38318 1.20605
48.4486 5.38318 1.21108
59.215 5.38318 0.778057
69.9813 5.38318 0.478531
5.38318 16.1495 0.530392
16.1495 16.1495 1.21191
26.9159 16.1495 2.02014
37.6822 16.1495 2.23575
48.4486 16.1495 2.26939
59.215 16.1495 1.65094
69.9813 16.1495 1.03516
5.38318 26.9159 0.510051
16.1495 26.9159 1.22236
26.9159 26.9159 2.04896
37.6822 26.9159 2.25557
48.4486 26.9159 2.24736
59.215 26.9159 1.64056
69.9813 26.9159 1.04567
5.38318 37.6822 0.618353
16.1495 37.6822 1.38105
26.9159 37.6822 1.71919
37.6822 37.6822 1.64726
48.4486 37.6822 1.34266
59.215 37.6822 1.02104
69.9813 37.6822 0.730022
5.38318 48.4486 0.465751
16.1495 48.4486 1.11519
26.9159 48.4486 1.19943
37.6822 48.4486 1.05421
48.4486 48.4486 0.613587
59.215 48.4486 0.513592
69.9813 48.4486 0.41355
5.38318 59.215 0.0649293
16.1495 59.215 0.589915
26.9159 59.215 0.825267
37.6822 59.215 1.06135
48.4486 59.215 0.771681
59.215 59.215 0.738052
69.9813 59.215 0.464369
5.38318 69.9813 -0.136053
16.1495 69.9813 -0.0554083
26.9159 69.9813 0.0460334
37.6822 69.9813 0.34918
48.4486 69.9813 0.154506
59.215 69.9813 0.309661
69.9813 69.9813 0.205723
5.38318 80.7477 -0.228449
16.1495 80.7477 -0.300707
26.9159 80.7477 -0.294611
37.6822 80.7477 -0.245919
48.4486 80.7477 -0.253562
59.215 80.7477 -0.139736
69.9813 80.7477 -0.0414016
5.38318 91.514 -0.281476
16.1495 91.514 -0.419267
26.9159 91.514 -0.454989
37.6822 91.514 -0.465053
48.4486 91.514 -0.474093
59.215 91.514 -0.364842
69.9813 91.514 -0.168896
5.38318 102.28 -0.295503
16.1495 102.28 -0.448974
26.9159 102.28 -0.463094
37.6822 102.28 -0.46441
48.4486 102.28 -0.438474
59.215 102.28 -0.343363
69.9813 102.28 -0.146397
5.38318 113.047 -0.301049
16.1495 113.047 -0.453936
26.9159 113.047 -0.45247
37.6822 113.047 -0.436016
48.4486 113.047 -0.414134
59.215 113.047 -0.328551
69.9813 113.047 -0.146901
5.38318 123.813 -0.277451
16.1495 123.813 -0.384497
26.9159 123.813 -0.28869
37.6822 123.813 -0.266742
48.4486 123.813 -0.283988
59.215 123.813 -0.262355
69.9813 123.813 -0.129106
5.38318 134.579 -0.195404
16.1495 134.579 -0.185818
26.9159 134.579 0.1579
37.6822 134.579 0.207498
48.4486 134.579 -0.016248
59.215 134.579 -0.129012
69.9813 134.579 -0.0879934
5.38318 145.346 -0.0800978
16.1495 145.346 0.283736
26.9159 145.346 1.24997
37.6822 145.346 1.36867
48.4486 145.346 0.909106
59.215 145.346 0.266462
69.9813 145.346 -0.0111696
5.38318 156.112 0.0419233
16.1495 156.112 0.812565
26.9159 156.112 2.03662
37.6822 156.112 2.1919
48.4486 156.112 1.63364
59.215 156.112 0.683774
69.9813 156.112 0.131016
5.38318 166.879 0.00963049
16.1495 166.879 0.853128
26.9159 166.879 2.1363
37.6822 166.879 2.45749
48.4486 166.879 1.97246
59.215 166.879 0.991683
69.9813 166.879 0.316039
5.38318 177.645 -0.0350681
16.1495 177.645 0.507723
26.9159 177.645 1.67908
37.6822 177.645 2.15148
48.4486 177.645 1.97467
59.215 177.645 1.19046
69.9813 177.645 0.505104
5.38318 188.411 -0.0985931
16.1495 188.411 0.0935913
26.9159 188.411 1.08169
37.6822 188.411 1.83114
48.4486 188.411 1.9871
59.215 188.411 1.41556
69.9813 188.411 0.745478
5.38318 199.178 -0.130234
16.1495 199.178 0.00661331
26.9159 199.178 0.962197
37.6822 199.178 1.76802
48.4486 199.178 2.04113
59.215 199.178 1.5277
69.9813 199.178 0.870467
5.38318 209.944 -0.0817157
16.1495 209.944 0.130225
26.9159 209.944 0.87331
37.6822 209.944 1.45674
48.4486 209.944 1.65984
59.215 209.944 1.25412
69.9813 209.944 0.695145
