26 37
0 17 72 40
0 1 72 72
0 0 72 82
0 0 72 144
0 0 72 216
5.38318 5.38318 0.604206
16.1495 5.38318 1.08968
26.9159 5.38318 1.37732
37.6822 5.38318 1.32505
48.4486 5.38318 0.88067
59.215 5.38318 0.600258
69.9813 5.38318 0.314561
5.38318 16.1495 1.25116
16.1495 16.1495 2.52117
26.9159 16.1495 3.12135
37.6822 16.1495 2.91122
48.4486 16.1495 2.01428
59.215 16.1495 1.39834
69.9813 16.1495 0.781654
5.38318 26.9159 1.85524
16.1495 26.9159 3.8927
26.9159 26.9159 4.73795
37.6822 26.9159 4.32501
48.4486 26.9159 2.85144
59.215 26.9159 1.88088
69.9813 26.9159 1.05001
5.38318 37.6822 2.06807
16.1495 37.6822 4.26219
26.9159 37.6822 5.13363
37.6822 37.6822 4.59819
48.4486 37.6822 3.07558
59.215 37.6822 2.1007
69.9813 37.6822 1.23281
5.38318 48.4486 1.69075
16.1495 48.4486 3.30775
26.9159 48.4486 3.82871
37.6822 48.4486 3.45661
48.4486 48.4486 2.36362
59.215 48.4486 1.83982
69.9813 48.4486 1.15051
5.38318 59.215 0.7187
16.1495 59.215 1.30833
26.9159 59.215 1.46331
37.6822 59.215 1.47133
48.4486 59.215 0.959139
59.215 59.215 1.13458
69.9813 59.215 0.755937
5.38318 69.9813 0.322148
16.1495 69.9813 0.491145
26.9159 69.9813 0.561316
37.6822 69.9813 0.636164
48.4486 69.9813 0.231348
59.215 69.9813 0.617808
69.9813 69.9813 0.412698
5.38318 80.7477 -0.0347247
16.1495 80.7477 -0.00778319
26.9159 80.7477 0.0476143
37.6822 80.7477 0.0831464
48.4486 80.7477 -0.143361
59.215 80.7477 -0.00221617
69.9813 80.7477 0.037732
5.38318 91.514 -0.182798
16.1495 91.514 -0.262631
26.9159 91.514 -0.206723
37.6822 91.514 -0.222247
48.4486 91.514 -0.28097
59.215 91.514 -0.202427
69.9813 91.514 -0.0907632
5.38318 102.28 -0.212027
16.1495 102.28 -0.295917
26.9159 102.28 -0.242914
37.6822 102.28 -0.275079
48.4486 102.28 -0.333754
59.215 102.28 -0.296628
69.9813 102.28 -0.148036
5.38318 113.047 -0.296285
16.1495 113.047 -0.44491
26.9159 113.047 -0.440904
37.6822 113.047 -0.424514
48.4486 113.047 -0.412401
59.215 113.047 -0.320327
69.9813 113.047 -0.144231
5.38318 123.813 -0.289953
16.1495 123.813 -0.42419
26.9159 123.813 -0.393175
37.6822 123.813 -0.365202
48.4486 123.813 -0.363089
59.215 123.813 -0.293554
69.9813 123.813 -0.130716
5.38318 134.579 -0.241148
16.1495 134.579 -0.300815
26.9159 134.579 -0.230901
37.6822 134.579 -0.152696
48.4486 134.579 -0.190218
59.215 134.579 -0.158221
69.9813 134.579 -0.0692606
5.38318 145.346 -0.121033
16.1495 145.346 -0.0297371
26.9159 145.346 0.285554
37.6822 145.346 0.620924
48.4486 145.346 0.446437
59.215 145.346 0.331307
69.9813 145.346 0.204148
5.38318 156.112 0.109439
16.1495 156.112 0.696817
26.9159 156.112 1.32421
37.6822 156.112 1.87347
48.4486 156.112 1.66851
59.215 156.112 1.25923
69.9813 156.112 0.644222
5.38318 166.879 0.403442
16.1495 166.879 1.33757
26.9159 166.879 2.17993
37.6822 166.879 3.01786
48.4486 166.879 2.85518
59.215 166.879 2.12096
69.9813 166.879 1.08544
5.38318 177.645 0.619505
16.1495 177.645 1.58211
26.9159 177.645 2.49539
37.6822 177.645 3.45068
48.4486 177.645 3.41706
59.215 177.645 2.55236
69.9813 177.645 1.33229
5.38318 188.411 0.49516
16.1495 188.411 1.24948
26.9159 188.411 1.92912
37.6822 188.411 2.71194
48.4486 188.411 2.69325
59.215 188.411 2.09559
69.9813 188.411 1.15743
5.38318 199.178 0.219362
16.1495 199.178 0.702158
26.9159 199.178 1.11624
37.6822 199.178 1.54266
48.4486 199.178 1.48666
59.215 199.178 1.20856
69.9813 199.178 0.811355
5.38318 209.944 0.0366712
16.1495 209.944 0.383488
26.9159 209.944 0.576338
37.6822 209.944 0.863354
48.4486 209.944 0.860326
59.215 209.944 0.825435
69.9813 209.944 0.622151
