37 37
0 17 72 40
0 1 72 72
0 0 72 82
0 0 72 144
0 0 72 216
5.38318 5.38318 0.543648
16.1495 5.38318 1.00843
26.9159 5.38318 1.35579
37.6822 5.38318 1.47328
48.4486 5.38318 1.23652
59.215 5.38318 0.831364
69.9813 5.38318 0.450446
5.38318 16.1495 0.988681
16.1495 16.1495 2.02069
26.9159 16.1495 2.8737
37.6822 16.1495 3.09344
48.4486 16.1495 2.66561
59.215 16.1495 1.79515
69.9813 16.1495 0.990353
5.38318 26.9159 1.21135
16.1495 26.9159 2.73359
26.9159 26.9159 4.2234
37.6822 26.9159 4.60781
48.4486 26.9159 3.92148
59.215 26.9159 2.5047
69.9813 26.9159 1.2784
5.38318 37.6822 1.32137
16.1495 37.6822 2.99104
26.9159 37.6822 4.72956
37.6822 37.6822 5.30361
48.4486 37.6822 4.62269
59.215 37.6822 2.91567
69.9813 37.6822 1.42332
5.38318 48.4486 1.42394
16.1495 48.4486 3.02819
26.9159 48.4486 4.5141
37.6822 48.4486 5.06332
48.4486 48.4486 4.54862
59.215 48.4486 2.95958
69.9813 48.4486 1.47783
5.38318 59.215 1.35813
16.1495 59.215 2.45496
26.9159 59.215 3.13499
37.6822 59.215 3.42521
48.4486 59.215 3.37702
59.215 59.215 2.49107
69.9813 59.215 1.43844
5.38318 69.9813 0.979834
16.1495 69.9813 1.70326
26.9159 69.9813 2.02821
37.6822 69.9813 2.0969
48.4486 69.9813 2.15092
59.215 69.9813 1.7251
69.9813 69.9813 1.11681
5.38318 80.7477 0.0291199
16.1495 80.7477 0.23816
26.9159 80.7477 0.634378
37.6822 80.7477 0.662494
48.4486 80.7477 0.697741
59.215 80.7477 0.570278
69.9813 80.7477 0.45472
5.38318 91.514 -0.280283
16.1495 91.514 -0.408857
26.9159 91.514 -0.301414
37.6822 91.514 -0.274519
48.4486 91.514 -0.291853
59.215 91.514 -0.241636
69.9813 91.514 -0.118655
5.38318 102.28 -0.2977
16.1495 102.28 -0.457559
26.9159 102.28 -0.433308
37.6822 102.28 -0.42733
48.4486 102.28 -0.418519
59.215 102.28 -0.328726
69.9813 102.28 -0.151022
5.38318 113.047 -0.300178
16.1495 113.047 -0.453845
26.9159 113.047 -0.457656
37.6822 113.047 -0.439718
48.4486 113.047 -0.42309
59.215 113.047 -0.332528
69.9813 113.047 -0.147769
5.38318 123.813 -0.291747
16.1495 123.813 -0.439813
26.9159 123.813 -0.434015
37.6822 123.813 -0.433638
48.4486 123.813 -0.421448
59.215 123.813 -0.332737
69.9813 123.813 -0.14731
5.38318 134.579 -0.244991
16.1495 134.579 -0.336333
26.9159 134.579 -0.287605
37.6822 134.579 -0.269965
48.4486 134.579 -0.288094
59.215 134.579 -0.237729
69.9813 134.579 -0.102916
5.38318 145.346 -0.0572774
16.1495 145.346 0.0474737
26.9159 145.346 0.416598
37.6822 145.346 0.498949
48.4486 145.346 0.30426
59.215 145.346 0.139206
69.9813 145.346 0.128268
5.38318 156.112 0.419357
16.1495 156.112 1.19661
26.9159 156.112 1.96772
37.6822 156.112 2.14761
48.4486 156.112 1.75645
59.215 156.112 1.12394
69.9813 156.112 0.596154
5.38318 166.879 1.00296
16.1495 166.879 2.28929
26.9159 166.879 3.63943
37.6822 166.879 3.95168
48.4486 166.879 3.33061
59.215 166.879 2.13856
69.9813 166.879 1.09863
5.38318 177.645 1.16657
16.1495 177.645 2.72378
26.9159 177.645 4.36177
37.6822 177.645 4.7629
48.4486 177.645 4.09432
59.215 177.645 2.60859
69.9813 177.645 1.339
5.38318 188.411 1.07751
16.1495 188.411 2.36453
26.9159 188.411 3.62676
37.6822 188.411 3.84662
48.4486 188.411 3.25399
59.215 188.411 2.10709
69.9813 188.411 1.14776
5.38318 199.178 0.587135
16.1495 199.178 1.33922
26.9159 199.178 1.86808
37.6822 199.178 1.82821
48.4486 199.178 1.5233
59.215 199.178 0.988287
69.9813 199.178 0.74394
5.38318 209.944 0.530136
16.1495 209.944 1.08728
26.9159 209.944 1.27186
37.6822 209.944 1.12955
48.4486 209.944 0.885404
59.215 209.944 0.676236
69.9813 209.944 0.60319
