37 188
0 168 72 40
0 144 72 72
0 134 72 82
0 72 72 144
0 0 72 216
5.38318 5.38318 0.0921114
16.1495 5.38318 0.0757926
26.9159 5.38318 0.249806
37.6822 5.38318 0.17917
48.4486 5.38318 0.167074
59.215 5.38318 0.123936
69.9813 5.38318 0.138826
5.38318 16.1495 0.211641
16.1495 16.1495 0.544119
26.9159 16.1495 1.1724
37.6822 16.1495 1.11982
48.4486 16.1495 1.09403
59.215 16.1495 0.751556
69.9813 16.1495 0.568612
5.38318 26.9159 0.0943357
16.1495 26.9159 0.681733
26.9159 26.9159 1.81228
37.6822 26.9159 1.79769
48.4486 26.9159 1.63577
59.215 26.9159 0.802885
69.9813 26.9159 0.573526
5.38318 37.6822 0.482048
16.1495 37.6822 1.6157
26.9159 37.6822 3.09693
37.6822 37.6822 3.32359
48.4486 37.6822 3.08011
59.215 37.6822 1.84355
69.9813 37.6822 1.01406
5.38318 48.4486 0.500169
16.1495 48.4486 1.62542
26.9159 48.4486 3.14143
37.6822 48.4486 3.47449
48.4486 48.4486 3.15031
59.215 48.4486 1.84063
69.9813 48.4486 0.970545
5.38318 59.215 0.167857
16.1495 59.215 0.826354
26.9159 59.215 2.05976
37.6822 59.215 2.22684
48.4486 59.215 1.90545
59.215 59.215 0.880779
69.9813 59.215 0.457233
5.38318 69.9813 -0.247905
16.1495 69.9813 -0.331194
26.9159 69.9813 -0.11123
37.6822 69.9813 -0.188302
48.4486 69.9813 -0.341049
59.215 69.9813 -0.360223
69.9813 69.9813 -0.178455
5.38318 80.7477 -0.485579
16.1495 80.7477 -0.761258
26.9159 80.7477 -0.714421
37.6822 80.7477 -0.768774
48.4486 80.7477 -0.824042
59.215 80.7477 -0.656648
69.9813 80.7477 -0.304166
5.38318 91.514 -0.571652
16.1495 91.514 -0.923352
26.9159 91.514 -0.989405
37.6822 91.514 -1.01024
48.4486 91.514 -0.973198
59.215 91.514 -0.778307
69.9813 91.514 -0.347942
5.38318 102.28 -0.594107
16.1495 102.28 -0.95704
26.9159 102.28 -1.04263
37.6822 102.28 -1.05034
48.4486 102.28 -0.997935
59.215 102.28 -0.794728
69.9813 102.28 -0.356938
5.38318 113.047 -0.578045
16.1495 113.047 -0.924316
26.9159 113.047 -1.00059
37.6822 113.047 -0.999562
48.4486 113.047 -0.951274
59.215 113.047 -0.750628
69.9813 113.047 -0.328075
5.38318 123.813 -0.489477
16.1495 123.813 -0.765123
26.9159 123.813 -0.748771
37.6822 123.813 -0.761776
48.4486 123.813 -0.794732
59.215 123.813 -0.636914
69.9813 123.813 -0.293527
5.38318 134.579 -0.132115
16.1495 134.579 -0.214342
26.9159 134.579 -0.155304
37.6822 134.579 -0.21386
48.4486 134.579 -0.447083
59.215 134.579 -0.434943
69.9813 134.579 -0.229867
5.38318 145.346 0.901601
16.1495 145.346 1.32138
26.9159 145.346 1.53974
37.6822 145.346 1.36467
48.4486 145.346 0.345466
59.215 145.346 -0.0647334
69.9813 145.346 -0.103626
5.38318 156.112 1.78979
16.1495 156.112 2.62375
26.9159 156.112 2.85277
37.6822 156.112 2.61477
48.4486 156.112 1.59985
59.215 156.112 0.904077
69.9813 156.112 0.350878
5.38318 166.879 1.9652
16.1495 166.879 2.9867
26.9159 166.879 3.36306
37.6822 166.879 3.20948
48.4486 166.879 2.43617
59.215 166.879 1.73524
69.9813 166.879 0.878361
5.38318 177.645 1.51353
16.1495 177.645 2.72155
26.9159 177.645 3.64671
37.6822 177.645 3.94891
48.4486 177.645 3.47691
59.215 177.645 2.63059
69.9813 177.645 1.53055
5.38318 188.411 1.05264
16.1495 188.411 2.32942
26.9159 188.411 3.72032
37.6822 188.411 4.4199
48.4486 188.411 3.96363
59.215 188.411 2.94458
69.9813 188.411 1.64922
5.38318 199.178 0.885882
16.1495 199.178 2.05388
26.9159 199.178 3.15221
37.6822 199.178 3.57179
48.4486 199.178 3.05963
59.215 199.178 2.29504
69.9813 199.178 1.32056
5.38318 209.944 0.412933
16.1495 209.944 0.954742
26.9159 209.944 1.25902
37.6822 209.944 1.35361
48.4486 209.944 1.13311
59.215 209.944 1.02755
69.9813 209.944 0.684249
