48 177
0 157 72 40
0 141 72 72
0 134 72 82
0 72 72 144
0 0 72 216
5.38318 5.38318 0.619143
16.1495 5.38318 1.17325
26.9159 5.38318 1.80335
37.6822 5.38318 1.86906
48.4486 5.38318 1.58591
59.215 5.38318 0.975416
69.9813 5.38318 0.533499
5.38318 16.1495 0.929933
16.1495 16.1495 2.04474
26.9159 16.1495 3.35329
37.6822 16.1495 3.53317
48.4486 16.1495 3.086
59.215 16.1495 1.87645
69.9813 16.1495 1.03268
5.38318 26.9159 1.11744
16.1495 26.9159 2.49114
26.9159 26.9159 4.19181
37.6822 26.9159 4.45495
48.4486 26.9159 3.8498
59.215 26.9159 2.29281
69.9813 26.9159 1.19892
5.38318 37.6822 1.03758
16.1495 37.6822 2.22461
26.9159 37.6822 3.70821
37.6822 37.6822 3.95572
48.4486 37.6822 3.49731
59.215 37.6822 2.13568
69.9813 37.6822 1.11474
5.38318 48.4486 0.990218
16.1495 48.4486 1.94316
26.9159 48.4486 2.92229
37.6822 48.4486 3.04059
48.4486 48.4486 2.6283
59.215 48.4486 1.70196
69.9813 48.4486 0.941525
5.38318 59.215 0.750622
16.1495 59.215 1.41358
26.9159 59.215 1.72851
37.6822 59.215 1.6634
48.4486 59.215 1.49617
59.215 59.215 1.19773
69.9813 59.215 0.886385
5.38318 69.9813 0.453756
16.1495 69.9813 0.914788
26.9159 69.9813 0.931604
37.6822 69.9813 0.8382
48.4486 69.9813 0.790234
59.215 69.9813 0.827276
69.9813 69.9813 0.759422
5.38318 80.7477 -0.00925701
16.1495 80.7477 0.204998
26.9159 80.7477 0.331455
37.6822 80.7477 0.304145
48.4486 80.7477 0.278606
59.215 80.7477 0.42137
69.9813 80.7477 0.473514
5.38318 91.514 -0.2596
16.1495 91.514 -0.334846
26.9159 91.514 -0.26689
37.6822 91.514 -0.200801
48.4486 91.514 -0.195508
59.215 91.514 -0.113656
69.9813 91.514 0.0163209
5.38318 102.28 -0.297106
16.1495 102.28 -0.416611
26.9159 102.28 -0.336497
37.6822 102.28 -0.276946
48.4486 102.28 -0.268492
59.215 102.28 -0.208852
69.9813 102.28 -0.0840454
5.38318 113.047 -0.293696
16.1495 113.047 -0.442232
26.9159 113.047 -0.430025
37.6822 113.047 -0.419809
48.4486 113.047 -0.401848
59.215 113.047 -0.308464
69.9813 113.047 -0.132295
5.38318 123.813 -0.262559
16.1495 123.813 -0.386853
26.9159 123.813 -0.321789
37.6822 123.813 -0.29227
48.4486 123.813 -0.263755
59.215 123.813 -0.170204
69.9813 123.813 -0.0571643
5.38318 134.579 -0.16541
16.1495 134.579 -0.197207
26.9159 134.579 -0.0681585
37.6822 134.579 -0.0149163
48.4486 134.579 0.0458003
59.215 134.579 0.214301
69.9813 134.579 0.254589
5.38318 145.346 0.00461334
16.1495 145.346 0.317791
26.9159 145.346 0.843814
37.6822 145.346 1.12966
48.4486 145.346 1.32237
59.215 145.346 1.26469
69.9813 145.346 0.924065
5.38318 156.112 0.410658
16.1495 156.112 1.14047
26.9159 156.112 1.91518
37.6822 156.112 2.33088
48.4486 156.112 2.57093
59.215 156.112 2.26303
69.9813 156.112 1.54369
5.38318 166.879 0.855677
16.1495 166.879 1.97317
26.9159 166.879 3.05522
37.6822 166.879 3.70324
48.4486 166.879 3.99742
59.215 166.879 3.40608
69.9813 166.879 2.23002
5.38318 177.645 1.12391
16.1495 177.645 2.33992
26.9159 177.645 3.55571
37.6822 177.645 4.35359
48.4486 177.645 4.62969
59.215 177.645 3.94716
69.9813 177.645 2.49536
5.38318 188.411 1.24427
16.1495 188.411 2.38655
26.9159 188.411 3.5481
37.6822 188.411 4.23541
48.4486 188.411 4.45218
59.215 188.411 3.73863
69.9813 188.411 2.27181
5.38318 199.178 0.957001
16.1495 199.178 1.59816
26.9159 199.178 2.26831
37.6822 199.178 2.58814
48.4486 199.178 2.80225
59.215 199.178 2.53136
69.9813 199.178 1.54531
5.38318 209.944 0.442873
16.1495 209.944 0.715982
26.9159 209.944 1.10945
37.6822 209.944 1.17255
48.4486 209.944 1.37298
59.215 209.944 1.38223
69.9813 209.944 0.928473
