48 199
0 176 72 40
0 144 72 72
0 134 72 82
0 72 72 144
0 0 72 216
5.38318 5.38318 0.377725
16.1495 5.38318 0.620446
26.9159 5.38318 0.922198
37.6822 5.38318 1.00765
48.4486 5.38318 0.984704
59.215 5.38318 0.734057
69.9813 5.38318 0.455889
5.38318 16.1495 0.658002
16.1495 16.1495 1.34016
26.9159 16.1495 2.09904
37.6822 16.1495 2.32009
48.4486 16.1495 2.3142
59.215 16.1495 1.71198
69.9813 16.1495 1.02222
5.38318 26.9159 0.590056
16.1495 26.9159 1.46983
26.9159 26.9159 2.70593
37.6822 26.9159 3.035
48.4486 26.9159 3.00867
59.215 26.9159 2.07272
69.9813 26.9159 1.19335
5.38318 37.6822 0.718857
16.1495 37.6822 1.8501
26.9159 37.6822 3.39374
37.6822 37.6822 3.65994
48.4486 37.6822 3.49074
59.215 37.6822 2.19267
69.9813 37.6822 1.22689
5.38318 48.4486 0.547654
16.1495 48.4486 1.59163
26.9159 48.4486 3.07122
37.6822 48.4486 3.20823
48.4486 48.4486 2.89782
59.215 48.4486 1.58462
69.9813 48.4486 0.835618
5.38318 59.215 0.0888262
16.1495 59.215 0.730668
26.9159 59.215 2.03598
37.6822 59.215 2.10147
48.4486 59.215 1.69771
59.215 59.215 0.6213
69.9813 59.215 0.280674
5.38318 69.9813 -0.290773
16.1495 69.9813 -0.362929
26.9159 69.9813 -0.162108
37.6822 69.9813 -0.221614
48.4486 69.9813 -0.358701
59.215 69.9813 -0.421364
69.9813 69.9813 -0.210843
5.38318 80.7477 -0.502137
16.1495 80.7477 -0.786478
26.9159 80.7477 -0.781756
37.6822 80.7477 -0.832245
48.4486 80.7477 -0.866229
59.215 80.7477 -0.718142
69.9813 80.7477 -0.334356
5.38318 91.514 -0.570044
16.1495 91.514 -0.921995
26.9159 91.514 -1.02659
37.6822 91.514 -1.06042
48.4486 91.514 -1.01624
59.215 91.514 -0.813626
69.9813 91.514 -0.359032
5.38318 102.28 -0.586469
16.1495 102.28 -0.942925
26.9159 102.28 -1.03802
37.6822 102.28 -1.05106
48.4486 102.28 -0.99899
59.215 102.28 -0.792449
69.9813 102.28 -0.346788
5.38318 113.047 -0.578252
16.1495 113.047 -0.930565
26.9159 113.047 -1.01644
37.6822 113.047 -1.01826
48.4486 113.047 -0.961274
59.215 113.047 -0.749914
69.9813 113.047 -0.321143
5.38318 123.813 -0.502074
16.1495 123.813 -0.8171
26.9159 123.813 -0.884379
37.6822 123.813 -0.869357
48.4486 123.813 -0.767967
59.215 123.813 -0.516405
69.9813 123.813 -0.181312
5.38318 134.579 -0.174959
16.1495 134.579 -0.33988
26.9159 134.579 -0.415185
37.6822 134.579 -0.362084
48.4486 134.579 -0.269648
59.215 134.579 -0.0932071
69.9813 134.579 0.163841
5.38318 145.346 0.740299
16.1495 145.346 1.01815
26.9159 145.346 0.843592
37.6822 145.346 1.07421
48.4486 145.346 1.27922
59.215 145.346 1.28577
69.9813 145.346 0.976247
5.38318 156.112 1.50763
16.1495 156.112 2.23131
26.9159 156.112 2.1777
37.6822 156.112 2.43558
48.4486 156.112 2.58129
59.215 156.112 2.30604
69.9813 156.112 1.48994
5.38318 166.879 1.37352
16.1495 166.879 2.15385
26.9159 166.879 2.33511
37.6822 166.879 2.67777
48.4486 166.879 2.8364
59.215 166.879 2.46037
69.9813 166.879 1.59638
5.38318 177.645 0.47241
16.1495 177.645 1.14245
26.9159 177.645 1.79327
37.6822 177.645 2.42735
48.4486 177.645 2.5658
59.215 177.645 2.13212
69.9813 177.645 1.3856
5.38318 188.411 -0.104301
16.1495 188.411 0.374354
26.9159 188.411 1.65454
37.6822 188.411 2.66551
48.4486 188.411 3.00213
59.215 188.411 2.36138
69.9813 188.411 1.49956
5.38318 199.178 -0.226992
16.1495 199.178 0.0532438
26.9159 199.178 1.92921
37.6822 199.178 3.36369
48.4486 199.178 4.09509
59.215 199.178 3.14879
69.9813 199.178 1.93144
5.38318 209.944 -0.184346
16.1495 209.944 0.0341418
26.9159 209.944 1.69906
37.6822 209.944 3.04909
48.4486 209.944 3.67954
59.215 209.944 2.76333
69.9813 209.944 1.59225
