37 37
0 17 72 40
0 1 72 72
0 0 72 82
0 0 72 144
0 0 72 216
5.38318 5.38318 0.412323
16.1495 5.38318 0.840895
26.9159 5.38318 1.34432
37.6822 5.38318 1.51349
48.4486 5.38318 1.36868
59.215 5.38318 0.9089
69.9813 5.38318 0.452618
5.38318 16.1495 0.747988
16.1495 16.1495 1.79569
26.9159 16.1495 2.91022
37.6822 16.1495 3.20657
48.4486 16.1495 2.84415
59.215 16.1495 1.81093
69.9813 16.1495 0.922223
5.38318 26.9159 1.00791
16.1495 26.9159 2.52162
26.9159 26.9159 4.3326
37.6822 26.9159 4.84212
48.4486 26.9159 4.1816
59.215 26.9159 2.51899
69.9813 26.9159 1.23969
5.38318 37.6822 1.15929
16.1495 37.6822 2.84407
26.9159 37.6822 5.01187
37.6822 37.6822 5.49221
48.4486 37.6822 4.66718
59.215 37.6822 2.64761
69.9813 37.6822 1.28631
5.38318 48.4486 1.088
16.1495 48.4486 2.51652
26.9159 48.4486 4.39005
37.6822 48.4486 4.70986
48.4486 48.4486 3.87746
59.215 48.4486 2.1557
69.9813 48.4486 1.03133
5.38318 59.215 0.465122
16.1495 59.215 1.1079
26.9159 59.215 2.09772
37.6822 59.215 2.08664
48.4486 59.215 1.5449
59.215 59.215 0.703244
69.9813 59.215 0.427909
5.38318 69.9813 -0.0912001
16.1495 69.9813 -0.0835642
26.9159 69.9813 0.107234
37.6822 69.9813 -0.127102
48.4486 69.9813 -0.27645
59.215 69.9813 -0.282842
69.9813 69.9813 -0.0863159
5.38318 80.7477 -0.464215
16.1495 80.7477 -0.752487
26.9159 80.7477 -0.759226
37.6822 80.7477 -0.846873
48.4486 80.7477 -0.801057
59.215 80.7477 -0.62632
69.9813 80.7477 -0.247284
5.38318 91.514 -0.572773
16.1495 91.514 -0.93741
26.9159 91.514 -1.02203
37.6822 91.514 -1.05561
48.4486 91.514 -0.99897
59.215 91.514 -0.788218
69.9813 91.514 -0.337423
5.38318 102.28 -0.591517
16.1495 102.28 -0.956533
26.9159 102.28 -1.04397
37.6822 102.28 -1.05116
48.4486 102.28 -0.995678
59.215 102.28 -0.790334
69.9813 102.28 -0.353279
5.38318 113.047 -0.582957
16.1495 113.047 -0.929673
26.9159 113.047 -1.00498
37.6822 113.047 -1.00136
48.4486 113.047 -0.950057
59.215 113.047 -0.746619
69.9813 113.047 -0.323684
5.38318 123.813 -0.558352
16.1495 123.813 -0.858383
26.9159 123.813 -0.851454
37.6822 123.813 -0.799483
48.4486 123.813 -0.79757
59.215 123.813 -0.626137
69.9813 123.813 -0.287418
5.38318 134.579 -0.510637
16.1495 134.579 -0.679974
26.9159 134.579 -0.460114
37.6822 134.579 -0.334055
48.4486 134.579 -0.447729
59.215 134.579 -0.418675
69.9813 134.579 -0.220297
5.38318 145.346 -0.384084
16.1495 145.346 -0.306921
26.9159 145.346 0.582243
37.6822 145.346 1.11074
48.4486 145.346 0.451857
59.215 145.346 -0.06315
69.9813 145.346 -0.113952
5.38318 156.112 -0.264673
16.1495 156.112 -0.0448514
26.9159 156.112 1.47096
37.6822 156.112 1.97704
48.4486 156.112 1.2917
59.215 156.112 0.404155
69.9813 156.112 0.00887756
5.38318 166.879 -0.166632
16.1495 166.879 0.162325
26.9159 166.879 1.47052
37.6822 166.879 1.79521
48.4486 166.879 1.3114
59.215 166.879 0.550243
69.9813 166.879 0.272578
5.38318 177.645 0.0568297
16.1495 177.645 0.390476
26.9159 177.645 0.90133
37.6822 177.645 0.823887
48.4486 177.645 0.688443
59.215 177.645 0.448916
69.9813 177.645 0.509036
5.38318 188.411 0.608184
16.1495 188.411 1.0722
26.9159 188.411 1.11571
37.6822 188.411 0.914044
48.4486 188.411 0.997899
59.215 188.411 1.02279
69.9813 188.411 0.935076
5.38318 199.178 1.17918
16.1495 199.178 1.84945
26.9159 199.178 1.72406
37.6822 199.178 1.60605
48.4486 199.178 1.73894
59.215 199.178 1.83524
69.9813 199.178 1.3433
5.38318 209.944 1.03771
16.1495 209.944 1.63174
26.9159 209.944 1.53278
37.6822 209.944 1.49584
48.4486 209.944 1.72952
59.215 209.944 1.81489
69.9813 209.944 1.2846
