48 188
0 168 72 40
0 144 72 72
0 134 72 82
0 72 72 144
0 0 72 216
5.38318 5.38318 0.186105
16.1495 5.38318 0.21265
26.9159 5.38318 0.290389
37.6822 5.38318 0.334651
48.4486 5.38318 0.440781
59.215 5.38318 0.47084
69.9813 5.38318 0.354907
5.38318 16.1495 0.268557
16.1495 16.1495 0.455735
26.9159 16.1495 0.67454
37.6822 16.1495 0.76805
48.4486 16.1495 0.97709
59.215 16.1495 1.05972
69.9813 16.1495 0.792882
5.38318 26.9159 0.178603
16.1495 26.9159 0.396337
26.9159 26.9159 0.691138
37.6822 26.9159 0.774438
48.4486 26.9159 0.932754
59.215 26.9159 1.10806
69.9813 26.9159 0.854989
5.38318 37.6822 0.305736
16.1495 37.6822 0.573267
26.9159 37.6822 0.864859
37.6822 37.6822 0.870852
48.4486 37.6822 0.816558
59.215 37.6822 0.882794
69.9813 37.6822 0.662318
5.38318 48.4486 0.207939
16.1495 48.4486 0.40372
26.9159 48.4486 0.695399
37.6822 48.4486 0.629816
48.4486 48.4486 0.282446
59.215 48.4486 0.209678
69.9813 48.4486 0.186054
5.38318 59.215 -0.162977
16.1495 59.215 -0.231565
26.9159 59.215 -0.143986
37.6822 59.215 -0.15977
48.4486 59.215 -0.300268
59.215 59.215 -0.248326
69.9813 59.215 -0.12484
5.38318 69.9813 -0.376125
16.1495 69.9813 -0.572306
26.9159 69.9813 -0.496029
37.6822 69.9813 -0.503314
48.4486 69.9813 -0.610279
59.215 69.9813 -0.485935
69.9813 69.9813 -0.253532
5.38318 80.7477 -0.530261
16.1495 80.7477 -0.847275
26.9159 80.7477 -0.878068
37.6822 80.7477 -0.898213
48.4486 80.7477 -0.922912
59.215 80.7477 -0.713746
69.9813 80.7477 -0.350862
5.38318 91.514 -0.580128
16.1495 91.514 -0.932123
26.9159 91.514 -1.01611
37.6822 91.514 -1.02736
48.4486 91.514 -0.993553
59.215 91.514 -0.791025
69.9813 91.514 -0.362224
5.38318 102.28 -0.584568
16.1495 102.28 -0.937471
26.9159 102.28 -1.02195
37.6822 102.28 -1.02492
48.4486 102.28 -0.973458
59.215 102.28 -0.768441
69.9813 102.28 -0.333747
5.38318 113.047 -0.558439
16.1495 113.047 -0.885377
26.9159 113.047 -0.948694
37.6822 113.047 -0.948186
48.4486 113.047 -0.903832
59.215 113.047 -0.692108
69.9813 113.047 -0.294509
5.38318 123.813 -0.447169
16.1495 123.813 -0.642472
26.9159 123.813 -0.538377
37.6822 123.813 -0.53623
48.4486 123.813 -0.527732
59.215 123.813 -0.439411
69.9813 123.813 -0.164597
5.38318 134.579 -0.153536
16.1495 134.579 -0.10635
26.9159 134.579 0.374152
37.6822 134.579 0.269837
48.4486 134.579 0.163088
59.215 134.579 -0.0189811
69.9813 134.579 0.190328
5.38318 145.346 0.581584
16.1495 145.346 1.40933
26.9159 145.346 2.28913
37.6822 145.346 2.147
48.4486 145.346 1.92578
59.215 145.346 1.23145
69.9813 145.346 0.866154
5.38318 156.112 1.21181
16.1495 156.112 2.31483
26.9159 156.112 3.14566
37.6822 156.112 3.0021
48.4486 156.112 2.79735
59.215 156.112 2.12932
69.9813 156.112 1.4373
5.38318 166.879 1.77686
16.1495 166.879 2.95823
26.9159 166.879 3.58104
37.6822 166.879 3.37109
48.4486 166.879 3.45225
59.215 166.879 2.95032
69.9813 166.879 2.0577
5.38318 177.645 2.31526
16.1495 177.645 3.42688
26.9159 177.645 3.75644
37.6822 177.645 3.55733
48.4486 177.645 4.20961
59.215 177.645 4.00256
69.9813 177.645 2.80894
5.38318 188.411 2.65226
16.1495 188.411 3.92339
26.9159 188.411 4.3137
37.6822 188.411 4.06001
48.4486 188.411 4.95402
59.215 188.411 4.72641
69.9813 188.411 3.27699
5.38318 199.178 2.18494
16.1495 199.178 3.30952
26.9159 199.178 3.76662
37.6822 199.178 3.53406
48.4486 199.178 4.27479
59.215 199.178 3.91747
69.9813 199.178 2.68068
5.38318 209.944 1.00757
16.1495 209.944 1.58833
26.9159 209.944 1.89856
37.6822 209.944 1.7357
48.4486 209.944 2.08326
59.215 209.944 1.7894
69.9813 209.944 1.29584
