37 37
0 17 72 40
0 1 72 72
0 0 72 82
0 0 72 144
0 0 72 216
5.38318 5.38318 0.0559981
16.1495 5.38318 0.204954
26.9159 5.38318 0.666146
37.6822 5.38318 0.884336
48.4486 5.38318 0.821555
59.215 5.38318 0.494327
69.9813 5.38318 0.257905
5.38318 16.1495 0.133253
16.1495 16.1495 0.661183
26.9159 16.1495 1.76336
37.6822 16.1495 2.22233
48.4486 16.1495 2.07696
59.215 16.1495 1.31887
69.9813 16.1495 0.677149
5.38318 26.9159 -0.00736487
16.1495 26.9159 0.725297
26.9159 26.9159 2.271
37.6822 26.9159 3.12169
48.4486 26.9159 2.98512
59.215 26.9159 1.81222
69.9813 26.9159 0.867644
5.38318 37.6822 0.287836
16.1495 37.6822 1.16367
26.9159 37.6822 2.54573
37.6822 37.6822 3.4518
48.4486 37.6822 3.28613
59.215 37.6822 2.06476
69.9813 37.6822 1.01152
5.38318 48.4486 0.223104
16.1495 48.4486 0.900895
26.9159 48.4486 1.85884
37.6822 48.4486 2.574
48.4486 48.4486 2.49514
59.215 48.4486 1.77364
69.9813 48.4486 1.00321
5.38318 59.215 0.0234835
16.1495 59.215 0.567978
26.9159 59.215 1.08104
37.6822 59.215 1.59323
48.4486 59.215 1.55065
59.215 59.215 1.36305
69.9813 59.215 0.936454
5.38318 69.9813 -0.177182
16.1495 69.9813 -0.146071
26.9159 69.9813 -0.0202297
37.6822 69.9813 0.45124
48.4486 69.9813 0.714673
59.215 69.9813 0.993473
69.9813 69.9813 0.833567
5.38318 80.7477 -0.30212
16.1495 80.7477 -0.370042
26.9159 80.7477 -0.263791
37.6822 80.7477 -0.130333
48.4486 80.7477 -0.0244868
59.215 80.7477 0.327671
69.9813 80.7477 0.440863
5.38318 91.514 -0.330921
16.1495 91.514 -0.465894
26.9159 91.514 -0.403047
37.6822 91.514 -0.34346
48.4486 91.514 -0.308304
59.215 91.514 -0.193924
69.9813 91.514 -0.0362535
5.38318 102.28 -0.307686
16.1495 102.28 -0.444101
26.9159 102.28 -0.364676
37.6822 102.28 -0.31064
48.4486 102.28 -0.312033
59.215 102.28 -0.255257
69.9813 102.28 -0.114455
5.38318 113.047 -0.297378
16.1495 113.047 -0.445633
26.9159 113.047 -0.423792
37.6822 113.047 -0.409632
48.4486 113.047 -0.393686
59.215 113.047 -0.316899
69.9813 113.047 -0.141936
5.38318 123.813 -0.281336
16.1495 123.813 -0.391553
26.9159 123.813 -0.291477
37.6822 123.813 -0.253234
48.4486 123.813 -0.266017
59.215 123.813 -0.244526
69.9813 123.813 -0.121744
5.38318 134.579 -0.212978
16.1495 134.579 -0.258267
26.9159 134.579 -0.0673266
37.6822 134.579 -0.0208226
48.4486 134.579 -0.0767459
59.215 134.579 -0.135799
69.9813 134.579 -0.0889703
5.38318 145.346 -0.0727934
16.1495 145.346 0.0118724
26.9159 145.346 0.685068
37.6822 145.346 0.821446
48.4486 145.346 0.602029
59.215 145.346 0.23297
69.9813 145.346 0.0275891
5.38318 156.112 0.208725
16.1495 156.112 0.542564
26.9159 156.112 1.30526
37.6822 156.112 1.38957
48.4486 156.112 1.15003
59.215 156.112 0.557641
69.9813 156.112 0.24439
5.38318 166.879 0.5301
16.1495 166.879 0.976381
26.9159 166.879 1.56964
37.6822 166.879 1.44872
48.4486 166.879 1.281
59.215 166.879 0.721291
69.9813 166.879 0.467916
5.38318 177.645 0.666846
16.1495 177.645 1.1181
26.9159 177.645 1.34849
37.6822 177.645 1.00483
48.4486 177.645 0.987036
59.215 177.645 0.704597
69.9813 177.645 0.642643
5.38318 188.411 0.683816
16.1495 188.411 1.0565
26.9159 188.411 0.970811
37.6822 188.411 0.541595
48.4486 188.411 0.59336
59.215 188.411 0.67318
69.9813 188.411 0.693428
5.38318 199.178 0.44734
16.1495 199.178 0.609683
26.9159 199.178 0.389157
37.6822 199.178 0.219786
48.4486 199.178 0.308052
59.215 199.178 0.63999
69.9813 199.178 0.598735
5.38318 209.944 0.311474
16.1495 209.944 0.433754
26.9159 209.944 0.23033
37.6822 209.944 0.0804357
48.4486 209.944 0.0630437
59.215 209.944 0.39479
69.9813 209.944 0.36979
