48 166
0 146 72 40
0 130 72 72
0 125 72 82
0 72 72 144
0 0 72 216
5.38318 5.38318 0.357394
16.1495 5.38318 0.797696
26.9159 5.38318 1.33896
37.6822 5.38318 1.49655
48.4486 5.38318 1.40527
59.215 5.38318 0.967088
69.9813 5.38318 0.545792
5.38318 16.1495 0.67541
16.1495 16.1495 1.58159
26.9159 16.1495 2.46553
37.6822 16.1495 2.73168
48.4486 16.1495 2.50718
59.215 16.1495 1.77591
69.9813 16.1495 1.0552
5.38318 26.9159 0.81104
16.1495 26.9159 1.83353
26.9159 26.9159 2.87287
37.6822 26.9159 3.11982
48.4486 26.9159 2.7855
59.215 26.9159 1.9733
69.9813 26.9159 1.18349
5.38318 37.6822 1.07377
16.1495 37.6822 2.03206
26.9159 37.6822 2.73127
37.6822 37.6822 2.7194
48.4486 37.6822 2.34417
59.215 37.6822 1.86402
69.9813 37.6822 1.20537
5.38318 48.4486 0.94084
16.1495 48.4486 1.81219
26.9159 48.4486 2.38206
37.6822 48.4486 2.353
48.4486 48.4486 2.08154
59.215 48.4486 1.75475
69.9813 48.4486 1.18853
5.38318 59.215 0.911676
16.1495 59.215 1.70141
26.9159 59.215 2.08516
37.6822 59.215 1.88225
48.4486 59.215 1.53218
59.215 59.215 1.39777
69.9813 59.215 1.04552
5.38318 69.9813 0.397285
16.1495 69.9813 0.717089
26.9159 69.9813 0.821817
37.6822 69.9813 0.593184
48.4486 69.9813 0.466799
59.215 69.9813 0.621597
69.9813 69.9813 0.626701
5.38318 80.7477 -0.0439573
16.1495 80.7477 -0.0369257
26.9159 80.7477 0.112992
37.6822 80.7477 -0.0504785
48.4486 80.7477 -0.0251604
59.215 80.7477 0.222686
69.9813 80.7477 0.428123
5.38318 91.514 -0.230512
16.1495 91.514 -0.346101
26.9159 91.514 -0.277441
37.6822 91.514 -0.244092
48.4486 91.514 -0.13802
59.215 91.514 0.0682617
69.9813 91.514 0.296275
5.38318 102.28 -0.255926
16.1495 102.28 -0.36963
26.9159 102.28 -0.28759
37.6822 102.28 -0.244976
48.4486 102.28 -0.206799
59.215 102.28 -0.135545
69.9813 102.28 -0.0163629
5.38318 113.047 -0.27034
16.1495 113.047 -0.42083
26.9159 113.047 -0.395437
37.6822 113.047 -0.386075
48.4486 113.047 -0.371735
59.215 113.047 -0.285108
69.9813 113.047 -0.12109
5.38318 123.813 -0.074373
16.1495 123.813 -0.15158
26.9159 123.813 -0.112665
37.6822 123.813 -0.103239
48.4486 123.813 -0.0843679
59.215 123.813 -0.0361525
69.9813 123.813 0.0821948
5.38318 134.579 0.586982
16.1495 134.579 0.687039
26.9159 134.579 0.710316
37.6822 134.579 0.746844
48.4486 134.579 0.808642
59.215 134.579 0.759339
69.9813 134.579 0.575293
5.38318 145.346 1.51484
16.1495 145.346 2.0175
26.9159 145.346 2.02219
37.6822 145.346 2.16387
48.4486 145.346 2.37181
59.215 145.346 2.09181
69.9813 145.346 1.32888
5.38318 156.112 1.96265
16.1495 156.112 2.64305
26.9159 156.112 2.6643
37.6822 156.112 2.88214
48.4486 156.112 3.24515
59.215 156.112 2.84654
69.9813 156.112 1.74439
5.38318 166.879 1.68686
16.1495 166.879 2.42436
26.9159 166.879 2.68868
37.6822 166.879 3.08836
48.4486 166.879 3.51925
59.215 166.879 3.0053
69.9813 166.879 1.82048
5.38318 177.645 0.778006
16.1495 177.645 1.39295
26.9159 177.645 1.99671
37.6822 177.645 2.46303
48.4486 177.645 2.7646
59.215 177.645 2.29237
69.9813 177.645 1.41396
5.38318 188.411 0.397003
16.1495 188.411 0.979104
26.9159 188.411 1.8374
37.6822 188.411 2.45026
48.4486 188.411 2.73437
59.215 188.411 2.26555
69.9813 188.411 1.41069
5.38318 199.178 0.0329157
16.1495 199.178 0.531564
26.9159 199.178 1.60559
37.6822 199.178 2.47484
48.4486 199.178 2.83833
59.215 199.178 2.37585
69.9813 199.178 1.47328
5.38318 209.944 -0.0340153
16.1495 209.944 0.325563
26.9159 209.944 1.22169
37.6822 209.944 2.01107
48.4486 209.944 2.30916
59.215 209.944 1.8825
69.9813 209.944 1.14453
