37 177
0 157 72 40
0 141 72 72
0 134 72 82
0 72 72 144
0 0 72 216
5.38318 5.38318 0.179047
16.1495 5.38318 0.421236
26.9159 5.38318 0.90305
37.6822 5.38318 0.996072
48.4486 5.38318 0.836936
59.215 5.38318 0.443119
69.9813 5.38318 0.218844
5.38318 16.1495 0.339812
16.1495 16.1495 1.09258
26.9159 16.1495 2.13103
37.6822 16.1495 2.33179
48.4486 16.1495 1.98967
59.215 16.1495 1.1619
69.9813 16.1495 0.577778
5.38318 26.9159 0.510709
16.1495 26.9159 1.67683
26.9159 26.9159 3.30861
37.6822 26.9159 3.63491
48.4486 26.9159 3.04475
59.215 26.9159 1.61872
69.9813 26.9159 0.740833
5.38318 37.6822 0.772207
16.1495 37.6822 2.01266
26.9159 37.6822 3.65239
37.6822 37.6822 4.01766
48.4486 37.6822 3.40062
59.215 37.6822 1.88458
69.9813 37.6822 0.917686
5.38318 48.4486 1.10429
16.1495 48.4486 2.09519
26.9159 48.4486 3.15846
37.6822 48.4486 3.19788
48.4486 48.4486 2.76785
59.215 48.4486 1.7205
69.9813 48.4486 0.999902
5.38318 59.215 1.2728
16.1495 59.215 2.06055
26.9159 59.215 2.19397
37.6822 59.215 1.91936
48.4486 59.215 1.70186
59.215 59.215 1.44908
69.9813 59.215 1.05932
5.38318 69.9813 1.25355
16.1495 69.9813 1.97557
26.9159 69.9813 1.92337
37.6822 69.9813 1.47567
48.4486 69.9813 1.33847
59.215 69.9813 1.39896
69.9813 69.9813 1.08625
5.38318 80.7477 0.401767
16.1495 80.7477 0.830501
26.9159 80.7477 0.880998
37.6822 80.7477 0.670431
48.4486 80.7477 0.587145
59.215 80.7477 0.744306
69.9813 80.7477 0.668049
5.38318 91.514 -0.259963
16.1495 91.514 -0.321088
26.9159 91.514 -0.243699
37.6822 91.514 -0.175496
48.4486 91.514 -0.165999
59.215 91.514 -0.0572631
69.9813 91.514 0.0948861
5.38318 102.28 -0.303222
16.1495 102.28 -0.422537
26.9159 102.28 -0.348501
37.6822 102.28 -0.298957
48.4486 102.28 -0.310863
59.215 102.28 -0.250177
69.9813 102.28 -0.112762
5.38318 113.047 -0.297228
16.1495 113.047 -0.448597
26.9159 113.047 -0.450454
37.6822 113.047 -0.435906
48.4486 113.047 -0.417074
59.215 113.047 -0.323793
69.9813 113.047 -0.140245
5.38318 123.813 -0.280411
16.1495 123.813 -0.423907
26.9159 123.813 -0.402002
37.6822 123.813 -0.395517
48.4486 123.813 -0.375042
59.215 123.813 -0.289425
69.9813 123.813 -0.118195
5.38318 134.579 -0.201809
16.1495 134.579 -0.254865
26.9159 134.579 -0.161373
37.6822 134.579 -0.135215
48.4486 134.579 -0.142478
59.215 134.579 -0.142522
69.9813 134.579 -0.0474893
5.38318 145.346 -0.0644265
16.1495 145.346 0.122412
26.9159 145.346 0.715317
37.6822 145.346 0.913957
48.4486 145.346 0.801589
59.215 145.346 0.429518
69.9813 145.346 0.266167
5.38318 156.112 0.293977
16.1495 156.112 1.13364
26.9159 156.112 2.25431
37.6822 156.112 2.58099
48.4486 156.112 2.21309
59.215 156.112 1.3029
69.9813 156.112 0.631479
5.38318 166.879 0.659414
16.1495 166.879 1.94817
26.9159 166.879 3.45189
37.6822 166.879 3.97392
48.4486 166.879 3.44411
59.215 166.879 2.0612
69.9813 166.879 0.993898
5.38318 177.645 0.88125
16.1495 177.645 2.25939
26.9159 177.645 3.82541
37.6822 177.645 4.35484
48.4486 177.645 3.83289
59.215 177.645 2.3555
69.9813 177.645 1.16937
5.38318 188.411 1.0597
16.1495 188.411 2.16224
26.9159 188.411 3.19782
37.6822 188.411 3.40851
48.4486 188.411 3.14115
59.215 188.411 2.10746
69.9813 188.411 1.22533
5.38318 199.178 1.03943
16.1495 199.178 1.83896
26.9159 199.178 2.15363
37.6822 199.178 2.09691
48.4486 199.178 2.1825
59.215 199.178 1.7254
69.9813 199.178 1.228
5.38318 209.944 0.892266
16.1495 209.944 1.53745
26.9159 209.944 1.67057
37.6822 209.944 1.56459
48.4486 209.944 1.74468
59.215 209.944 1.50334
69.9813 209.944 1.10602
