37 177
0 157 72 40
0 141 72 72
0 134 72 82
0 72 72 144
0 0 72 216
5.38318 5.38318 -0.045757
16.1495 5.38318 -0.118718
26.9159 5.38318 -0.0446455
37.6822 5.38318 -0.0686307
48.4486 5.38318 -0.104502
59.215 5.38318 -0.0695032
69.9813 5.38318 -0.0290149
5.38318 16.1495 -0.147127
16.1495 16.1495 -0.193051
26.9159 16.1495 -0.00112147
37.6822 16.1495 -0.0431679
48.4486 16.1495 -0.148039
59.215 16.1495 -0.118039
69.9813 16.1495 -0.0246373
5.38318 26.9159 -0.446403
16.1495 26.9159 -0.673916
26.9159 26.9159 -0.564261
37.6822 26.9159 -0.640058
48.4486 26.9159 -0.716305
59.215 26.9159 -0.582599
69.9813 26.9159 -0.271842
5.38318 37.6822 -0.47443
16.1495 37.6822 -0.700783
26.9159 37.6822 -0.598599
37.6822 37.6822 -0.688079
48.4486 37.6822 -0.769772
59.215 37.6822 -0.628003
69.9813 37.6822 -0.291149
5.38318 48.4486 -0.52767
16.1495 48.4486 -0.808696
26.9159 48.4486 -0.758048
37.6822 48.4486 -0.848092
48.4486 48.4486 -0.865285
59.215 48.4486 -0.655765
69.9813 48.4486 -0.276968
5.38318 59.215 -0.547525
16.1495 59.215 -0.870424
26.9159 59.215 -0.849056
37.6822 59.215 -0.903496
48.4486 59.215 -0.897707
59.215 59.215 -0.668707
69.9813 59.215 -0.287873
5.38318 69.9813 -0.56481
16.1495 69.9813 -0.909447
26.9159 69.9813 -0.978036
37.6822 69.9813 -1.01508
48.4486 69.9813 -0.993976
59.215 69.9813 -0.742568
69.9813 69.9813 -0.324453
5.38318 80.7477 -0.581044
16.1495 80.7477 -0.941246
26.9159 80.7477 -1.0275
37.6822 80.7477 -1.0615
48.4486 80.7477 -1.03644
59.215 80.7477 -0.825299
69.9813 80.7477 -0.374228
5.38318 91.514 -0.587325
16.1495 91.514 -0.949749
26.9159 91.514 -1.04273
37.6822 91.514 -1.06037
48.4486 91.514 -1.01901
59.215 91.514 -0.81144
69.9813 91.514 -0.369376
5.38318 102.28 -0.584338
16.1495 102.28 -0.937669
26.9159 102.28 -1.02427
37.6822 102.28 -1.02782
48.4486 102.28 -0.974513
59.215 102.28 -0.770675
69.9813 102.28 -0.334268
5.38318 113.047 -0.576743
16.1495 113.047 -0.922193
26.9159 113.047 -1.00241
37.6822 113.047 -1.00015
48.4486 113.047 -0.947801
59.215 113.047 -0.739987
69.9813 113.047 -0.318035
5.38318 123.813 -0.536396
16.1495 123.813 -0.827734
26.9159 123.813 -0.824483
37.6822 123.813 -0.793979
48.4486 123.813 -0.765973
59.215 123.813 -0.580058
69.9813 123.813 -0.244778
5.38318 134.579 -0.397007
16.1495 134.579 -0.53255
26.9159 134.579 -0.41271
37.6822 134.579 -0.359238
48.4486 134.579 -0.382398
59.215 134.579 -0.305353
69.9813 134.579 -0.1142
5.38318 145.346 -0.168156
16.1495 145.346 -0.0195719
26.9159 145.346 0.792812
37.6822 145.346 1.17978
48.4486 145.346 0.970527
59.215 145.346 0.578852
69.9813 145.346 0.339968
5.38318 156.112 0.24145
16.1495 156.112 1.17682
26.9159 156.112 2.38985
37.6822 156.112 2.80208
48.4486 156.112 2.39072
59.215 156.112 1.48159
69.9813 156.112 0.726766
5.38318 166.879 0.672825
16.1495 166.879 2.13035
26.9159 166.879 3.61917
37.6822 166.879 4.18746
48.4486 166.879 3.54293
59.215 166.879 2.17304
69.9813 166.879 1.05071
5.38318 177.645 1.05606
16.1495 177.645 2.62935
26.9159 177.645 4.3779
37.6822 177.645 4.91252
48.4486 177.645 4.12004
59.215 177.645 2.41385
69.9813 177.645 1.15913
5.38318 188.411 1.15956
16.1495 188.411 2.58473
26.9159 188.411 4.21049
37.6822 188.411 4.62161
48.4486 188.411 3.85134
59.215 188.411 2.21374
69.9813 188.411 1.064
5.38318 199.178 0.948146
16.1495 199.178 1.84961
26.9159 199.178 2.79189
37.6822 199.178 2.87949
48.4486 199.178 2.40234
59.215 199.178 1.38051
69.9813 199.178 0.755556
5.38318 209.944 0.659527
16.1495 209.944 1.1303
26.9159 209.944 1.31557
37.6822 209.944 1.16424
48.4486 209.944 0.894626
59.215 209.944 0.552855
69.9813 209.944 0.472258
