37 188
0 168 72 40
0 144 72 72
0 134 72 82
0 72 72 144
0 0 72 216
5.38318 5.38318 0.58564
16.1495 5.38318 0.858827
26.9159 5.38318 1.17693
37.6822 5.38318 1.26288
48.4486 5.38318 1.25031
59.215 5.38318 1.0065
69.9813 5.38318 0.605314
5.38318 16.1495 1.13705
16.1495 16.1495 1.72914
26.9159 16.1495 2.19633
37.6822 16.1495 2.24688
48.4486 16.1495 2.22937
59.215 16.1495 1.87157
69.9813 16.1495 1.19043
5.38318 26.9159 1.60467
16.1495 26.9159 2.38762
26.9159 26.9159 2.76661
37.6822 26.9159 2.54501
48.4486 26.9159 2.35397
59.215 26.9159 2.00053
69.9813 26.9159 1.31819
5.38318 37.6822 1.76173
16.1495 37.6822 2.59861
26.9159 37.6822 2.68991
37.6822 37.6822 2.18341
48.4486 37.6822 1.83767
59.215 37.6822 1.63024
69.9813 37.6822 1.12358
5.38318 48.4486 1.39251
16.1495 48.4486 2.09567
26.9159 48.4486 2.21305
37.6822 48.4486 1.82727
48.4486 48.4486 1.56641
59.215 48.4486 1.37701
69.9813 48.4486 0.94765
5.38318 59.215 0.613215
16.1495 59.215 1.10196
26.9159 59.215 1.58759
37.6822 59.215 1.62931
48.4486 59.215 1.58016
59.215 59.215 1.36398
69.9813 59.215 0.912993
5.38318 69.9813 0.21457
16.1495 69.9813 0.583682
26.9159 69.9813 1.33325
37.6822 69.9813 1.59484
48.4486 69.9813 1.563
59.215 69.9813 1.26275
69.9813 69.9813 0.814973
5.38318 80.7477 -0.0366212
16.1495 80.7477 0.0858591
26.9159 80.7477 0.82689
37.6822 80.7477 1.02823
48.4486 80.7477 0.884674
59.215 80.7477 0.54857
69.9813 80.7477 0.337714
5.38318 91.514 -0.172335
16.1495 91.514 -0.216214
26.9159 91.514 -0.078382
37.6822 91.514 -0.0671999
48.4486 91.514 -0.141334
59.215 91.514 -0.151191
69.9813 91.514 -0.0695523
5.38318 102.28 -0.205094
16.1495 102.28 -0.308949
26.9159 102.28 -0.299801
37.6822 102.28 -0.360819
48.4486 102.28 -0.422735
59.215 102.28 -0.350742
69.9813 102.28 -0.17254
5.38318 113.047 -0.294754
16.1495 113.047 -0.448413
26.9159 113.047 -0.461801
37.6822 113.047 -0.449386
48.4486 113.047 -0.434583
59.215 113.047 -0.339354
69.9813 113.047 -0.148585
5.38318 123.813 -0.280933
16.1495 123.813 -0.418402
26.9159 123.813 -0.383186
37.6822 123.813 -0.353337
48.4486 123.813 -0.326004
59.215 123.813 -0.252314
69.9813 123.813 -0.0996623
5.38318 134.579 -0.182403
16.1495 134.579 -0.224359
26.9159 134.579 -0.116534
37.6822 134.579 -0.0416362
48.4486 134.579 -0.0273324
59.215 134.579 -0.0292239
69.9813 134.579 0.0567447
5.38318 145.346 -0.0543615
16.1495 145.346 0.167626
26.9159 145.346 0.824313
37.6822 145.346 1.19237
48.4486 145.346 1.12627
59.215 145.346 0.721652
69.9813 145.346 0.434876
5.38318 156.112 0.354204
16.1495 156.112 1.15419
26.9159 156.112 2.39538
37.6822 156.112 2.89495
48.4486 156.112 2.55241
59.215 156.112 1.60647
69.9813 156.112 0.822991
5.38318 166.879 0.697149
16.1495 166.879 2.08864
26.9159 166.879 4.07565
37.6822 166.879 4.83046
48.4486 166.879 4.04923
59.215 166.879 2.26486
69.9813 166.879 0.994785
5.38318 177.645 1.0556
16.1495 177.645 2.8107
26.9159 177.645 5.57592
37.6822 177.645 6.38459
48.4486 177.645 5.24936
59.215 177.645 2.71423
69.9813 177.645 1.09015
5.38318 188.411 1.31754
16.1495 188.411 3.29809
26.9159 188.411 6.02001
37.6822 188.411 6.60913
48.4486 188.411 5.38847
59.215 188.411 2.75944
69.9813 188.411 1.0872
5.38318 199.178 1.33727
16.1495 199.178 2.75102
26.9159 199.178 4.23177
37.6822 199.178 4.51049
48.4486 199.178 3.73807
59.215 199.178 2.21594
69.9813 199.178 1.10677
5.38318 209.944 1.1433
16.1495 209.944 1.92585
26.9159 209.944 2.11953
37.6822 209.944 2.00753
48.4486 209.944 1.6998
59.215 209.944 1.30288
69.9813 209.944 0.830463
