37 188
0 168 72 40
0 144 72 72
0 134 72 82
0 72 72 144
0 0 72 216
5.38318 5.38318 0.398996
16.1495 5.38318 0.629229
26.9159 5.38318 0.964325
37.6822 5.38318 1.08241
48.4486 5.38318 1.09152
59.215 5.38318 0.817361
69.9813 5.38318 0.534316
5.38318 16.1495 0.793933
16.1495 16.1495 1.64255
26.9159 16.1495 2.48264
37.6822 16.1495 2.77491
48.4486 16.1495 2.65761
59.215 16.1495 1.93549
69.9813 16.1495 1.16954
5.38318 26.9159 1.0646
16.1495 26.9159 2.26111
26.9159 26.9159 3.71691
37.6822 26.9159 4.21124
48.4486 26.9159 3.88938
59.215 26.9159 2.71349
69.9813 26.9159 1.55095
5.38318 37.6822 1.27151
16.1495 37.6822 2.71783
26.9159 37.6822 4.51398
37.6822 37.6822 5.06593
48.4486 37.6822 4.52066
59.215 37.6822 3.02804
69.9813 37.6822 1.67473
5.38318 48.4486 1.24354
16.1495 48.4486 2.48927
26.9159 48.4486 3.90088
37.6822 48.4486 4.08387
48.4486 48.4486 3.53814
59.215 48.4486 2.34019
69.9813 48.4486 1.37722
5.38318 59.215 0.750487
16.1495 59.215 1.40513
26.9159 59.215 2.04158
37.6822 59.215 2.01877
48.4486 59.215 1.87986
59.215 59.215 1.44867
69.9813 59.215 1.10095
5.38318 69.9813 0.313565
16.1495 69.9813 0.496167
26.9159 69.9813 0.627886
37.6822 69.9813 0.432961
48.4486 69.9813 0.425223
59.215 69.9813 0.563609
69.9813 69.9813 0.648628
5.38318 80.7477 -0.133649
16.1495 80.7477 -0.175197
26.9159 80.7477 -0.0452657
37.6822 80.7477 -0.0268933
48.4486 80.7477 0.0515702
59.215 80.7477 0.248283
69.9813 80.7477 0.409338
5.38318 91.514 -0.324686
16.1495 91.514 -0.454711
26.9159 91.514 -0.384562
37.6822 91.514 -0.326079
48.4486 91.514 -0.30473
59.215 91.514 -0.184843
69.9813 91.514 -0.0337405
5.38318 102.28 -0.314023
16.1495 102.28 -0.442301
26.9159 102.28 -0.349978
37.6822 102.28 -0.265602
48.4486 102.28 -0.235097
59.215 102.28 -0.155365
69.9813 102.28 -0.0421992
5.38318 113.047 -0.29976
16.1495 113.047 -0.45175
26.9159 113.047 -0.449484
37.6822 113.047 -0.434426
48.4486 113.047 -0.418072
59.215 113.047 -0.326443
69.9813 113.047 -0.143667
5.38318 123.813 -0.290869
16.1495 123.813 -0.43933
26.9159 123.813 -0.410547
37.6822 123.813 -0.411236
48.4486 123.813 -0.399767
59.215 123.813 -0.324347
69.9813 123.813 -0.146622
5.38318 134.579 -0.241968
16.1495 134.579 -0.349668
26.9159 134.579 -0.251736
37.6822 134.579 -0.253615
48.4486 134.579 -0.252337
59.215 134.579 -0.239333
69.9813 134.579 -0.104638
5.38318 145.346 -0.105529
16.1495 145.346 -0.0768051
26.9159 145.346 0.338326
37.6822 145.346 0.376696
48.4486 145.346 0.245848
59.215 145.346 -0.0320385
69.9813 145.346 0.0158878
5.38318 156.112 0.281386
16.1495 156.112 0.844833
26.9159 156.112 1.76681
37.6822 156.112 1.91152
48.4486 156.112 1.58764
59.215 156.112 0.75496
69.9813 156.112 0.379562
5.38318 166.879 0.864198
16.1495 166.879 2.07049
26.9159 166.879 3.57392
37.6822 166.879 3.89578
48.4486 166.879 3.20212
59.215 166.879 1.74046
69.9813 166.879 0.822679
5.38318 177.645 1.32189
16.1495 177.645 2.99829
26.9159 177.645 5.01925
37.6822 177.645 5.46311
48.4486 177.645 4.529
59.215 177.645 2.50924
69.9813 177.645 1.1305
5.38318 188.411 1.84751
16.1495 188.411 3.59077
26.9159 188.411 5.26448
37.6822 188.411 5.49447
48.4486 188.411 4.75706
59.215 188.411 2.86714
69.9813 188.411 1.44118
5.38318 199.178 2.06821
16.1495 199.178 3.25992
26.9159 199.178 3.79985
37.6822 199.178 3.66349
48.4486 199.178 3.53959
59.215 199.178 2.583
69.9813 199.178 1.54433
5.38318 209.944 1.71741
16.1495 209.944 2.49268
26.9159 209.944 2.36203
37.6822 209.944 2.08738
48.4486 209.944 2.30444
59.215 209.944 2.0069
69.9813 209.944 1.34894
