37 37
0 17 72 40
0 1 72 72
0 0 72 82
0 0 72 144
0 0 72 216
5.38318 5.38318 0.587905
16.1495 5.38318 1.0121
26.9159 5.38318 1.34866
37.6822 5.38318 1.55159
48.4486 5.38318 1.49187
59.215 5.38318 1.13767
69.9813 5.38318 0.685241
5.38318 16.1495 0.992576
16.1495 16.1495 1.94812
26.9159 16.1495 2.82902
37.6822 16.1495 3.23518
48.4486 16.1495 3.01932
59.215 16.1495 2.21178
69.9813 16.1495 1.29337
5.38318 26.9159 1.05377
16.1495 26.9159 2.36669
26.9159 26.9159 3.88425
37.6822 26.9159 4.51469
48.4486 26.9159 4.09827
59.215 26.9159 2.8429
69.9813 26.9159 1.53443
5.38318 37.6822 1.06396
16.1495 37.6822 2.52849
26.9159 37.6822 4.38518
37.6822 37.6822 5.02189
48.4486 37.6822 4.3783
59.215 37.6822 2.83516
69.9813 37.6822 1.39932
5.38318 48.4486 1.19028
16.1495 48.4486 2.54026
26.9159 48.4486 4.04986
37.6822 48.4486 4.49307
48.4486 48.4486 3.94934
59.215 48.4486 2.56358
69.9813 48.4486 1.31164
5.38318 59.215 1.10883
16.1495 59.215 2.00824
26.9159 59.215 2.48694
37.6822 59.215 2.58961
48.4486 59.215 2.42894
59.215 59.215 1.97242
69.9813 59.215 1.23387
5.38318 69.9813 0.951096
16.1495 69.9813 1.57723
26.9159 69.9813 1.69717
37.6822 69.9813 1.64336
48.4486 69.9813 1.58958
59.215 69.9813 1.50331
69.9813 69.9813 1.03417
5.38318 80.7477 0.117789
16.1495 80.7477 0.377048
26.9159 80.7477 0.623341
37.6822 80.7477 0.707027
48.4486 80.7477 0.625315
59.215 80.7477 0.745124
69.9813 80.7477 0.528513
5.38318 91.514 -0.254636
16.1495 91.514 -0.327033
26.9159 91.514 -0.210213
37.6822 91.514 -0.151802
48.4486 91.514 -0.206849
59.215 91.514 -0.135667
69.9813 91.514 -0.0670335
5.38318 102.28 -0.300286
16.1495 102.28 -0.431549
26.9159 102.28 -0.338936
37.6822 102.28 -0.285185
48.4486 102.28 -0.276429
59.215 102.28 -0.214334
69.9813 102.28 -0.0914082
5.38318 113.047 -0.298283
16.1495 113.047 -0.447321
26.9159 113.047 -0.440128
37.6822 113.047 -0.421658
48.4486 113.047 -0.402815
59.215 113.047 -0.311009
69.9813 113.047 -0.135544
5.38318 123.813 -0.28928
16.1495 123.813 -0.425291
26.9159 123.813 -0.365752
37.6822 123.813 -0.324146
48.4486 123.813 -0.305706
59.215 123.813 -0.222971
69.9813 123.813 -0.0889133
5.38318 134.579 -0.245299
16.1495 134.579 -0.31378
26.9159 134.579 -0.183622
37.6822 134.579 -0.125983
48.4486 134.579 -0.122264
59.215 134.579 -0.0785921
69.9813 134.579 -0.00381923
5.38318 145.346 -0.177957
16.1495 145.346 -0.190752
26.9159 145.346 0.0302483
37.6822 145.346 0.266471
48.4486 145.346 0.297045
59.215 145.346 0.328268
69.9813 145.346 0.271674
5.38318 156.112 -0.112663
16.1495 156.112 -0.0851258
26.9159 156.112 0.331486
37.6822 156.112 0.650853
48.4486 156.112 0.676853
59.215 156.112 0.623475
69.9813 156.112 0.416509
5.38318 166.879 -0.0680827
16.1495 166.879 -0.0527578
26.9159 166.879 0.173119
37.6822 166.879 0.401228
48.4486 166.879 0.412218
59.215 166.879 0.444895
69.9813 166.879 0.381239
5.38318 177.645 -0.121877
16.1495 177.645 -0.16675
26.9159 177.645 -0.193292
37.6822 177.645 -0.172181
48.4486 177.645 -0.187374
59.215 177.645 -0.0612966
69.9813 177.645 0.162583
5.38318 188.411 -0.108383
16.1495 188.411 -0.152757
26.9159 188.411 -0.246013
37.6822 188.411 -0.303662
48.4486 188.411 -0.332994
59.215 188.411 -0.163838
69.9813 188.411 0.0991739
5.38318 199.178 -0.178429
16.1495 199.178 -0.238729
26.9159 199.178 -0.267158
37.6822 199.178 -0.264865
48.4486 199.178 -0.255782
59.215 199.178 -0.0181387
69.9813 199.178 0.288532
5.38318 209.944 -0.0961726
16.1495 209.944 -0.0864105
26.9159 209.944 -0.09544
37.6822 209.944 -0.115314
48.4486 209.944 -0.118793
59.215 209.944 0.173062
69.9813 209.944 0.32147
