48 177
0 157 72 40
0 141 72 72
0 134 72 82
0 72 72 144
0 0 72 216
5.38318 5.38318 0.184645
16.1495 5.38318 0.410809
26.9159 5.38318 0.910338
37.6822 5.38318 1.20884
48.4486 5.38318 1.28878
59.215 5.38318 1.03512
69.9813 5.38318 0.643693
5.38318 16.1495 0.281122
16.1495 16.1495 1.07054
26.9159 16.1495 2.18444
37.6822 16.1495 2.90742
48.4486 16.1495 3.02722
59.215 16.1495 2.35803
69.9813 16.1495 1.43418
5.38318 26.9159 0.155906
16.1495 26.9159 1.34369
26.9159 26.9159 3.11079
37.6822 26.9159 4.49866
48.4486 26.9159 4.67177
59.215 26.9159 3.59464
69.9813 26.9159 2.04811
5.38318 37.6822 0.63229
16.1495 37.6822 2.02389
26.9159 37.6822 3.78614
37.6822 37.6822 5.23649
48.4486 37.6822 5.27342
59.215 37.6822 3.95781
69.9813 37.6822 2.18679
5.38318 48.4486 1.21598
16.1495 48.4486 2.47028
26.9159 48.4486 3.5792
37.6822 48.4486 4.2643
48.4486 48.4486 3.99647
59.215 48.4486 2.92604
69.9813 48.4486 1.6392
5.38318 59.215 1.75867
16.1495 59.215 2.98514
26.9159 59.215 3.13171
37.6822 59.215 2.6059
48.4486 59.215 2.02739
59.215 59.215 1.38776
69.9813 59.215 1.02402
5.38318 69.9813 1.51828
16.1495 69.9813 2.45349
26.9159 69.9813 2.29343
37.6822 69.9813 1.37465
48.4486 69.9813 0.601325
59.215 69.9813 0.313883
69.9813 69.9813 0.547029
5.38318 80.7477 0.385752
16.1495 80.7477 0.620553
26.9159 80.7477 0.276225
37.6822 80.7477 -0.169165
48.4486 80.7477 -0.331791
59.215 80.7477 -0.240461
69.9813 80.7477 0.0878111
5.38318 91.514 -0.482255
16.1495 91.514 -0.790632
26.9159 91.514 -0.916476
37.6822 91.514 -0.964341
48.4486 91.514 -0.957909
59.215 91.514 -0.723869
69.9813 91.514 -0.293573
5.38318 102.28 -0.574507
16.1495 102.28 -0.930228
26.9159 102.28 -1.02845
37.6822 102.28 -1.04178
48.4486 102.28 -0.997964
59.215 102.28 -0.793439
69.9813 102.28 -0.345316
5.38318 113.047 -0.569383
16.1495 113.047 -0.913912
26.9159 113.047 -1.00122
37.6822 113.047 -1.00711
48.4486 113.047 -0.957112
59.215 113.047 -0.744415
69.9813 113.047 -0.317305
5.38318 123.813 -0.449636
16.1495 123.813 -0.726883
26.9159 123.813 -0.802112
37.6822 123.813 -0.858635
48.4486 123.813 -0.859683
59.215 123.813 -0.627688
69.9813 123.813 -0.256002
5.38318 134.579 -0.144029
16.1495 134.579 -0.264354
26.9159 134.579 -0.335315
37.6822 134.579 -0.433063
48.4486 134.579 -0.506208
59.215 134.579 -0.326085
69.9813 134.579 -0.0955086
5.38318 145.346 0.793089
16.1495 145.346 1.20241
26.9159 145.346 1.11604
37.6822 145.346 0.795959
48.4486 145.346 0.432336
59.215 145.346 0.513695
69.9813 145.346 0.506151
5.38318 156.112 1.49812
16.1495 156.112 2.30016
26.9159 156.112 2.55458
37.6822 156.112 2.60781
48.4486 156.112 2.47519
59.215 156.112 2.11892
69.9813 156.112 1.31736
5.38318 166.879 1.91569
16.1495 166.879 2.98821
26.9159 166.879 3.66602
37.6822 166.879 4.20385
48.4486 166.879 4.24777
59.215 166.879 3.41442
69.9813 166.879 1.98776
5.38318 177.645 1.63009
16.1495 177.645 2.65155
26.9159 177.645 3.88116
37.6822 177.645 5.05785
48.4486 177.645 5.30851
59.215 177.645 4.1636
69.9813 177.645 2.27954
5.38318 188.411 1.22461
16.1495 188.411 2.11187
26.9159 188.411 3.53844
37.6822 188.411 4.68855
48.4486 188.411 4.82691
59.215 188.411 3.72573
69.9813 188.411 1.99896
5.38318 199.178 0.335808
16.1495 199.178 0.854777
26.9159 199.178 2.18011
37.6822 199.178 2.91588
48.4486 199.178 3.0848
59.215 199.178 2.53796
69.9813 199.178 1.48132
5.38318 209.944 -0.0115087
16.1495 209.944 0.327942
26.9159 209.944 1.1595
37.6822 209.944 1.38056
48.4486 209.944 1.46624
59.215 209.944 1.2761
69.9813 209.944 0.882665
