26 166
0 146 72 40
0 130 72 72
0 125 72 82
0 72 72 144
0 0 72 216
5.38318 5.38318 0.62435
16.1495 5.38318 0.91269
26.9159 5.38318 1.03834
37.6822 5.38318 1.05388
48.4486 5.38318 1.12992
59.215 5.38318 1.03892
69.9813 5.38318 0.678981
5.38318 16.1495 1.03286
16.1495 16.1495 1.72289
26.9159 16.1495 2.12015
37.6822 16.1495 2.20439
48.4486 16.1495 2.33084
59.215 16.1495 2.07326
69.9813 16.1495 1.36141
5.38318 26.9159 1.03416
16.1495 26.9159 1.83001
26.9159 26.9159 2.48817
37.6822 26.9159 2.59573
48.4486 26.9159 2.74365
59.215 26.9159 2.33452
69.9813 26.9159 1.55637
5.38318 37.6822 0.927489
16.1495 37.6822 1.80922
26.9159 37.6822 2.88891
37.6822 37.6822 3.02004
48.4486 37.6822 2.90212
59.215 37.6822 2.11793
69.9813 37.6822 1.31796
5.38318 48.4486 0.575766
16.1495 48.4486 1.4533
26.9159 48.4486 2.65817
37.6822 48.4486 2.78495
48.4486 48.4486 2.41506
59.215 48.4486 1.41658
69.9813 48.4486 0.771352
5.38318 59.215 0.110886
16.1495 59.215 0.613745
26.9159 59.215 1.71439
37.6822 59.215 1.68769
48.4486 59.215 1.18028
59.215 59.215 0.383683
69.9813 59.215 0.164442
5.38318 69.9813 -0.270213
16.1495 69.9813 -0.371818
26.9159 69.9813 -0.21907
37.6822 69.9813 -0.287441
48.4486 69.9813 -0.436961
59.215 69.9813 -0.424285
69.9813 69.9813 -0.213456
5.38318 80.7477 -0.484136
16.1495 80.7477 -0.748667
26.9159 80.7477 -0.739795
37.6822 80.7477 -0.789895
48.4486 80.7477 -0.861983
59.215 80.7477 -0.70005
69.9813 80.7477 -0.341253
5.38318 91.514 -0.563585
16.1495 91.514 -0.907288
26.9159 91.514 -1.00466
37.6822 91.514 -1.03097
48.4486 91.514 -0.999842
59.215 91.514 -0.799393
69.9813 91.514 -0.358742
5.38318 102.28 -0.583274
16.1495 102.28 -0.939455
26.9159 102.28 -1.03152
37.6822 102.28 -1.03832
48.4486 102.28 -0.985147
59.215 102.28 -0.778896
69.9813 102.28 -0.338055
5.38318 113.047 -0.56016
16.1495 113.047 -0.893853
26.9159 113.047 -0.973281
37.6822 113.047 -0.975462
48.4486 113.047 -0.924351
59.215 113.047 -0.694669
69.9813 113.047 -0.291871
5.38318 123.813 -0.407359
16.1495 123.813 -0.618643
26.9159 123.813 -0.601815
37.6822 123.813 -0.608337
48.4486 123.813 -0.569253
59.215 123.813 -0.395325
69.9813 123.813 -0.113953
5.38318 134.579 0.074536
16.1495 134.579 0.237472
26.9159 134.579 0.505886
37.6822 134.579 0.414509
48.4486 134.579 0.483194
59.215 134.579 0.491063
69.9813 134.579 0.593898
5.38318 145.346 1.46587
16.1495 145.346 2.56636
26.9159 145.346 3.00177
37.6822 145.346 2.88635
48.4486 145.346 2.8975
59.215 145.346 2.45712
69.9813 145.346 1.70788
5.38318 156.112 2.69439
16.1495 156.112 4.58255
26.9159 156.112 5.10176
37.6822 156.112 4.87829
48.4486 156.112 4.83598
59.215 156.112 4.07755
69.9813 156.112 2.65535
5.38318 166.879 3.05964
16.1495 166.879 5.24981
26.9159 166.879 5.75246
37.6822 166.879 5.59035
48.4486 166.879 5.50232
59.215 166.879 4.70065
69.9813 166.879 2.95293
5.38318 177.645 2.37257
16.1495 177.645 3.98561
26.9159 177.645 4.37667
37.6822 177.645 4.37813
48.4486 177.645 4.22627
59.215 177.645 3.59017
69.9813 177.645 2.20743
5.38318 188.411 1.192
16.1495 188.411 2.0889
26.9159 188.411 2.50494
37.6822 188.411 2.62499
48.4486 188.411 2.6294
59.215 188.411 2.29327
69.9813 188.411 1.47664
5.38318 199.178 0.755496
16.1495 199.178 1.41446
26.9159 199.178 1.84936
37.6822 199.178 1.93362
48.4486 199.178 1.90216
59.215 199.178 1.65757
69.9813 199.178 1.1133
5.38318 209.944 0.457574
16.1495 209.944 0.938282
26.9159 209.944 1.27948
37.6822 209.944 1.25896
48.4486 209.944 1.29504
59.215 209.944 1.194
69.9813 209.944 0.860698
