37 166
0 146 72 40
0 130 72 72
0 125 72 82
0 72 72 144
0 0 72 216
5.38318 5.38318 0.620285
16.1495 5.38318 1.13065
26.9159 5.38318 1.43116
37.6822 5.38318 1.28318
48.4486 5.38318 0.749065
59.215 5.38318 0.341668
69.9813 5.38318 0.132382
5.38318 16.1495 0.996877
16.1495 16.1495 2.00897
26.9159 16.1495 2.55855
37.6822 16.1495 2.3616
48.4486 16.1495 1.51932
59.215 16.1495 0.811377
69.9813 16.1495 0.375712
5.38318 26.9159 1.1864
16.1495 26.9159 2.34793
26.9159 26.9159 3.03644
37.6822 26.9159 2.84487
48.4486 26.9159 1.8937
59.215 26.9159 1.00097
69.9813 26.9159 0.431425
5.38318 37.6822 1.26016
16.1495 37.6822 2.3867
26.9159 37.6822 2.98948
37.6822 37.6822 2.7792
48.4486 37.6822 2.01427
59.215 37.6822 1.24385
69.9813 37.6822 0.645537
5.38318 48.4486 1.27977
16.1495 48.4486 2.45927
26.9159 48.4486 3.08601
37.6822 48.4486 2.89307
48.4486 48.4486 2.37089
59.215 48.4486 1.64789
69.9813 48.4486 1.05064
5.38318 59.215 1.10274
16.1495 59.215 2.172
26.9159 59.215 2.71189
37.6822 59.215 2.62063
48.4486 59.215 2.36929
59.215 59.215 1.81121
69.9813 59.215 1.24944
5.38318 69.9813 0.863525
16.1495 69.9813 1.79471
26.9159 69.9813 2.22516
37.6822 69.9813 2.12838
48.4486 69.9813 1.99152
59.215 69.9813 1.56702
69.9813 69.9813 1.14469
5.38318 80.7477 0.421779
16.1495 80.7477 0.922674
26.9159 80.7477 1.12981
37.6822 80.7477 0.917294
48.4486 80.7477 0.757338
59.215 80.7477 0.547032
69.9813 80.7477 0.535683
5.38318 91.514 -0.164817
16.1495 91.514 -0.179323
26.9159 91.514 -0.133912
37.6822 91.514 -0.216558
48.4486 91.514 -0.301338
59.215 91.514 -0.304746
69.9813 91.514 -0.132926
5.38318 102.28 -0.275284
16.1495 102.28 -0.420093
26.9159 102.28 -0.394595
37.6822 102.28 -0.424227
48.4486 102.28 -0.439072
59.215 102.28 -0.355201
69.9813 102.28 -0.163657
5.38318 113.047 -0.299437
16.1495 113.047 -0.452411
26.9159 113.047 -0.449394
37.6822 113.047 -0.439451
48.4486 113.047 -0.425722
59.215 113.047 -0.337746
69.9813 113.047 -0.151287
5.38318 123.813 -0.286097
16.1495 123.813 -0.390854
26.9159 123.813 -0.298399
37.6822 123.813 -0.237347
48.4486 123.813 -0.246982
59.215 123.813 -0.213678
69.9813 123.813 -0.101853
5.38318 134.579 -0.248217
16.1495 134.579 -0.238767
26.9159 134.579 0.0837699
37.6822 134.579 0.466137
48.4486 134.579 0.393223
59.215 134.579 0.15646
69.9813 134.579 0.0719071
5.38318 145.346 -0.170454
16.1495 145.346 0.0970124
26.9159 145.346 1.26854
37.6822 145.346 1.9188
48.4486 145.346 1.70439
59.215 145.346 1.03401
69.9813 145.346 0.425425
5.38318 156.112 -0.0210559
16.1495 156.112 0.76172
26.9159 156.112 2.22939
37.6822 156.112 3.09284
48.4486 156.112 2.73036
59.215 156.112 1.65996
69.9813 156.112 0.702669
5.38318 166.879 0.324649
16.1495 166.879 1.38094
26.9159 166.879 2.73644
37.6822 166.879 3.44594
48.4486 166.879 2.89814
59.215 166.879 1.78721
69.9813 166.879 0.747152
5.38318 177.645 0.827627
16.1495 177.645 1.9506
26.9159 177.645 2.86566
37.6822 177.645 2.96996
48.4486 177.645 2.31967
59.215 177.645 1.49337
69.9813 177.645 0.711533
5.38318 188.411 1.10429
16.1495 188.411 2.28134
26.9159 188.411 2.80894
37.6822 188.411 2.62443
48.4486 188.411 2.0511
59.215 188.411 1.48197
69.9813 188.411 0.89819
5.38318 199.178 1.15141
16.1495 199.178 2.14112
26.9159 199.178 2.54036
37.6822 199.178 2.42974
48.4486 199.178 2.17022
59.215 199.178 1.71114
69.9813 199.178 1.13037
5.38318 209.944 0.723195
16.1495 209.944 1.27587
26.9159 209.944 1.4887
37.6822 209.944 1.61321
48.4486 209.944 1.71502
59.215 209.944 1.49376
69.9813 209.944 1.0199
