37 177
0 157 72 40
0 141 72 72
0 134 72 82
0 72 72 144
0 0 72 216
5.38318 5.38318 1.09958
16.1495 5.38318 1.6972
26.9159 5.38318 2.00865
37.6822 5.38318 1.73341
48.4486 5.38318 1.41184
59.215 5.38318 1.04563
69.9813 5.38318 0.633886
5.38318 16.1495 1.71198
16.1495 16.1495 2.82213
26.9159 16.1495 3.41773
37.6822 16.1495 3.01789
48.4486 16.1495 2.5092
59.215 16.1495 1.88744
69.9813 16.1495 1.19324
5.38318 26.9159 1.80629
16.1495 26.9159 3.01863
26.9159 26.9159 3.6753
37.6822 26.9159 3.4501
48.4486 26.9159 3.00082
59.215 26.9159 2.39062
69.9813 26.9159 1.52013
5.38318 37.6822 1.25541
16.1495 37.6822 2.20324
26.9159 37.6822 2.80912
37.6822 37.6822 2.96362
48.4486 37.6822 2.71439
59.215 37.6822 2.24417
69.9813 37.6822 1.44526
5.38318 48.4486 0.873952
16.1495 48.4486 1.87787
26.9159 48.4486 2.69377
37.6822 48.4486 3.12965
48.4486 48.4486 2.90318
59.215 48.4486 2.38082
69.9813 48.4486 1.46434
5.38318 59.215 0.723254
16.1495 59.215 1.62642
26.9159 59.215 2.36429
37.6822 59.215 2.74257
48.4486 59.215 2.57625
59.215 59.215 2.02768
69.9813 59.215 1.22313
5.38318 69.9813 0.287636
16.1495 69.9813 0.932945
26.9159 69.9813 1.69454
37.6822 69.9813 2.06152
48.4486 69.9813 2.06255
59.215 69.9813 1.63624
69.9813 69.9813 1.00613
5.38318 80.7477 -0.0939548
16.1495 80.7477 -0.0188372
26.9159 80.7477 0.305659
37.6822 80.7477 0.413586
48.4486 80.7477 0.489403
59.215 80.7477 0.363254
69.9813 80.7477 0.364666
5.38318 91.514 -0.256596
16.1495 91.514 -0.374895
26.9159 91.514 -0.343531
37.6822 91.514 -0.306946
48.4486 91.514 -0.269633
59.215 91.514 -0.195642
69.9813 91.514 -0.0577064
5.38318 102.28 -0.298438
16.1495 102.28 -0.447333
26.9159 102.28 -0.451348
37.6822 102.28 -0.436179
48.4486 102.28 -0.42438
59.215 102.28 -0.349135
69.9813 102.28 -0.158363
5.38318 113.047 -0.281551
16.1495 113.047 -0.421321
26.9159 113.047 -0.396504
37.6822 113.047 -0.395191
48.4486 113.047 -0.392079
59.215 113.047 -0.316973
69.9813 113.047 -0.142139
5.38318 123.813 -0.194847
16.1495 123.813 -0.274799
26.9159 123.813 -0.216279
37.6822 123.813 -0.199341
48.4486 123.813 -0.19904
59.215 123.813 -0.150979
69.9813 123.813 -0.0481848
5.38318 134.579 0.00541405
16.1495 134.579 0.091426
26.9159 134.579 0.301725
37.6822 134.579 0.350929
48.4486 134.579 0.288504
59.215 134.579 0.262921
69.9813 134.579 0.248175
5.38318 145.346 0.593925
16.1495 145.346 1.16769
26.9159 145.346 1.64994
37.6822 145.346 1.78832
48.4486 145.346 1.65449
59.215 145.346 1.26437
69.9813 145.346 0.812995
5.38318 156.112 1.15704
16.1495 156.112 2.34805
26.9159 156.112 3.22986
37.6822 156.112 3.39728
48.4486 156.112 3.07494
59.215 156.112 2.22193
69.9813 156.112 1.29363
5.38318 166.879 1.56183
16.1495 166.879 3.34613
26.9159 166.879 5.10584
37.6822 166.879 5.43326
48.4486 166.879 4.82105
59.215 166.879 3.21107
69.9813 166.879 1.73898
5.38318 177.645 1.43306
16.1495 177.645 3.38228
26.9159 177.645 5.75518
37.6822 177.645 6.32162
48.4486 177.645 5.60006
59.215 177.645 3.56783
69.9813 177.645 1.83974
5.38318 188.411 1.31247
16.1495 188.411 3.00806
26.9159 188.411 5.0957
37.6822 188.411 5.42514
48.4486 188.411 4.68011
59.215 188.411 2.84076
69.9813 188.411 1.50588
5.38318 199.178 0.980512
16.1495 199.178 1.89375
26.9159 199.178 2.85115
37.6822 199.178 2.58471
48.4486 199.178 2.32333
59.215 199.178 1.34407
69.9813 199.178 1.02819
5.38318 209.944 0.614631
16.1495 209.944 1.1141
26.9159 209.944 1.42602
37.6822 209.944 1.01312
48.4486 209.944 0.837392
59.215 209.944 0.471759
69.9813 209.944 0.623359
