37 188
0 168 72 40
0 144 72 72
0 134 72 82
0 72 72 144
0 0 72 216
5.38318 5.38318 0.576216
16.1495 5.38318 1.1065
26.9159 5.38318 1.48893
37.6822 5.38318 1.68643
48.4486 5.38318 1.55465
59.215 5.38318 1.12028
69.9813 5.38318 0.628507
5.38318 16.1495 0.95645
16.1495 16.1495 1.96052
26.9159 16.1495 2.66035
37.6822 16.1495 3.08039
48.4486 16.1495 2.86017
59.215 16.1495 2.12406
69.9813 16.1495 1.18495
5.38318 26.9159 0.958845
16.1495 26.9159 2.06312
26.9159 26.9159 2.86871
37.6822 26.9159 3.34454
48.4486 26.9159 3.06344
59.215 26.9159 2.35984
69.9813 26.9159 1.33839
5.38318 37.6822 0.88043
16.1495 37.6822 1.78645
26.9159 37.6822 2.50055
37.6822 37.6822 2.73826
48.4486 37.6822 2.43823
59.215 37.6822 1.96662
69.9813 37.6822 1.16665
5.38318 48.4486 0.652048
16.1495 48.4486 1.35041
26.9159 48.4486 2.06797
37.6822 48.4486 2.1443
48.4486 48.4486 1.84103
59.215 48.4486 1.37777
69.9813 48.4486 0.805716
5.38318 59.215 0.227487
16.1495 59.215 0.672244
26.9159 59.215 1.44011
37.6822 59.215 1.41584
48.4486 59.215 0.988779
59.215 59.215 0.572242
69.9813 59.215 0.343322
5.38318 69.9813 -0.241827
16.1495 69.9813 -0.30888
26.9159 69.9813 -0.144367
37.6822 69.9813 -0.208524
48.4486 69.9813 -0.348537
59.215 69.9813 -0.332143
69.9813 69.9813 -0.153133
5.38318 80.7477 -0.483038
16.1495 80.7477 -0.740083
26.9159 80.7477 -0.719148
37.6822 80.7477 -0.781182
48.4486 80.7477 -0.846853
59.215 80.7477 -0.704129
69.9813 80.7477 -0.334016
5.38318 91.514 -0.561142
16.1495 91.514 -0.903347
26.9159 91.514 -0.992341
37.6822 91.514 -1.02337
48.4486 91.514 -0.987481
59.215 91.514 -0.796269
69.9813 91.514 -0.352673
5.38318 102.28 -0.58542
16.1495 102.28 -0.94252
26.9159 102.28 -1.03567
37.6822 102.28 -1.04737
48.4486 102.28 -0.996563
59.215 102.28 -0.790799
69.9813 102.28 -0.348503
5.38318 113.047 -0.583703
16.1495 113.047 -0.934395
26.9159 113.047 -1.01657
37.6822 113.047 -1.01783
48.4486 113.047 -0.964257
59.215 113.047 -0.762687
69.9813 113.047 -0.329451
5.38318 123.813 -0.571983
16.1495 123.813 -0.912645
26.9159 123.813 -0.984259
37.6822 123.813 -0.982118
48.4486 123.813 -0.926807
59.215 123.813 -0.713481
69.9813 123.813 -0.30156
5.38318 134.579 -0.532076
16.1495 134.579 -0.832254
26.9159 134.579 -0.824659
37.6822 134.579 -0.81468
48.4486 134.579 -0.753608
59.215 134.579 -0.56255
69.9813 134.579 -0.219284
5.38318 145.346 -0.348376
16.1495 145.346 -0.480811
26.9159 145.346 -0.402781
37.6822 145.346 -0.412127
48.4486 145.346 -0.378847
59.215 145.346 -0.283422
69.9813 145.346 -0.0640708
5.38318 156.112 -0.0543685
16.1495 156.112 0.212686
26.9159 156.112 0.807181
37.6822 156.112 0.882871
48.4486 156.112 0.799582
59.215 156.112 0.491257
69.9813 156.112 0.428055
5.38318 166.879 0.676168
16.1495 166.879 1.75794
26.9159 166.879 2.68
37.6822 166.879 2.84761
48.4486 166.879 2.54026
59.215 166.879 1.69735
69.9813 166.879 1.00239
5.38318 177.645 1.16588
16.1495 177.645 2.72624
26.9159 177.645 4.39248
37.6822 177.645 4.87096
48.4486 177.645 4.25493
59.215 177.645 2.70719
69.9813 177.645 1.43852
5.38318 188.411 1.36237
16.1495 188.411 3.09586
26.9159 188.411 5.17344
37.6822 188.411 5.74115
48.4486 188.411 4.9986
59.215 188.411 3.10396
69.9813 188.411 1.59755
5.38318 199.178 1.0164
16.1495 199.178 2.54494
26.9159 199.178 4.43763
37.6822 199.178 4.92821
48.4486 199.178 4.15181
59.215 199.178 2.47083
69.9813 199.178 1.2558
5.38318 209.944 0.579595
16.1495 209.944 1.31109
26.9159 209.944 2.18783
37.6822 209.944 2.23842
48.4486 209.944 1.88104
59.215 209.944 1.08734
69.9813 209.944 0.63376
