37 166
0 146 72 40
0 130 72 72
0 125 72 82
0 72 72 144
0 0 72 216
5.38318 5.38318 0.577223
16.1495 5.38318 0.942126
26.9159 5.38318 1.33968
37.6822 5.38318 1.46626
48.4486 5.38318 1.40167
59.215 5.38318 1.03522
69.9813 5.38318 0.612008
5.38318 16.1495 1.11916
16.1495 16.1495 2.11119
26.9159 16.1495 2.99338
37.6822 16.1495 3.28282
48.4486 16.1495 3.07002
59.215 16.1495 2.18951
69.9813 16.1495 1.2802
5.38318 26.9159 1.44046
16.1495 26.9159 2.74286
26.9159 26.9159 4.17684
37.6822 26.9159 4.59631
48.4486 26.9159 4.16595
59.215 26.9159 2.83339
69.9813 26.9159 1.55907
5.38318 37.6822 1.45783
16.1495 37.6822 2.92717
26.9159 37.6822 4.76682
37.6822 37.6822 5.27383
48.4486 37.6822 4.62757
59.215 37.6822 2.97843
69.9813 37.6822 1.55851
5.38318 48.4486 1.19952
16.1495 48.4486 2.53724
26.9159 48.4486 4.20309
37.6822 48.4486 4.60044
48.4486 48.4486 3.8457
59.215 48.4486 2.42524
69.9813 48.4486 1.2266
5.38318 59.215 0.561367
16.1495 59.215 1.39201
26.9159 59.215 2.35697
37.6822 59.215 2.64781
48.4486 59.215 2.17815
59.215 59.215 1.60113
69.9813 59.215 0.912758
5.38318 69.9813 0.234936
16.1495 69.9813 0.738706
26.9159 69.9813 0.928679
37.6822 69.9813 1.21241
48.4486 69.9813 0.790128
59.215 69.9813 0.954124
69.9813 69.9813 0.686822
5.38318 80.7477 -0.162394
16.1495 80.7477 -0.10504
26.9159 80.7477 -0.0676709
37.6822 80.7477 0.136975
48.4486 80.7477 -0.0908729
59.215 80.7477 0.259409
69.9813 80.7477 0.328279
5.38318 91.514 -0.327754
16.1495 91.514 -0.435341
26.9159 91.514 -0.404664
37.6822 91.514 -0.339497
48.4486 91.514 -0.392782
59.215 91.514 -0.250347
69.9813 91.514 -0.0833551
5.38318 102.28 -0.326677
16.1495 102.28 -0.47968
26.9159 102.28 -0.420739
37.6822 102.28 -0.371318
48.4486 102.28 -0.362429
59.215 102.28 -0.269047
69.9813 102.28 -0.104764
5.38318 113.047 -0.292005
16.1495 113.047 -0.445843
26.9159 113.047 -0.440645
37.6822 113.047 -0.43736
48.4486 113.047 -0.412794
59.215 113.047 -0.313351
69.9813 113.047 -0.130439
5.38318 123.813 -0.122135
16.1495 123.813 -0.20911
26.9159 123.813 -0.15615
37.6822 123.813 -0.187851
48.4486 123.813 -0.16738
59.215 123.813 -0.128115
69.9813 123.813 -0.00192957
5.38318 134.579 0.350037
16.1495 134.579 0.527165
26.9159 134.579 0.824181
37.6822 134.579 0.74412
48.4486 134.579 0.734302
59.215 134.579 0.53485
69.9813 134.579 0.4798
5.38318 145.346 1.31052
16.1495 145.346 2.23347
26.9159 145.346 2.93062
37.6822 145.346 2.87241
48.4486 145.346 2.65523
59.215 145.346 1.93988
69.9813 145.346 1.24229
5.38318 156.112 1.80311
16.1495 156.112 3.3601
26.9159 156.112 4.63764
37.6822 156.112 4.74907
48.4486 156.112 4.26976
59.215 156.112 3.0115
69.9813 156.112 1.76289
5.38318 166.879 1.77713
16.1495 166.879 3.60516
26.9159 166.879 5.25249
37.6822 166.879 5.62181
48.4486 166.879 4.94165
59.215 166.879 3.31793
69.9813 166.879 1.7975
5.38318 177.645 0.941403
16.1495 177.645 2.24566
26.9159 177.645 3.58849
37.6822 177.645 3.98172
48.4486 177.645 3.32993
59.215 177.645 2.10846
69.9813 177.645 1.0697
5.38318 188.411 0.224519
16.1495 188.411 0.87963
26.9159 188.411 1.66728
37.6822 188.411 2.07083
48.4486 188.411 1.62248
59.215 188.411 0.939122
69.9813 188.411 0.428914
5.38318 199.178 -0.0333499
16.1495 199.178 0.390837
26.9159 199.178 1.06136
37.6822 199.178 1.48045
48.4486 199.178 1.01853
59.215 199.178 0.525418
69.9813 199.178 0.135467
5.38318 209.944 -0.085982
16.1495 209.944 0.106977
26.9159 209.944 0.776485
37.6822 209.944 1.17585
48.4486 209.944 0.968135
59.215 209.944 0.517651
69.9813 209.944 0.166978
