37 177
0 157 72 40
0 141 72 72
0 134 72 82
0 72 72 144
0 0 72 216
5.38318 5.38318 0.927918
16.1495 5.38318 1.41354
26.9159 5.38318 1.65562
37.6822 5.38318 1.58386
48.4486 5.38318 1.52732
59.215 5.38318 1.19519
69.9813 5.38318 0.770697
5.38318 16.1495 1.34281
16.1495 16.1495 2.22162
26.9159 16.1495 2.76495
37.6822 16.1495 2.68915
48.4486 16.1495 2.58306
59.215 16.1495 2.06288
69.9813 16.1495 1.33298
5.38318 26.9159 1.26636
16.1495 26.9159 2.14532
26.9159 26.9159 2.79642
37.6822 26.9159 2.64093
48.4486 26.9159 2.46705
59.215 26.9159 2.02323
69.9813 26.9159 1.35514
5.38318 37.6822 0.630864
16.1495 37.6822 1.32468
26.9159 37.6822 2.19924
37.6822 37.6822 2.26974
48.4486 37.6822 1.95905
59.215 37.6822 1.51051
69.9813 37.6822 0.981946
5.38318 48.4486 0.41041
16.1495 48.4486 0.935001
26.9159 48.4486 1.99093
37.6822 48.4486 2.14103
48.4486 48.4486 1.80865
59.215 48.4486 1.23332
69.9813 48.4486 0.73208
5.38318 59.215 0.305865
16.1495 59.215 0.635906
26.9159 59.215 1.47903
37.6822 59.215 1.45416
48.4486 59.215 1.22779
59.215 59.215 0.924012
69.9813 59.215 0.698133
5.38318 69.9813 0.0910466
16.1495 69.9813 0.139547
26.9159 69.9813 0.7597
37.6822 69.9813 0.530011
48.4486 69.9813 0.617007
59.215 69.9813 0.634308
69.9813 69.9813 0.686729
5.38318 80.7477 -0.18019
16.1495 80.7477 -0.251396
26.9159 80.7477 -0.0774945
37.6822 80.7477 -0.192288
48.4486 80.7477 -0.150825
59.215 80.7477 -0.0532621
69.9813 80.7477 0.346701
5.38318 91.514 -0.315902
16.1495 91.514 -0.460939
26.9159 91.514 -0.404837
37.6822 91.514 -0.441751
48.4486 91.514 -0.403847
59.215 91.514 -0.287066
69.9813 91.514 -0.0453712
5.38318 102.28 -0.313455
16.1495 102.28 -0.469608
26.9159 102.28 -0.443411
37.6822 102.28 -0.455981
48.4486 102.28 -0.437634
59.215 102.28 -0.338477
69.9813 102.28 -0.125386
5.38318 113.047 -0.278312
16.1495 113.047 -0.419571
26.9159 113.047 -0.390257
37.6822 113.047 -0.398051
48.4486 113.047 -0.392696
59.215 113.047 -0.32131
69.9813 113.047 -0.140653
5.38318 123.813 -0.168542
16.1495 123.813 -0.243927
26.9159 123.813 -0.185363
37.6822 123.813 -0.19409
48.4486 123.813 -0.200329
59.215 123.813 -0.155788
69.9813 123.813 -0.0497163
5.38318 134.579 0.14643
16.1495 134.579 0.280733
26.9159 134.579 0.473772
37.6822 134.579 0.41689
48.4486 134.579 0.330545
59.215 134.579 0.297736
69.9813 134.579 0.276621
5.38318 145.346 0.865138
16.1495 145.346 1.47243
26.9159 145.346 1.91658
37.6822 145.346 1.87093
48.4486 145.346 1.71461
59.215 145.346 1.32459
69.9813 145.346 0.851015
5.38318 156.112 1.54052
16.1495 156.112 2.72436
26.9159 156.112 3.59355
37.6822 156.112 3.5752
48.4486 156.112 3.22375
59.215 156.112 2.34374
69.9813 156.112 1.39051
5.38318 166.879 1.97252
16.1495 166.879 3.81587
26.9159 166.879 5.5236
37.6822 166.879 5.67394
48.4486 166.879 5.02171
59.215 166.879 3.35579
69.9813 166.879 1.83206
5.38318 177.645 1.73602
16.1495 177.645 3.70996
26.9159 177.645 5.91751
37.6822 177.645 6.37003
48.4486 177.645 5.65224
59.215 177.645 3.632
69.9813 177.645 1.86947
5.38318 188.411 1.28195
16.1495 188.411 2.93485
26.9159 188.411 4.92152
37.6822 188.411 5.32021
48.4486 188.411 4.68134
59.215 188.411 2.8492
69.9813 188.411 1.46014
5.38318 199.178 0.666319
16.1495 199.178 1.36493
26.9159 199.178 2.19691
37.6822 199.178 2.13158
48.4486 199.178 2.06752
59.215 199.178 1.25344
69.9813 199.178 0.890151
5.38318 209.944 0.334134
16.1495 209.944 0.60955
26.9159 209.944 0.904242
37.6822 209.944 0.654201
48.4486 209.944 0.692499
59.215 209.944 0.371505
69.9813 209.944 0.485569
