37 188
0 168 72 40
0 144 72 72
0 134 72 82
0 72 72 144
0 0 72 216
5.38318 5.38318 0.630445
16.1495 5.38318 0.849521
26.9159 5.38318 0.884127
37.6822 5.38318 0.728379
48.4486 5.38318 0.537445
59.215 5.38318 0.383541
69.9813 5.38318 0.264178
5.38318 16.1495 0.893274
16.1495 16.1495 1.42984
26.9159 16.1495 1.65651
37.6822 16.1495 1.48146
48.4486 16.1495 1.35338
59.215 16.1495 1.09675
69.9813 16.1495 0.800697
5.38318 26.9159 0.45501
16.1495 26.9159 0.746686
26.9159 26.9159 0.989349
37.6822 26.9159 1.13638
48.4486 26.9159 1.59314
59.215 26.9159 1.64362
69.9813 26.9159 1.24366
5.38318 37.6822 -0.0462864
16.1495 37.6822 -0.069523
26.9159 37.6822 0.259683
37.6822 37.6822 0.841607
48.4486 37.6822 1.8953
59.215 37.6822 2.25103
69.9813 37.6822 1.71341
5.38318 48.4486 -0.197164
16.1495 48.4486 -0.283906
26.9159 48.4486 -0.0515944
37.6822 48.4486 0.763424
48.4486 48.4486 1.93581
59.215 48.4486 2.34334
69.9813 48.4486 1.73862
5.38318 59.215 -0.151841
16.1495 59.215 -0.204978
26.9159 59.215 0.0751123
37.6822 59.215 0.624432
48.4486 59.215 1.21068
59.215 59.215 1.53001
69.9813 59.215 1.09374
5.38318 69.9813 -0.201933
16.1495 69.9813 -0.307754
26.9159 69.9813 -0.145193
37.6822 69.9813 -0.0846827
48.4486 69.9813 0.12725
59.215 69.9813 0.239272
69.9813 69.9813 0.26961
5.38318 80.7477 -0.260994
16.1495 80.7477 -0.40964
26.9159 80.7477 -0.355832
37.6822 80.7477 -0.360695
48.4486 80.7477 -0.261422
59.215 80.7477 -0.197451
69.9813 80.7477 -0.0503699
5.38318 91.514 -0.298095
16.1495 91.514 -0.48051
26.9159 91.514 -0.499252
37.6822 91.514 -0.518613
48.4486 91.514 -0.457898
59.215 91.514 -0.371147
69.9813 91.514 -0.152933
5.38318 102.28 -0.303611
16.1495 102.28 -0.463244
26.9159 102.28 -0.462413
37.6822 102.28 -0.440764
48.4486 102.28 -0.40826
59.215 102.28 -0.329489
69.9813 102.28 -0.144513
5.38318 113.047 -0.300402
16.1495 113.047 -0.456122
26.9159 113.047 -0.464756
37.6822 113.047 -0.444927
48.4486 113.047 -0.420015
59.215 113.047 -0.323692
69.9813 113.047 -0.140839
5.38318 123.813 -0.293775
16.1495 123.813 -0.446163
26.9159 123.813 -0.431506
37.6822 123.813 -0.415435
48.4486 123.813 -0.383101
59.215 123.813 -0.287578
69.9813 123.813 -0.116686
5.38318 134.579 -0.274398
16.1495 134.579 -0.409663
26.9159 134.579 -0.377073
37.6822 134.579 -0.346562
48.4486 134.579 -0.29993
59.215 134.579 -0.223303
69.9813 134.579 -0.07632
5.38318 145.346 -0.255264
16.1495 145.346 -0.360398
26.9159 145.346 -0.267788
37.6822 145.346 -0.210831
48.4486 145.346 -0.155814
59.215 145.346 -0.140094
69.9813 145.346 -0.0246392
5.38318 156.112 -0.141262
16.1495 156.112 -0.0907544
26.9159 156.112 0.399493
37.6822 156.112 0.613083
48.4486 156.112 0.497639
59.215 156.112 0.12903
69.9813 156.112 0.109202
5.38318 166.879 0.0396535
16.1495 166.879 0.597535
26.9159 166.879 1.56203
37.6822 166.879 1.79332
48.4486 166.879 1.3977
59.215 166.879 0.625643
69.9813 166.879 0.274649
5.38318 177.645 0.608217
16.1495 177.645 1.7289
26.9159 177.645 3.10145
37.6822 177.645 3.43314
48.4486 177.645 2.58515
59.215 177.645 1.33077
69.9813 177.645 0.509219
5.38318 188.411 0.918021
16.1495 188.411 2.35002
26.9159 188.411 4.03292
37.6822 188.411 4.46616
48.4486 188.411 3.4695
59.215 188.411 1.86784
69.9813 188.411 0.793834
5.38318 199.178 0.956663
16.1495 199.178 2.31257
26.9159 199.178 3.68581
37.6822 199.178 4.06501
48.4486 199.178 3.29248
59.215 199.178 1.84294
69.9813 199.178 0.88616
5.38318 209.944 0.661797
16.1495 209.944 1.45263
26.9159 209.944 1.9607
37.6822 209.944 2.12214
48.4486 209.944 1.88908
59.215 209.944 1.23196
69.9813 209.944 0.725169
