48 177
0 157 72 40
0 141 72 72
0 134 72 82
0 72 72 144
0 0 72 216
5.38318 5.38318 0.162072
16.1495 5.38318 0.220187
26.9159 5.38318 0.396733
37.6822 5.38318 0.603376
48.4486 5.38318 0.857889
59.215 5.38318 0.93916
69.9813 5.38318 0.669913
5.38318 16.1495 0.245844
16.1495 16.1495 0.545584
26.9159 16.1495 0.878831
37.6822 16.1495 1.11213
48.4486 16.1495 1.44167
59.215 16.1495 1.52373
69.9813 16.1495 1.12042
5.38318 26.9159 0.101074
16.1495 26.9159 0.455426
26.9159 26.9159 0.834596
37.6822 26.9159 0.983057
48.4486 26.9159 1.26496
59.215 26.9159 1.43371
69.9813 26.9159 1.11231
5.38318 37.6822 0.252926
16.1495 37.6822 0.736294
26.9159 37.6822 1.08761
37.6822 37.6822 1.07572
48.4486 37.6822 1.04187
59.215 37.6822 1.02653
69.9813 37.6822 0.83209
5.38318 48.4486 0.322722
16.1495 48.4486 0.794705
26.9159 48.4486 1.23045
37.6822 48.4486 1.2572
48.4486 48.4486 1.14114
59.215 48.4486 1.01863
69.9813 48.4486 0.80121
5.38318 59.215 0.438844
16.1495 59.215 1.04269
26.9159 59.215 1.67634
37.6822 59.215 1.90719
48.4486 59.215 1.59927
59.215 59.215 1.27643
69.9813 59.215 0.864781
5.38318 69.9813 0.438354
16.1495 69.9813 1.06784
26.9159 69.9813 1.72818
37.6822 69.9813 1.90821
48.4486 69.9813 1.45822
59.215 69.9813 0.910463
69.9813 69.9813 0.567538
5.38318 80.7477 0.131451
16.1495 80.7477 0.558444
26.9159 80.7477 1.05227
37.6822 80.7477 1.19669
48.4486 80.7477 0.767636
59.215 80.7477 0.295906
69.9813 80.7477 0.212794
5.38318 91.514 -0.144158
16.1495 91.514 -0.155657
26.9159 91.514 -0.0901968
37.6822 91.514 -0.138713
48.4486 91.514 -0.243083
59.215 91.514 -0.277092
69.9813 91.514 -0.123451
5.38318 102.28 -0.272466
16.1495 102.28 -0.427395
26.9159 102.28 -0.414108
37.6822 102.28 -0.447812
48.4486 102.28 -0.442342
59.215 102.28 -0.358031
69.9813 102.28 -0.158957
5.38318 113.047 -0.29498
16.1495 113.047 -0.441544
26.9159 113.047 -0.426581
37.6822 113.047 -0.409427
48.4486 113.047 -0.39604
59.215 113.047 -0.31133
69.9813 113.047 -0.138124
5.38318 123.813 -0.275317
16.1495 123.813 -0.392056
26.9159 123.813 -0.309286
37.6822 123.813 -0.257519
48.4486 123.813 -0.230502
59.215 123.813 -0.169539
69.9813 123.813 -0.0595393
5.38318 134.579 -0.20167
16.1495 134.579 -0.2268
26.9159 134.579 -0.0392594
37.6822 134.579 0.134008
48.4486 134.579 0.16997
59.215 134.579 0.159522
69.9813 134.579 0.175034
5.38318 145.346 -0.0923332
16.1495 145.346 1.94013e-05
26.9159 145.346 0.750842
37.6822 145.346 1.19678
48.4486 145.346 1.34279
59.215 145.346 1.04758
69.9813 145.346 0.660404
5.38318 156.112 0.173886
16.1495 156.112 0.724362
26.9159 156.112 1.88995
37.6822 156.112 2.54503
48.4486 156.112 2.67185
59.215 156.112 2.01232
69.9813 156.112 1.1816
5.38318 166.879 0.528327
16.1495 166.879 1.468
26.9159 166.879 3.00044
37.6822 166.879 4.11798
48.4486 166.879 4.36281
59.215 166.879 3.21147
69.9813 166.879 1.7639
5.38318 177.645 0.934982
16.1495 177.645 2.06968
26.9159 177.645 3.7141
37.6822 177.645 5.02648
48.4486 177.645 5.26859
59.215 177.645 3.95147
69.9813 177.645 2.12822
5.38318 188.411 1.26417
16.1495 188.411 2.43019
26.9159 188.411 3.77733
37.6822 188.411 4.77783
48.4486 188.411 4.84208
59.215 188.411 3.69362
69.9813 188.411 1.99609
5.38318 199.178 1.23547
16.1495 199.178 2.03889
26.9159 199.178 2.5261
37.6822 199.178 2.60613
48.4486 199.178 2.58325
59.215 199.178 2.21962
69.9813 199.178 1.37887
5.38318 209.944 0.76475
16.1495 209.944 1.23565
26.9159 209.944 1.46187
37.6822 209.944 1.19819
48.4486 209.944 1.22656
59.215 209.944 1.15383
69.9813 209.944 0.865583
