48 177
0 157 72 40
0 141 72 72
0 134 72 82
0 72 72 144
0 0 72 216
5.38318 5.38318 1.21194
16.1495 5.38318 1.85782
26.9159 5.38318 1.98666
37.6822 5.38318 1.98331
48.4486 5.38318 2.03181
59.215 5.38318 1.6606
69.9813 5.38318 1.04851
5.38318 16.1495 2.12033
16.1495 16.1495 3.3807
26.9159 16.1495 3.68762
37.6822 16.1495 3.6439
48.4486 16.1495 3.71301
59.215 16.1495 3.12156
69.9813 16.1495 1.98921
5.38318 26.9159 2.29551
16.1495 26.9159 3.82654
26.9159 26.9159 4.22572
37.6822 26.9159 4.2175
48.4486 26.9159 4.24042
59.215 26.9159 3.65727
69.9813 26.9159 2.30192
5.38318 37.6822 1.71271
16.1495 37.6822 2.81343
26.9159 37.6822 3.19859
37.6822 37.6822 3.2639
48.4486 37.6822 3.26324
59.215 37.6822 2.8523
69.9813 37.6822 1.7732
5.38318 48.4486 1.11148
16.1495 48.4486 1.87974
26.9159 48.4486 2.32604
37.6822 48.4486 2.39894
48.4486 48.4486 2.42233
59.215 48.4486 2.14899
69.9813 48.4486 1.38664
5.38318 59.215 1.28307
16.1495 59.215 2.05298
26.9159 59.215 2.51154
37.6822 59.215 2.50208
48.4486 59.215 2.51258
59.215 59.215 2.19648
69.9813 59.215 1.48913
5.38318 69.9813 1.22637
16.1495 69.9813 1.93293
26.9159 69.9813 2.32287
37.6822 69.9813 2.15032
48.4486 69.9813 2.30717
59.215 69.9813 2.01886
69.9813 69.9813 1.46877
5.38318 80.7477 0.85187
16.1495 80.7477 1.34898
26.9159 80.7477 1.53882
37.6822 80.7477 1.24409
48.4486 80.7477 1.35625
59.215 80.7477 1.25452
69.9813 80.7477 1.08441
5.38318 91.514 -0.188825
16.1495 91.514 -0.29007
26.9159 91.514 -0.280673
37.6822 91.514 -0.383563
48.4486 91.514 -0.312696
59.215 91.514 -0.194478
69.9813 91.514 0.211176
5.38318 102.28 -0.511822
16.1495 102.28 -0.823804
26.9159 102.28 -0.887612
37.6822 102.28 -0.931141
48.4486 102.28 -0.882952
59.215 102.28 -0.649198
69.9813 102.28 -0.253285
5.38318 113.047 -0.585327
16.1495 113.047 -0.936461
26.9159 113.047 -1.022
37.6822 113.047 -1.02557
48.4486 113.047 -0.970383
59.215 113.047 -0.76727
69.9813 113.047 -0.327786
5.38318 123.813 -0.576135
16.1495 123.813 -0.916913
26.9159 123.813 -0.98442
37.6822 123.813 -0.971825
48.4486 123.813 -0.914709
59.215 123.813 -0.691621
69.9813 123.813 -0.290148
5.38318 134.579 -0.553209
16.1495 134.579 -0.86157
26.9159 134.579 -0.858439
37.6822 134.579 -0.786484
48.4486 134.579 -0.706944
59.215 134.579 -0.508867
69.9813 134.579 -0.190856
5.38318 145.346 -0.487959
16.1495 145.346 -0.66449
26.9159 145.346 -0.405471
37.6822 145.346 -0.193615
48.4486 145.346 -0.0748001
59.215 145.346 -0.0288008
69.9813 145.346 0.161547
5.38318 156.112 -0.303147
16.1495 156.112 -0.254549
26.9159 156.112 0.766325
37.6822 156.112 1.66272
48.4486 156.112 1.98911
59.215 156.112 1.51375
69.9813 156.112 0.980369
5.38318 166.879 -0.00212501
16.1495 166.879 0.765505
26.9159 166.879 2.59381
37.6822 166.879 3.82695
48.4486 166.879 4.17212
59.215 166.879 3.07369
69.9813 166.879 1.71815
5.38318 177.645 0.716529
16.1495 177.645 1.8393
26.9159 177.645 3.68784
37.6822 177.645 5.20997
48.4486 177.645 5.57851
59.215 177.645 4.14059
69.9813 177.645 2.20927
5.38318 188.411 1.45432
16.1495 188.411 2.67354
26.9159 188.411 4.09431
37.6822 188.411 5.24664
48.4486 188.411 5.32774
59.215 188.411 3.96307
69.9813 188.411 2.06262
5.38318 199.178 1.79369
16.1495 199.178 2.79943
26.9159 199.178 3.3805
37.6822 199.178 3.62943
48.4486 199.178 3.44554
59.215 199.178 2.84568
69.9813 199.178 1.63208
5.38318 209.944 1.45808
16.1495 209.944 2.12996
26.9159 209.944 2.15144
37.6822 209.944 1.83397
48.4486 209.944 1.726
59.215 209.944 1.63048
69.9813 209.944 1.11808
