48 26
0 6 72 40
0 0 72 72
0 0 72 82
0 0 72 144
0 0 72 216
5.38318 5.38318 0.123005
16.1495 5.38318 0.307768
26.9159 5.38318 1.10753
37.6822 5.38318 1.513
48.4486 5.38318 1.59454
59.215 5.38318 1.2056
69.9813 5.38318 0.70559
5.38318 16.1495 0.240607
16.1495 16.1495 1.00105
26.9159 16.1495 2.59008
37.6822 16.1495 3.52828
48.4486 16.1495 3.67374
59.215 16.1495 2.70542
69.9813 16.1495 1.53516
5.38318 26.9159 0.158683
16.1495 26.9159 1.19846
26.9159 26.9159 3.33006
37.6822 26.9159 4.86244
48.4486 26.9159 5.19631
59.215 26.9159 3.93586
69.9813 26.9159 2.17334
5.38318 37.6822 0.721603
16.1495 37.6822 2.00137
26.9159 37.6822 3.73883
37.6822 37.6822 4.98653
48.4486 37.6822 5.09052
59.215 37.6822 3.86186
69.9813 37.6822 2.15539
5.38318 48.4486 1.1627
16.1495 48.4486 2.24825
26.9159 48.4486 3.07699
37.6822 48.4486 3.34449
48.4486 48.4486 3.24956
59.215 48.4486 2.62682
69.9813 48.4486 1.63435
5.38318 59.215 1.466
16.1495 59.215 2.48562
26.9159 59.215 2.70349
37.6822 59.215 2.12859
48.4486 59.215 1.79274
59.215 59.215 1.63544
69.9813 59.215 1.31171
5.38318 69.9813 1.25784
16.1495 69.9813 1.97625
26.9159 69.9813 1.91251
37.6822 69.9813 1.04464
48.4486 69.9813 0.955925
59.215 69.9813 1.303
69.9813 69.9813 1.27367
5.38318 80.7477 0.479067
16.1495 80.7477 0.652955
26.9159 80.7477 0.340859
37.6822 80.7477 -0.234843
48.4486 80.7477 -0.275253
59.215 80.7477 0.17443
69.9813 80.7477 0.601284
5.38318 91.514 -0.313659
16.1495 91.514 -0.565007
26.9159 91.514 -0.708707
37.6822 91.514 -0.885215
48.4486 91.514 -0.865428
59.215 91.514 -0.537139
69.9813 91.514 -0.151516
5.38318 102.28 -0.544283
16.1495 102.28 -0.889294
26.9159 102.28 -0.999317
37.6822 102.28 -1.02028
48.4486 102.28 -0.969059
59.215 102.28 -0.721264
69.9813 102.28 -0.294043
5.38318 113.047 -0.581138
16.1495 113.047 -0.929843
26.9159 113.047 -1.01504
37.6822 113.047 -1.01777
48.4486 113.047 -0.967256
59.215 113.047 -0.75949
69.9813 113.047 -0.32665
5.38318 123.813 -0.569822
16.1495 123.813 -0.905649
26.9159 123.813 -0.9687
37.6822 123.813 -0.959597
48.4486 123.813 -0.904604
59.215 123.813 -0.657575
69.9813 123.813 -0.270194
5.38318 134.579 -0.525698
16.1495 134.579 -0.815857
26.9159 134.579 -0.768885
37.6822 134.579 -0.725484
48.4486 134.579 -0.656698
59.215 134.579 -0.430853
69.9813 134.579 -0.14787
5.38318 145.346 -0.383884
16.1495 145.346 -0.509748
26.9159 145.346 -0.268111
37.6822 145.346 -0.140478
48.4486 145.346 -0.0229371
59.215 145.346 0.277513
69.9813 145.346 0.404953
5.38318 156.112 -0.101228
16.1495 156.112 0.164088
26.9159 156.112 1.18839
37.6822 156.112 1.59222
48.4486 156.112 1.77002
59.215 156.112 1.63584
69.9813 156.112 1.12088
5.38318 166.879 0.450826
16.1495 166.879 1.34431
26.9159 166.879 2.68933
37.6822 166.879 3.25935
48.4486 166.879 3.46087
59.215 166.879 2.93029
69.9813 166.879 1.82718
5.38318 177.645 1.01944
16.1495 177.645 2.16669
26.9159 177.645 3.49908
37.6822 177.645 4.19318
48.4486 177.645 4.34937
59.215 177.645 3.54073
69.9813 177.645 2.12048
5.38318 188.411 1.2334
16.1495 188.411 2.32935
26.9159 188.411 3.48774
37.6822 188.411 4.00633
48.4486 188.411 3.98702
59.215 188.411 3.15655
69.9813 188.411 1.87703
5.38318 199.178 1.0058
16.1495 199.178 1.73875
26.9159 199.178 2.36187
37.6822 199.178 2.47972
48.4486 199.178 2.28695
59.215 199.178 1.85333
69.9813 199.178 1.15339
5.38318 209.944 0.435017
16.1495 209.944 0.826475
26.9159 209.944 1.13831
37.6822 209.944 1.01814
48.4486 209.944 0.824443
59.215 209.944 0.710699
69.9813 209.944 0.573835
