37 177
0 157 72 40
0 141 72 72
0 134 72 82
0 72 72 144
0 0 72 216
5.38318 5.38318 0.124151
16.1495 5.38318 0.459723
26.9159 5.38318 1.31134
37.6822 5.38318 1.43068
48.4486 5.38318 0.941604
59.215 5.38318 0.355242
69.9813 5.38318 0.0929919
5.38318 16.1495 -0.0164696
16.1495 16.1495 0.672242
26.9159 16.1495 2.08577
37.6822 16.1495 2.32786
48.4486 16.1495 1.62689
59.215 16.1495 0.672907
69.9813 16.1495 0.252205
5.38318 26.9159 -0.228629
16.1495 26.9159 0.0288535
26.9159 26.9159 1.55177
37.6822 26.9159 1.89121
48.4486 26.9159 0.981259
59.215 26.9159 0.000264727
69.9813 26.9159 -0.106114
5.38318 37.6822 -0.177556
16.1495 37.6822 -0.00803703
26.9159 37.6822 1.07294
37.6822 37.6822 1.29628
48.4486 37.6822 0.714449
59.215 37.6822 0.17925
69.9813 37.6822 0.0551569
5.38318 48.4486 0.12262
16.1495 48.4486 0.741753
26.9159 48.4486 1.61959
37.6822 48.4486 1.79798
48.4486 48.4486 1.40765
59.215 48.4486 0.96922
69.9813 48.4486 0.631291
5.38318 59.215 0.61202
16.1495 59.215 1.52478
26.9159 59.215 2.21467
37.6822 59.215 2.44599
48.4486 59.215 2.294
59.215 59.215 2.01498
69.9813 59.215 1.31589
5.38318 69.9813 0.739021
16.1495 69.9813 1.63767
26.9159 69.9813 2.06699
37.6822 69.9813 2.2599
48.4486 69.9813 2.2136
59.215 69.9813 2.17565
69.9813 69.9813 1.46607
5.38318 80.7477 0.246794
16.1495 80.7477 0.700874
26.9159 80.7477 0.790784
37.6822 80.7477 0.893971
48.4486 80.7477 0.922949
59.215 80.7477 1.26642
69.9813 80.7477 1.03409
5.38318 91.514 -0.32637
16.1495 91.514 -0.444954
26.9159 91.514 -0.509565
37.6822 91.514 -0.530671
48.4486 91.514 -0.562001
59.215 91.514 -0.311244
69.9813 91.514 -0.0659596
5.38318 102.28 -0.538069
16.1495 102.28 -0.8556
26.9159 102.28 -0.942442
37.6822 102.28 -0.956712
48.4486 102.28 -0.935707
59.215 102.28 -0.71172
69.9813 102.28 -0.309569
5.38318 113.047 -0.586786
16.1495 113.047 -0.94078
26.9159 113.047 -1.02991
37.6822 113.047 -1.03424
48.4486 113.047 -0.982413
59.215 113.047 -0.77656
69.9813 113.047 -0.339191
5.38318 123.813 -0.581935
16.1495 123.813 -0.925624
26.9159 123.813 -0.999889
37.6822 123.813 -0.997148
48.4486 123.813 -0.94903
59.215 123.813 -0.750315
69.9813 123.813 -0.326948
5.38318 134.579 -0.551526
16.1495 134.579 -0.854053
26.9159 134.579 -0.862246
37.6822 134.579 -0.845977
48.4486 134.579 -0.847271
59.215 134.579 -0.665289
69.9813 134.579 -0.299464
5.38318 145.346 -0.394323
16.1495 145.346 -0.44757
26.9159 145.346 -0.183465
37.6822 145.346 -0.12544
48.4486 145.346 -0.309058
59.215 145.346 -0.347733
69.9813 145.346 -0.175089
5.38318 156.112 -0.0532935
16.1495 156.112 0.556219
26.9159 156.112 1.73616
37.6822 156.112 1.92666
48.4486 156.112 1.13866
59.215 156.112 0.45763
69.9813 156.112 0.15599
5.38318 166.879 0.611824
16.1495 166.879 1.95838
26.9159 166.879 3.4899
37.6822 166.879 3.71606
48.4486 166.879 2.80348
59.215 166.879 1.69149
69.9813 166.879 0.808015
5.38318 177.645 1.08884
16.1495 177.645 2.39142
26.9159 177.645 3.80722
37.6822 177.645 3.94198
48.4486 177.645 3.1996
59.215 177.645 2.16459
69.9813 177.645 1.21258
5.38318 188.411 1.0502
16.1495 188.411 1.88028
26.9159 188.411 2.70715
37.6822 188.411 2.63307
48.4486 188.411 2.28858
59.215 188.411 1.77166
69.9813 188.411 1.16829
5.38318 199.178 0.626697
16.1495 199.178 0.930576
26.9159 199.178 1.24154
37.6822 199.178 1.00922
48.4486 199.178 0.909091
59.215 199.178 0.857858
69.9813 199.178 0.729721
5.38318 209.944 0.112227
16.1495 209.944 0.120136
26.9159 209.944 0.310811
37.6822 209.944 0.178135
48.4486 209.944 0.184793
59.215 209.944 0.270325
69.9813 209.944 0.329865
