37 177
0 157 72 40
0 141 72 72
0 134 72 82
0 72 72 144
0 0 72 216
5.38318 5.38318 0.492259
16.1495 5.38318 0.951532
26.9159 5.38318 1.52776
37.6822 5.38318 1.68887
48.4486 5.38318 1.50662
59.215 5.38318 1.04268
69.9813 5.38318 0.53955
5.38318 16.1495 0.840674
16.1495 16.1495 1.89396
26.9159 16.1495 3.12234
37.6822 16.1495 3.50348
48.4486 16.1495 3.16032
59.215 16.1495 2.09933
69.9813 16.1495 1.10968
5.38318 26.9159 1.06313
16.1495 26.9159 2.33876
26.9159 26.9159 4.10204
37.6822 26.9159 4.55372
48.4486 26.9159 4.08068
59.215 26.9159 2.59862
69.9813 26.9159 1.34464
5.38318 37.6822 1.11852
16.1495 37.6822 2.29882
26.9159 37.6822 3.89312
37.6822 37.6822 4.13363
48.4486 37.6822 3.65549
59.215 37.6822 2.30689
69.9813 37.6822 1.25163
5.38318 48.4486 1.02885
16.1495 48.4486 1.77282
26.9159 48.4486 2.57905
37.6822 48.4486 2.4183
48.4486 48.4486 2.19497
59.215 48.4486 1.56458
69.9813 48.4486 1.07222
5.38318 59.215 0.601874
16.1495 59.215 0.909977
26.9159 59.215 0.946687
37.6822 59.215 0.80006
48.4486 59.215 0.864291
59.215 59.215 1.06455
69.9813 59.215 0.951657
5.38318 69.9813 -0.00941473
16.1495 69.9813 -0.0432511
26.9159 69.9813 -0.131358
37.6822 69.9813 -0.10949
48.4486 69.9813 0.0705487
59.215 69.9813 0.645598
69.9813 69.9813 0.748429
5.38318 80.7477 -0.228661
16.1495 80.7477 -0.377491
26.9159 80.7477 -0.403034
37.6822 80.7477 -0.390779
48.4486 80.7477 -0.326634
59.215 80.7477 -0.0771838
69.9813 80.7477 0.248686
5.38318 91.514 -0.499111
16.1495 91.514 -0.808392
26.9159 91.514 -0.838508
37.6822 91.514 -0.840352
48.4486 91.514 -0.796317
59.215 91.514 -0.560911
69.9813 91.514 -0.223654
5.38318 102.28 -0.566433
16.1495 102.28 -0.900713
26.9159 102.28 -0.96325
37.6822 102.28 -0.954594
48.4486 102.28 -0.904842
59.215 102.28 -0.682026
69.9813 102.28 -0.28948
5.38318 113.047 -0.583894
16.1495 113.047 -0.934698
26.9159 113.047 -1.01318
37.6822 113.047 -1.00887
48.4486 113.047 -0.951709
59.215 113.047 -0.7427
69.9813 113.047 -0.318006
5.38318 123.813 -0.562542
16.1495 123.813 -0.887347
26.9159 123.813 -0.944237
37.6822 123.813 -0.929876
48.4486 123.813 -0.8784
59.215 123.813 -0.652629
69.9813 123.813 -0.270658
5.38318 134.579 -0.503272
16.1495 134.579 -0.756812
26.9159 134.579 -0.701521
37.6822 134.579 -0.667379
48.4486 134.579 -0.619911
59.215 134.579 -0.465441
69.9813 134.579 -0.169831
5.38318 145.346 -0.240858
16.1495 145.346 -0.201745
26.9159 145.346 0.226052
37.6822 145.346 0.458848
48.4486 145.346 0.334088
59.215 145.346 0.0893077
69.9813 145.346 0.149649
5.38318 156.112 0.286527
16.1495 156.112 1.1527
26.9159 156.112 2.30961
37.6822 156.112 2.57044
48.4486 156.112 2.23823
59.215 156.112 1.33446
69.9813 156.112 0.710512
5.38318 166.879 1.13386
16.1495 166.879 2.72707
26.9159 166.879 4.55717
37.6822 166.879 4.98131
48.4486 166.879 4.28268
59.215 166.879 2.61299
69.9813 166.879 1.28819
5.38318 177.645 1.36332
16.1495 177.645 3.12333
26.9159 177.645 5.14958
37.6822 177.645 5.68669
48.4486 177.645 4.94737
59.215 177.645 3.06146
69.9813 177.645 1.50101
5.38318 188.411 1.32863
16.1495 188.411 2.81459
26.9159 188.411 4.41771
37.6822 188.411 4.79432
48.4486 188.411 4.19523
59.215 188.411 2.85953
69.9813 188.411 1.51461
5.38318 199.178 0.892831
16.1495 199.178 1.60096
26.9159 199.178 1.98236
37.6822 199.178 2.024
48.4486 199.178 1.81081
59.215 199.178 1.75443
69.9813 199.178 1.17349
5.38318 209.944 0.612846
16.1495 209.944 1.01076
26.9159 209.944 0.9988
37.6822 209.944 0.904673
48.4486 209.944 0.859814
59.215 209.944 1.22116
69.9813 209.944 0.941967
