37 48
0 28 72 40
0 12 72 72
0 7 72 82
0 0 72 144
0 0 72 216
5.38318 5.38318 0.0629958
16.1495 5.38318 -0.00182892
26.9159 5.38318 0.011076
37.6822 5.38318 -0.00768886
48.4486 5.38318 -0.010461
59.215 5.38318 0.0726014
69.9813 5.38318 0.135387
5.38318 16.1495 0.166491
16.1495 16.1495 0.457919
26.9159 16.1495 0.821848
37.6822 16.1495 0.868087
48.4486 16.1495 0.805181
59.215 16.1495 0.615702
69.9813 16.1495 0.490066
5.38318 26.9159 0.0403768
16.1495 26.9159 0.581316
26.9159 26.9159 1.35944
37.6822 26.9159 1.47307
48.4486 26.9159 1.28497
59.215 26.9159 0.727363
69.9813 26.9159 0.515192
5.38318 37.6822 0.57544
16.1495 37.6822 1.79136
26.9159 37.6822 3.17187
37.6822 37.6822 3.38729
48.4486 37.6822 2.99938
59.215 37.6822 1.74629
69.9813 37.6822 0.930329
5.38318 48.4486 0.708941
16.1495 48.4486 2.1169
26.9159 48.4486 3.97951
37.6822 48.4486 4.28471
48.4486 48.4486 3.80264
59.215 48.4486 2.11278
69.9813 48.4486 1.10398
5.38318 59.215 0.385339
16.1495 59.215 1.58446
26.9159 59.215 3.45867
37.6822 59.215 3.80248
48.4486 59.215 3.27693
59.215 59.215 1.6153
69.9813 59.215 0.739885
5.38318 69.9813 -0.196982
16.1495 69.9813 -0.100735
26.9159 69.9813 1.16325
37.6822 69.9813 1.22354
48.4486 69.9813 0.828147
59.215 69.9813 -0.093817
69.9813 69.9813 -0.0666697
5.38318 80.7477 -0.50285
16.1495 80.7477 -0.755332
26.9159 80.7477 -0.716696
37.6822 80.7477 -0.732235
48.4486 80.7477 -0.809716
59.215 80.7477 -0.687252
69.9813 80.7477 -0.329738
5.38318 91.514 -0.573726
16.1495 91.514 -0.924167
26.9159 91.514 -1.03944
37.6822 91.514 -1.06874
48.4486 91.514 -1.04355
59.215 91.514 -0.835676
69.9813 91.514 -0.378179
5.38318 102.28 -0.58919
16.1495 102.28 -0.947322
26.9159 102.28 -1.04963
37.6822 102.28 -1.06429
48.4486 102.28 -1.01613
59.215 102.28 -0.805963
69.9813 102.28 -0.355674
5.38318 113.047 -0.574184
16.1495 113.047 -0.917819
26.9159 113.047 -0.995789
37.6822 113.047 -1.00421
48.4486 113.047 -0.960722
59.215 113.047 -0.763164
69.9813 113.047 -0.333158
5.38318 123.813 -0.497797
16.1495 123.813 -0.748409
26.9159 123.813 -0.673876
37.6822 123.813 -0.764998
48.4486 123.813 -0.806225
59.215 123.813 -0.672345
69.9813 123.813 -0.298513
5.38318 134.579 -0.273546
16.1495 134.579 -0.238286
26.9159 134.579 0.241844
37.6822 134.579 -0.0709157
48.4486 134.579 -0.312899
59.215 134.579 -0.413165
69.9813 134.579 -0.195962
5.38318 145.346 0.214652
16.1495 145.346 1.28202
26.9159 145.346 2.61194
37.6822 145.346 2.21875
48.4486 145.346 1.13138
59.215 145.346 0.14353
69.9813 145.346 0.046403
5.38318 156.112 0.635506
16.1495 156.112 2.28351
26.9159 156.112 3.93571
37.6822 156.112 3.71123
48.4486 156.112 2.54856
59.215 156.112 1.27948
69.9813 156.112 0.667191
5.38318 166.879 0.91857
16.1495 166.879 2.50066
26.9159 166.879 4.12729
37.6822 166.879 4.11457
48.4486 166.879 3.05021
59.215 166.879 1.86712
69.9813 166.879 0.995839
5.38318 177.645 0.754905
16.1495 177.645 1.89194
26.9159 177.645 3.13709
37.6822 177.645 3.32765
48.4486 177.645 2.71065
59.215 177.645 1.87345
69.9813 177.645 1.03748
5.38318 188.411 0.758226
16.1495 188.411 1.68724
26.9159 188.411 2.60791
37.6822 188.411 2.75623
48.4486 188.411 2.27188
59.215 188.411 1.65453
69.9813 188.411 0.928595
5.38318 199.178 0.589091
16.1495 199.178 1.21647
26.9159 199.178 1.80569
37.6822 199.178 1.72105
48.4486 199.178 1.2484
59.215 199.178 0.951002
69.9813 199.178 0.642689
5.38318 209.944 0.559229
16.1495 209.944 1.01684
26.9159 209.944 1.15549
37.6822 209.944 0.86407
48.4486 209.944 0.496175
59.215 209.944 0.448659
69.9813 209.944 0.455799
