37 26
0 6 72 40
0 0 72 72
0 0 72 82
0 0 72 144
0 0 72 216
5.38318 5.38318 0.523095
16.1495 5.38318 0.910168
26.9159 5.38318 1.54244
37.6822 5.38318 1.75059
48.4486 5.38318 1.67614
59.215 5.38318 1.12881
69.9813 5.38318 0.654425
5.38318 16.1495 0.885578
16.1495 16.1495 1.78454
26.9159 16.1495 3.10893
37.6822 16.1495 3.59084
48.4486 16.1495 3.46326
59.215 16.1495 2.29885
69.9813 16.1495 1.29158
5.38318 26.9159 1.16174
16.1495 26.9159 2.47347
26.9159 26.9159 4.44039
37.6822 26.9159 5.03258
48.4486 26.9159 4.6732
59.215 26.9159 2.98309
69.9813 26.9159 1.60814
5.38318 37.6822 1.14105
16.1495 37.6822 2.5023
26.9159 37.6822 4.43544
37.6822 37.6822 4.98714
48.4486 37.6822 4.50672
59.215 37.6822 2.83201
69.9813 37.6822 1.48815
5.38318 48.4486 0.982592
16.1495 48.4486 2.11891
26.9159 48.4486 3.43933
37.6822 48.4486 3.56217
48.4486 48.4486 3.03415
59.215 48.4486 1.88551
69.9813 48.4486 0.994447
5.38318 59.215 0.3642
16.1495 59.215 0.717917
26.9159 59.215 0.951571
37.6822 59.215 0.660742
48.4486 59.215 0.420218
59.215 59.215 0.347114
69.9813 59.215 0.448176
5.38318 69.9813 -0.133133
16.1495 69.9813 -0.215968
26.9159 69.9813 -0.2846
37.6822 69.9813 -0.399059
48.4486 69.9813 -0.402729
59.215 69.9813 -0.186575
69.9813 69.9813 0.130662
5.38318 80.7477 -0.428478
16.1495 80.7477 -0.741976
26.9159 80.7477 -0.81439
37.6822 80.7477 -0.8674
48.4486 80.7477 -0.754601
59.215 80.7477 -0.422664
69.9813 80.7477 -0.104486
5.38318 91.514 -0.574525
16.1495 91.514 -0.952874
26.9159 91.514 -1.05198
37.6822 91.514 -1.0508
48.4486 91.514 -0.969973
59.215 91.514 -0.651634
69.9813 91.514 -0.252072
5.38318 102.28 -0.593412
16.1495 102.28 -0.955875
26.9159 102.28 -1.03711
37.6822 102.28 -1.03151
48.4486 102.28 -0.973891
59.215 102.28 -0.756314
69.9813 102.28 -0.331205
5.38318 113.047 -0.584986
16.1495 113.047 -0.934174
26.9159 113.047 -1.01155
37.6822 113.047 -1.00606
48.4486 113.047 -0.950939
59.215 113.047 -0.743046
69.9813 113.047 -0.319454
5.38318 123.813 -0.560906
16.1495 123.813 -0.885666
26.9159 123.813 -0.941729
37.6822 123.813 -0.931952
48.4486 123.813 -0.881199
59.215 123.813 -0.657531
69.9813 123.813 -0.272611
5.38318 134.579 -0.483489
16.1495 134.579 -0.706904
26.9159 134.579 -0.628566
37.6822 134.579 -0.603894
48.4486 134.579 -0.584585
59.215 134.579 -0.454609
69.9813 134.579 -0.169874
5.38318 145.346 -0.282924
16.1495 145.346 -0.267695
26.9159 145.346 0.142255
37.6822 145.346 0.419885
48.4486 145.346 0.317213
59.215 145.346 0.05523
69.9813 145.346 0.138751
5.38318 156.112 -0.00342661
16.1495 156.112 0.735203
26.9159 156.112 1.93039
37.6822 156.112 2.40794
48.4486 156.112 2.15485
59.215 156.112 1.20964
69.9813 156.112 0.658655
5.38318 166.879 0.327787
16.1495 166.879 1.46587
26.9159 166.879 3.07935
37.6822 166.879 3.99644
48.4486 166.879 3.79909
59.215 166.879 2.34407
69.9813 166.879 1.14655
5.38318 177.645 0.460326
16.1495 177.645 1.6282
26.9159 177.645 3.26708
37.6822 177.645 4.36558
48.4486 177.645 4.23788
59.215 177.645 2.58895
69.9813 177.645 1.27251
5.38318 188.411 0.275889
16.1495 188.411 1.23406
26.9159 188.411 2.61354
37.6822 188.411 3.63117
48.4486 188.411 3.43646
59.215 188.411 2.16108
69.9813 188.411 1.06225
5.38318 199.178 0.100122
16.1495 199.178 0.893712
26.9159 199.178 1.87521
37.6822 199.178 2.53117
48.4486 199.178 2.25162
59.215 199.178 1.49641
69.9813 199.178 0.823011
5.38318 209.944 -0.0256189
16.1495 209.944 0.4103
26.9159 209.944 0.679743
37.6822 209.944 1.18403
48.4486 209.944 0.980307
59.215 209.944 0.898762
69.9813 209.944 0.5851
