37 37
0 17 72 40
0 1 72 72
0 0 72 82
0 0 72 144
0 0 72 216
5.38318 5.38318 0.489293
16.1495 5.38318 0.944671
26.9159 5.38318 1.4191
37.6822 5.38318 1.54164
48.4486 5.38318 1.31371
59.215 5.38318 0.841087
69.9813 5.38318 0.420447
5.38318 16.1495 0.898577
16.1495 16.1495 2.04872
26.9159 16.1495 3.23104
37.6822 16.1495 3.62515
48.4486 16.1495 3.02652
59.215 16.1495 1.93438
69.9813 16.1495 0.94229
5.38318 26.9159 1.14878
16.1495 26.9159 2.96844
26.9159 26.9159 5.07826
37.6822 26.9159 5.85125
48.4486 26.9159 4.76029
59.215 26.9159 2.83005
69.9813 26.9159 1.27332
5.38318 37.6822 1.228
16.1495 37.6822 3.26194
26.9159 37.6822 5.63892
37.6822 37.6822 6.44732
48.4486 37.6822 5.33485
59.215 37.6822 3.13413
69.9813 37.6822 1.40413
5.38318 48.4486 1.13899
16.1495 48.4486 2.81459
26.9159 48.4486 4.69237
37.6822 48.4486 5.39699
48.4486 48.4486 4.59291
59.215 48.4486 2.85319
69.9813 48.4486 1.45388
5.38318 59.215 0.93708
16.1495 59.215 1.89127
26.9159 59.215 2.49568
37.6822 59.215 2.81233
48.4486 59.215 2.7678
59.215 59.215 2.16824
69.9813 59.215 1.42016
5.38318 69.9813 0.688294
16.1495 69.9813 1.27644
26.9159 69.9813 1.46878
37.6822 69.9813 1.72546
48.4486 69.9813 1.9454
59.215 69.9813 1.86581
69.9813 69.9813 1.31267
5.38318 80.7477 -0.0356234
16.1495 80.7477 0.030965
26.9159 80.7477 0.051912
37.6822 80.7477 0.22278
48.4486 80.7477 0.402489
59.215 80.7477 0.634787
69.9813 80.7477 0.61812
5.38318 91.514 -0.44065
16.1495 91.514 -0.693294
26.9159 91.514 -0.732664
37.6822 91.514 -0.701773
48.4486 91.514 -0.667567
59.215 91.514 -0.426421
69.9813 91.514 -0.156614
5.38318 102.28 -0.565265
16.1495 102.28 -0.899919
26.9159 102.28 -0.979912
37.6822 102.28 -0.97184
48.4486 102.28 -0.933471
59.215 102.28 -0.703131
69.9813 102.28 -0.308519
5.38318 113.047 -0.585557
16.1495 113.047 -0.93909
26.9159 113.047 -1.02489
37.6822 113.047 -1.02688
48.4486 113.047 -0.972201
59.215 113.047 -0.767923
69.9813 113.047 -0.331507
5.38318 123.813 -0.573103
16.1495 123.813 -0.917057
26.9159 123.813 -0.996963
37.6822 123.813 -0.997717
48.4486 123.813 -0.947095
59.215 123.813 -0.73491
69.9813 123.813 -0.3148
5.38318 134.579 -0.547875
16.1495 134.579 -0.872643
26.9159 134.579 -0.945622
37.6822 134.579 -0.949237
48.4486 134.579 -0.90395
59.215 134.579 -0.665878
69.9813 134.579 -0.275064
5.38318 145.346 -0.49532
16.1495 145.346 -0.761573
26.9159 145.346 -0.742583
37.6822 145.346 -0.72593
48.4486 145.346 -0.674268
59.215 145.346 -0.481998
69.9813 145.346 -0.176432
5.38318 156.112 -0.303668
16.1495 156.112 -0.398253
26.9159 156.112 -0.184954
37.6822 156.112 -0.173851
48.4486 156.112 -0.136302
59.215 156.112 -0.137762
69.9813 156.112 0.0401986
5.38318 166.879 -0.0769166
16.1495 166.879 0.180348
26.9159 166.879 1.25585
37.6822 166.879 1.36408
48.4486 166.879 1.37604
59.215 166.879 0.765547
69.9813 166.879 0.544107
5.38318 177.645 0.366203
16.1495 177.645 1.33107
26.9159 177.645 2.79051
37.6822 177.645 2.9218
48.4486 177.645 2.76143
59.215 177.645 1.58799
69.9813 177.645 0.908782
5.38318 188.411 0.484427
16.1495 188.411 1.65227
26.9159 188.411 3.23777
37.6822 188.411 3.46743
48.4486 188.411 3.17054
59.215 188.411 1.76357
69.9813 188.411 0.954416
5.38318 199.178 0.296426
16.1495 199.178 1.24249
26.9159 199.178 2.50058
37.6822 199.178 2.65019
48.4486 199.178 2.25001
59.215 199.178 1.02986
69.9813 199.178 0.567727
5.38318 209.944 0.0279498
16.1495 209.944 0.435279
26.9159 209.944 1.09857
37.6822 209.944 1.08894
48.4486 209.944 0.791846
59.215 209.944 0.158456
69.9813 209.944 0.150648
