37 37
0 17 72 40
0 1 72 72
0 0 72 82
0 0 72 144
0 0 72 216
5.38318 5.38318 0.538853
16.1495 5.38318 0.907982
26.9159 5.38318 1.29885
37.6822 5.38318 1.41864
48.4486 5.38318 1.26981
59.215 5.38318 0.913837
69.9813 5.38318 0.522879
5.38318 16.1495 0.943252
16.1495 16.1495 1.89196
26.9159 16.1495 2.87952
37.6822 16.1495 3.15528
48.4486 16.1495 2.72618
59.215 16.1495 1.83771
69.9813 16.1495 1.03042
5.38318 26.9159 1.15623
16.1495 26.9159 2.58904
26.9159 26.9159 4.32988
37.6822 26.9159 4.78198
48.4486 26.9159 3.9761
59.215 26.9159 2.50602
69.9813 26.9159 1.26875
5.38318 37.6822 1.22629
16.1495 37.6822 2.9195
26.9159 37.6822 5.00444
37.6822 37.6822 5.44351
48.4486 37.6822 4.35567
59.215 37.6822 2.56793
69.9813 37.6822 1.19967
5.38318 48.4486 1.11403
16.1495 48.4486 2.63602
26.9159 48.4486 4.32756
37.6822 48.4486 4.56082
48.4486 48.4486 3.57137
59.215 48.4486 2.15279
69.9813 48.4486 1.04523
5.38318 59.215 0.923932
16.1495 59.215 1.85501
26.9159 59.215 2.29785
37.6822 59.215 2.23097
48.4486 59.215 1.76112
59.215 59.215 1.36014
69.9813 59.215 0.938451
5.38318 69.9813 0.552973
16.1495 69.9813 1.03539
26.9159 69.9813 0.988962
37.6822 69.9813 0.784849
48.4486 69.9813 0.400424
59.215 69.9813 0.633458
69.9813 69.9813 0.604101
5.38318 80.7477 0.0278756
16.1495 80.7477 0.0917147
26.9159 80.7477 -0.00645813
37.6822 80.7477 -0.0939539
48.4486 80.7477 -0.223777
59.215 80.7477 -0.00845039
69.9813 80.7477 0.188975
5.38318 91.514 -0.448728
16.1495 91.514 -0.730032
26.9159 91.514 -0.775196
37.6822 91.514 -0.789431
48.4486 91.514 -0.818651
59.215 91.514 -0.553862
69.9813 91.514 -0.252383
5.38318 102.28 -0.56285
16.1495 102.28 -0.900992
26.9159 102.28 -0.969041
37.6822 102.28 -0.962787
48.4486 102.28 -0.917074
59.215 102.28 -0.687621
69.9813 102.28 -0.298687
5.38318 113.047 -0.561372
16.1495 113.047 -0.891949
26.9159 113.047 -0.955384
37.6822 113.047 -0.953702
48.4486 113.047 -0.906575
59.215 113.047 -0.692097
69.9813 113.047 -0.294066
5.38318 123.813 -0.458218
16.1495 123.813 -0.662792
26.9159 123.813 -0.562638
37.6822 123.813 -0.561089
48.4486 123.813 -0.555785
59.215 123.813 -0.463857
69.9813 123.813 -0.180126
5.38318 134.579 -0.17061
16.1495 134.579 -0.135529
26.9159 134.579 0.322565
37.6822 134.579 0.252892
48.4486 134.579 0.140588
59.215 134.579 -0.0366878
69.9813 134.579 0.146669
5.38318 145.346 0.392917
16.1495 145.346 1.20486
26.9159 145.346 2.21528
37.6822 145.346 2.16041
48.4486 145.346 1.92291
59.215 145.346 1.15046
69.9813 145.346 0.762208
5.38318 156.112 0.976405
16.1495 156.112 2.16518
26.9159 156.112 3.16162
37.6822 156.112 3.161
48.4486 156.112 2.90602
59.215 156.112 2.1315
69.9813 156.112 1.37141
5.38318 166.879 1.39437
16.1495 166.879 2.6391
26.9159 166.879 3.5485
37.6822 166.879 3.53822
48.4486 166.879 3.43551
59.215 166.879 2.66407
69.9813 166.879 1.76073
5.38318 177.645 2.07917
16.1495 177.645 3.40509
26.9159 177.645 3.92914
37.6822 177.645 3.83791
48.4486 177.645 4.06739
59.215 177.645 3.51479
69.9813 177.645 2.36337
5.38318 188.411 2.65246
16.1495 188.411 4.23931
26.9159 188.411 4.748
37.6822 188.411 4.54269
48.4486 188.411 4.91415
59.215 188.411 4.32686
69.9813 188.411 2.89465
5.38318 199.178 2.4051
16.1495 199.178 3.9511
26.9159 199.178 4.45827
37.6822 199.178 4.23001
48.4486 199.178 4.48357
59.215 199.178 3.93461
69.9813 199.178 2.63921
5.38318 209.944 1.0795
16.1495 209.944 1.83351
26.9159 209.944 2.21361
37.6822 209.944 2.13974
48.4486 209.944 2.28554
59.215 209.944 1.97282
69.9813 209.944 1.38739
