37 37
0 17 72 40
0 1 72 72
0 0 72 82
0 0 72 144
0 0 72 216
5.38318 5.38318 0.423467
16.1495 5.38318 0.669985
26.9159 5.38318 0.889874
37.6822 5.38318 0.830031
48.4486 5.38318 0.798318
59.215 5.38318 0.60504
69.9813 5.38318 0.396135
5.38318 16.1495 0.833881
16.1495 16.1495 1.54388
26.9159 16.1495 2.13144
37.6822 16.1495 2.13008
48.4486 16.1495 2.04843
59.215 16.1495 1.55724
69.9813 16.1495 0.992865
5.38318 26.9159 1.00939
16.1495 26.9159 2.05558
26.9159 26.9159 3.20561
37.6822 26.9159 3.24864
48.4486 26.9159 3.0733
59.215 26.9159 2.0685
69.9813 26.9159 1.25924
5.38318 37.6822 1.12108
16.1495 37.6822 2.43221
26.9159 37.6822 4.09941
37.6822 37.6822 4.38251
48.4486 37.6822 4.13103
59.215 37.6822 2.66979
69.9813 37.6822 1.49545
5.38318 48.4486 0.772237
16.1495 48.4486 2.02578
26.9159 48.4486 3.69469
37.6822 48.4486 4.11474
48.4486 48.4486 3.89231
59.215 48.4486 2.42894
69.9813 48.4486 1.3147
5.38318 59.215 -0.0343961
16.1495 59.215 0.436527
26.9159 59.215 1.72626
37.6822 59.215 2.07999
48.4486 59.215 1.92904
59.215 59.215 1.00019
69.9813 59.215 0.520027
5.38318 69.9813 -0.358997
16.1495 69.9813 -0.475286
26.9159 69.9813 -0.361521
37.6822 69.9813 -0.307998
48.4486 69.9813 -0.388562
59.215 69.9813 -0.366381
69.9813 69.9813 -0.174357
5.38318 80.7477 -0.512973
16.1495 80.7477 -0.764345
26.9159 80.7477 -0.78518
37.6822 80.7477 -0.771048
48.4486 80.7477 -0.804663
59.215 80.7477 -0.659011
69.9813 80.7477 -0.296551
5.38318 91.514 -0.573906
16.1495 91.514 -0.914503
26.9159 91.514 -1.03087
37.6822 91.514 -1.06736
48.4486 91.514 -1.04571
59.215 91.514 -0.829717
69.9813 91.514 -0.366537
5.38318 102.28 -0.584371
16.1495 102.28 -0.933374
26.9159 102.28 -1.02921
37.6822 102.28 -1.04304
48.4486 102.28 -1.00302
59.215 102.28 -0.792194
69.9813 102.28 -0.344829
5.38318 113.047 -0.56981
16.1495 113.047 -0.910141
26.9159 113.047 -0.983421
37.6822 113.047 -0.981071
48.4486 113.047 -0.927445
59.215 113.047 -0.7138
69.9813 113.047 -0.303194
5.38318 123.813 -0.527084
16.1495 123.813 -0.830091
26.9159 123.813 -0.838271
37.6822 123.813 -0.83155
48.4486 123.813 -0.764668
59.215 123.813 -0.565812
69.9813 123.813 -0.21848
5.38318 134.579 -0.35004
16.1495 134.579 -0.513307
26.9159 134.579 -0.45592
37.6822 134.579 -0.449976
48.4486 134.579 -0.396533
59.215 134.579 -0.269001
69.9813 134.579 -0.0458533
5.38318 145.346 -0.1247
16.1495 145.346 -0.0384066
26.9159 145.346 0.393999
37.6822 145.346 0.638215
48.4486 145.346 0.670893
59.215 145.346 0.576663
69.9813 145.346 0.477276
5.38318 156.112 0.415935
16.1495 156.112 1.15043
26.9159 156.112 1.91794
37.6822 156.112 2.25417
48.4486 156.112 2.12586
59.215 156.112 1.64167
69.9813 156.112 1.00522
5.38318 166.879 0.807134
16.1495 166.879 1.88658
26.9159 166.879 2.96058
37.6822 166.879 3.33353
48.4486 166.879 3.0628
59.215 166.879 2.22466
69.9813 166.879 1.28366
5.38318 177.645 1.09598
16.1495 177.645 2.23487
26.9159 177.645 3.49787
37.6822 177.645 3.72859
48.4486 177.645 3.362
59.215 177.645 2.36383
69.9813 177.645 1.36111
5.38318 188.411 1.10285
16.1495 188.411 2.25344
26.9159 188.411 3.46073
37.6822 188.411 3.64475
48.4486 188.411 3.22099
59.215 188.411 2.29796
69.9813 188.411 1.30676
5.38318 199.178 0.88907
16.1495 199.178 1.7521
26.9159 199.178 2.46485
37.6822 199.178 2.57026
48.4486 199.178 2.2589
59.215 199.178 1.83834
69.9813 199.178 1.07797
5.38318 209.944 0.470975
16.1495 209.944 0.957699
26.9159 209.944 1.18476
37.6822 209.944 1.24753
48.4486 209.944 1.00351
59.215 209.944 1.06803
69.9813 209.944 0.669531
