37 48
0 28 72 40
0 12 72 72
0 7 72 82
0 0 72 144
0 0 72 216
5.38318 5.38318 1.09496
16.1495 5.38318 1.47173
26.9159 5.38318 1.43613
37.6822 5.38318 1.20329
48.4486 5.38318 1.4315
59.215 5.38318 1.44898
69.9813 5.38318 1.01821
5.38318 16.1495 1.69983
16.1495 16.1495 2.53249
26.9159 16.1495 2.77841
37.6822 16.1495 2.50625
48.4486 16.1495 2.72779
59.215 16.1495 2.57675
69.9813 16.1495 1.82142
5.38318 26.9159 1.51321
16.1495 26.9159 2.56674
26.9159 26.9159 3.30786
37.6822 26.9159 3.14184
48.4486 26.9159 3.2069
59.215 26.9159 2.772
69.9813 26.9159 1.88406
5.38318 37.6822 1.05672
16.1495 37.6822 2.29746
26.9159 37.6822 3.78072
37.6822 37.6822 4.08452
48.4486 37.6822 3.87556
59.215 37.6822 2.76684
69.9813 37.6822 1.63645
5.38318 48.4486 0.775426
16.1495 48.4486 1.98352
26.9159 48.4486 3.62391
37.6822 48.4486 4.16215
48.4486 48.4486 3.97119
59.215 48.4486 2.79915
69.9813 48.4486 1.58299
5.38318 59.215 0.807607
16.1495 59.215 1.70694
26.9159 59.215 2.95132
37.6822 59.215 3.22782
48.4486 59.215 3.1268
59.215 59.215 2.34683
69.9813 59.215 1.47762
5.38318 69.9813 0.414167
16.1495 69.9813 0.662326
26.9159 69.9813 1.08836
37.6822 69.9813 1.03674
48.4486 69.9813 1.09522
59.215 69.9813 1.20465
69.9813 69.9813 0.999006
5.38318 80.7477 0.114639
16.1495 80.7477 0.275108
26.9159 80.7477 0.576965
37.6822 80.7477 0.494178
48.4486 80.7477 0.486055
59.215 80.7477 0.59865
69.9813 80.7477 0.591566
5.38318 91.514 -0.148081
16.1495 91.514 -0.180245
26.9159 91.514 -0.0654327
37.6822 91.514 -0.0784386
48.4486 91.514 -0.0771057
59.215 91.514 -0.0238874
69.9813 91.514 0.178945
5.38318 102.28 -0.245014
16.1495 102.28 -0.321414
26.9159 102.28 -0.238873
37.6822 102.28 -0.210924
48.4486 102.28 -0.23135
59.215 102.28 -0.185723
69.9813 102.28 -0.069099
5.38318 113.047 -0.299419
16.1495 113.047 -0.450644
26.9159 113.047 -0.44913
37.6822 113.047 -0.432707
48.4486 113.047 -0.417082
59.215 113.047 -0.327171
69.9813 113.047 -0.145676
5.38318 123.813 -0.291292
16.1495 123.813 -0.436127
26.9159 123.813 -0.413943
37.6822 123.813 -0.406084
48.4486 123.813 -0.399561
59.215 123.813 -0.323432
69.9813 123.813 -0.146831
5.38318 134.579 -0.230679
16.1495 134.579 -0.312079
26.9159 134.579 -0.21442
37.6822 134.579 -0.206364
48.4486 134.579 -0.2369
59.215 134.579 -0.230223
69.9813 134.579 -0.109195
5.38318 145.346 -0.0739792
16.1495 145.346 0.0371276
26.9159 145.346 0.544525
37.6822 145.346 0.598432
48.4486 145.346 0.387089
59.215 145.346 0.0823388
69.9813 145.346 0.0455388
5.38318 156.112 0.315743
16.1495 156.112 1.00821
26.9159 156.112 1.88285
37.6822 156.112 1.98899
48.4486 156.112 1.57106
59.215 156.112 0.820458
69.9813 156.112 0.384466
5.38318 166.879 0.731027
16.1495 166.879 1.7846
26.9159 166.879 2.99047
37.6822 166.879 3.23416
48.4486 166.879 2.67485
59.215 166.879 1.64823
69.9813 166.879 0.860778
5.38318 177.645 1.04835
16.1495 177.645 2.05878
26.9159 177.645 3.29889
37.6822 177.645 3.46671
48.4486 177.645 2.94962
59.215 177.645 1.91713
69.9813 177.645 1.0822
5.38318 188.411 1.02475
16.1495 188.411 1.53363
26.9159 188.411 2.37335
37.6822 188.411 2.35394
48.4486 188.411 2.20408
59.215 188.411 1.70656
69.9813 188.411 1.13935
5.38318 199.178 0.759176
16.1495 199.178 0.913468
26.9159 199.178 1.19288
37.6822 199.178 0.891442
48.4486 199.178 0.929269
59.215 199.178 0.928494
69.9813 199.178 0.839338
5.38318 209.944 0.270653
16.1495 209.944 0.276297
26.9159 209.944 0.486334
37.6822 209.944 0.242659
48.4486 209.944 0.349682
59.215 209.944 0.456827
69.9813 209.944 0.485555
