37 37
0 17 72 40
0 1 72 72
0 0 72 82
0 0 72 144
0 0 72 216
5.38318 5.38318 0.469178
16.1495 5.38318 0.905935
26.9159 5.38318 1.38051
37.6822 5.38318 1.50523
48.4486 5.38318 1.34948
59.215 5.38318 0.951607
69.9813 5.38318 0.494511
5.38318 16.1495 0.961698
16.1495 16.1495 2.03668
26.9159 16.1495 3.1269
37.6822 16.1495 3.35837
48.4486 16.1495 2.92676
59.215 16.1495 1.95414
69.9813 16.1495 1.06361
5.38318 26.9159 1.24831
16.1495 26.9159 2.80236
26.9159 26.9159 4.64067
37.6822 26.9159 5.05692
48.4486 26.9159 4.39856
59.215 26.9159 2.76615
69.9813 26.9159 1.41569
5.38318 37.6822 1.36874
16.1495 37.6822 2.97842
26.9159 37.6822 4.928
37.6822 37.6822 5.28823
48.4486 37.6822 4.5981
59.215 37.6822 2.80083
69.9813 37.6822 1.42331
5.38318 48.4486 1.13434
16.1495 48.4486 2.16207
26.9159 48.4486 3.43604
37.6822 48.4486 3.53986
48.4486 48.4486 3.29086
59.215 48.4486 2.23714
69.9813 48.4486 1.34281
5.38318 59.215 0.481366
16.1495 59.215 0.724476
26.9159 59.215 0.932821
37.6822 59.215 0.830052
48.4486 59.215 1.08383
59.215 59.215 1.17931
69.9813 59.215 1.00162
5.38318 69.9813 -0.0880278
16.1495 69.9813 -0.202937
26.9159 69.9813 -0.24343
37.6822 69.9813 -0.233941
48.4486 69.9813 0.0751887
59.215 69.9813 0.721503
69.9813 69.9813 0.843079
5.38318 80.7477 -0.360209
16.1495 80.7477 -0.606735
26.9159 80.7477 -0.631084
37.6822 80.7477 -0.607936
48.4486 80.7477 -0.43898
59.215 80.7477 -0.14477
69.9813 80.7477 0.247747
5.38318 91.514 -0.570903
16.1495 91.514 -0.92889
26.9159 91.514 -1.00027
37.6822 91.514 -0.997815
48.4486 91.514 -0.917858
59.215 91.514 -0.642789
69.9813 91.514 -0.250427
5.38318 102.28 -0.5997
16.1495 102.28 -0.958758
26.9159 102.28 -1.0276
37.6822 102.28 -1.01762
48.4486 102.28 -0.957026
59.215 102.28 -0.735498
69.9813 102.28 -0.316728
5.38318 113.047 -0.587425
16.1495 113.047 -0.939568
26.9159 113.047 -1.02041
37.6822 113.047 -1.01857
48.4486 113.047 -0.963212
59.215 113.047 -0.757872
69.9813 113.047 -0.326265
5.38318 123.813 -0.569382
16.1495 123.813 -0.912488
26.9159 123.813 -0.993116
37.6822 123.813 -0.995128
48.4486 123.813 -0.943051
59.215 123.813 -0.728909
69.9813 123.813 -0.31056
5.38318 134.579 -0.540791
16.1495 134.579 -0.859899
26.9159 134.579 -0.934734
37.6822 134.579 -0.93499
48.4486 134.579 -0.883193
59.215 134.579 -0.63973
69.9813 134.579 -0.258781
5.38318 145.346 -0.472261
16.1495 145.346 -0.723231
26.9159 145.346 -0.736247
37.6822 145.346 -0.727219
48.4486 145.346 -0.674039
59.215 145.346 -0.467436
69.9813 145.346 -0.162517
5.38318 156.112 -0.295957
16.1495 156.112 -0.378996
26.9159 156.112 -0.25657
37.6822 156.112 -0.227779
48.4486 156.112 -0.207052
59.215 156.112 -0.153316
69.9813 156.112 0.0240199
5.38318 166.879 -0.0282783
16.1495 166.879 0.351155
26.9159 166.879 1.09976
37.6822 166.879 1.21505
48.4486 166.879 1.1301
59.215 166.879 0.688227
69.9813 166.879 0.50062
5.38318 177.645 0.527805
16.1495 177.645 1.61889
26.9159 177.645 2.83397
37.6822 177.645 2.96248
48.4486 177.645 2.68266
59.215 177.645 1.55526
69.9813 177.645 0.893077
5.38318 188.411 0.845652
16.1495 188.411 2.23744
26.9159 188.411 3.94486
37.6822 188.411 4.16132
48.4486 188.411 3.72112
59.215 188.411 2.07562
69.9813 188.411 1.15
5.38318 199.178 0.674855
16.1495 199.178 1.97527
26.9159 199.178 3.66315
37.6822 199.178 3.96544
48.4486 199.178 3.50818
59.215 199.178 1.85767
69.9813 199.178 0.997078
5.38318 209.944 0.305897
16.1495 209.944 0.991099
26.9159 209.944 2.02992
37.6822 209.944 2.15536
48.4486 209.944 1.93569
59.215 209.944 1.00369
69.9813 209.944 0.593649
