48 26
0 6 72 40
0 0 72 72
0 0 72 82
0 0 72 144
0 0 72 216
5.38318 5.38318 1.18187
16.1495 5.38318 1.53171
26.9159 5.38318 1.67128
37.6822 5.38318 1.82266
48.4486 5.38318 1.96184
59.215 5.38318 1.57998
69.9813 5.38318 0.938748
5.38318 16.1495 1.78372
16.1495 16.1495 2.51339
26.9159 16.1495 2.82045
37.6822 16.1495 3.05466
48.4486 16.1495 3.37922
59.215 16.1495 2.84376
69.9813 16.1495 1.73133
5.38318 26.9159 1.40387
16.1495 26.9159 2.19713
26.9159 26.9159 2.72544
37.6822 26.9159 3.05241
48.4486 26.9159 3.37948
59.215 26.9159 2.78452
69.9813 26.9159 1.7307
5.38318 37.6822 0.648806
16.1495 37.6822 1.39422
26.9159 37.6822 2.19217
37.6822 37.6822 2.64317
48.4486 37.6822 2.90365
59.215 37.6822 2.34335
69.9813 37.6822 1.50685
5.38318 48.4486 0.300968
16.1495 48.4486 0.971126
26.9159 48.4486 1.96966
37.6822 48.4486 2.72832
48.4486 48.4486 3.11945
59.215 48.4486 2.57447
69.9813 48.4486 1.65087
5.38318 59.215 0.07461
16.1495 59.215 0.714229
26.9159 59.215 1.92621
37.6822 59.215 2.89764
48.4486 59.215 3.32504
59.215 59.215 2.71602
69.9813 59.215 1.68509
5.38318 69.9813 -0.0998639
16.1495 69.9813 0.109784
26.9159 69.9813 1.23398
37.6822 69.9813 2.05946
48.4486 69.9813 2.19917
59.215 69.9813 1.72266
69.9813 69.9813 1.0213
5.38318 80.7477 -0.228675
16.1495 80.7477 -0.273286
26.9159 80.7477 0.0286315
37.6822 80.7477 0.363038
48.4486 80.7477 0.20076
59.215 80.7477 0.0316012
69.9813 80.7477 -0.000459388
5.38318 91.514 -0.287587
16.1495 91.514 -0.425607
26.9159 91.514 -0.341516
37.6822 91.514 -0.345625
48.4486 91.514 -0.415374
59.215 91.514 -0.380537
69.9813 91.514 -0.213859
5.38318 102.28 -0.296049
16.1495 102.28 -0.45398
26.9159 102.28 -0.453407
37.6822 102.28 -0.465044
48.4486 102.28 -0.461684
59.215 102.28 -0.369568
69.9813 102.28 -0.173403
5.38318 113.047 -0.30026
16.1495 113.047 -0.454785
26.9159 113.047 -0.462436
37.6822 113.047 -0.445296
48.4486 113.047 -0.432691
59.215 113.047 -0.342872
69.9813 113.047 -0.155344
5.38318 123.813 -0.29921
16.1495 123.813 -0.444215
26.9159 123.813 -0.427493
37.6822 123.813 -0.378776
48.4486 123.813 -0.352143
59.215 123.813 -0.270742
69.9813 123.813 -0.114811
5.38318 134.579 -0.296744
16.1495 134.579 -0.423351
26.9159 134.579 -0.3486
37.6822 134.579 -0.234613
48.4486 134.579 -0.176006
59.215 134.579 -0.116761
69.9813 134.579 -0.0137152
5.38318 145.346 -0.245152
16.1495 145.346 -0.26971
26.9159 145.346 -0.132518
37.6822 145.346 0.209294
48.4486 145.346 0.390633
59.215 145.346 0.360554
69.9813 145.346 0.336128
5.38318 156.112 -0.117378
16.1495 156.112 -0.0190548
26.9159 156.112 0.425398
37.6822 156.112 1.01726
48.4486 156.112 1.18817
59.215 156.112 0.952877
69.9813 156.112 0.659985
5.38318 166.879 0.187762
16.1495 166.879 0.703439
26.9159 166.879 1.09927
37.6822 166.879 1.62384
48.4486 166.879 1.55144
59.215 166.879 1.20772
69.9813 166.879 0.753828
5.38318 177.645 0.494026
16.1495 177.645 1.30744
26.9159 177.645 1.61573
37.6822 177.645 1.74033
48.4486 177.645 1.2378
59.215 177.645 0.949892
69.9813 177.645 0.571672
5.38318 188.411 0.588024
16.1495 188.411 1.40852
26.9159 188.411 1.53306
37.6822 188.411 1.35322
48.4486 188.411 0.619959
59.215 188.411 0.578665
69.9813 188.411 0.354152
5.38318 199.178 0.301639
16.1495 199.178 0.819652
26.9159 199.178 0.857629
37.6822 199.178 0.866774
48.4486 199.178 0.426383
59.215 199.178 0.568967
69.9813 199.178 0.385292
5.38318 209.944 0.0211663
16.1495 209.944 0.247093
26.9159 209.944 0.246052
37.6822 209.944 0.314382
48.4486 209.944 0.221287
59.215 209.944 0.421159
69.9813 209.944 0.346383
