37 199
0 176 72 40
0 144 72 72
0 134 72 82
0 72 72 144
0 0 72 216
5.38318 5.38318 0.470837
16.1495 5.38318 0.560873
26.9159 5.38318 0.647193
37.6822 5.38318 0.652953
48.4486 5.38318 0.790986
59.215 5.38318 0.789395
69.9813 5.38318 0.59819
5.38318 16.1495 0.839613
16.1495 16.1495 1.47992
26.9159 16.1495 1.80294
37.6822 16.1495 1.77444
48.4486 16.1495 1.80759
59.215 16.1495 1.65064
69.9813 16.1495 1.18066
5.38318 26.9159 0.706154
16.1495 26.9159 1.44186
26.9159 26.9159 1.939
37.6822 26.9159 2.08765
48.4486 26.9159 2.19171
59.215 26.9159 2.02953
69.9813 26.9159 1.41677
5.38318 37.6822 1.12941
16.1495 37.6822 2.11634
26.9159 37.6822 2.69475
37.6822 37.6822 2.80662
48.4486 37.6822 2.66523
59.215 37.6822 2.25785
69.9813 37.6822 1.47464
5.38318 48.4486 1.29368
16.1495 48.4486 2.31038
26.9159 48.4486 2.9186
37.6822 48.4486 2.91073
48.4486 48.4486 2.63797
59.215 48.4486 2.15087
69.9813 48.4486 1.37544
5.38318 59.215 1.22647
16.1495 59.215 2.04105
26.9159 59.215 2.54071
37.6822 59.215 2.42254
48.4486 59.215 2.33989
59.215 59.215 2.04411
69.9813 59.215 1.42422
5.38318 69.9813 0.624301
16.1495 69.9813 0.941916
26.9159 69.9813 1.31996
37.6822 69.9813 1.31903
48.4486 69.9813 1.60155
59.215 69.9813 1.63077
69.9813 69.9813 1.23518
5.38318 80.7477 -0.0317631
16.1495 80.7477 -0.0744894
26.9159 80.7477 0.200573
37.6822 80.7477 0.336053
48.4486 80.7477 0.791932
59.215 80.7477 0.889126
69.9813 80.7477 0.841202
5.38318 91.514 -0.249045
16.1495 91.514 -0.395478
26.9159 91.514 -0.357735
37.6822 91.514 -0.306941
48.4486 91.514 -0.233043
59.215 91.514 -0.162769
69.9813 91.514 -0.00491512
5.38318 102.28 -0.287192
16.1495 102.28 -0.434851
26.9159 102.28 -0.430729
37.6822 102.28 -0.413193
48.4486 102.28 -0.405797
59.215 102.28 -0.324387
69.9813 102.28 -0.142395
5.38318 113.047 -0.301181
16.1495 113.047 -0.45606
26.9159 113.047 -0.460547
37.6822 113.047 -0.434202
48.4486 113.047 -0.399882
59.215 113.047 -0.29986
69.9813 113.047 -0.126333
5.38318 123.813 -0.300087
16.1495 123.813 -0.439028
26.9159 123.813 -0.364889
37.6822 123.813 -0.250646
48.4486 123.813 -0.149603
59.215 123.813 -0.0772889
69.9813 123.813 0.04962
5.38318 134.579 -0.298876
16.1495 134.579 -0.387292
26.9159 134.579 -0.2039
37.6822 134.579 0.240375
48.4486 134.579 0.671842
59.215 134.579 0.707293
69.9813 134.579 0.558243
5.38318 145.346 -0.255227
16.1495 145.346 -0.220205
26.9159 145.346 0.302167
37.6822 145.346 1.47841
48.4486 145.346 2.07589
59.215 145.346 1.94782
69.9813 145.346 1.23849
5.38318 156.112 -0.103001
16.1495 156.112 0.15019
26.9159 156.112 1.1
37.6822 156.112 2.37428
48.4486 156.112 3.02519
59.215 156.112 2.72081
69.9813 156.112 1.65219
5.38318 166.879 0.333543
16.1495 166.879 1.02716
26.9159 166.879 2.04316
37.6822 166.879 2.96988
48.4486 166.879 3.30601
59.215 166.879 2.80408
69.9813 166.879 1.61844
5.38318 177.645 0.994626
16.1495 177.645 2.12839
26.9159 177.645 3.13234
37.6822 177.645 3.38363
48.4486 177.645 3.02188
59.215 177.645 2.14146
69.9813 177.645 1.15395
5.38318 188.411 1.33214
16.1495 188.411 2.81732
26.9159 188.411 3.99156
37.6822 188.411 3.96819
48.4486 188.411 3.29367
59.215 188.411 2.1314
69.9813 188.411 1.11766
5.38318 199.178 1.3672
16.1495 199.178 2.86852
26.9159 199.178 4.21293
37.6822 199.178 4.50364
48.4486 199.178 4.04677
59.215 199.178 2.84987
69.9813 199.178 1.50672
5.38318 209.944 0.759284
16.1495 209.944 1.72126
26.9159 209.944 2.98889
37.6822 209.944 3.67403
48.4486 209.944 3.72915
59.215 209.944 2.84303
69.9813 209.944 1.52845
