37 26
0 6 72 40
0 0 72 72
0 0 72 82
0 0 72 144
0 0 72 216
5.38318 5.38318 0.419039
16.1495 5.38318 1.12145
26.9159 5.38318 1.91219
37.6822 5.38318 2.12463
48.4486 5.38318 1.69055
59.215 5.38318 0.939867
69.9813 5.38318 0.363195
5.38318 16.1495 0.685084
16.1495 16.1495 2.1934
26.9159 16.1495 3.83943
37.6822 16.1495 4.39791
48.4486 16.1495 3.50217
59.215 16.1495 1.95313
69.9813 16.1495 0.866411
5.38318 26.9159 0.684701
16.1495 26.9159 2.54546
26.9159 26.9159 4.75042
37.6822 26.9159 5.63752
48.4486 26.9159 4.48825
59.215 26.9159 2.40159
69.9813 26.9159 0.995663
5.38318 37.6822 0.739231
16.1495 37.6822 2.4061
26.9159 37.6822 4.20258
37.6822 37.6822 4.91548
48.4486 37.6822 3.98286
59.215 37.6822 2.22403
69.9813 37.6822 1.02929
5.38318 48.4486 0.753586
16.1495 48.4486 1.93416
26.9159 48.4486 2.88241
37.6822 48.4486 3.16438
48.4486 48.4486 2.68028
59.215 48.4486 1.65628
69.9813 48.4486 0.934483
5.38318 59.215 0.621962
16.1495 59.215 1.55905
26.9159 59.215 2.15075
37.6822 59.215 2.30473
48.4486 59.215 2.02711
59.215 59.215 1.39501
69.9813 59.215 0.833746
5.38318 69.9813 0.232177
16.1495 69.9813 0.80907
26.9159 69.9813 1.29492
37.6822 69.9813 1.38851
48.4486 69.9813 1.08598
59.215 69.9813 0.681612
69.9813 69.9813 0.4225
5.38318 80.7477 -0.162422
16.1495 80.7477 -0.134994
26.9159 80.7477 0.0817695
37.6822 80.7477 0.284874
48.4486 80.7477 0.166045
59.215 80.7477 0.0553284
69.9813 80.7477 0.0796315
5.38318 91.514 -0.270098
16.1495 91.514 -0.380635
26.9159 91.514 -0.351783
37.6822 91.514 -0.313726
48.4486 91.514 -0.341138
59.215 91.514 -0.288561
69.9813 91.514 -0.135522
5.38318 102.28 -0.298016
16.1495 102.28 -0.44938
26.9159 102.28 -0.419306
37.6822 102.28 -0.362136
48.4486 102.28 -0.345408
59.215 102.28 -0.281293
69.9813 102.28 -0.135432
5.38318 113.047 -0.295506
16.1495 113.047 -0.447545
26.9159 113.047 -0.45109
37.6822 113.047 -0.437584
48.4486 113.047 -0.419238
59.215 113.047 -0.327964
69.9813 113.047 -0.143669
5.38318 123.813 -0.278284
16.1495 123.813 -0.425358
26.9159 123.813 -0.400505
37.6822 123.813 -0.397852
48.4486 123.813 -0.376759
59.215 123.813 -0.291759
69.9813 123.813 -0.119613
5.38318 134.579 -0.217673
16.1495 134.579 -0.299233
26.9159 134.579 -0.225623
37.6822 134.579 -0.201815
48.4486 134.579 -0.189084
59.215 134.579 -0.156632
69.9813 134.579 -0.0466739
5.38318 145.346 -0.113013
16.1495 145.346 -0.0745787
26.9159 145.346 0.298456
37.6822 145.346 0.478597
48.4486 145.346 0.460384
59.215 145.346 0.255771
69.9813 145.346 0.214862
5.38318 156.112 0.0680949
16.1495 156.112 0.625656
26.9159 156.112 1.48161
37.6822 156.112 1.83777
48.4486 156.112 1.62598
59.215 156.112 0.98464
69.9813 156.112 0.522326
5.38318 166.879 0.399903
16.1495 166.879 1.37507
26.9159 166.879 2.53398
37.6822 166.879 2.92025
48.4486 166.879 2.52814
59.215 166.879 1.5816
69.9813 166.879 0.775118
5.38318 177.645 0.706837
16.1495 177.645 1.91624
26.9159 177.645 3.17715
37.6822 177.645 3.58647
48.4486 177.645 3.06443
59.215 177.645 1.90824
69.9813 177.645 0.961039
5.38318 188.411 1.06035
16.1495 188.411 2.20975
26.9159 188.411 3.31034
37.6822 188.411 3.4889
48.4486 188.411 3.02333
59.215 188.411 1.95543
69.9813 188.411 1.12259
5.38318 199.178 1.18072
16.1495 199.178 2.06803
26.9159 199.178 2.6016
37.6822 199.178 2.57219
48.4486 199.178 2.49114
59.215 199.178 1.99734
69.9813 199.178 1.38571
5.38318 209.944 1.11396
16.1495 209.944 1.81202
26.9159 209.944 1.9612
37.6822 209.944 1.74727
48.4486 209.944 1.87021
59.215 209.944 1.74731
69.9813 209.944 1.33053
