48 166
0 146 72 40
0 130 72 72
0 125 72 82
0 72 72 144
0 0 72 216
5.38318 5.38318 0.413053
16.1495 5.38318 0.542306
26.9159 5.38318 0.579671
37.6822 5.38318 0.579482
48.4486 5.38318 0.577694
59.215 5.38318 0.559291
69.9813 5.38318 0.402052
5.38318 16.1495 0.733135
16.1495 16.1495 1.23391
26.9159 16.1495 1.4
37.6822 16.1495 1.44772
48.4486 16.1495 1.44804
59.215 16.1495 1.41043
69.9813 16.1495 0.985006
5.38318 26.9159 0.803153
16.1495 26.9159 1.37446
26.9159 26.9159 1.66659
37.6822 26.9159 1.6695
48.4486 26.9159 1.61973
59.215 26.9159 1.56025
69.9813 26.9159 1.11844
5.38318 37.6822 0.629731
16.1495 37.6822 1.06405
26.9159 37.6822 1.44586
37.6822 37.6822 1.49782
48.4486 37.6822 1.4069
59.215 37.6822 1.30401
69.9813 37.6822 0.937698
5.38318 48.4486 0.117297
16.1495 48.4486 0.16595
26.9159 48.4486 0.498598
37.6822 48.4486 0.377319
48.4486 48.4486 0.0572528
59.215 48.4486 -0.0569725
69.9813 48.4486 0.0615669
5.38318 59.215 -0.283451
16.1495 59.215 -0.476971
26.9159 59.215 -0.443198
37.6822 59.215 -0.479351
48.4486 59.215 -0.547613
59.215 59.215 -0.455752
69.9813 59.215 -0.200402
5.38318 69.9813 -0.465799
16.1495 69.9813 -0.753558
26.9159 69.9813 -0.799819
37.6822 69.9813 -0.797488
48.4486 69.9813 -0.835248
59.215 69.9813 -0.635206
69.9813 69.9813 -0.289619
5.38318 80.7477 -0.564749
16.1495 80.7477 -0.912783
26.9159 80.7477 -1.02279
37.6822 80.7477 -1.02222
48.4486 80.7477 -0.998764
59.215 80.7477 -0.787754
69.9813 80.7477 -0.355719
5.38318 91.514 -0.586994
16.1495 91.514 -0.943877
26.9159 91.514 -1.04155
37.6822 91.514 -1.04438
48.4486 91.514 -0.994334
59.215 91.514 -0.785127
69.9813 91.514 -0.343537
5.38318 102.28 -0.582109
16.1495 102.28 -0.932498
26.9159 102.28 -1.01632
37.6822 102.28 -1.01851
48.4486 102.28 -0.965558
59.215 102.28 -0.765315
69.9813 102.28 -0.330919
5.38318 113.047 -0.570882
16.1495 113.047 -0.911047
26.9159 113.047 -0.984118
37.6822 113.047 -0.981432
48.4486 113.047 -0.928641
59.215 113.047 -0.719082
69.9813 113.047 -0.306492
5.38318 123.813 -0.527471
16.1495 123.813 -0.823405
26.9159 123.813 -0.827919
37.6822 123.813 -0.786518
48.4486 123.813 -0.72309
59.215 123.813 -0.510171
69.9813 123.813 -0.186667
5.38318 134.579 -0.408119
16.1495 134.579 -0.568075
26.9159 134.579 -0.447466
37.6822 134.579 -0.317215
48.4486 134.579 -0.209537
59.215 134.579 -0.0678295
69.9813 134.579 0.22207
5.38318 145.346 -0.212093
16.1495 145.346 -0.178066
26.9159 145.346 0.28799
37.6822 145.346 0.957648
48.4486 145.346 1.30684
59.215 145.346 1.31542
69.9813 145.346 1.03405
5.38318 156.112 0.0463575
16.1495 156.112 0.540202
26.9159 156.112 1.4021
37.6822 156.112 2.08636
48.4486 156.112 2.44704
59.215 156.112 2.27381
69.9813 156.112 1.58509
5.38318 166.879 0.234876
16.1495 166.879 0.801879
26.9159 166.879 1.6648
37.6822 166.879 2.30041
48.4486 166.879 2.73387
59.215 166.879 2.53869
69.9813 166.879 1.73724
5.38318 177.645 0.252562
16.1495 177.645 0.718341
26.9159 177.645 1.29259
37.6822 177.645 1.70058
48.4486 177.645 2.05692
59.215 177.645 1.93949
69.9813 177.645 1.38525
5.38318 188.411 0.154885
16.1495 188.411 0.503632
26.9159 188.411 0.938055
37.6822 188.411 1.41191
48.4486 188.411 1.83765
59.215 188.411 1.76372
69.9813 188.411 1.25455
5.38318 199.178 0.294765
16.1495 199.178 0.648315
26.9159 199.178 0.807511
37.6822 199.178 1.18777
48.4486 199.178 1.53468
59.215 199.178 1.55267
69.9813 199.178 1.13129
5.38318 209.944 0.305976
16.1495 209.944 0.540666
26.9159 209.944 0.582695
37.6822 209.944 0.812346
48.4486 209.944 1.04531
59.215 209.944 1.10415
69.9813 209.944 0.805751
