48 177
0 157 72 40
0 141 72 72
0 134 72 82
0 72 72 144
0 0 72 216
5.38318 5.38318 0.316707
16.1495 5.38318 0.537711
26.9159 5.38318 0.729827
37.6822 5.38318 1.05298
48.4486 5.38318 1.34242
59.215 5.38318 1.31756
69.9813 5.38318 0.914674
5.38318 16.1495 0.461978
16.1495 16.1495 0.852518
26.9159 16.1495 1.24763
37.6822 16.1495 1.80285
48.4486 16.1495 2.51808
59.215 16.1495 2.59502
69.9813 16.1495 1.88419
5.38318 26.9159 0.250754
16.1495 26.9159 0.653318
26.9159 26.9159 1.22953
37.6822 26.9159 1.94773
48.4486 26.9159 3.04717
59.215 26.9159 3.36563
69.9813 26.9159 2.52209
5.38318 37.6822 0.188658
16.1495 37.6822 0.518259
26.9159 37.6822 1.02782
37.6822 37.6822 1.6765
48.4486 37.6822 2.81356
59.215 37.6822 3.17823
69.9813 37.6822 2.43218
5.38318 48.4486 0.232378
16.1495 48.4486 0.563988
26.9159 48.4486 0.915159
37.6822 48.4486 1.51723
48.4486 48.4486 2.39928
59.215 48.4486 2.67982
69.9813 48.4486 2.03583
5.38318 59.215 0.371916
16.1495 59.215 0.692673
26.9159 59.215 0.762486
37.6822 59.215 1.1378
48.4486 59.215 1.58602
59.215 59.215 1.86231
69.9813 59.215 1.41143
5.38318 69.9813 -0.00714218
16.1495 69.9813 -0.0277831
26.9159 69.9813 -0.0352778
37.6822 69.9813 0.343041
48.4486 69.9813 0.640031
59.215 69.9813 1.10069
69.9813 69.9813 0.910093
5.38318 80.7477 -0.259055
16.1495 80.7477 -0.434626
26.9159 80.7477 -0.456067
37.6822 80.7477 -0.329233
48.4486 80.7477 -0.242893
59.215 80.7477 0.163113
69.9813 80.7477 0.342515
5.38318 91.514 -0.522277
16.1495 91.514 -0.849607
26.9159 91.514 -0.908086
37.6822 91.514 -0.843598
48.4486 91.514 -0.744931
59.215 91.514 -0.440339
69.9813 91.514 -0.153677
5.38318 102.28 -0.567543
16.1495 102.28 -0.915187
26.9159 102.28 -0.993269
37.6822 102.28 -0.987529
48.4486 102.28 -0.933322
59.215 102.28 -0.692125
69.9813 102.28 -0.295399
5.38318 113.047 -0.573172
16.1495 113.047 -0.919248
26.9159 113.047 -0.997089
37.6822 113.047 -1.00156
48.4486 113.047 -0.949793
59.215 113.047 -0.73924
69.9813 113.047 -0.31567
5.38318 123.813 -0.542547
16.1495 123.813 -0.877007
26.9159 123.813 -0.943859
37.6822 123.813 -0.945977
48.4486 123.813 -0.887889
59.215 123.813 -0.631842
69.9813 123.813 -0.253086
5.38318 134.579 -0.458363
16.1495 134.579 -0.74624
26.9159 134.579 -0.69507
37.6822 134.579 -0.662334
48.4486 134.579 -0.575985
59.215 134.579 -0.346274
69.9813 134.579 -0.0913957
5.38318 145.346 -0.256103
16.1495 145.346 -0.38237
26.9159 145.346 -0.191385
37.6822 145.346 -0.0276357
48.4486 145.346 0.268465
59.215 145.346 0.544247
69.9813 145.346 0.554909
5.38318 156.112 -0.00914621
16.1495 156.112 0.318929
26.9159 156.112 1.26094
37.6822 156.112 2.07533
48.4486 156.112 2.44354
59.215 156.112 2.13769
69.9813 156.112 1.37056
5.38318 166.879 0.588203
16.1495 166.879 1.53422
26.9159 166.879 2.89467
37.6822 166.879 3.97308
48.4486 166.879 4.25774
59.215 166.879 3.38536
69.9813 166.879 1.95444
5.38318 177.645 0.908024
16.1495 177.645 2.1115
26.9159 177.645 3.71246
37.6822 177.645 4.98375
48.4486 177.645 5.0695
59.215 177.645 3.88753
69.9813 177.645 2.15366
5.38318 188.411 1.00533
16.1495 188.411 2.11384
26.9159 188.411 3.62483
37.6822 188.411 4.53223
48.4486 188.411 4.29399
59.215 188.411 3.2454
69.9813 188.411 1.74987
5.38318 199.178 0.723141
16.1495 199.178 1.48467
26.9159 199.178 2.43428
37.6822 199.178 2.64871
48.4486 199.178 2.45107
59.215 199.178 2.1264
69.9813 199.178 1.30389
5.38318 209.944 0.384073
16.1495 209.944 0.737304
26.9159 209.944 1.24289
37.6822 209.944 1.17349
48.4486 209.944 1.19335
59.215 209.944 1.29631
69.9813 209.944 0.933524
