48 37
0 17 72 40
0 1 72 72
0 0 72 82
0 0 72 144
0 0 72 216
5.38318 5.38318 1.20004
16.1495 5.38318 1.77868
26.9159 5.38318 1.84491
37.6822 5.38318 1.58975
48.4486 5.38318 1.47818
59.215 5.38318 1.18811
69.9813 5.38318 0.774655
5.38318 16.1495 2.16911
16.1495 16.1495 3.46075
26.9159 16.1495 3.85913
37.6822 16.1495 3.59146
48.4486 16.1495 3.32246
59.215 16.1495 2.60646
69.9813 16.1495 1.62237
5.38318 26.9159 2.42502
16.1495 26.9159 4.10607
26.9159 26.9159 5.08712
37.6822 26.9159 5.2952
48.4486 26.9159 5.03049
59.215 26.9159 3.82678
69.9813 26.9159 2.18726
5.38318 37.6822 1.84515
16.1495 37.6822 3.36444
26.9159 37.6822 4.86661
37.6822 37.6822 6.06659
48.4486 37.6822 6.11144
59.215 37.6822 4.61912
69.9813 37.6822 2.43087
5.38318 48.4486 1.21304
16.1495 48.4486 2.36129
26.9159 48.4486 3.89843
37.6822 48.4486 5.35469
48.4486 48.4486 5.65169
59.215 48.4486 4.34715
69.9813 48.4486 2.27777
5.38318 59.215 0.912368
16.1495 59.215 1.84955
26.9159 59.215 2.75689
37.6822 59.215 3.62567
48.4486 59.215 3.89617
59.215 59.215 3.27479
69.9813 59.215 1.94569
5.38318 69.9813 0.678667
16.1495 69.9813 1.36689
26.9159 69.9813 2.00315
37.6822 69.9813 2.38577
48.4486 69.9813 2.59688
59.215 69.9813 2.26864
69.9813 69.9813 1.55107
5.38318 80.7477 0.0880782
16.1495 80.7477 0.446126
26.9159 80.7477 1.01147
37.6822 80.7477 1.47211
48.4486 80.7477 1.66109
59.215 80.7477 1.47812
69.9813 80.7477 1.06217
5.38318 91.514 -0.250798
16.1495 91.514 -0.319153
26.9159 91.514 -0.199403
37.6822 91.514 -0.052525
48.4486 91.514 -0.014486
59.215 91.514 -0.0121029
69.9813 91.514 0.165573
5.38318 102.28 -0.30001
16.1495 102.28 -0.448101
26.9159 102.28 -0.402484
37.6822 102.28 -0.342537
48.4486 102.28 -0.333173
59.215 102.28 -0.264624
69.9813 102.28 -0.112555
5.38318 113.047 -0.297309
16.1495 113.047 -0.448777
26.9159 113.047 -0.453663
37.6822 113.047 -0.437639
48.4486 113.047 -0.421378
59.215 113.047 -0.328891
69.9813 113.047 -0.143238
5.38318 123.813 -0.280408
16.1495 123.813 -0.423899
26.9159 123.813 -0.402008
37.6822 123.813 -0.39552
48.4486 123.813 -0.375071
59.215 123.813 -0.289455
69.9813 123.813 -0.118223
5.38318 134.579 -0.20181
16.1495 134.579 -0.254865
26.9159 134.579 -0.161373
37.6822 134.579 -0.135215
48.4486 134.579 -0.142479
59.215 134.579 -0.142522
69.9813 134.579 -0.0474894
5.38318 145.346 -0.0644269
16.1495 145.346 0.122411
26.9159 145.346 0.715316
37.6822 145.346 0.913956
48.4486 145.346 0.801588
59.215 145.346 0.429518
69.9813 145.346 0.266167
5.38318 156.112 0.293976
16.1495 156.112 1.13364
26.9159 156.112 2.2543
37.6822 156.112 2.58099
48.4486 156.112 2.21309
59.215 156.112 1.3029
69.9813 156.112 0.631478
5.38318 166.879 0.659414
16.1495 166.879 1.94817
26.9159 166.879 3.45189
37.6822 166.879 3.97392
48.4486 166.879 3.44411
59.215 166.879 2.0612
69.9813 166.879 0.993897
5.38318 177.645 0.881249
16.1495 177.645 2.25939
26.9159 177.645 3.8254
37.6822 177.645 4.35484
48.4486 177.645 3.83289
59.215 177.645 2.3555
69.9813 177.645 1.16937
5.38318 188.411 1.0597
16.1495 188.411 2.16224
26.9159 188.411 3.19781
37.6822 188.411 3.40851
48.4486 188.411 3.14115
59.215 188.411 2.10746
69.9813 188.411 1.22533
5.38318 199.178 1.03943
16.1495 199.178 1.83896
26.9159 199.178 2.15364
37.6822 199.178 2.09691
48.4486 199.178 2.1825
59.215 199.178 1.7254
69.9813 199.178 1.228
5.38318 209.944 0.892266
16.1495 209.944 1.53745
26.9159 209.944 1.67057
37.6822 209.944 1.56459
48.4486 209.944 1.74468
59.215 209.944 1.50334
69.9813 209.944 1.10602
