37 48
0 28 72 40
0 12 72 72
0 7 72 82
0 0 72 144
0 0 72 216
5.38318 5.38318 1.08676
16.1495 5.38318 1.37493
26.9159 5.38318 1.38409
37.6822 5.38318 1.16616
48.4486 5.38318 0.837225
59.215 5.38318 0.626496
69.9813 5.38318 0.37437
5.38318 16.1495 1.77711
16.1495 16.1495 2.55069
26.9159 16.1495 2.7451
37.6822 16.1495 2.43385
48.4486 16.1495 2.04236
59.215 16.1495 1.54965
69.9813 16.1495 0.941364
5.38318 26.9159 1.93252
16.1495 26.9159 3.03439
26.9159 26.9159 3.4097
37.6822 26.9159 3.30568
48.4486 26.9159 2.95677
59.215 26.9159 2.29126
69.9813 26.9159 1.39825
5.38318 37.6822 1.34452
16.1495 37.6822 2.74558
26.9159 37.6822 3.78726
37.6822 37.6822 4.29946
48.4486 37.6822 4.1698
59.215 37.6822 3.19277
69.9813 37.6822 1.89017
5.38318 48.4486 0.796054
16.1495 48.4486 2.32401
26.9159 48.4486 3.63961
37.6822 48.4486 4.46009
48.4486 48.4486 4.39076
59.215 48.4486 3.3253
69.9813 48.4486 1.91081
5.38318 59.215 0.606173
16.1495 59.215 1.8824
26.9159 59.215 2.92597
37.6822 59.215 3.37146
48.4486 59.215 3.1971
59.215 59.215 2.4655
69.9813 59.215 1.46954
5.38318 69.9813 0.0610259
16.1495 69.9813 0.504009
26.9159 69.9813 0.853605
37.6822 69.9813 0.973421
48.4486 69.9813 0.953827
59.215 69.9813 0.945391
69.9813 69.9813 0.725236
5.38318 80.7477 -0.103488
16.1495 80.7477 -0.0843743
26.9159 80.7477 0.0159054
37.6822 80.7477 0.0206466
48.4486 80.7477 0.125727
59.215 80.7477 0.310099
69.9813 80.7477 0.381773
5.38318 91.514 -0.209982
16.1495 91.514 -0.309592
26.9159 91.514 -0.244264
37.6822 91.514 -0.279955
48.4486 91.514 -0.266191
59.215 91.514 -0.170358
69.9813 91.514 -0.0385824
5.38318 102.28 -0.2345
16.1495 102.28 -0.334367
26.9159 102.28 -0.272732
37.6822 102.28 -0.281963
48.4486 102.28 -0.296632
59.215 102.28 -0.233387
69.9813 102.28 -0.0966557
5.38318 113.047 -0.280751
16.1495 113.047 -0.424061
26.9159 113.047 -0.404126
37.6822 113.047 -0.407475
48.4486 113.047 -0.401572
59.215 113.047 -0.31777
69.9813 113.047 -0.138012
5.38318 123.813 -0.217722
16.1495 123.813 -0.326878
26.9159 123.813 -0.300727
37.6822 123.813 -0.317454
48.4486 123.813 -0.321702
59.215 123.813 -0.24527
69.9813 123.813 -0.0982076
5.38318 134.579 -0.106962
16.1495 134.579 -0.158155
26.9159 134.579 -0.130204
37.6822 134.579 -0.17496
48.4486 134.579 -0.17566
59.215 134.579 -0.106731
69.9813 134.579 -0.000970219
5.38318 145.346 0.0101911
16.1495 145.346 0.0628879
26.9159 145.346 0.165676
37.6822 145.346 0.0524043
48.4486 145.346 0.0997606
59.215 145.346 0.229487
69.9813 145.346 0.297577
5.38318 156.112 0.196653
16.1495 156.112 0.580894
26.9159 156.112 1.02712
37.6822 156.112 0.918884
48.4486 156.112 0.969481
59.215 156.112 0.785527
69.9813 156.112 0.64599
5.38318 166.879 0.307124
16.1495 166.879 0.993139
26.9159 166.879 1.98455
37.6822 166.879 1.8653
48.4486 166.879 1.89622
59.215 166.879 1.27491
69.9813 166.879 0.950822
5.38318 177.645 0.526612
16.1495 177.645 1.71963
26.9159 177.645 3.42948
37.6822 177.645 3.45434
48.4486 177.645 3.1888
59.215 177.645 1.92066
69.9813 177.645 1.19429
5.38318 188.411 0.548438
16.1495 188.411 2.00961
26.9159 188.411 4.13541
37.6822 188.411 4.42938
48.4486 188.411 3.98614
59.215 188.411 2.26821
69.9813 188.411 1.31399
5.38318 199.178 0.54556
16.1495 199.178 1.89788
26.9159 199.178 3.80767
37.6822 199.178 4.13622
48.4486 199.178 3.55482
59.215 199.178 1.97644
69.9813 199.178 1.08837
5.38318 209.944 0.193949
16.1495 209.944 0.814262
26.9159 209.944 1.88971
37.6822 209.944 2.00375
48.4486 209.944 1.74201
59.215 209.944 1.04005
69.9813 209.944 0.662143
