37 166
0 146 72 40
0 130 72 72
0 125 72 82
0 72 72 144
0 0 72 216
5.38318 5.38318 0.37225
16.1495 5.38318 0.737114
26.9159 5.38318 1.28961
37.6822 5.38318 1.62089
48.4486 5.38318 1.70635
59.215 5.38318 1.51629
69.9813 5.38318 0.964714
5.38318 16.1495 0.764607
16.1495 16.1495 1.51783
26.9159 16.1495 2.4083
37.6822 16.1495 2.85615
48.4486 16.1495 2.97804
59.215 16.1495 2.63344
69.9813 16.1495 1.71811
5.38318 26.9159 1.01978
16.1495 26.9159 1.76531
26.9159 26.9159 2.68667
37.6822 26.9159 2.83101
48.4486 26.9159 2.95573
59.215 26.9159 2.54274
69.9813 26.9159 1.75405
5.38318 37.6822 1.12127
16.1495 37.6822 1.74243
26.9159 37.6822 2.45026
37.6822 37.6822 2.06439
48.4486 37.6822 2.22757
59.215 37.6822 1.83062
69.9813 37.6822 1.39223
5.38318 48.4486 0.810097
16.1495 48.4486 1.16445
26.9159 48.4486 1.71957
37.6822 48.4486 1.12957
48.4486 48.4486 1.47798
59.215 48.4486 1.2249
69.9813 48.4486 1.14309
5.38318 59.215 0.164708
16.1495 59.215 0.207524
26.9159 59.215 0.642438
37.6822 59.215 0.277508
48.4486 59.215 0.797049
59.215 59.215 0.840079
69.9813 59.215 0.944526
5.38318 69.9813 -0.116021
16.1495 69.9813 -0.236982
26.9159 69.9813 -0.182336
37.6822 69.9813 -0.257471
48.4486 69.9813 -0.0218677
59.215 69.9813 0.268024
69.9813 69.9813 0.574409
5.38318 80.7477 -0.145821
16.1495 80.7477 -0.227084
26.9159 80.7477 -0.132727
37.6822 80.7477 -0.134615
48.4486 80.7477 -0.00862266
59.215 80.7477 0.328133
69.9813 80.7477 0.499962
5.38318 91.514 -0.198304
16.1495 91.514 -0.276289
26.9159 91.514 -0.191563
37.6822 91.514 -0.178047
48.4486 91.514 -0.116205
59.215 91.514 0.0410118
69.9813 91.514 0.275933
5.38318 102.28 -0.207542
16.1495 102.28 -0.278234
26.9159 102.28 -0.199894
37.6822 102.28 -0.185779
48.4486 102.28 -0.173225
59.215 102.28 -0.108741
69.9813 102.28 0.0381384
5.38318 113.047 -0.286895
16.1495 113.047 -0.431338
26.9159 113.047 -0.408269
37.6822 113.047 -0.39841
48.4486 113.047 -0.380223
59.215 113.047 -0.297134
69.9813 113.047 -0.125665
5.38318 123.813 -0.254037
16.1495 123.813 -0.376323
26.9159 123.813 -0.322921
37.6822 123.813 -0.313441
48.4486 123.813 -0.279892
59.215 123.813 -0.222783
69.9813 123.813 -0.0821351
5.38318 134.579 -0.11557
16.1495 134.579 -0.0907676
26.9159 134.579 0.137827
37.6822 134.579 0.191227
48.4486 134.579 0.218253
59.215 134.579 0.112364
69.9813 134.579 0.19951
5.38318 145.346 0.189438
16.1495 145.346 0.792939
26.9159 145.346 1.40197
37.6822 145.346 1.61972
48.4486 145.346 1.53071
59.215 145.346 1.09485
69.9813 145.346 0.761482
5.38318 156.112 0.754542
16.1495 156.112 2.07653
26.9159 156.112 3.02203
37.6822 156.112 3.22676
48.4486 156.112 2.84051
59.215 156.112 2.04831
69.9813 156.112 1.29521
5.38318 166.879 1.12939
16.1495 166.879 2.96231
26.9159 166.879 4.24543
37.6822 166.879 4.44375
48.4486 166.879 3.70281
59.215 166.879 2.58822
69.9813 166.879 1.59563
5.38318 177.645 1.18161
16.1495 177.645 2.99208
26.9159 177.645 4.144
37.6822 177.645 4.03725
48.4486 177.645 3.04268
59.215 177.645 1.96996
69.9813 177.645 1.2097
5.38318 188.411 1.06642
16.1495 188.411 2.3407
26.9159 188.411 2.965
37.6822 188.411 2.69648
48.4486 188.411 1.79633
59.215 188.411 1.01908
69.9813 188.411 0.613745
5.38318 199.178 0.637871
16.1495 199.178 1.33625
26.9159 199.178 1.70335
37.6822 199.178 1.56764
48.4486 199.178 0.940539
59.215 199.178 0.484257
69.9813 199.178 0.237699
5.38318 209.944 0.376796
16.1495 209.944 0.79018
26.9159 209.944 1.02702
37.6822 209.944 0.973983
48.4486 209.944 0.570527
59.215 209.944 0.267546
69.9813 209.944 0.0899659
