37 37
0 17 72 40
0 1 72 72
0 0 72 82
0 0 72 144
0 0 72 216
5.38318 5.38318 0.307034
16.1495 5.38318 0.664552
26.9159 5.38318 1.11942
37.6822 5.38318 1.18625
48.4486 5.38318 0.921743
59.215 5.38318 0.495089
69.9813 5.38318 0.249886
5.38318 16.1495 0.557084
16.1495 16.1495 1.5347
26.9159 16.1495 2.52779
37.6822 16.1495 2.83737
48.4486 16.1495 2.29538
59.215 16.1495 1.40986
69.9813 16.1495 0.661631
5.38318 26.9159 0.634539
16.1495 26.9159 2.14239
26.9159 26.9159 3.85684
37.6822 26.9159 4.48256
48.4486 26.9159 3.46979
59.215 26.9159 1.89695
69.9813 26.9159 0.74427
5.38318 37.6822 0.775892
16.1495 37.6822 2.44438
26.9159 37.6822 4.52016
37.6822 37.6822 5.25807
48.4486 37.6822 4.24129
59.215 37.6822 2.3525
69.9813 37.6822 0.920223
5.38318 48.4486 0.769255
16.1495 48.4486 2.19432
26.9159 48.4486 3.75602
37.6822 48.4486 4.26981
48.4486 48.4486 3.32811
59.215 48.4486 1.92629
69.9813 48.4486 0.784719
5.38318 59.215 0.60826
16.1495 59.215 1.41012
26.9159 59.215 1.9154
37.6822 59.215 1.96354
48.4486 59.215 1.45214
59.215 59.215 1.01694
69.9813 59.215 0.579801
5.38318 69.9813 0.348452
16.1495 69.9813 0.64874
26.9159 69.9813 0.411738
37.6822 69.9813 0.152166
48.4486 69.9813 -0.15095
59.215 69.9813 0.141145
69.9813 69.9813 0.275532
5.38318 80.7477 -0.130736
16.1495 80.7477 -0.181112
26.9159 80.7477 -0.298671
37.6822 80.7477 -0.393921
48.4486 80.7477 -0.47411
59.215 80.7477 -0.263623
69.9813 80.7477 -0.0437726
5.38318 91.514 -0.445363
16.1495 91.514 -0.722307
26.9159 91.514 -0.819379
37.6822 91.514 -0.881932
48.4486 91.514 -0.865215
59.215 91.514 -0.604006
69.9813 91.514 -0.243487
5.38318 102.28 -0.564484
16.1495 102.28 -0.906057
26.9159 102.28 -0.991684
37.6822 102.28 -0.996993
48.4486 102.28 -0.950393
59.215 102.28 -0.734396
69.9813 102.28 -0.319192
5.38318 113.047 -0.581376
16.1495 113.047 -0.930283
26.9159 113.047 -1.00953
37.6822 113.047 -1.0059
48.4486 113.047 -0.950109
59.215 113.047 -0.740321
69.9813 113.047 -0.317
5.38318 123.813 -0.54318
16.1495 123.813 -0.858148
26.9159 123.813 -0.913816
37.6822 123.813 -0.907672
48.4486 123.813 -0.847865
59.215 123.813 -0.62167
69.9813 123.813 -0.250643
5.38318 134.579 -0.422653
16.1495 134.579 -0.640204
26.9159 134.579 -0.627617
37.6822 134.579 -0.630245
48.4486 134.579 -0.596633
59.215 134.579 -0.409298
69.9813 134.579 -0.135785
5.38318 145.346 -0.181868
16.1495 145.346 -0.221822
26.9159 145.346 -0.183627
37.6822 145.346 -0.196178
48.4486 145.346 -0.214783
59.215 145.346 -0.0741295
69.9813 145.346 0.149777
5.38318 156.112 0.353909
16.1495 156.112 0.789535
26.9159 156.112 1.16016
37.6822 156.112 1.0489
48.4486 156.112 0.930137
59.215 156.112 0.830047
69.9813 156.112 0.686177
5.38318 166.879 0.770669
16.1495 166.879 1.56444
26.9159 166.879 2.35813
37.6822 166.879 2.27432
48.4486 166.879 2.16635
59.215 166.879 1.60728
69.9813 166.879 1.15135
5.38318 177.645 1.11466
16.1495 177.645 2.32851
26.9159 177.645 3.82219
37.6822 177.645 3.8635
48.4486 177.645 3.58665
59.215 177.645 2.31043
69.9813 177.645 1.43616
5.38318 188.411 1.08051
16.1495 188.411 2.53352
26.9159 188.411 4.62227
37.6822 188.411 4.99224
48.4486 188.411 4.62512
59.215 188.411 2.84618
69.9813 188.411 1.64895
5.38318 199.178 0.851582
16.1495 199.178 2.19922
26.9159 199.178 4.25463
37.6822 199.178 4.72288
48.4486 199.178 4.26302
59.215 199.178 2.58211
69.9813 199.178 1.43174
5.38318 209.944 0.394779
16.1495 209.944 1.01187
26.9159 209.944 2.18129
37.6822 209.944 2.33972
48.4486 209.944 2.11536
59.215 209.944 1.2857
69.9813 209.944 0.768237
