37 37
0 17 72 40
0 1 72 72
0 0 72 82
0 0 72 144
0 0 72 216
5.38318 5.38318 0.571495
16.1495 5.38318 1.02229
26.9159 5.38318 1.4958
37.6822 5.38318 1.62231
48.4486 5.38318 1.49492
59.215 5.38318 1.09805
69.9813 5.38318 0.631654
5.38318 16.1495 1.13013
16.1495 16.1495 2.17551
26.9159 16.1495 3.16117
37.6822 16.1495 3.47789
48.4486 16.1495 3.18159
59.215 16.1495 2.29931
69.9813 16.1495 1.29129
5.38318 26.9159 1.68145
16.1495 26.9159 3.25132
26.9159 26.9159 4.68687
37.6822 26.9159 5.14288
48.4486 26.9159 4.65843
59.215 26.9159 3.38118
69.9813 26.9159 1.87242
5.38318 37.6822 1.97328
16.1495 37.6822 3.76231
26.9159 37.6822 5.09809
37.6822 37.6822 5.46678
48.4486 37.6822 4.87548
59.215 37.6822 3.62486
69.9813 37.6822 2.00026
5.38318 48.4486 1.81462
16.1495 48.4486 3.32497
26.9159 48.4486 4.32777
37.6822 48.4486 4.47062
48.4486 48.4486 3.88168
59.215 48.4486 2.97137
69.9813 48.4486 1.66239
5.38318 59.215 1.10339
16.1495 59.215 2.07791
26.9159 59.215 2.60046
37.6822 59.215 2.73477
48.4486 59.215 2.30638
59.215 59.215 1.99974
69.9813 59.215 1.18503
5.38318 69.9813 0.591678
16.1495 69.9813 1.10217
26.9159 69.9813 1.45831
37.6822 69.9813 1.4225
48.4486 69.9813 1.03543
59.215 69.9813 0.984798
69.9813 69.9813 0.651836
5.38318 80.7477 -0.0766905
16.1495 80.7477 -0.111609
26.9159 80.7477 -0.0431625
37.6822 80.7477 -0.106957
48.4486 80.7477 -0.202855
59.215 80.7477 -0.0422402
69.9813 80.7477 0.124121
5.38318 91.514 -0.424268
16.1495 91.514 -0.704451
26.9159 91.514 -0.71031
37.6822 91.514 -0.748912
48.4486 91.514 -0.771681
59.215 91.514 -0.571857
69.9813 91.514 -0.268775
5.38318 102.28 -0.563597
16.1495 102.28 -0.905368
26.9159 102.28 -0.979627
37.6822 102.28 -0.983006
48.4486 102.28 -0.934001
59.215 102.28 -0.714133
69.9813 102.28 -0.307441
5.38318 113.047 -0.57298
16.1495 113.047 -0.923352
26.9159 113.047 -1.01131
37.6822 113.047 -1.01382
48.4486 113.047 -0.955691
59.215 113.047 -0.738256
69.9813 113.047 -0.312731
5.38318 123.813 -0.462051
16.1495 123.813 -0.776165
26.9159 123.813 -0.847502
37.6822 123.813 -0.85122
48.4486 123.813 -0.762767
59.215 123.813 -0.524259
69.9813 123.813 -0.187808
5.38318 134.579 -0.0942029
16.1495 134.579 -0.244429
26.9159 134.579 -0.353336
37.6822 134.579 -0.337294
48.4486 134.579 -0.268406
59.215 134.579 -0.116041
69.9813 134.579 0.134845
5.38318 145.346 1.10242
16.1495 145.346 1.45995
26.9159 145.346 1.17571
37.6822 145.346 1.20085
48.4486 145.346 1.28054
59.215 145.346 1.20386
69.9813 145.346 0.900165
5.38318 156.112 1.78084
16.1495 156.112 2.5276
26.9159 156.112 2.40382
37.6822 156.112 2.4279
48.4486 156.112 2.39849
59.215 156.112 2.07384
69.9813 156.112 1.33066
5.38318 166.879 1.61017
16.1495 166.879 2.425
26.9159 166.879 2.59148
37.6822 166.879 2.61836
48.4486 166.879 2.47206
59.215 166.879 2.01927
69.9813 166.879 1.29109
5.38318 177.645 0.439661
16.1495 177.645 1.02357
26.9159 177.645 1.68905
37.6822 177.645 2.00503
48.4486 177.645 1.84417
59.215 177.645 1.33605
69.9813 177.645 0.878656
5.38318 188.411 -0.159245
16.1495 188.411 0.0912959
26.9159 188.411 1.19319
37.6822 188.411 1.87757
48.4486 188.411 2.02043
59.215 188.411 1.42587
69.9813 188.411 0.957902
5.38318 199.178 -0.314274
16.1495 199.178 -0.203814
26.9159 199.178 1.03109
37.6822 199.178 2.17968
48.4486 199.178 2.67513
59.215 199.178 2.04281
69.9813 199.178 1.32283
5.38318 209.944 -0.254324
16.1495 209.944 -0.175602
26.9159 209.944 0.884613
37.6822 209.944 1.90601
48.4486 209.944 2.4374
59.215 209.944 1.88889
69.9813 209.944 1.15751
