48 199
0 176 72 40
0 144 72 72
0 134 72 82
0 72 72 144
0 0 72 216
5.38318 5.38318 0.0129865
16.1495 5.38318 0.18339
26.9159 5.38318 0.737823
37.6822 5.38318 0.90919
48.4486 5.38318 0.576252
59.215 5.38318 0.24638
69.9813 5.38318 0.0690718
5.38318 16.1495 -0.0910422
16.1495 16.1495 0.27485
26.9159 16.1495 1.34919
37.6822 16.1495 1.69958
48.4486 16.1495 1.12539
59.215 16.1495 0.53391
69.9813 16.1495 0.241427
5.38318 26.9159 -0.352727
16.1495 26.9159 -0.240581
26.9159 26.9159 0.988484
37.6822 26.9159 1.62336
48.4486 26.9159 1.06445
59.215 26.9159 0.27374
69.9813 26.9159 0.00969742
5.38318 37.6822 -0.322993
16.1495 37.6822 -0.225277
26.9159 37.6822 1.02707
37.6822 37.6822 1.77068
48.4486 37.6822 1.46534
59.215 37.6822 0.803925
69.9813 37.6822 0.405333
5.38318 48.4486 -0.220047
16.1495 48.4486 -0.061032
26.9159 48.4486 1.3417
37.6822 48.4486 2.2414
48.4486 48.4486 2.29685
59.215 48.4486 1.64879
69.9813 48.4486 0.957795
5.38318 59.215 -0.0792037
16.1495 59.215 0.456208
26.9159 59.215 1.90893
37.6822 59.215 2.8589
48.4486 59.215 3.1659
59.215 59.215 2.56098
69.9813 59.215 1.51615
5.38318 69.9813 -0.0823282
16.1495 69.9813 0.432288
26.9159 69.9813 1.73897
37.6822 69.9813 2.61078
48.4486 69.9813 3.01848
59.215 69.9813 2.52956
69.9813 69.9813 1.54355
5.38318 80.7477 -0.221354
16.1495 80.7477 -0.128523
26.9159 80.7477 0.799146
37.6822 80.7477 1.28914
48.4486 80.7477 1.62973
59.215 80.7477 1.31174
69.9813 80.7477 0.899539
5.38318 91.514 -0.467287
16.1495 91.514 -0.703091
26.9159 91.514 -0.571251
37.6822 91.514 -0.642036
48.4486 91.514 -0.58941
59.215 91.514 -0.493596
69.9813 91.514 -0.191513
5.38318 102.28 -0.562157
16.1495 102.28 -0.905185
26.9159 102.28 -0.968311
37.6822 102.28 -0.997878
48.4486 102.28 -0.953574
59.215 102.28 -0.776723
69.9813 102.28 -0.337418
5.38318 113.047 -0.579954
16.1495 113.047 -0.935295
26.9159 113.047 -1.02382
37.6822 113.047 -1.02711
48.4486 113.047 -0.969843
59.215 113.047 -0.759057
69.9813 113.047 -0.32596
5.38318 123.813 -0.486529
16.1495 123.813 -0.801473
26.9159 123.813 -0.86334
37.6822 123.813 -0.849341
48.4486 123.813 -0.752881
59.215 123.813 -0.506241
69.9813 123.813 -0.176386
5.38318 134.579 -0.149594
16.1495 134.579 -0.300521
26.9159 134.579 -0.385363
37.6822 134.579 -0.32545
48.4486 134.579 -0.226473
59.215 134.579 -0.0549394
69.9813 134.579 0.207003
5.38318 145.346 0.91319
16.1495 145.346 1.23996
26.9159 145.346 1.06876
37.6822 145.346 1.26958
48.4486 145.346 1.48467
59.215 145.346 1.41125
69.9813 145.346 1.02405
5.38318 156.112 1.61888
16.1495 156.112 2.33661
26.9159 156.112 2.30127
37.6822 156.112 2.52416
48.4486 156.112 2.66928
59.215 156.112 2.32933
69.9813 156.112 1.48134
5.38318 166.879 1.49354
16.1495 166.879 2.26535
26.9159 166.879 2.49852
37.6822 166.879 2.72304
48.4486 166.879 2.77269
59.215 166.879 2.30515
69.9813 166.879 1.45432
5.38318 177.645 0.474016
16.1495 177.645 1.09038
26.9159 177.645 1.81614
37.6822 177.645 2.29392
48.4486 177.645 2.25788
59.215 177.645 1.73176
69.9813 177.645 1.08814
5.38318 188.411 -0.11375
16.1495 188.411 0.27488
26.9159 188.411 1.52655
37.6822 188.411 2.29943
48.4486 188.411 2.38074
59.215 188.411 1.68357
69.9813 188.411 1.04941
5.38318 199.178 -0.26148
16.1495 199.178 -0.0563077
26.9159 199.178 1.5892
37.6822 199.178 2.78292
48.4486 199.178 3.19585
59.215 199.178 2.36831
69.9813 199.178 1.44436
5.38318 209.944 -0.219466
16.1495 209.944 -0.0802534
26.9159 209.944 1.33629
37.6822 209.944 2.43097
48.4486 209.944 2.91074
59.215 209.944 2.15258
69.9813 209.944 1.26594
