48 166
0 146 72 40
0 130 72 72
0 125 72 82
0 72 72 144
0 0 72 216
5.38318 5.38318 0.850639
16.1495 5.38318 1.5266
26.9159 5.38318 1.8003
37.6822 5.38318 1.5537
48.4486 5.38318 1.27505
59.215 5.38318 0.972236
69.9813 5.38318 0.627082
5.38318 16.1495 1.4075
16.1495 16.1495 2.74449
26.9159 16.1495 3.30457
37.6822 16.1495 2.90667
48.4486 16.1495 2.41498
59.215 16.1495 1.86789
69.9813 16.1495 1.25239
5.38318 26.9159 1.65391
16.1495 26.9159 3.08974
26.9159 26.9159 3.67261
37.6822 26.9159 3.25743
48.4486 26.9159 2.77982
59.215 26.9159 2.18082
69.9813 26.9159 1.4701
5.38318 37.6822 1.61694
16.1495 37.6822 2.87538
26.9159 37.6822 3.30245
37.6822 37.6822 2.99826
48.4486 37.6822 2.59675
59.215 37.6822 2.10116
69.9813 37.6822 1.39469
5.38318 48.4486 1.53609
16.1495 48.4486 2.6348
26.9159 48.4486 2.91041
37.6822 48.4486 2.57459
48.4486 48.4486 2.1396
59.215 48.4486 1.85207
69.9813 48.4486 1.21498
5.38318 59.215 1.13876
16.1495 59.215 1.97871
26.9159 59.215 2.1416
37.6822 59.215 1.61807
48.4486 59.215 0.933465
59.215 59.215 0.863255
69.9813 59.215 0.684927
5.38318 69.9813 0.2337
16.1495 69.9813 0.437076
26.9159 69.9813 0.373657
37.6822 69.9813 -0.0784394
48.4486 69.9813 -0.317901
59.215 69.9813 -0.17984
69.9813 69.9813 0.0094495
5.38318 80.7477 -0.261637
16.1495 80.7477 -0.411807
26.9159 80.7477 -0.504564
37.6822 80.7477 -0.665162
48.4486 80.7477 -0.807147
59.215 80.7477 -0.612954
69.9813 80.7477 -0.271208
5.38318 91.514 -0.524768
16.1495 91.514 -0.849979
26.9159 91.514 -0.948816
37.6822 91.514 -0.966137
48.4486 91.514 -0.944246
59.215 91.514 -0.707748
69.9813 91.514 -0.3102
5.38318 102.28 -0.580989
16.1495 102.28 -0.932371
26.9159 102.28 -1.00758
37.6822 102.28 -0.995784
48.4486 102.28 -0.938059
59.215 102.28 -0.710625
69.9813 102.28 -0.304204
5.38318 113.047 -0.565201
16.1495 113.047 -0.900755
26.9159 113.047 -0.97895
37.6822 113.047 -0.977479
48.4486 113.047 -0.923888
59.215 113.047 -0.697537
69.9813 113.047 -0.292038
5.38318 123.813 -0.443923
16.1495 123.813 -0.675735
26.9159 123.813 -0.659939
37.6822 123.813 -0.658211
48.4486 123.813 -0.610904
59.215 123.813 -0.439241
69.9813 123.813 -0.139154
5.38318 134.579 0.0332555
16.1495 134.579 0.164159
26.9159 134.579 0.456549
37.6822 134.579 0.434335
48.4486 134.579 0.51518
59.215 134.579 0.487849
69.9813 134.579 0.569693
5.38318 145.346 1.33692
16.1495 145.346 2.37931
26.9159 145.346 2.89203
37.6822 145.346 2.89813
48.4486 145.346 2.92382
59.215 145.346 2.39527
69.9813 145.346 1.62665
5.38318 156.112 2.42125
16.1495 156.112 4.15078
26.9159 156.112 4.75499
37.6822 156.112 4.76904
48.4486 156.112 4.85535
59.215 156.112 4.03344
69.9813 156.112 2.57357
5.38318 166.879 2.50379
16.1495 166.879 4.3095
26.9159 166.879 4.91408
37.6822 166.879 5.02524
48.4486 166.879 5.11426
59.215 166.879 4.31077
69.9813 166.879 2.70153
5.38318 177.645 1.65124
16.1495 177.645 2.78273
26.9159 177.645 3.24128
37.6822 177.645 3.38896
48.4486 177.645 3.40696
59.215 177.645 2.95648
69.9813 177.645 1.86566
5.38318 188.411 0.610644
16.1495 188.411 1.13997
26.9159 188.411 1.63158
37.6822 188.411 1.70932
48.4486 188.411 1.67694
59.215 188.411 1.56007
69.9813 188.411 1.05839
5.38318 199.178 0.389935
16.1495 199.178 0.704851
26.9159 199.178 1.14562
37.6822 199.178 1.18118
48.4486 199.178 1.13755
59.215 199.178 1.13907
69.9813 199.178 0.819783
5.38318 209.944 0.272843
16.1495 209.944 0.523748
26.9159 209.944 0.821729
37.6822 209.944 0.841896
48.4486 209.944 0.88809
59.215 209.944 0.900833
69.9813 209.944 0.696065
