37 37
0 17 72 40
0 1 72 72
0 0 72 82
0 0 72 144
0 0 72 216
5.38318 5.38318 0.559662
16.1495 5.38318 0.952335
26.9159 5.38318 1.22227
37.6822 5.38318 1.23094
48.4486 5.38318 1.08764
59.215 5.38318 0.849435
69.9813 5.38318 0.479895
5.38318 16.1495 1.0933
16.1495 16.1495 2.05255
26.9159 16.1495 2.59703
37.6822 16.1495 2.63859
48.4486 16.1495 2.34158
59.215 16.1495 1.79727
69.9813 16.1495 1.04628
5.38318 26.9159 1.30956
16.1495 26.9159 2.68553
26.9159 26.9159 3.61372
37.6822 26.9159 3.63991
48.4486 26.9159 3.20179
59.215 26.9159 2.35231
69.9813 26.9159 1.36426
5.38318 37.6822 1.42375
16.1495 37.6822 3.00354
26.9159 37.6822 4.11338
37.6822 37.6822 4.18312
48.4486 37.6822 3.62098
59.215 37.6822 2.60186
69.9813 37.6822 1.50223
5.38318 48.4486 1.30958
16.1495 48.4486 2.77376
26.9159 48.4486 3.89044
37.6822 48.4486 3.93252
48.4486 48.4486 3.34805
59.215 48.4486 2.40494
69.9813 48.4486 1.43007
5.38318 59.215 0.965635
16.1495 59.215 2.02867
26.9159 59.215 2.7561
37.6822 59.215 2.78377
48.4486 59.215 2.46916
59.215 59.215 2.07299
69.9813 59.215 1.36987
5.38318 69.9813 0.745322
16.1495 69.9813 1.57499
26.9159 69.9813 2.09374
37.6822 69.9813 2.03021
48.4486 69.9813 1.77178
59.215 69.9813 1.7123
69.9813 69.9813 1.25985
5.38318 80.7477 -0.0247902
16.1495 80.7477 0.100636
26.9159 80.7477 0.336388
37.6822 80.7477 0.298237
48.4486 80.7477 0.228977
59.215 80.7477 0.563591
69.9813 80.7477 0.609803
5.38318 91.514 -0.463889
16.1495 91.514 -0.749877
26.9159 91.514 -0.803927
37.6822 91.514 -0.818187
48.4486 91.514 -0.823
59.215 91.514 -0.5559
69.9813 91.514 -0.219405
5.38318 102.28 -0.581448
16.1495 102.28 -0.940633
26.9159 102.28 -1.03766
37.6822 102.28 -1.03671
48.4486 102.28 -0.987483
59.215 102.28 -0.76011
69.9813 102.28 -0.32778
5.38318 113.047 -0.583919
16.1495 113.047 -0.934482
26.9159 113.047 -1.01778
37.6822 113.047 -1.01631
48.4486 113.047 -0.962307
59.215 113.047 -0.7542
69.9813 113.047 -0.324748
5.38318 123.813 -0.554396
16.1495 123.813 -0.879915
26.9159 123.813 -0.941068
37.6822 123.813 -0.93376
48.4486 123.813 -0.884332
59.215 123.813 -0.656729
69.9813 123.813 -0.272804
5.38318 134.579 -0.461414
16.1495 134.579 -0.714211
26.9159 134.579 -0.684718
37.6822 134.579 -0.673909
48.4486 134.579 -0.625501
59.215 134.579 -0.442861
69.9813 134.579 -0.150451
5.38318 145.346 -0.267802
16.1495 145.346 -0.378948
26.9159 145.346 -0.277953
37.6822 145.346 -0.217297
48.4486 145.346 -0.20106
59.215 145.346 -0.0887393
69.9813 145.346 0.0955722
5.38318 156.112 -0.0271043
16.1495 156.112 0.0975246
26.9159 156.112 0.451349
37.6822 156.112 0.604893
48.4486 156.112 0.502775
59.215 156.112 0.538702
69.9813 156.112 0.469585
5.38318 166.879 0.0593122
16.1495 166.879 0.350488
26.9159 166.879 0.711517
37.6822 166.879 0.88746
48.4486 166.879 0.70136
59.215 166.879 0.705614
69.9813 166.879 0.511894
5.38318 177.645 -0.0902486
16.1495 177.645 -0.0619447
26.9159 177.645 0.0149288
37.6822 177.645 0.0582294
48.4486 177.645 -0.0975541
59.215 177.645 -0.00715039
69.9813 177.645 0.103911
5.38318 188.411 -0.327082
16.1495 188.411 -0.484312
26.9159 188.411 -0.433795
37.6822 188.411 -0.34232
48.4486 188.411 -0.36245
59.215 188.411 -0.205131
69.9813 188.411 -0.0533883
5.38318 199.178 -0.39157
16.1495 199.178 -0.595423
26.9159 199.178 -0.579553
37.6822 199.178 -0.501341
48.4486 199.178 -0.476396
59.215 199.178 -0.271791
69.9813 199.178 -0.0767412
5.38318 209.944 -0.284207
16.1495 209.944 -0.429403
26.9159 209.944 -0.420139
37.6822 209.944 -0.383147
48.4486 209.944 -0.321687
59.215 209.944 -0.150055
69.9813 209.944 0.0623232
