37 177
0 157 72 40
0 141 72 72
0 134 72 82
0 72 72 144
0 0 72 216
5.38318 5.38318 -0.01362
16.1495 5.38318 -0.0881113
26.9159 5.38318 -0.0435565
37.6822 5.38318 -0.00794712
48.4486 5.38318 0.133311
59.215 5.38318 0.263483
69.9813 5.38318 0.246347
5.38318 16.1495 -0.105175
16.1495 16.1495 -0.155785
26.9159 16.1495 -0.0384834
37.6822 16.1495 0.109807
48.4486 16.1495 0.481271
59.215 16.1495 0.75843
69.9813 16.1495 0.679712
5.38318 26.9159 -0.362592
16.1495 26.9159 -0.580803
26.9159 26.9159 -0.48007
37.6822 26.9159 -0.261531
48.4486 26.9159 0.315536
59.215 26.9159 0.993387
69.9813 26.9159 0.959918
5.38318 37.6822 -0.318708
16.1495 37.6822 -0.512618
26.9159 37.6822 -0.382322
37.6822 37.6822 -0.112267
48.4486 37.6822 0.800109
59.215 37.6822 1.44517
69.9813 37.6822 1.22952
5.38318 48.4486 -0.265395
16.1495 48.4486 -0.423531
26.9159 48.4486 -0.297755
37.6822 48.4486 -0.0552713
48.4486 48.4486 0.733894
59.215 48.4486 1.2552
69.9813 48.4486 1.09412
5.38318 59.215 -0.324277
16.1495 59.215 -0.504223
26.9159 59.215 -0.448978
37.6822 59.215 -0.364578
48.4486 59.215 -0.160171
59.215 59.215 0.374281
69.9813 59.215 0.579117
5.38318 69.9813 -0.459591
16.1495 69.9813 -0.733694
26.9159 69.9813 -0.731318
37.6822 69.9813 -0.725701
48.4486 69.9813 -0.629499
59.215 69.9813 -0.353229
69.9813 69.9813 -0.0736494
5.38318 80.7477 -0.539893
16.1495 80.7477 -0.868548
26.9159 80.7477 -0.952477
37.6822 80.7477 -0.976512
48.4486 80.7477 -0.946382
59.215 80.7477 -0.705321
69.9813 80.7477 -0.303132
5.38318 91.514 -0.584397
16.1495 91.514 -0.935916
26.9159 91.514 -1.018
37.6822 91.514 -1.02392
48.4486 91.514 -0.981272
59.215 91.514 -0.782715
69.9813 91.514 -0.349358
5.38318 102.28 -0.584124
16.1495 102.28 -0.93597
26.9159 102.28 -1.01983
37.6822 102.28 -1.02202
48.4486 102.28 -0.968512
59.215 102.28 -0.767108
69.9813 102.28 -0.332128
5.38318 113.047 -0.581017
16.1495 113.047 -0.928962
26.9159 113.047 -1.0085
37.6822 113.047 -1.00842
48.4486 113.047 -0.955068
59.215 113.047 -0.748168
69.9813 113.047 -0.321331
5.38318 123.813 -0.568881
16.1495 123.813 -0.90285
26.9159 123.813 -0.966069
37.6822 123.813 -0.956637
48.4486 123.813 -0.901412
59.215 123.813 -0.655446
69.9813 123.813 -0.26796
5.38318 134.579 -0.528263
16.1495 134.579 -0.819735
26.9159 134.579 -0.776083
37.6822 134.579 -0.731038
48.4486 134.579 -0.660639
59.215 134.579 -0.450647
69.9813 134.579 -0.160981
5.38318 145.346 -0.415747
16.1495 145.346 -0.551808
26.9159 145.346 -0.292208
37.6822 145.346 -0.116938
48.4486 145.346 -0.0202173
59.215 145.346 0.185184
69.9813 145.346 0.300207
5.38318 156.112 -0.171161
16.1495 156.112 -0.0318971
26.9159 156.112 1.11453
37.6822 156.112 1.77171
48.4486 156.112 1.84108
59.215 156.112 1.52919
69.9813 156.112 0.922497
5.38318 166.879 0.172819
16.1495 166.879 0.981473
26.9159 166.879 2.53548
37.6822 166.879 3.51774
48.4486 166.879 3.57319
59.215 166.879 2.81754
69.9813 166.879 1.54525
5.38318 177.645 0.777919
16.1495 177.645 1.85253
26.9159 177.645 3.19026
37.6822 177.645 4.29402
48.4486 177.645 4.23295
59.215 177.645 3.24249
69.9813 177.645 1.67871
5.38318 188.411 1.00173
16.1495 188.411 1.94913
26.9159 188.411 2.84738
37.6822 188.411 3.60062
48.4486 188.411 3.34961
59.215 188.411 2.53225
69.9813 188.411 1.33182
5.38318 199.178 0.838724
16.1495 199.178 1.46451
26.9159 199.178 1.70077
37.6822 199.178 1.87112
48.4486 199.178 1.38294
59.215 199.178 1.08365
69.9813 199.178 0.622712
5.38318 209.944 0.204817
16.1495 209.944 0.475606
26.9159 209.944 0.514597
37.6822 209.944 0.514724
48.4486 209.944 0.272436
59.215 209.944 0.296435
69.9813 209.944 0.369131
