26 26
0 6 72 40
0 0 72 72
0 0 72 82
0 0 72 144
0 0 72 216
5.38318 5.38318 1.12784
16.1495 5.38318 1.8914
26.9159 5.38318 2.18353
37.6822 5.38318 1.65574
48.4486 5.38318 1.18211
59.215 5.38318 0.784441
69.9813 5.38318 0.530924
5.38318 16.1495 1.73715
16.1495 16.1495 3.21816
26.9159 16.1495 3.87204
37.6822 16.1495 3.11775
48.4486 16.1495 2.29099
59.215 16.1495 1.60944
69.9813 16.1495 1.07822
5.38318 26.9159 1.9052
16.1495 26.9159 3.51709
26.9159 26.9159 4.2792
37.6822 26.9159 3.62256
48.4486 26.9159 2.79488
59.215 26.9159 1.96152
69.9813 26.9159 1.26198
5.38318 37.6822 1.50653
16.1495 37.6822 2.66519
26.9159 37.6822 3.27454
37.6822 37.6822 3.18034
48.4486 37.6822 2.88258
59.215 37.6822 2.17914
69.9813 37.6822 1.34017
5.38318 48.4486 1.20403
16.1495 48.4486 2.16923
26.9159 48.4486 2.82019
37.6822 48.4486 3.14592
48.4486 48.4486 3.21034
59.215 48.4486 2.52741
69.9813 48.4486 1.54775
5.38318 59.215 1.1726
16.1495 59.215 2.10652
26.9159 59.215 2.69257
37.6822 59.215 2.96721
48.4486 59.215 3.05848
59.215 59.215 2.44965
69.9813 59.215 1.534
5.38318 69.9813 0.630208
16.1495 69.9813 1.25042
26.9159 69.9813 1.80237
37.6822 69.9813 2.04833
48.4486 69.9813 2.15441
59.215 69.9813 1.6985
69.9813 69.9813 1.13244
5.38318 80.7477 -0.0356562
16.1495 80.7477 0.0528381
26.9159 80.7477 0.359883
37.6822 80.7477 0.464227
48.4486 80.7477 0.553817
59.215 80.7477 0.444486
69.9813 80.7477 0.462249
5.38318 91.514 -0.265236
16.1495 91.514 -0.381741
26.9159 91.514 -0.295905
37.6822 91.514 -0.275749
48.4486 91.514 -0.255064
59.215 91.514 -0.228675
69.9813 91.514 -0.0700499
5.38318 102.28 -0.272186
16.1495 102.28 -0.385342
26.9159 102.28 -0.305718
37.6822 102.28 -0.292454
48.4486 102.28 -0.288837
59.215 102.28 -0.232097
69.9813 102.28 -0.0781277
5.38318 113.047 -0.292254
16.1495 113.047 -0.438985
26.9159 113.047 -0.419047
37.6822 113.047 -0.397927
48.4486 113.047 -0.389865
59.215 113.047 -0.30554
69.9813 113.047 -0.136262
5.38318 123.813 -0.223221
16.1495 123.813 -0.335936
26.9159 123.813 -0.272042
37.6822 123.813 -0.235893
48.4486 123.813 -0.23981
59.215 123.813 -0.188526
69.9813 123.813 -0.0743187
5.38318 134.579 -0.0918323
16.1495 134.579 -0.11312
26.9159 134.579 0.0786993
37.6822 134.579 0.200157
48.4486 134.579 0.0845557
59.215 134.579 0.0424749
69.9813 134.579 0.102759
5.38318 145.346 0.268978
16.1495 145.346 0.53967
26.9159 145.346 0.960606
37.6822 145.346 1.08811
48.4486 145.346 0.900233
59.215 145.346 0.654732
69.9813 145.346 0.413717
5.38318 156.112 0.512788
16.1495 156.112 0.970671
26.9159 156.112 1.50661
37.6822 156.112 1.6327
48.4486 156.112 1.51374
59.215 156.112 1.15072
69.9813 156.112 0.645963
5.38318 166.879 0.50514
16.1495 166.879 0.959614
26.9159 166.879 1.51192
37.6822 166.879 1.57517
48.4486 166.879 1.5873
59.215 166.879 1.25512
69.9813 166.879 0.775341
5.38318 177.645 -0.0092802
16.1495 177.645 0.175946
26.9159 177.645 0.828344
37.6822 177.645 0.94842
48.4486 177.645 1.3451
59.215 177.645 1.24009
69.9813 177.645 0.917722
5.38318 188.411 -0.0943057
16.1495 188.411 -0.0641638
26.9159 188.411 0.508008
37.6822 188.411 0.68668
48.4486 188.411 1.21834
59.215 188.411 1.29272
69.9813 188.411 1.04097
5.38318 199.178 -0.0730766
16.1495 199.178 -0.0861378
26.9159 199.178 0.259855
37.6822 199.178 0.415442
48.4486 199.178 0.88202
59.215 199.178 1.10447
69.9813 199.178 0.940774
5.38318 209.944 0.0581706
16.1495 209.944 0.106342
26.9159 209.944 0.2897
37.6822 209.944 0.217692
48.4486 209.944 0.382403
59.215 209.944 0.552333
69.9813 209.944 0.524469
