37 177
0 157 72 40
0 141 72 72
0 134 72 82
0 72 72 144
0 0 72 216
5.38318 5.38318 0.477925
16.1495 5.38318 0.845714
26.9159 5.38318 1.06429
37.6822 5.38318 1.15728
48.4486 5.38318 0.907098
59.215 5.38318 0.553254
69.9813 5.38318 0.369343
5.38318 16.1495 0.750435
16.1495 16.1495 1.70121
26.9159 16.1495 2.21463
37.6822 16.1495 2.3466
48.4486 16.1495 1.97592
59.215 16.1495 1.38328
69.9813 16.1495 0.852233
5.38318 26.9159 0.601421
16.1495 26.9159 1.67466
26.9159 26.9159 2.39852
37.6822 26.9159 2.45901
48.4486 26.9159 1.80953
59.215 26.9159 1.18653
69.9813 26.9159 0.694941
5.38318 37.6822 0.284964
16.1495 37.6822 1.17904
26.9159 37.6822 1.95675
37.6822 37.6822 2.01157
48.4486 37.6822 1.35036
59.215 37.6822 0.952236
69.9813 37.6822 0.537614
5.38318 48.4486 -0.104921
16.1495 48.4486 0.163496
26.9159 48.4486 0.906401
37.6822 48.4486 1.0947
48.4486 48.4486 0.681476
59.215 48.4486 0.618769
69.9813 48.4486 0.358135
5.38318 59.215 -0.157112
16.1495 59.215 -0.0579687
26.9159 59.215 0.503933
37.6822 59.215 0.92744
48.4486 59.215 0.760385
59.215 59.215 0.765821
69.9813 59.215 0.463157
5.38318 69.9813 -0.219675
16.1495 69.9813 -0.218017
26.9159 69.9813 -0.0837564
37.6822 69.9813 0.119228
48.4486 69.9813 -0.0123721
59.215 69.9813 0.191249
69.9813 69.9813 0.12812
5.38318 80.7477 -0.265815
16.1495 80.7477 -0.369213
26.9159 80.7477 -0.362236
37.6822 80.7477 -0.319731
48.4486 80.7477 -0.316221
59.215 80.7477 -0.181172
69.9813 80.7477 -0.0649487
5.38318 91.514 -0.287847
16.1495 91.514 -0.426443
26.9159 91.514 -0.463505
37.6822 91.514 -0.483155
48.4486 91.514 -0.498721
59.215 91.514 -0.392501
69.9813 91.514 -0.183671
5.38318 102.28 -0.293286
16.1495 102.28 -0.437029
26.9159 102.28 -0.438978
37.6822 102.28 -0.441621
48.4486 102.28 -0.4225
59.215 102.28 -0.339092
69.9813 102.28 -0.145093
5.38318 113.047 -0.299232
16.1495 113.047 -0.45316
26.9159 113.047 -0.459638
37.6822 113.047 -0.441884
48.4486 113.047 -0.424358
59.215 113.047 -0.333194
69.9813 113.047 -0.147761
5.38318 123.813 -0.289547
16.1495 123.813 -0.440671
26.9159 123.813 -0.434585
37.6822 123.813 -0.431502
48.4486 123.813 -0.408394
59.215 123.813 -0.313974
69.9813 123.813 -0.132701
5.38318 134.579 -0.251506
16.1495 134.579 -0.359664
26.9159 134.579 -0.309726
37.6822 134.579 -0.292126
48.4486 134.579 -0.276447
59.215 134.579 -0.223167
69.9813 134.579 -0.0866671
5.38318 145.346 -0.130462
16.1495 145.346 -0.0844071
26.9159 145.346 0.207981
37.6822 145.346 0.409475
48.4486 145.346 0.312685
59.215 145.346 0.113543
69.9813 145.346 0.123522
5.38318 156.112 0.130045
16.1495 156.112 0.741505
26.9159 156.112 1.69477
37.6822 156.112 2.0663
48.4486 156.112 1.76618
59.215 156.112 1.01276
69.9813 156.112 0.522
5.38318 166.879 0.601954
16.1495 166.879 1.83239
26.9159 166.879 3.36029
37.6822 166.879 3.93595
48.4486 166.879 3.31383
59.215 166.879 1.9766
69.9813 166.879 0.977791
5.38318 177.645 0.954275
16.1495 177.645 2.39292
26.9159 177.645 4.45556
37.6822 177.645 5.10977
48.4486 177.645 4.3048
59.215 177.645 2.59159
69.9813 177.645 1.30232
5.38318 188.411 1.06067
16.1495 188.411 2.36601
26.9159 188.411 4.12342
37.6822 188.411 4.40741
48.4486 188.411 3.72475
59.215 188.411 2.35904
69.9813 188.411 1.32277
5.38318 199.178 0.672792
16.1495 199.178 1.4025
26.9159 199.178 2.29618
37.6822 199.178 2.27159
48.4486 199.178 2.05825
59.215 199.178 1.46104
69.9813 199.178 1.07909
5.38318 209.944 0.39759
16.1495 209.944 0.843811
26.9159 209.944 1.17486
37.6822 209.944 1.06426
48.4486 209.944 1.04139
59.215 209.944 0.912981
69.9813 209.944 0.807011
