48 37
0 17 72 40
0 1 72 72
0 0 72 82
0 0 72 144
0 0 72 216
5.38318 5.38318 0.114694
16.1495 5.38318 0.26262
26.9159 5.38318 0.754429
37.6822 5.38318 1.04804
48.4486 5.38318 1.10362
59.215 5.38318 0.784112
69.9813 5.38318 0.469123
5.38318 16.1495 0.284172
16.1495 16.1495 0.858882
26.9159 16.1495 1.92746
37.6822 16.1495 2.59669
48.4486 16.1495 2.77088
59.215 16.1495 2.03281
69.9813 16.1495 1.1793
5.38318 26.9159 0.473445
16.1495 26.9159 1.38276
26.9159 26.9159 2.96549
37.6822 26.9159 4.24473
48.4486 26.9159 4.63392
59.215 26.9159 3.40859
69.9813 26.9159 1.85475
5.38318 37.6822 1.28096
16.1495 37.6822 2.36216
26.9159 37.6822 3.84605
37.6822 37.6822 5.25291
48.4486 37.6822 5.65915
59.215 37.6822 4.25384
69.9813 37.6822 2.24094
5.38318 48.4486 1.9315
16.1495 48.4486 3.04291
26.9159 48.4486 3.937
37.6822 48.4486 4.73085
48.4486 48.4486 4.81418
59.215 48.4486 3.63633
69.9813 48.4486 1.91422
5.38318 59.215 2.17518
16.1495 59.215 2.98202
26.9159 59.215 3.00188
37.6822 59.215 2.78237
48.4486 59.215 2.60623
59.215 59.215 2.17163
69.9813 59.215 1.30711
5.38318 69.9813 1.53923
16.1495 69.9813 2.13256
26.9159 69.9813 2.00224
37.6822 69.9813 1.44894
48.4486 69.9813 1.22558
59.215 69.9813 1.15781
69.9813 69.9813 0.916618
5.38318 80.7477 0.545638
16.1495 80.7477 0.773337
26.9159 80.7477 0.758625
37.6822 80.7477 0.43958
48.4486 80.7477 0.407372
59.215 80.7477 0.61806
69.9813 80.7477 0.641489
5.38318 91.514 -0.118353
16.1495 91.514 -0.153346
26.9159 91.514 -0.156813
37.6822 91.514 -0.224357
48.4486 91.514 -0.24237
59.215 91.514 -0.151648
69.9813 91.514 0.046743
5.38318 102.28 -0.266456
16.1495 102.28 -0.390652
26.9159 102.28 -0.377657
37.6822 102.28 -0.395424
48.4486 102.28 -0.395439
59.215 102.28 -0.294826
69.9813 102.28 -0.112354
5.38318 113.047 -0.275236
16.1495 113.047 -0.407208
26.9159 113.047 -0.375881
37.6822 113.047 -0.354688
48.4486 113.047 -0.343488
59.215 113.047 -0.265937
69.9813 113.047 -0.109503
5.38318 123.813 -0.165977
16.1495 123.813 -0.215467
26.9159 123.813 -0.15964
37.6822 123.813 -0.156585
48.4486 123.813 -0.199744
59.215 123.813 -0.170861
69.9813 123.813 -0.0650785
5.38318 134.579 0.0156747
16.1495 134.579 0.247259
26.9159 134.579 0.513651
37.6822 134.579 0.474909
48.4486 134.579 0.286383
59.215 134.579 0.162878
69.9813 134.579 0.221472
5.38318 145.346 0.571228
16.1495 145.346 1.23628
26.9159 145.346 1.61152
37.6822 145.346 1.52772
48.4486 145.346 1.22975
59.215 145.346 0.942975
69.9813 145.346 0.718998
5.38318 156.112 1.19662
16.1495 156.112 2.17922
26.9159 156.112 2.52652
37.6822 156.112 2.53291
48.4486 156.112 2.35185
59.215 156.112 2.02097
69.9813 156.112 1.42417
5.38318 166.879 1.93134
16.1495 166.879 3.1086
26.9159 166.879 3.19387
37.6822 166.879 3.19862
48.4486 166.879 3.26937
59.215 166.879 3.22357
69.9813 166.879 2.2765
5.38318 177.645 2.23805
16.1495 177.645 3.42166
26.9159 177.645 3.1706
37.6822 177.645 3.09975
48.4486 177.645 3.41344
59.215 177.645 3.71619
69.9813 177.645 2.69969
5.38318 188.411 2.00562
16.1495 188.411 2.99961
26.9159 188.411 2.76075
37.6822 188.411 2.64785
48.4486 188.411 2.96827
59.215 188.411 3.24642
69.9813 188.411 2.40308
5.38318 199.178 0.96558
16.1495 199.178 1.67941
26.9159 199.178 1.76229
37.6822 199.178 1.75909
48.4486 199.178 1.7715
59.215 199.178 1.73546
69.9813 199.178 1.34214
5.38318 209.944 0.399838
16.1495 209.944 0.877008
26.9159 209.944 1.12632
37.6822 209.944 1.20791
48.4486 209.944 1.27904
59.215 209.944 1.10951
69.9813 209.944 0.863925
