37 26
0 6 72 40
0 0 72 72
0 0 72 82
0 0 72 144
0 0 72 216
5.38318 5.38318 0.391064
16.1495 5.38318 0.918237
26.9159 5.38318 1.67845
37.6822 5.38318 1.81919
48.4486 5.38318 1.48721
59.215 5.38318 0.789483
69.9813 5.38318 0.328985
5.38318 16.1495 0.727114
16.1495 16.1495 1.90805
26.9159 16.1495 3.60358
37.6822 16.1495 4.0158
48.4486 16.1495 3.30868
59.215 16.1495 1.82028
69.9813 16.1495 0.829023
5.38318 26.9159 0.890391
16.1495 26.9159 2.55876
26.9159 26.9159 5.03612
37.6822 26.9159 5.71279
48.4486 26.9159 4.67876
59.215 26.9159 2.42857
69.9813 26.9159 0.997944
5.38318 37.6822 1.00393
16.1495 37.6822 2.59571
26.9159 37.6822 4.73459
37.6822 37.6822 5.27827
48.4486 37.6822 4.3434
59.215 37.6822 2.35989
69.9813 37.6822 1.04837
5.38318 48.4486 0.874148
16.1495 48.4486 2.06795
26.9159 48.4486 3.23757
37.6822 48.4486 3.48094
48.4486 48.4486 2.93779
59.215 48.4486 1.75356
69.9813 48.4486 0.951532
5.38318 59.215 0.676767
16.1495 59.215 1.66441
26.9159 59.215 2.33197
37.6822 59.215 2.4682
48.4486 59.215 2.1625
59.215 59.215 1.46935
69.9813 59.215 0.891962
5.38318 69.9813 0.250693
16.1495 69.9813 0.868813
26.9159 69.9813 1.37622
37.6822 69.9813 1.46695
48.4486 69.9813 1.24654
59.215 69.9813 0.838649
69.9813 69.9813 0.55225
5.38318 80.7477 -0.130951
16.1495 80.7477 -0.0382706
26.9159 80.7477 0.248639
37.6822 80.7477 0.320528
48.4486 80.7477 0.133426
59.215 80.7477 -0.00299182
69.9813 80.7477 0.0819554
5.38318 91.514 -0.264567
16.1495 91.514 -0.36189
26.9159 91.514 -0.34204
37.6822 91.514 -0.336387
48.4486 91.514 -0.369862
59.215 91.514 -0.312815
69.9813 91.514 -0.137284
5.38318 102.28 -0.302746
16.1495 102.28 -0.461332
26.9159 102.28 -0.457509
37.6822 102.28 -0.423788
48.4486 102.28 -0.410362
59.215 102.28 -0.328539
69.9813 102.28 -0.155545
5.38318 113.047 -0.293646
16.1495 113.047 -0.443441
26.9159 113.047 -0.439963
37.6822 113.047 -0.43133
48.4486 113.047 -0.415122
59.215 113.047 -0.328935
69.9813 113.047 -0.145486
5.38318 123.813 -0.245972
16.1495 123.813 -0.377954
26.9159 123.813 -0.342659
37.6822 123.813 -0.346145
48.4486 123.813 -0.343429
59.215 123.813 -0.272766
69.9813 123.813 -0.116319
5.38318 134.579 -0.108604
16.1495 134.579 -0.164158
26.9159 134.579 -0.106744
37.6822 134.579 -0.143388
48.4486 134.579 -0.190985
59.215 134.579 -0.157424
69.9813 134.579 -0.0586856
5.38318 145.346 0.141926
16.1495 145.346 0.289301
26.9159 145.346 0.491692
37.6822 145.346 0.457763
48.4486 145.346 0.239416
59.215 145.346 0.228098
69.9813 145.346 0.184127
5.38318 156.112 0.800394
16.1495 156.112 1.45367
26.9159 156.112 1.67708
37.6822 156.112 1.45188
48.4486 156.112 0.921201
59.215 156.112 0.694169
69.9813 156.112 0.416591
5.38318 166.879 1.2896
16.1495 166.879 2.30366
26.9159 166.879 2.55537
37.6822 166.879 2.23535
48.4486 166.879 1.51558
59.215 166.879 1.0695
69.9813 166.879 0.611665
5.38318 177.645 1.73828
16.1495 177.645 3.12671
26.9159 177.645 3.38464
37.6822 177.645 2.67323
48.4486 177.645 1.57052
59.215 177.645 0.986282
69.9813 177.645 0.564822
5.38318 188.411 1.58296
16.1495 188.411 2.87488
26.9159 188.411 3.16303
37.6822 188.411 2.35023
48.4486 188.411 1.0797
59.215 188.411 0.553371
69.9813 188.411 0.336039
5.38318 199.178 0.875608
16.1495 199.178 1.5553
26.9159 199.178 1.74418
37.6822 199.178 1.0807
48.4486 199.178 0.133839
59.215 199.178 0.0117491
69.9813 199.178 0.112497
5.38318 209.944 0.0750868
16.1495 209.944 0.0988797
26.9159 209.944 0.186353
37.6822 209.944 -0.084394
48.4486 209.944 -0.172101
59.215 209.944 -0.0900314
69.9813 209.944 0.0650603
