26 26
0 6 72 40
0 0 72 72
0 0 72 82
0 0 72 144
0 0 72 216
5.38318 5.38318 1.34543
16.1495 5.38318 2.4847
26.9159 5.38318 2.75214
37.6822 5.38318 2.11003
48.4486 5.38318 1.3242
59.215 5.38318 0.759979
69.9813 5.38318 0.448524
5.38318 16.1495 2.2158
16.1495 16.1495 4.31675
26.9159 16.1495 5.00894
37.6822 16.1495 4.04642
48.4486 16.1495 2.76258
59.215 16.1495 1.73042
69.9813 16.1495 1.0555
5.38318 26.9159 2.46783
16.1495 26.9159 4.70325
26.9159 26.9159 5.45396
37.6822 26.9159 4.63923
48.4486 26.9159 3.45996
59.215 26.9159 2.51952
69.9813 26.9159 1.56359
5.38318 37.6822 1.83159
16.1495 37.6822 3.28049
26.9159 37.6822 3.85292
37.6822 37.6822 3.69539
48.4486 37.6822 3.33172
59.215 37.6822 2.81691
69.9813 37.6822 1.82563
5.38318 48.4486 1.24554
16.1495 48.4486 2.21451
26.9159 48.4486 2.64298
37.6822 48.4486 2.79703
48.4486 48.4486 2.64345
59.215 48.4486 2.3643
69.9813 48.4486 1.52541
5.38318 59.215 0.693904
16.1495 59.215 1.50311
26.9159 59.215 2.05303
37.6822 59.215 2.19881
48.4486 59.215 1.86861
59.215 59.215 1.47188
69.9813 59.215 0.968607
5.38318 69.9813 -0.0350071
16.1495 69.9813 0.114463
26.9159 69.9813 0.500237
37.6822 69.9813 0.63389
48.4486 69.9813 0.459987
59.215 69.9813 0.288651
69.9813 69.9813 0.322653
5.38318 80.7477 -0.203893
16.1495 80.7477 -0.260912
26.9159 80.7477 -0.184861
37.6822 80.7477 -0.149087
48.4486 80.7477 -0.191223
59.215 80.7477 -0.198784
69.9813 80.7477 -0.0615095
5.38318 91.514 -0.280594
16.1495 91.514 -0.414785
26.9159 91.514 -0.409054
37.6822 91.514 -0.382301
48.4486 91.514 -0.377652
59.215 91.514 -0.315234
69.9813 91.514 -0.131213
5.38318 102.28 -0.297017
16.1495 102.28 -0.436895
26.9159 102.28 -0.42321
37.6822 102.28 -0.387072
48.4486 102.28 -0.362562
59.215 102.28 -0.297274
69.9813 102.28 -0.124679
5.38318 113.047 -0.297583
16.1495 113.047 -0.450477
26.9159 113.047 -0.453045
37.6822 113.047 -0.436606
48.4486 113.047 -0.414614
59.215 113.047 -0.325003
69.9813 113.047 -0.143758
5.38318 123.813 -0.245866
16.1495 123.813 -0.363117
26.9159 123.813 -0.320632
37.6822 123.813 -0.31254
48.4486 123.813 -0.300002
59.215 123.813 -0.230043
69.9813 123.813 -0.0893182
5.38318 134.579 -0.110367
16.1495 134.579 -0.128436
26.9159 134.579 -0.0465283
37.6822 134.579 -0.0366955
48.4486 134.579 -0.0479188
59.215 134.579 -0.0159868
69.9813 134.579 0.075997
5.38318 145.346 0.297279
16.1495 145.346 0.705595
26.9159 145.346 1.08457
37.6822 145.346 1.12185
48.4486 145.346 0.995905
59.215 145.346 0.777024
69.9813 145.346 0.507337
5.38318 156.112 0.843071
16.1495 156.112 1.79405
26.9159 156.112 2.31897
37.6822 156.112 2.36886
48.4486 156.112 2.06731
59.215 156.112 1.58213
69.9813 156.112 0.949514
5.38318 166.879 1.31088
16.1495 166.879 2.62724
26.9159 166.879 3.4889
37.6822 166.879 3.53881
48.4486 166.879 3.05781
59.215 166.879 2.19714
69.9813 166.879 1.274
5.38318 177.645 1.53616
16.1495 177.645 3.08528
26.9159 177.645 4.23506
37.6822 177.645 4.37974
48.4486 177.645 3.72457
59.215 177.645 2.56804
69.9813 177.645 1.42028
5.38318 188.411 1.6196
16.1495 188.411 3.10169
26.9159 188.411 4.40968
37.6822 188.411 4.61428
48.4486 188.411 4.08408
59.215 188.411 2.79575
69.9813 188.411 1.60016
5.38318 199.178 1.47156
16.1495 199.178 2.62664
26.9159 199.178 3.54017
37.6822 199.178 3.7143
48.4486 199.178 3.57455
59.215 199.178 2.72607
69.9813 199.178 1.71138
5.38318 209.944 1.06461
16.1495 209.944 1.87725
26.9159 209.944 2.22596
37.6822 209.944 2.27581
48.4486 209.944 2.45976
59.215 209.944 2.18321
69.9813 209.944 1.54482
