37 177
0 157 72 40
0 141 72 72
0 134 72 82
0 72 72 144
0 0 72 216
5.38318 5.38318 0.874823
16.1495 5.38318 1.23427
26.9159 5.38318 1.493
37.6822 5.38318 1.3836
48.4486 5.38318 1.17529
59.215 5.38318 0.923334
69.9813 5.38318 0.570253
5.38318 16.1495 1.52658
16.1495 16.1495 2.47797
26.9159 16.1495 3.13877
37.6822 16.1495 2.83687
48.4486 16.1495 2.3597
59.215 16.1495 1.75233
69.9813 16.1495 1.06667
5.38318 26.9159 1.80247
16.1495 26.9159 3.13104
26.9159 26.9159 4.2689
37.6822 26.9159 3.95484
48.4486 26.9159 3.22437
59.215 26.9159 2.14661
69.9813 26.9159 1.1813
5.38318 37.6822 1.60323
16.1495 37.6822 3.03522
26.9159 37.6822 4.45735
37.6822 37.6822 4.35505
48.4486 37.6822 3.54567
59.215 37.6822 2.16523
69.9813 37.6822 1.09897
5.38318 48.4486 1.17399
16.1495 48.4486 2.32749
26.9159 48.4486 3.57325
37.6822 48.4486 3.62793
48.4486 48.4486 2.97978
59.215 48.4486 1.78686
69.9813 48.4486 0.898725
5.38318 59.215 0.770362
16.1495 59.215 1.45651
26.9159 59.215 1.96187
37.6822 59.215 1.91801
48.4486 59.215 1.69782
59.215 59.215 1.19328
69.9813 59.215 0.797046
5.38318 69.9813 0.616764
16.1495 69.9813 1.13166
26.9159 69.9813 1.3346
37.6822 69.9813 1.20578
48.4486 69.9813 1.15873
59.215 69.9813 0.966682
69.9813 69.9813 0.781213
5.38318 80.7477 0.282218
16.1495 80.7477 0.549991
26.9159 80.7477 0.662652
37.6822 80.7477 0.493719
48.4486 80.7477 0.537064
59.215 80.7477 0.509435
69.9813 80.7477 0.522223
5.38318 91.514 -0.143838
16.1495 91.514 -0.196938
26.9159 91.514 -0.183909
37.6822 91.514 -0.226723
48.4486 91.514 -0.220545
59.215 91.514 -0.159395
69.9813 91.514 -0.00735767
5.38318 102.28 -0.273978
16.1495 102.28 -0.418391
26.9159 102.28 -0.418457
37.6822 102.28 -0.422133
48.4486 102.28 -0.420392
59.215 102.28 -0.330086
69.9813 102.28 -0.147292
5.38318 113.047 -0.262341
16.1495 113.047 -0.394434
26.9159 113.047 -0.376807
37.6822 113.047 -0.371943
48.4486 113.047 -0.36363
59.215 113.047 -0.277227
69.9813 113.047 -0.115296
5.38318 123.813 -0.0952277
16.1495 123.813 -0.110346
26.9159 123.813 -0.043994
37.6822 123.813 -0.0544243
48.4486 123.813 -0.0857149
59.215 123.813 -0.0658903
69.9813 123.813 0.0562058
5.38318 134.579 0.357335
16.1495 134.579 0.689081
26.9159 134.579 1.01828
37.6822 134.579 0.94601
48.4486 134.579 0.857926
59.215 134.579 0.603431
69.9813 134.579 0.525682
5.38318 145.346 1.04875
16.1495 145.346 1.95925
26.9159 145.346 2.50625
37.6822 145.346 2.35082
48.4486 145.346 2.15226
59.215 145.346 1.5338
69.9813 145.346 1.09371
5.38318 156.112 1.44864
16.1495 156.112 2.79965
26.9159 156.112 3.78248
37.6822 156.112 3.60266
48.4486 156.112 3.32066
59.215 156.112 2.27839
69.9813 156.112 1.51368
5.38318 166.879 1.55641
16.1495 166.879 3.27285
26.9159 166.879 4.7459
37.6822 166.879 4.68368
48.4486 166.879 4.10965
59.215 166.879 2.67802
69.9813 166.879 1.61154
5.38318 177.645 1.32504
16.1495 177.645 2.99893
26.9159 177.645 4.96346
37.6822 177.645 5.10266
48.4486 177.645 4.42189
59.215 177.645 2.65112
69.9813 177.645 1.46153
5.38318 188.411 1.11297
16.1495 188.411 2.60715
26.9159 188.411 4.54022
37.6822 188.411 4.75673
48.4486 188.411 3.81803
59.215 188.411 2.113
69.9813 188.411 1.00851
5.38318 199.178 1.0119
16.1495 199.178 2.07211
26.9159 199.178 3.17477
37.6822 199.178 3.1381
48.4486 199.178 2.497
59.215 199.178 1.43099
69.9813 199.178 0.818087
5.38318 209.944 0.945758
16.1495 209.944 1.65581
26.9159 209.944 1.80831
37.6822 209.944 1.60471
48.4486 209.944 1.2157
59.215 209.944 0.971056
69.9813 209.944 0.674493
