37 199
0 176 72 40
0 144 72 72
0 134 72 82
0 72 72 144
0 0 72 216
5.38318 5.38318 0.832038
16.1495 5.38318 1.48726
26.9159 5.38318 1.73079
37.6822 5.38318 1.41947
48.4486 5.38318 0.92795
59.215 5.38318 0.504592
69.9813 5.38318 0.294919
5.38318 16.1495 1.31483
16.1495 16.1495 2.54916
26.9159 16.1495 3.14723
37.6822 16.1495 2.79814
48.4486 16.1495 2.00436
59.215 16.1495 1.30501
69.9813 16.1495 0.729296
5.38318 26.9159 1.49764
16.1495 26.9159 2.94039
26.9159 26.9159 3.78644
37.6822 26.9159 3.55927
48.4486 26.9159 2.67823
59.215 26.9159 1.8395
69.9813 26.9159 1.02818
5.38318 37.6822 1.50962
16.1495 37.6822 2.69674
26.9159 37.6822 3.48444
37.6822 37.6822 3.55129
48.4486 37.6822 3.08624
59.215 37.6822 2.35002
69.9813 37.6822 1.33037
5.38318 48.4486 1.6786
16.1495 48.4486 2.78349
26.9159 48.4486 3.40002
37.6822 48.4486 3.49355
48.4486 48.4486 3.26837
59.215 48.4486 2.61271
69.9813 48.4486 1.56744
5.38318 59.215 1.67688
16.1495 59.215 2.67106
26.9159 59.215 2.9901
37.6822 59.215 2.95077
48.4486 59.215 2.86318
59.215 59.215 2.46999
69.9813 59.215 1.62847
5.38318 69.9813 1.07997
16.1495 69.9813 1.68548
26.9159 69.9813 1.78853
37.6822 69.9813 1.81244
48.4486 69.9813 1.89178
59.215 69.9813 1.808
69.9813 69.9813 1.29157
5.38318 80.7477 0.203977
16.1495 80.7477 0.348053
26.9159 80.7477 0.305485
37.6822 80.7477 0.330761
48.4486 80.7477 0.314801
59.215 80.7477 0.507934
69.9813 80.7477 0.504051
5.38318 91.514 -0.235161
16.1495 91.514 -0.346152
26.9159 91.514 -0.33889
37.6822 91.514 -0.288191
48.4486 91.514 -0.301192
59.215 91.514 -0.179763
69.9813 91.514 -0.0550739
5.38318 102.28 -0.300951
16.1495 102.28 -0.458277
26.9159 102.28 -0.441451
37.6822 102.28 -0.436002
48.4486 102.28 -0.433939
59.215 102.28 -0.343771
69.9813 102.28 -0.155004
5.38318 113.047 -0.286809
16.1495 113.047 -0.431554
26.9159 113.047 -0.41587
37.6822 113.047 -0.418059
48.4486 113.047 -0.411015
59.215 113.047 -0.32876
69.9813 113.047 -0.145194
5.38318 123.813 -0.203264
16.1495 123.813 -0.293708
26.9159 123.813 -0.238426
37.6822 123.813 -0.251389
48.4486 123.813 -0.26287
59.215 123.813 -0.222698
69.9813 123.813 -0.0885154
5.38318 134.579 -0.0644933
16.1495 134.579 -0.0350872
26.9159 134.579 0.199277
37.6822 134.579 0.177107
48.4486 134.579 0.0342614
59.215 134.579 -0.0167108
69.9813 134.579 0.0532334
5.38318 145.346 0.234563
16.1495 145.346 0.638857
26.9159 145.346 1.11171
37.6822 145.346 1.13926
48.4486 145.346 0.903708
59.215 145.346 0.609217
69.9813 145.346 0.406985
5.38318 156.112 0.480331
16.1495 156.112 1.24585
26.9159 156.112 2.24843
37.6822 156.112 2.323
48.4486 156.112 2.0031
59.215 156.112 1.31533
69.9813 156.112 0.81282
5.38318 166.879 0.654836
16.1495 166.879 1.67053
26.9159 166.879 3.19569
37.6822 166.879 3.30041
48.4486 166.879 2.96812
59.215 166.879 1.89713
69.9813 166.879 1.18801
5.38318 177.645 0.906958
16.1495 177.645 2.25614
26.9159 177.645 4.49672
37.6822 177.645 4.73033
48.4486 177.645 4.28966
59.215 177.645 2.48754
69.9813 177.645 1.4595
5.38318 188.411 0.974368
16.1495 188.411 2.56041
26.9159 188.411 5.3888
37.6822 188.411 5.90586
48.4486 188.411 5.23531
59.215 188.411 2.88865
69.9813 188.411 1.59405
5.38318 199.178 1.03325
16.1495 199.178 2.55785
26.9159 199.178 5.35624
37.6822 199.178 6.00653
48.4486 199.178 5.0596
59.215 199.178 2.74744
69.9813 199.178 1.37124
5.38318 209.944 0.524494
16.1495 209.944 1.36272
26.9159 209.944 3.00982
37.6822 209.944 3.36125
48.4486 209.944 2.70051
59.215 209.944 1.42236
69.9813 209.944 0.697288
