37 37
0 17 72 40
0 1 72 72
0 0 72 82
0 0 72 144
0 0 72 216
5.38318 5.38318 0.469178
16.1495 5.38318 0.905935
26.9159 5.38318 1.38051
37.6822 5.38318 1.50523
48.4486 5.38318 1.34948
59.215 5.38318 0.951607
69.9813 5.38318 0.494511
5.38318 16.1495 0.961698
16.1495 16.1495 2.03668
26.9159 16.1495 3.1269
37.6822 16.1495 3.35837
48.4486 16.1495 2.92676
59.215 16.1495 1.95414
69.9813 16.1495 1.06361
5.38318 26.9159 1.24831
16.1495 26.9159 2.80236
26.9159 26.9159 4.64067
37.6822 26.9159 5.05692
48.4486 26.9159 4.39856
59.215 26.9159 2.76615
69.9813 26.9159 1.41569
5.38318 37.6822 1.36874
16.1495 37.6822 2.97842
26.9159 37.6822 4.928
37.6822 37.6822 5.28823
48.4486 37.6822 4.5981
59.215 37.6822 2.80083
69.9813 37.6822 1.42331
5.38318 48.4486 1.13434
16.1495 48.4486 2.16207
26.9159 48.4486 3.43604
37.6822 48.4486 3.53986
48.4486 48.4486 3.29086
59.215 48.4486 2.23714
69.9813 48.4486 1.34281
5.38318 59.215 0.481368
16.1495 59.215 0.724477
26.9159 59.215 0.932822
37.6822 59.215 0.830052
48.4486 59.215 1.08383
59.215 59.215 1.17931
69.9813 59.215 1.00162
5.38318 69.9813 -0.0880277
16.1495 69.9813 -0.202937
26.9159 69.9813 -0.24343
37.6822 69.9813 -0.233941
48.4486 69.9813 0.075189
59.215 69.9813 0.721505
69.9813 69.9813 0.843078
5.38318 80.7477 -0.360209
16.1495 80.7477 -0.606735
26.9159 80.7477 -0.631084
37.6822 80.7477 -0.607936
48.4486 80.7477 -0.43898
59.215 80.7477 -0.144769
69.9813 80.7477 0.247747
5.38318 91.514 -0.570903
16.1495 91.514 -0.92889
26.9159 91.514 -1.00027
37.6822 91.514 -0.997815
48.4486 91.514 -0.917857
59.215 91.514 -0.642788
69.9813 91.514 -0.250427
5.38318 102.28 -0.598965
16.1495 102.28 -0.95626
26.9159 102.28 -1.0232
37.6822 102.28 -1.01256
48.4486 102.28 -0.952986
59.215 102.28 -0.731622
69.9813 102.28 -0.315317
5.38318 113.047 -0.575601
16.1495 113.047 -0.916014
26.9159 113.047 -0.989464
37.6822 113.047 -0.988112
48.4486 113.047 -0.94021
59.215 113.047 -0.733776
69.9813 113.047 -0.314951
5.38318 123.813 -0.53868
16.1495 123.813 -0.848137
26.9159 123.813 -0.867608
37.6822 123.813 -0.864523
48.4486 123.813 -0.80457
59.215 123.813 -0.608309
69.9813 123.813 -0.244868
5.38318 134.579 -0.407952
16.1495 134.579 -0.578601
26.9159 134.579 -0.466139
37.6822 134.579 -0.442673
48.4486 134.579 -0.395939
59.215 134.579 -0.321865
69.9813 134.579 -0.0891421
5.38318 145.346 -0.154405
16.1495 145.346 -0.0625983
26.9159 145.346 0.629656
37.6822 145.346 0.920115
48.4486 145.346 0.9899
59.215 145.346 0.588766
69.9813 145.346 0.480516
5.38318 156.112 0.434601
16.1495 156.112 1.32504
26.9159 156.112 2.50957
37.6822 156.112 2.90882
48.4486 156.112 2.76222
59.215 156.112 1.83596
69.9813 156.112 1.07573
5.38318 166.879 1.1194
16.1495 166.879 2.55
26.9159 166.879 4.26091
37.6822 166.879 4.80584
48.4486 166.879 4.34228
59.215 166.879 2.75378
69.9813 166.879 1.47533
5.38318 177.645 1.36538
16.1495 177.645 2.94228
26.9159 177.645 4.79185
37.6822 177.645 5.1965
48.4486 177.645 4.46688
59.215 177.645 2.76161
69.9813 177.645 1.43281
5.38318 188.411 1.20391
16.1495 188.411 2.48497
26.9159 188.411 3.88989
37.6822 188.411 4.04837
48.4486 188.411 3.39492
59.215 188.411 2.22321
69.9813 188.411 1.24112
5.38318 199.178 0.639129
16.1495 199.178 1.1602
26.9159 199.178 1.54123
37.6822 199.178 1.39726
48.4486 199.178 1.10349
59.215 199.178 0.973344
69.9813 199.178 0.776051
5.38318 209.944 0.221553
16.1495 209.944 0.399149
26.9159 209.944 0.382247
37.6822 209.944 0.33778
48.4486 209.944 0.33595
59.215 209.944 0.660917
69.9813 209.944 0.658225
