48 37
0 17 72 40
0 1 72 72
0 0 72 82
0 0 72 144
0 0 72 216
5.38318 5.38318 0.263994
16.1495 5.38318 0.535299
26.9159 5.38318 1.09238
37.6822 5.38318 1.33829
48.4486 5.38318 1.37632
59.215 5.38318 1.07874
69.9813 5.38318 0.698654
5.38318 16.1495 0.543028
16.1495 16.1495 1.30561
26.9159 16.1495 2.3276
37.6822 16.1495 2.95434
48.4486 16.1495 3.07585
59.215 16.1495 2.39178
69.9813 16.1495 1.47905
5.38318 26.9159 0.623914
16.1495 26.9159 1.76365
26.9159 26.9159 3.25547
37.6822 26.9159 4.42358
48.4486 26.9159 4.63231
59.215 26.9159 3.59992
69.9813 26.9159 2.10384
5.38318 37.6822 1.08662
16.1495 37.6822 2.26046
26.9159 37.6822 3.71308
37.6822 37.6822 4.93865
48.4486 37.6822 5.10326
59.215 37.6822 3.97918
69.9813 37.6822 2.22135
5.38318 48.4486 1.25962
16.1495 48.4486 2.36073
26.9159 48.4486 3.48381
37.6822 48.4486 4.25009
48.4486 48.4486 4.12606
59.215 48.4486 3.22658
69.9813 48.4486 1.76517
5.38318 59.215 1.08579
16.1495 59.215 1.75474
26.9159 59.215 2.29506
37.6822 59.215 2.27705
48.4486 59.215 2.2366
59.215 59.215 2.02526
69.9813 59.215 1.29493
5.38318 69.9813 0.313616
16.1495 69.9813 0.465225
26.9159 69.9813 0.94452
37.6822 69.9813 0.922074
48.4486 69.9813 1.14782
59.215 69.9813 1.34514
69.9813 69.9813 1.00038
5.38318 80.7477 -0.181137
16.1495 80.7477 -0.324763
26.9159 80.7477 -0.194563
37.6822 80.7477 -0.190159
48.4486 80.7477 0.14706
59.215 80.7477 0.59047
69.9813 80.7477 0.642775
5.38318 91.514 -0.485608
16.1495 91.514 -0.808474
26.9159 91.514 -0.842792
37.6822 91.514 -0.823339
48.4486 91.514 -0.697508
59.215 91.514 -0.426962
69.9813 91.514 -0.127008
5.38318 102.28 -0.568737
16.1495 102.28 -0.923095
26.9159 102.28 -1.0123
37.6822 102.28 -1.00962
48.4486 102.28 -0.938443
59.215 102.28 -0.682805
69.9813 102.28 -0.272552
5.38318 113.047 -0.58648
16.1495 113.047 -0.941918
26.9159 113.047 -1.02911
37.6822 113.047 -1.03128
48.4486 113.047 -0.974356
59.215 113.047 -0.768512
69.9813 113.047 -0.330363
5.38318 123.813 -0.574086
16.1495 123.813 -0.914872
26.9159 123.813 -0.988799
37.6822 123.813 -0.98893
48.4486 123.813 -0.941523
59.215 123.813 -0.741072
69.9813 123.813 -0.319975
5.38318 134.579 -0.555079
16.1495 134.579 -0.871047
26.9159 134.579 -0.923411
37.6822 134.579 -0.909559
48.4486 134.579 -0.865726
59.215 134.579 -0.661178
69.9813 134.579 -0.276224
5.38318 145.346 -0.513406
16.1495 145.346 -0.774687
26.9159 145.346 -0.742604
37.6822 145.346 -0.702811
48.4486 145.346 -0.687643
59.215 145.346 -0.534641
69.9813 145.346 -0.206215
5.38318 156.112 -0.486709
16.1495 156.112 -0.698922
26.9159 156.112 -0.630118
37.6822 156.112 -0.517217
48.4486 156.112 -0.485024
59.215 156.112 -0.3669
69.9813 156.112 -0.111233
5.38318 166.879 -0.446997
16.1495 166.879 -0.641146
26.9159 166.879 -0.595823
37.6822 166.879 -0.46918
48.4486 166.879 -0.442642
59.215 166.879 -0.305673
69.9813 166.879 -0.0669048
5.38318 177.645 -0.458038
16.1495 177.645 -0.674445
26.9159 177.645 -0.625822
37.6822 177.645 -0.50122
48.4486 177.645 -0.454683
59.215 177.645 -0.299796
69.9813 177.645 -0.0452976
5.38318 188.411 -0.425956
16.1495 188.411 -0.632092
26.9159 188.411 -0.580969
37.6822 188.411 -0.48577
48.4486 188.411 -0.451905
59.215 188.411 -0.298845
69.9813 188.411 -0.0481569
5.38318 199.178 -0.383952
16.1495 199.178 -0.532805
26.9159 199.178 -0.433544
37.6822 199.178 -0.342978
48.4486 199.178 -0.315118
59.215 199.178 -0.221474
69.9813 199.178 -0.00823952
5.38318 209.944 -0.219999
16.1495 209.944 -0.287866
26.9159 209.944 -0.226898
37.6822 209.944 -0.209469
48.4486 209.944 -0.217087
59.215 209.944 -0.138217
69.9813 209.944 0.0691111
