37 177
0 157 72 40
0 141 72 72
0 134 72 82
0 72 72 144
0 0 72 216
5.38318 5.38318 0.237627
16.1495 5.38318 0.477198
26.9159 5.38318 1.02279
37.6822 5.38318 1.22961
48.4486 5.38318 1.2699
59.215 5.38318 1.06645
69.9813 5.38318 0.664629
5.38318 16.1495 0.470218
16.1495 16.1495 1.27521
26.9159 16.1495 2.29985
37.6822 16.1495 2.73878
48.4486 16.1495 2.81423
59.215 16.1495 2.33896
69.9813 16.1495 1.40557
5.38318 26.9159 0.546941
16.1495 26.9159 1.59921
26.9159 26.9159 3.01565
37.6822 26.9159 3.80151
48.4486 26.9159 3.91725
59.215 26.9159 3.33417
69.9813 26.9159 1.92892
5.38318 37.6822 0.965687
16.1495 37.6822 2.08572
26.9159 37.6822 3.26202
37.6822 37.6822 3.98607
48.4486 37.6822 3.97907
59.215 37.6822 3.32714
69.9813 37.6822 1.87994
5.38318 48.4486 1.12071
16.1495 48.4486 1.94898
26.9159 48.4486 2.53867
37.6822 48.4486 2.76749
48.4486 48.4486 2.49543
59.215 48.4486 2.10076
69.9813 48.4486 1.21718
5.38318 59.215 0.801769
16.1495 59.215 1.24431
26.9159 59.215 1.18722
37.6822 59.215 0.968837
48.4486 59.215 0.480656
59.215 59.215 0.429963
69.9813 59.215 0.35983
5.38318 69.9813 -0.0390262
16.1495 69.9813 -0.0594049
26.9159 69.9813 -0.141231
37.6822 69.9813 -0.200476
48.4486 69.9813 -0.313622
59.215 69.9813 -0.20194
69.9813 69.9813 -0.0197882
5.38318 80.7477 -0.34854
16.1495 80.7477 -0.572048
26.9159 80.7477 -0.677299
37.6822 80.7477 -0.697582
48.4486 80.7477 -0.727288
59.215 80.7477 -0.490521
69.9813 80.7477 -0.182115
5.38318 91.514 -0.532032
16.1495 91.514 -0.869641
26.9159 91.514 -0.982147
37.6822 91.514 -0.988963
48.4486 91.514 -0.969563
59.215 91.514 -0.728491
69.9813 91.514 -0.32043
5.38318 102.28 -0.585878
16.1495 102.28 -0.945975
26.9159 102.28 -1.04225
37.6822 102.28 -1.04052
48.4486 102.28 -0.995647
59.215 102.28 -0.779618
69.9813 102.28 -0.343218
5.38318 113.047 -0.583706
16.1495 113.047 -0.934112
26.9159 113.047 -1.01749
37.6822 113.047 -1.01767
48.4486 113.047 -0.9647
59.215 113.047 -0.763456
69.9813 113.047 -0.330419
5.38318 123.813 -0.568387
16.1495 123.813 -0.906297
26.9159 123.813 -0.975339
37.6822 123.813 -0.973953
48.4486 123.813 -0.921568
59.215 123.813 -0.711455
69.9813 123.813 -0.301478
5.38318 134.579 -0.50117
16.1495 134.579 -0.770019
26.9159 134.579 -0.714132
37.6822 134.579 -0.715091
48.4486 134.579 -0.666536
59.215 134.579 -0.518698
69.9813 134.579 -0.19977
5.38318 145.346 -0.236943
16.1495 145.346 -0.284502
26.9159 145.346 -0.0652483
37.6822 145.346 -0.0450985
48.4486 145.346 -0.0442425
59.215 145.346 -0.0753313
69.9813 145.346 0.101092
5.38318 156.112 0.506415
16.1495 156.112 1.19066
26.9159 156.112 2.09235
37.6822 156.112 2.27261
48.4486 156.112 2.10848
59.215 156.112 1.42206
69.9813 156.112 0.879143
5.38318 166.879 1.44237
16.1495 166.879 2.79718
26.9159 166.879 4.03093
37.6822 166.879 4.3457
48.4486 166.879 3.96367
59.215 166.879 2.79384
69.9813 166.879 1.55957
5.38318 177.645 2.10537
16.1495 177.645 3.81982
26.9159 177.645 5.17442
37.6822 177.645 5.48212
48.4486 177.645 5.01126
59.215 177.645 3.65511
69.9813 177.645 2.01768
5.38318 188.411 2.0634
16.1495 188.411 3.59355
26.9159 188.411 4.72763
37.6822 188.411 4.78838
48.4486 188.411 4.32199
59.215 188.411 3.27352
69.9813 188.411 1.87345
5.38318 199.178 1.39142
16.1495 199.178 2.32951
26.9159 199.178 2.79263
37.6822 199.178 2.69623
48.4486 199.178 2.38845
59.215 199.178 2.08975
69.9813 199.178 1.33508
5.38318 209.944 0.54148
16.1495 209.944 0.947755
26.9159 209.944 1.04958
37.6822 209.944 1.01903
48.4486 209.944 0.856419
59.215 209.944 0.968082
69.9813 209.944 0.698533
