37 37
0 17 72 40
0 1 72 72
0 0 72 82
0 0 72 144
0 0 72 216
5.38318 5.38318 0.755597
16.1495 5.38318 1.12636
26.9159 5.38318 1.50927
37.6822 5.38318 1.50387
48.4486 5.38318 1.47021
59.215 5.38318 1.08438
69.9813 5.38318 0.695343
5.38318 16.1495 1.16181
16.1495 16.1495 2.04906
26.9159 16.1495 3.03204
37.6822 16.1495 3.13994
48.4486 16.1495 2.98687
59.215 16.1495 2.11847
69.9813 16.1495 1.28872
5.38318 26.9159 1.18786
16.1495 26.9159 2.37765
26.9159 26.9159 4.05903
37.6822 26.9159 4.27552
48.4486 26.9159 3.96731
59.215 26.9159 2.62015
69.9813 26.9159 1.51471
5.38318 37.6822 0.897427
16.1495 37.6822 2.11452
26.9159 37.6822 3.96528
37.6822 37.6822 4.35807
48.4486 37.6822 3.9174
59.215 37.6822 2.37168
69.9813 37.6822 1.26113
5.38318 48.4486 0.820175
16.1495 48.4486 1.76774
26.9159 48.4486 3.11952
37.6822 48.4486 3.28086
48.4486 48.4486 2.84582
59.215 48.4486 1.61369
69.9813 48.4486 0.881576
5.38318 59.215 0.822187
16.1495 59.215 1.29697
26.9159 59.215 1.67177
37.6822 59.215 1.58234
48.4486 59.215 1.43288
59.215 59.215 1.00138
69.9813 59.215 0.746007
5.38318 69.9813 0.622768
16.1495 69.9813 0.794863
26.9159 69.9813 0.752054
37.6822 69.9813 0.596184
48.4486 69.9813 0.542382
59.215 69.9813 0.645783
69.9813 69.9813 0.584343
5.38318 80.7477 0.14584
16.1495 80.7477 0.0631228
26.9159 80.7477 0.0814244
37.6822 80.7477 -0.0219072
48.4486 80.7477 0.010901
59.215 80.7477 0.272882
69.9813 80.7477 0.345522
5.38318 91.514 -0.208539
16.1495 91.514 -0.341468
26.9159 91.514 -0.290356
37.6822 91.514 -0.271082
48.4486 91.514 -0.24782
59.215 91.514 -0.123374
69.9813 91.514 -0.022195
5.38318 102.28 -0.283431
16.1495 102.28 -0.419019
26.9159 102.28 -0.355891
37.6822 102.28 -0.319508
48.4486 102.28 -0.321867
59.215 102.28 -0.251881
69.9813 102.28 -0.116016
5.38318 113.047 -0.252432
16.1495 113.047 -0.37755
26.9159 113.047 -0.348289
37.6822 113.047 -0.337472
48.4486 113.047 -0.327533
59.215 113.047 -0.24931
69.9813 113.047 -0.0989039
5.38318 123.813 -0.0909827
16.1495 123.813 -0.107186
26.9159 123.813 -0.0508018
37.6822 123.813 -0.0815065
48.4486 123.813 -0.113518
59.215 123.813 -0.0885179
69.9813 123.813 0.00965574
5.38318 134.579 0.3866
16.1495 134.579 0.787293
26.9159 134.579 1.01195
37.6822 134.579 0.815873
48.4486 134.579 0.638687
59.215 134.579 0.462379
69.9813 134.579 0.403884
5.38318 145.346 1.10441
16.1495 145.346 1.9628
26.9159 145.346 2.30809
37.6822 145.346 2.02802
48.4486 145.346 1.83548
59.215 145.346 1.5301
69.9813 145.346 1.10137
5.38318 156.112 1.84843
16.1495 156.112 3.067
26.9159 156.112 3.39954
37.6822 156.112 3.0792
48.4486 156.112 2.94957
59.215 156.112 2.56999
69.9813 156.112 1.81225
5.38318 166.879 2.6276
16.1495 166.879 3.95348
26.9159 166.879 3.93827
37.6822 166.879 3.62457
48.4486 166.879 3.86187
59.215 166.879 3.85262
69.9813 166.879 2.7555
5.38318 177.645 2.84449
16.1495 177.645 4.08788
26.9159 177.645 3.67905
37.6822 177.645 3.33096
48.4486 177.645 3.77433
59.215 177.645 4.17564
69.9813 177.645 3.09656
5.38318 188.411 2.52411
16.1495 188.411 3.53264
26.9159 188.411 3.14251
37.6822 188.411 2.79385
48.4486 188.411 3.2173
59.215 188.411 3.62671
69.9813 188.411 2.77208
5.38318 199.178 1.13346
16.1495 199.178 1.74196
26.9159 199.178 1.85828
37.6822 199.178 1.69279
48.4486 199.178 1.83009
59.215 199.178 1.87047
69.9813 199.178 1.52198
5.38318 209.944 0.5407
16.1495 209.944 0.892951
26.9159 209.944 1.21303
37.6822 209.944 1.11
48.4486 209.944 1.25425
59.215 209.944 1.06683
69.9813 209.944 0.876862
