26 177
0 157 72 40
0 141 72 72
0 134 72 82
0 72 72 144
0 0 72 216
5.38318 5.38318 0.365431
16.1495 5.38318 0.735041
26.9159 5.38318 1.12392
37.6822 5.38318 1.10496
48.4486 5.38318 0.931177
59.215 5.38318 0.454005
69.9813 5.38318 0.277718
5.38318 16.1495 0.59856
16.1495 16.1495 1.6174
26.9159 16.1495 2.55097
37.6822 16.1495 2.66443
48.4486 16.1495 2.32643
59.215 16.1495 1.32623
69.9813 16.1495 0.771027
5.38318 26.9159 0.654834
16.1495 26.9159 2.14457
26.9159 26.9159 3.80344
37.6822 26.9159 4.36737
48.4486 26.9159 3.88227
59.215 26.9159 2.21731
69.9813 26.9159 1.14189
5.38318 37.6822 0.682989
16.1495 37.6822 2.15285
26.9159 37.6822 3.96451
37.6822 37.6822 4.79401
48.4486 37.6822 4.37569
59.215 37.6822 2.63003
69.9813 37.6822 1.30008
5.38318 48.4486 0.640316
16.1495 48.4486 1.89371
26.9159 48.4486 3.26078
37.6822 48.4486 3.89792
48.4486 48.4486 3.5041
59.215 48.4486 2.25284
69.9813 48.4486 1.17233
5.38318 59.215 0.398733
16.1495 59.215 0.949754
26.9159 59.215 1.32596
37.6822 59.215 1.40987
48.4486 59.215 1.26037
59.215 59.215 1.08675
69.9813 59.215 0.819344
5.38318 69.9813 0.112867
16.1495 69.9813 0.377181
26.9159 69.9813 0.394921
37.6822 69.9813 0.380728
48.4486 69.9813 0.27436
59.215 69.9813 0.57093
69.9813 69.9813 0.567377
5.38318 80.7477 -0.181721
16.1495 80.7477 -0.202263
26.9159 80.7477 -0.095104
37.6822 80.7477 -0.0554279
48.4486 80.7477 -0.0016837
59.215 80.7477 0.318764
69.9813 80.7477 0.432667
5.38318 91.514 -0.320547
16.1495 91.514 -0.422896
26.9159 91.514 -0.298104
37.6822 91.514 -0.229264
48.4486 91.514 -0.198231
59.215 91.514 -0.111096
69.9813 91.514 0.0324255
5.38318 102.28 -0.290425
16.1495 102.28 -0.378645
26.9159 102.28 -0.252447
37.6822 102.28 -0.187323
48.4486 102.28 -0.18206
59.215 102.28 -0.140074
69.9813 102.28 -0.0385521
5.38318 113.047 -0.266667
16.1495 113.047 -0.409388
26.9159 113.047 -0.390474
37.6822 113.047 -0.390809
48.4486 113.047 -0.387837
59.215 113.047 -0.307832
69.9813 113.047 -0.137251
5.38318 123.813 -0.147385
16.1495 123.813 -0.209458
26.9159 123.813 -0.146921
37.6822 123.813 -0.139595
48.4486 123.813 -0.178508
59.215 123.813 -0.156528
69.9813 123.813 -0.0649813
5.38318 134.579 0.0507829
16.1495 134.579 0.133664
26.9159 134.579 0.449959
37.6822 134.579 0.539765
48.4486 134.579 0.417743
59.215 134.579 0.308707
69.9813 134.579 0.226748
5.38318 145.346 0.777884
16.1495 145.346 1.34767
26.9159 145.346 1.85267
37.6822 145.346 1.88335
48.4486 145.346 1.67886
59.215 145.346 1.28421
69.9813 145.346 0.781793
5.38318 156.112 1.63246
16.1495 156.112 2.56122
26.9159 156.112 3.0438
37.6822 156.112 2.81009
48.4486 156.112 2.50793
59.215 156.112 1.92888
69.9813 156.112 1.20823
5.38318 166.879 2.8903
16.1495 166.879 4.35238
26.9159 166.879 4.68116
37.6822 166.879 3.70613
48.4486 166.879 3.00964
59.215 166.879 2.14061
69.9813 166.879 1.3682
5.38318 177.645 3.51475
16.1495 177.645 5.2514
26.9159 177.645 5.47591
37.6822 177.645 3.95908
48.4486 177.645 2.86547
59.215 177.645 1.80196
69.9813 177.645 1.15833
5.38318 188.411 3.17014
16.1495 188.411 4.69101
26.9159 188.411 5.00172
37.6822 188.411 3.62185
48.4486 188.411 2.56669
59.215 188.411 1.38327
69.9813 188.411 0.793295
5.38318 199.178 1.42227
16.1495 199.178 2.07257
26.9159 199.178 2.65307
37.6822 199.178 2.10382
48.4486 199.178 1.7464
59.215 199.178 0.852862
69.9813 199.178 0.501852
5.38318 209.944 0.565842
16.1495 209.944 0.757979
26.9159 209.944 1.22052
37.6822 209.944 0.927555
48.4486 209.944 0.866064
59.215 209.944 0.386373
69.9813 209.944 0.253183
