37 177
0 157 72 40
0 141 72 72
0 134 72 82
0 72 72 144
0 0 72 216
5.38318 5.38318 0.534941
16.1495 5.38318 0.696759
26.9159 5.38318 0.730428
37.6822 5.38318 0.575267
48.4486 5.38318 0.409783
59.215 5.38318 0.302674
69.9813 5.38318 0.220959
5.38318 16.1495 0.742259
16.1495 16.1495 1.20318
26.9159 16.1495 1.42563
37.6822 16.1495 1.25712
48.4486 16.1495 1.14454
59.215 16.1495 0.959302
69.9813 16.1495 0.719115
5.38318 26.9159 0.341888
16.1495 26.9159 0.597303
26.9159 26.9159 0.842175
37.6822 26.9159 0.980524
48.4486 26.9159 1.40106
59.215 26.9159 1.48384
69.9813 26.9159 1.14007
5.38318 37.6822 -0.0249327
16.1495 37.6822 -0.0264442
26.9159 37.6822 0.305378
37.6822 37.6822 0.808932
48.4486 37.6822 1.79067
59.215 37.6822 2.11994
69.9813 37.6822 1.62055
5.38318 48.4486 -0.126543
16.1495 48.4486 -0.169604
26.9159 48.4486 0.078664
37.6822 48.4486 0.825006
48.4486 48.4486 1.89573
59.215 48.4486 2.23221
69.9813 48.4486 1.66273
5.38318 59.215 -0.0670812
16.1495 59.215 -0.0726276
26.9159 59.215 0.325107
37.6822 59.215 0.7238
48.4486 59.215 1.23325
59.215 59.215 1.48985
69.9813 59.215 1.0514
5.38318 69.9813 -0.137382
16.1495 69.9813 -0.194914
26.9159 69.9813 -0.0201264
37.6822 69.9813 0.0300042
48.4486 69.9813 0.278113
59.215 69.9813 0.284166
69.9813 69.9813 0.278881
5.38318 80.7477 -0.218536
16.1495 80.7477 -0.335844
26.9159 80.7477 -0.261493
37.6822 80.7477 -0.274175
48.4486 80.7477 -0.193111
59.215 80.7477 -0.167294
69.9813 80.7477 -0.0373339
5.38318 91.514 -0.277823
16.1495 91.514 -0.442283
26.9159 91.514 -0.447064
37.6822 91.514 -0.46481
48.4486 91.514 -0.418124
59.215 91.514 -0.346387
69.9813 91.514 -0.146557
5.38318 102.28 -0.298616
16.1495 102.28 -0.45677
26.9159 102.28 -0.464432
37.6822 102.28 -0.447672
48.4486 102.28 -0.418391
59.215 102.28 -0.333167
69.9813 102.28 -0.147913
5.38318 113.047 -0.288986
16.1495 113.047 -0.438937
26.9159 113.047 -0.424552
37.6822 113.047 -0.414645
48.4486 113.047 -0.390811
59.215 113.047 -0.308882
69.9813 113.047 -0.133119
5.38318 123.813 -0.225896
16.1495 123.813 -0.34251
26.9159 123.813 -0.273836
37.6822 123.813 -0.273793
48.4486 123.813 -0.249569
59.215 123.813 -0.214223
69.9813 123.813 -0.0807907
5.38318 134.579 -0.0657511
16.1495 134.579 -0.0381022
26.9159 134.579 0.294556
37.6822 134.579 0.337213
48.4486 134.579 0.346665
59.215 134.579 0.166739
69.9813 134.579 0.18597
5.38318 145.346 0.406116
16.1495 145.346 0.885098
26.9159 145.346 1.55165
37.6822 145.346 1.74999
48.4486 145.346 1.66526
59.215 145.346 1.13098
69.9813 145.346 0.667
5.38318 156.112 1.11342
16.1495 156.112 2.23538
26.9159 156.112 3.2523
37.6822 156.112 3.62498
48.4486 156.112 3.29543
59.215 156.112 2.26059
69.9813 156.112 1.24755
5.38318 166.879 1.71978
16.1495 166.879 3.22369
26.9159 166.879 4.52092
37.6822 166.879 4.96511
48.4486 166.879 4.49252
59.215 166.879 3.10367
69.9813 166.879 1.66739
5.38318 177.645 1.87323
16.1495 177.645 3.50251
26.9159 177.645 4.88839
37.6822 177.645 5.28926
48.4486 177.645 4.8448
59.215 177.645 3.37188
69.9813 177.645 1.83161
5.38318 188.411 1.6133
16.1495 188.411 3.04464
26.9159 188.411 4.18861
37.6822 188.411 4.43834
48.4486 188.411 3.85194
59.215 188.411 2.70178
69.9813 188.411 1.44944
5.38318 199.178 0.807844
16.1495 199.178 1.72505
26.9159 199.178 2.29137
37.6822 199.178 2.53863
48.4486 199.178 2.09221
59.215 199.178 1.68078
69.9813 199.178 0.971169
5.38318 209.944 0.468877
16.1495 209.944 1.02175
26.9159 209.944 1.00276
37.6822 209.944 1.18392
48.4486 209.944 0.763206
59.215 209.944 0.916006
69.9813 209.944 0.620181
