26 37
0 17 72 40
0 1 72 72
0 0 72 82
0 0 72 144
0 0 72 216
5.38318 5.38318 0.37111
16.1495 5.38318 0.555912
26.9159 5.38318 0.642765
37.6822 5.38318 0.532647
48.4486 5.38318 0.376152
59.215 5.38318 0.274173
69.9813 5.38318 0.196389
5.38318 16.1495 0.645478
16.1495 16.1495 1.18642
26.9159 16.1495 1.49366
37.6822 16.1495 1.27302
48.4486 16.1495 1.02027
59.215 16.1495 0.769311
69.9813 16.1495 0.541659
5.38318 26.9159 0.729634
16.1495 26.9159 1.40322
26.9159 26.9159 1.79127
37.6822 26.9159 1.41307
48.4486 26.9159 1.03389
59.215 26.9159 0.738206
69.9813 26.9159 0.561895
5.38318 37.6822 0.80851
16.1495 37.6822 1.52818
26.9159 37.6822 1.83075
37.6822 37.6822 1.41882
48.4486 37.6822 1.0853
59.215 37.6822 0.930017
69.9813 37.6822 0.750179
5.38318 48.4486 0.528377
16.1495 48.4486 0.95494
26.9159 48.4486 0.976371
37.6822 48.4486 0.577483
48.4486 48.4486 0.433335
59.215 48.4486 0.654747
69.9813 48.4486 0.683344
5.38318 59.215 0.050225
16.1495 59.215 0.143009
26.9159 59.215 -0.0293215
37.6822 59.215 -0.168087
48.4486 59.215 -0.225271
59.215 59.215 0.0451719
69.9813 59.215 0.366179
5.38318 69.9813 -0.280496
16.1495 69.9813 -0.429291
26.9159 69.9813 -0.512692
37.6822 69.9813 -0.565454
48.4486 69.9813 -0.618367
59.215 69.9813 -0.407056
69.9813 69.9813 -0.138754
5.38318 80.7477 -0.433232
16.1495 80.7477 -0.689518
26.9159 80.7477 -0.784579
37.6822 80.7477 -0.860218
48.4486 80.7477 -0.911667
59.215 80.7477 -0.692741
69.9813 80.7477 -0.306757
5.38318 91.514 -0.553043
16.1495 91.514 -0.896485
26.9159 91.514 -1.0128
37.6822 91.514 -1.03388
48.4486 91.514 -1.004
59.215 91.514 -0.786581
69.9813 91.514 -0.347169
5.38318 102.28 -0.585782
16.1495 102.28 -0.947084
26.9159 102.28 -1.04498
37.6822 102.28 -1.0495
48.4486 102.28 -0.996477
59.215 102.28 -0.781104
69.9813 102.28 -0.343788
5.38318 113.047 -0.582578
16.1495 113.047 -0.933198
26.9159 113.047 -1.01432
37.6822 113.047 -1.01287
48.4486 113.047 -0.957548
59.215 113.047 -0.75005
69.9813 113.047 -0.322411
5.38318 123.813 -0.562302
16.1495 123.813 -0.900133
26.9159 123.813 -0.979846
37.6822 123.813 -0.980236
48.4486 123.813 -0.926762
59.215 123.813 -0.697929
69.9813 123.813 -0.289944
5.38318 134.579 -0.524616
16.1495 134.579 -0.842157
26.9159 134.579 -0.932392
37.6822 134.579 -0.937592
48.4486 134.579 -0.892711
59.215 134.579 -0.624899
69.9813 134.579 -0.247671
5.38318 145.346 -0.457047
16.1495 145.346 -0.751949
26.9159 145.346 -0.854061
37.6822 145.346 -0.878721
48.4486 145.346 -0.852108
59.215 145.346 -0.559862
69.9813 145.346 -0.206528
5.38318 156.112 -0.379525
16.1495 156.112 -0.635139
26.9159 156.112 -0.78232
37.6822 156.112 -0.839972
48.4486 156.112 -0.845387
59.215 156.112 -0.524848
69.9813 156.112 -0.184354
5.38318 166.879 -0.367948
16.1495 166.879 -0.615332
26.9159 166.879 -0.762652
37.6822 166.879 -0.83895
48.4486 166.879 -0.850271
59.215 166.879 -0.537692
69.9813 166.879 -0.192329
5.38318 177.645 -0.456687
16.1495 177.645 -0.768176
26.9159 177.645 -0.898559
37.6822 177.645 -0.930519
48.4486 177.645 -0.899999
59.215 177.645 -0.595996
69.9813 177.645 -0.227151
5.38318 188.411 -0.510586
16.1495 188.411 -0.845755
26.9159 188.411 -0.955612
37.6822 188.411 -0.963494
48.4486 188.411 -0.903445
59.215 188.411 -0.622963
69.9813 188.411 -0.243088
5.38318 199.178 -0.470368
16.1495 199.178 -0.759045
26.9159 199.178 -0.830437
37.6822 199.178 -0.829432
48.4486 199.178 -0.741227
59.215 199.178 -0.470118
69.9813 199.178 -0.143555
5.38318 209.944 -0.283947
16.1495 209.944 -0.420701
26.9159 209.944 -0.438806
37.6822 209.944 -0.430012
48.4486 209.944 -0.369795
59.215 209.944 -0.208739
69.9813 209.944 -0.000571311
