37 177
0 157 72 40
0 141 72 72
0 134 72 82
0 72 72 144
0 0 72 216
5.38318 5.38318 0.0422108
16.1495 5.38318 -0.0251803
26.9159 5.38318 -0.00404852
37.6822 5.38318 0.281655
48.4486 5.38318 0.537272
59.215 5.38318 0.679026
69.9813 5.38318 0.524304
5.38318 16.1495 -0.0528826
16.1495 16.1495 -0.0676648
26.9159 16.1495 0.0267402
37.6822 16.1495 0.597213
48.4486 16.1495 1.07737
59.215 16.1495 1.3179
69.9813 16.1495 1.02713
5.38318 26.9159 -0.341018
16.1495 26.9159 -0.515978
26.9159 26.9159 -0.444498
37.6822 26.9159 -0.0675115
48.4486 26.9159 0.647158
59.215 26.9159 1.13679
69.9813 26.9159 1.01951
5.38318 37.6822 -0.365859
16.1495 37.6822 -0.561933
26.9159 37.6822 -0.450311
37.6822 37.6822 -0.121226
48.4486 37.6822 0.382557
59.215 37.6822 0.839838
69.9813 37.6822 0.793198
5.38318 48.4486 -0.34226
16.1495 48.4486 -0.535581
26.9159 48.4486 -0.421662
37.6822 48.4486 -0.236297
48.4486 48.4486 -0.0878802
59.215 48.4486 0.197293
69.9813 48.4486 0.380811
5.38318 59.215 -0.329777
16.1495 59.215 -0.508358
26.9159 59.215 -0.41447
37.6822 59.215 -0.391946
48.4486 59.215 -0.410003
59.215 59.215 -0.30559
69.9813 59.215 -0.105475
5.38318 69.9813 -0.420256
16.1495 69.9813 -0.634075
26.9159 69.9813 -0.588907
37.6822 69.9813 -0.65874
48.4486 69.9813 -0.751728
59.215 69.9813 -0.638628
69.9813 69.9813 -0.307722
5.38318 80.7477 -0.519758
16.1495 80.7477 -0.822489
26.9159 80.7477 -0.866729
37.6822 80.7477 -0.949774
48.4486 80.7477 -0.95819
59.215 80.7477 -0.758206
69.9813 80.7477 -0.334522
5.38318 91.514 -0.572144
16.1495 91.514 -0.922342
26.9159 91.514 -1.03624
37.6822 91.514 -1.0726
48.4486 91.514 -1.02652
59.215 91.514 -0.810005
69.9813 91.514 -0.355661
5.38318 102.28 -0.58885
16.1495 102.28 -0.950538
26.9159 102.28 -1.04996
37.6822 102.28 -1.06175
48.4486 102.28 -1.00022
59.215 102.28 -0.786032
69.9813 102.28 -0.338603
5.38318 113.047 -0.583387
16.1495 113.047 -0.929809
26.9159 113.047 -1.00299
37.6822 113.047 -0.993501
48.4486 113.047 -0.936587
59.215 113.047 -0.717879
69.9813 113.047 -0.305603
5.38318 123.813 -0.556219
16.1495 123.813 -0.859486
26.9159 123.813 -0.835012
37.6822 123.813 -0.738418
48.4486 123.813 -0.641614
59.215 123.813 -0.45931
69.9813 123.813 -0.162953
5.38318 134.579 -0.444358
16.1495 134.579 -0.594588
26.9159 134.579 -0.376841
37.6822 134.579 -0.178519
48.4486 134.579 -0.0686565
59.215 134.579 -0.00270979
69.9813 134.579 0.247238
5.38318 145.346 -0.176843
16.1495 145.346 -0.0459035
26.9159 145.346 0.943371
37.6822 145.346 1.6266
48.4486 145.346 1.81824
59.215 145.346 1.45347
69.9813 145.346 0.997971
5.38318 156.112 0.36307
16.1495 156.112 1.17063
26.9159 156.112 2.355
37.6822 156.112 3.01908
48.4486 156.112 3.14202
59.215 156.112 2.50861
69.9813 156.112 1.56693
5.38318 166.879 0.841435
16.1495 166.879 2.03751
26.9159 166.879 3.2763
37.6822 166.879 3.97191
48.4486 166.879 3.92274
59.215 166.879 3.01548
69.9813 166.879 1.79353
5.38318 177.645 1.08847
16.1495 177.645 2.27327
26.9159 177.645 3.52399
37.6822 177.645 4.25255
48.4486 177.645 4.19555
59.215 177.645 3.31481
69.9813 177.645 1.93215
5.38318 188.411 1.02338
16.1495 188.411 2.0065
26.9159 188.411 3.17627
37.6822 188.411 3.93183
48.4486 188.411 3.82864
59.215 188.411 3.01116
69.9813 188.411 1.68732
5.38318 199.178 0.721831
16.1495 199.178 1.33022
26.9159 199.178 2.02774
37.6822 199.178 2.3286
48.4486 199.178 2.21115
59.215 199.178 1.88696
69.9813 199.178 1.12338
5.38318 209.944 0.460686
16.1495 209.944 0.767871
26.9159 209.944 1.0593
37.6822 209.944 0.965329
48.4486 209.944 0.897572
59.215 209.944 0.920125
69.9813 209.944 0.692751
