37 188
0 168 72 40
0 144 72 72
0 134 72 82
0 72 72 144
0 0 72 216
5.38318 5.38318 0.665993
16.1495 5.38318 1.23982
26.9159 5.38318 1.66661
37.6822 5.38318 1.56418
48.4486 5.38318 1.132
59.215 5.38318 0.518117
69.9813 5.38318 0.219811
5.38318 16.1495 1.02699
16.1495 16.1495 2.17514
26.9159 16.1495 2.99808
37.6822 16.1495 2.86823
48.4486 16.1495 2.05277
59.215 16.1495 1.05387
69.9813 16.1495 0.502241
5.38318 26.9159 1.15544
16.1495 26.9159 2.51008
26.9159 26.9159 3.53857
37.6822 26.9159 3.43289
48.4486 26.9159 2.46484
59.215 26.9159 1.26398
69.9813 26.9159 0.561275
5.38318 37.6822 1.15444
16.1495 37.6822 2.40899
26.9159 37.6822 3.34392
37.6822 37.6822 3.26376
48.4486 37.6822 2.47942
59.215 37.6822 1.44243
69.9813 37.6822 0.717562
5.38318 48.4486 1.16096
16.1495 48.4486 2.32745
26.9159 48.4486 3.1538
37.6822 48.4486 3.27172
48.4486 48.4486 2.91896
59.215 48.4486 2.0742
69.9813 48.4486 1.2586
5.38318 59.215 1.26539
16.1495 59.215 2.38682
26.9159 59.215 2.97295
37.6822 59.215 3.03978
48.4486 59.215 2.99804
59.215 59.215 2.4096
69.9813 59.215 1.61135
5.38318 69.9813 1.20971
16.1495 69.9813 2.24363
26.9159 69.9813 2.62013
37.6822 69.9813 2.56967
48.4486 69.9813 2.64425
59.215 69.9813 2.23122
69.9813 69.9813 1.59188
5.38318 80.7477 0.791713
16.1495 80.7477 1.46482
26.9159 80.7477 1.59071
37.6822 80.7477 1.299
48.4486 80.7477 1.21506
59.215 80.7477 1.00921
69.9813 80.7477 0.844434
5.38318 91.514 -0.107262
16.1495 91.514 -0.0461571
26.9159 91.514 0.0205838
37.6822 91.514 -0.13129
48.4486 91.514 -0.234893
59.215 91.514 -0.264352
69.9813 91.514 -0.1055
5.38318 102.28 -0.27888
16.1495 102.28 -0.436732
26.9159 102.28 -0.420581
37.6822 102.28 -0.455646
48.4486 102.28 -0.454311
59.215 102.28 -0.369212
69.9813 102.28 -0.169072
5.38318 113.047 -0.279581
16.1495 113.047 -0.422952
26.9159 113.047 -0.397526
37.6822 113.047 -0.399423
48.4486 113.047 -0.394527
59.215 113.047 -0.316643
69.9813 113.047 -0.139472
5.38318 123.813 -0.190764
16.1495 123.813 -0.27215
26.9159 123.813 -0.215718
37.6822 123.813 -0.219214
48.4486 123.813 -0.217118
59.215 123.813 -0.1684
69.9813 123.813 -0.0543429
5.38318 134.579 -0.0320634
16.1495 134.579 -0.0220494
26.9159 134.579 0.134928
37.6822 134.579 0.0885779
48.4486 134.579 0.0917679
59.215 134.579 0.12762
69.9813 134.579 0.202852
5.38318 145.346 0.227499
16.1495 145.346 0.486577
26.9159 145.346 0.714989
37.6822 145.346 0.751557
48.4486 145.346 0.821772
59.215 145.346 0.760246
69.9813 145.346 0.590658
5.38318 156.112 0.494658
16.1495 156.112 1.06757
26.9159 156.112 1.57365
37.6822 156.112 1.6192
48.4486 156.112 1.71783
59.215 156.112 1.41507
69.9813 156.112 1.0076
5.38318 166.879 0.576831
16.1495 166.879 1.35911
26.9159 166.879 2.30827
37.6822 166.879 2.39416
48.4486 166.879 2.48537
59.215 166.879 1.92051
69.9813 166.879 1.33879
5.38318 177.645 0.697586
16.1495 177.645 2.02692
26.9159 177.645 3.62901
37.6822 177.645 3.8881
48.4486 177.645 3.75528
59.215 177.645 2.52107
69.9813 177.645 1.56519
5.38318 188.411 0.610835
16.1495 188.411 2.1975
26.9159 188.411 4.26052
37.6822 188.411 4.76847
48.4486 188.411 4.49011
59.215 188.411 2.8736
69.9813 188.411 1.69667
5.38318 199.178 0.46823
16.1495 199.178 1.96017
26.9159 199.178 3.91944
37.6822 199.178 4.41932
48.4486 199.178 4.00912
59.215 199.178 2.50977
69.9813 199.178 1.4515
5.38318 209.944 0.116952
16.1495 209.944 0.819188
26.9159 209.944 1.93145
37.6822 209.944 2.07469
48.4486 209.944 1.86598
59.215 209.944 1.16205
69.9813 209.944 0.745703
