37 177
0 157 72 40
0 141 72 72
0 134 72 82
0 72 72 144
0 0 72 216
5.38318 5.38318 0.411198
16.1495 5.38318 1.39643
26.9159 5.38318 2.90975
37.6822 5.38318 3.23505
48.4486 5.38318 2.20385
59.215 5.38318 1.00746
69.9813 5.38318 0.209604
5.38318 16.1495 0.469302
16.1495 16.1495 2.16132
26.9159 16.1495 4.80756
37.6822 16.1495 5.50043
48.4486 16.1495 3.88171
59.215 16.1495 1.83652
69.9813 16.1495 0.466244
5.38318 26.9159 0.101302
16.1495 26.9159 1.91951
26.9159 26.9159 4.54658
37.6822 26.9159 5.16577
48.4486 26.9159 3.54209
59.215 26.9159 1.3496
69.9813 26.9159 0.105126
5.38318 37.6822 -0.0996027
16.1495 37.6822 0.876197
26.9159 37.6822 2.70324
37.6822 37.6822 2.99287
48.4486 37.6822 1.9651
59.215 37.6822 0.336214
69.9813 37.6822 -0.0719912
5.38318 48.4486 -0.162634
16.1495 48.4486 0.364279
26.9159 48.4486 1.90153
37.6822 48.4486 2.00118
48.4486 48.4486 1.12567
59.215 48.4486 -0.112364
69.9813 48.4486 -0.118113
5.38318 59.215 -0.158843
16.1495 59.215 0.495406
26.9159 59.215 2.11543
37.6822 59.215 2.30444
48.4486 59.215 1.25808
59.215 59.215 -0.0552341
69.9813 59.215 -0.142678
5.38318 69.9813 -0.250695
16.1495 69.9813 0.106964
26.9159 69.9813 1.75487
37.6822 69.9813 1.95603
48.4486 69.9813 1.05169
59.215 69.9813 -0.119236
69.9813 69.9813 -0.175064
5.38318 80.7477 -0.388319
16.1495 80.7477 -0.356492
26.9159 80.7477 0.44039
37.6822 80.7477 0.531734
48.4486 80.7477 -0.0859309
59.215 80.7477 -0.380312
69.9813 80.7477 -0.256604
5.38318 91.514 -0.522031
16.1495 91.514 -0.7962
26.9159 91.514 -0.698255
37.6822 91.514 -0.744147
48.4486 91.514 -0.805195
59.215 91.514 -0.719982
69.9813 91.514 -0.347444
5.38318 102.28 -0.573072
16.1495 102.28 -0.917796
26.9159 102.28 -0.995311
37.6822 102.28 -1.01413
48.4486 102.28 -0.977319
59.215 102.28 -0.792574
69.9813 102.28 -0.356812
5.38318 113.047 -0.583241
16.1495 113.047 -0.935195
26.9159 113.047 -1.01992
37.6822 113.047 -1.0186
48.4486 113.047 -0.963064
59.215 113.047 -0.756635
69.9813 113.047 -0.3263
5.38318 123.813 -0.560561
16.1495 123.813 -0.881085
26.9159 123.813 -0.932378
37.6822 123.813 -0.91738
48.4486 123.813 -0.864097
59.215 123.813 -0.649766
69.9813 123.813 -0.27375
5.38318 134.579 -0.484349
16.1495 134.579 -0.722251
26.9159 134.579 -0.656302
37.6822 134.579 -0.641474
48.4486 134.579 -0.611851
59.215 134.579 -0.477907
69.9813 134.579 -0.185048
5.38318 145.346 -0.255731
16.1495 145.346 -0.246927
26.9159 145.346 0.0859246
37.6822 145.346 0.247227
48.4486 145.346 0.141233
59.215 145.346 -0.0423449
69.9813 145.346 0.0672144
5.38318 156.112 0.191691
16.1495 156.112 0.962656
26.9159 156.112 2.02048
37.6822 156.112 2.28473
48.4486 156.112 2.00712
59.215 156.112 1.16299
69.9813 156.112 0.693539
5.38318 166.879 0.877198
16.1495 166.879 2.40319
26.9159 166.879 4.04096
37.6822 166.879 4.53552
48.4486 166.879 3.98136
59.215 166.879 2.4045
69.9813 166.879 1.25026
5.38318 177.645 1.21704
16.1495 177.645 3.08142
26.9159 177.645 5.45733
37.6822 177.645 6.23446
48.4486 177.645 5.54767
59.215 177.645 3.27622
69.9813 177.645 1.58778
5.38318 188.411 1.09164
16.1495 188.411 2.87859
26.9159 188.411 5.38175
37.6822 188.411 6.19452
48.4486 188.411 5.38261
59.215 188.411 3.05683
69.9813 188.411 1.40919
5.38318 199.178 0.453338
16.1495 199.178 1.53252
26.9159 199.178 3.1597
37.6822 199.178 3.50393
48.4486 199.178 3.02882
59.215 199.178 1.69028
69.9813 199.178 0.828045
5.38318 209.944 0.0309026
16.1495 209.944 0.374211
26.9159 209.944 0.916521
37.6822 209.944 0.979164
48.4486 209.944 0.693034
59.215 209.944 0.353896
69.9813 209.944 0.289309
