48 177
0 157 72 40
0 141 72 72
0 134 72 82
0 72 72 144
0 0 72 216
5.38318 5.38318 0.440649
16.1495 5.38318 0.69335
26.9159 5.38318 0.98098
37.6822 5.38318 1.11646
48.4486 5.38318 1.32943
59.215 5.38318 1.1773
69.9813 5.38318 0.831193
5.38318 16.1495 0.753342
16.1495 16.1495 1.32339
26.9159 16.1495 1.71415
37.6822 16.1495 1.83602
48.4486 16.1495 2.12611
59.215 16.1495 1.93754
69.9813 16.1495 1.40873
5.38318 26.9159 0.832479
16.1495 26.9159 1.35869
26.9159 26.9159 1.62648
37.6822 26.9159 1.55157
48.4486 26.9159 1.73034
59.215 26.9159 1.69938
69.9813 26.9159 1.32404
5.38318 37.6822 1.09293
16.1495 37.6822 1.40589
26.9159 37.6822 1.23414
37.6822 37.6822 0.579743
48.4486 37.6822 0.22553
59.215 37.6822 0.355998
69.9813 37.6822 0.530168
5.38318 48.4486 1.42039
16.1495 48.4486 1.72279
26.9159 48.4486 1.10917
37.6822 48.4486 -0.0912017
48.4486 48.4486 -0.434693
59.215 48.4486 -0.321404
69.9813 48.4486 -0.0613961
5.38318 59.215 1.61346
16.1495 59.215 1.88449
26.9159 59.215 1.10915
37.6822 59.215 -0.268509
48.4486 59.215 -0.606935
59.215 59.215 -0.476881
69.9813 59.215 -0.159082
5.38318 69.9813 1.13127
16.1495 69.9813 1.14994
26.9159 69.9813 0.442487
37.6822 69.9813 -0.483242
48.4486 69.9813 -0.76448
59.215 69.9813 -0.58947
69.9813 69.9813 -0.231263
5.38318 80.7477 -0.0744473
16.1495 80.7477 -0.278651
26.9159 80.7477 -0.451612
37.6822 80.7477 -0.795153
48.4486 80.7477 -0.935328
59.215 80.7477 -0.722176
69.9813 80.7477 -0.314293
5.38318 91.514 -0.470404
16.1495 91.514 -0.817398
26.9159 91.514 -0.933613
37.6822 91.514 -1.05936
48.4486 91.514 -1.0594
59.215 91.514 -0.844501
69.9813 91.514 -0.385741
5.38318 102.28 -0.578031
16.1495 102.28 -0.937205
26.9159 102.28 -1.03347
37.6822 102.28 -1.05541
48.4486 102.28 -1.01203
59.215 102.28 -0.801986
69.9813 102.28 -0.355557
5.38318 113.047 -0.585441
16.1495 113.047 -0.932676
26.9159 113.047 -1.00688
37.6822 113.047 -0.994399
48.4486 113.047 -0.937758
59.215 113.047 -0.718105
69.9813 113.047 -0.306342
5.38318 123.813 -0.557601
16.1495 123.813 -0.861106
26.9159 123.813 -0.844202
37.6822 123.813 -0.745945
48.4486 123.813 -0.651772
59.215 123.813 -0.462157
69.9813 123.813 -0.165887
5.38318 134.579 -0.454796
16.1495 134.579 -0.604832
26.9159 134.579 -0.390975
37.6822 134.579 -0.181792
48.4486 134.579 -0.0760851
59.215 134.579 -0.00225482
69.9813 134.579 0.236937
5.38318 145.346 -0.20749
16.1495 145.346 -0.0843055
26.9159 145.346 0.852729
37.6822 145.346 1.59509
48.4486 145.346 1.78195
59.215 145.346 1.45288
69.9813 145.346 0.982755
5.38318 156.112 0.283896
16.1495 156.112 1.07245
26.9159 156.112 2.2804
37.6822 156.112 2.99771
48.4486 156.112 3.11582
59.215 156.112 2.50508
69.9813 156.112 1.55332
5.38318 166.879 0.763608
16.1495 166.879 1.93807
26.9159 166.879 3.22118
37.6822 166.879 3.99181
48.4486 166.879 3.98988
59.215 166.879 3.04434
69.9813 166.879 1.79749
5.38318 177.645 1.05333
16.1495 177.645 2.22738
26.9159 177.645 3.61376
37.6822 177.645 4.48554
48.4486 177.645 4.5326
59.215 177.645 3.48562
69.9813 177.645 1.98645
5.38318 188.411 1.00629
16.1495 188.411 1.97829
26.9159 188.411 3.29804
37.6822 188.411 4.27632
48.4486 188.411 4.38797
59.215 188.411 3.34167
69.9813 188.411 1.83628
5.38318 199.178 0.75362
16.1495 199.178 1.39627
26.9159 199.178 2.20379
37.6822 199.178 2.72625
48.4486 199.178 2.70958
59.215 199.178 2.16321
69.9813 199.178 1.2481
5.38318 209.944 0.504769
16.1495 209.944 0.82319
26.9159 209.944 1.04242
37.6822 209.944 1.00963
48.4486 209.944 0.947648
59.215 209.944 0.852102
69.9813 209.944 0.642139
