59 177
0 157 72 40
0 141 72 72
0 134 72 82
0 72 72 144
0 0 72 216
5.38318 5.38318 0.440649
16.1495 5.38318 0.69335
26.9159 5.38318 0.98098
37.6822 5.38318 1.11646
48.4486 5.38318 1.32943
59.215 5.38318 1.1773
69.9813 5.38318 0.831193
5.38318 16.1495 0.753342
16.1495 16.1495 1.32339
26.9159 16.1495 1.71415
37.6822 16.1495 1.83602
48.4486 16.1495 2.12611
59.215 16.1495 1.93754
69.9813 16.1495 1.40873
5.38318 26.9159 0.832479
16.1495 26.9159 1.35869
26.9159 26.9159 1.62648
37.6822 26.9159 1.55157
48.4486 26.9159 1.73034
59.215 26.9159 1.69938
69.9813 26.9159 1.32404
5.38318 37.6822 1.09293
16.1495 37.6822 1.40589
26.9159 37.6822 1.23414
37.6822 37.6822 0.579743
48.4486 37.6822 0.22553
59.215 37.6822 0.355998
69.9813 37.6822 0.530168
5.38318 48.4486 1.42039
16.1495 48.4486 1.72279
26.9159 48.4486 1.10917
37.6822 48.4486 -0.0912017
48.4486 48.4486 -0.434693
59.215 48.4486 -0.321404
69.9813 48.4486 -0.0613961
5.38318 59.215 1.61346
16.1495 59.215 1.88449
26.9159 59.215 1.10915
37.6822 59.215 -0.268509
48.4486 59.215 -0.606936
59.215 59.215 -0.476881
69.9813 59.215 -0.159082
5.38318 69.9813 1.13127
16.1495 69.9813 1.14994
26.9159 69.9813 0.442488
37.6822 69.9813 -0.483242
48.4486 69.9813 -0.76448
59.215 69.9813 -0.58947
69.9813 69.9813 -0.231263
5.38318 80.7477 -0.0744472
16.1495 80.7477 -0.278651
26.9159 80.7477 -0.451612
37.6822 80.7477 -0.795153
48.4486 80.7477 -0.935329
59.215 80.7477 -0.722177
69.9813 80.7477 -0.314293
5.38318 91.514 -0.470404
16.1495 91.514 -0.817398
26.9159 91.514 -0.933613
37.6822 91.514 -1.05936
48.4486 91.514 -1.0594
59.215 91.514 -0.844501
69.9813 91.514 -0.385741
5.38318 102.28 -0.571208
16.1495 102.28 -0.926616
26.9159 102.28 -1.02327
37.6822 102.28 -1.0465
48.4486 102.28 -1.00471
59.215 102.28 -0.794593
69.9813 102.28 -0.349342
5.38318 113.047 -0.540241
16.1495 113.047 -0.86026
26.9159 113.047 -0.934335
37.6822 113.047 -0.930829
48.4486 113.047 -0.873269
59.215 113.047 -0.626568
69.9813 113.047 -0.245851
5.38318 123.813 -0.391604
16.1495 123.813 -0.598951
26.9159 123.813 -0.537754
37.6822 123.813 -0.518346
48.4486 123.813 -0.464159
59.215 123.813 -0.285779
69.9813 123.813 -0.0512412
5.38318 134.579 -0.0847211
16.1495 134.579 -0.104071
26.9159 134.579 0.113568
37.6822 134.579 0.0982692
48.4486 134.579 0.275837
59.215 134.579 0.485925
69.9813 134.579 0.584778
5.38318 145.346 0.703287
16.1495 145.346 1.26416
26.9159 145.346 1.82418
37.6822 145.346 1.82759
48.4486 145.346 1.98737
59.215 145.346 1.85635
69.9813 145.346 1.36163
5.38318 156.112 1.44912
16.1495 156.112 2.34119
26.9159 156.112 2.68204
37.6822 156.112 2.68396
48.4486 156.112 2.93527
59.215 156.112 2.80104
69.9813 156.112 2.02121
5.38318 166.879 2.15853
16.1495 166.879 3.2139
26.9159 166.879 3.22915
37.6822 166.879 3.24581
48.4486 166.879 3.6805
59.215 166.879 3.74257
69.9813 166.879 2.63975
5.38318 177.645 2.23918
16.1495 177.645 3.20338
26.9159 177.645 2.92219
37.6822 177.645 2.91299
48.4486 177.645 3.49559
59.215 177.645 3.84026
69.9813 177.645 2.7492
5.38318 188.411 1.98962
16.1495 188.411 2.73867
26.9159 188.411 2.50964
37.6822 188.411 2.43406
48.4486 188.411 2.98076
59.215 188.411 3.24523
69.9813 188.411 2.35299
5.38318 199.178 0.930084
16.1495 199.178 1.37622
26.9159 199.178 1.44547
37.6822 199.178 1.23981
48.4486 199.178 1.50599
59.215 199.178 1.45196
69.9813 199.178 1.16164
5.38318 209.944 0.383457
16.1495 209.944 0.660693
26.9159 209.944 0.925986
37.6822 209.944 0.725766
48.4486 209.944 0.918628
59.215 209.944 0.692896
69.9813 209.944 0.631764
