37 37
0 17 72 40
0 1 72 72
0 0 72 82
0 0 72 144
0 0 72 216
5.38318 5.38318 0.458915
16.1495 5.38318 0.723631
26.9159 5.38318 1.07247
37.6822 5.38318 1.14996
48.4486 5.38318 1.05666
59.215 5.38318 0.74766
69.9813 5.38318 0.448392
5.38318 16.1495 0.97056
16.1495 16.1495 1.80133
26.9159 16.1495 2.71948
37.6822 16.1495 2.89533
48.4486 16.1495 2.59987
59.215 16.1495 1.7772
69.9813 16.1495 1.0078
5.38318 26.9159 1.50818
16.1495 26.9159 2.95638
26.9159 26.9159 4.58994
37.6822 26.9159 4.87662
48.4486 26.9159 4.1535
59.215 26.9159 2.67926
69.9813 26.9159 1.39345
5.38318 37.6822 1.648
16.1495 37.6822 3.3626
26.9159 37.6822 5.35339
37.6822 37.6822 5.74164
48.4486 37.6822 4.85669
59.215 37.6822 3.04243
69.9813 37.6822 1.5136
5.38318 48.4486 1.35465
16.1495 48.4486 2.71138
26.9159 48.4486 4.24488
37.6822 48.4486 4.43298
48.4486 48.4486 3.68945
59.215 48.4486 2.33631
69.9813 48.4486 1.19036
5.38318 59.215 0.69815
16.1495 59.215 1.3141
26.9159 59.215 1.95314
37.6822 59.215 1.99347
48.4486 59.215 1.79021
59.215 59.215 1.37749
69.9813 59.215 0.922289
5.38318 69.9813 0.455786
16.1495 69.9813 0.874831
26.9159 69.9813 1.06025
37.6822 69.9813 1.00921
48.4486 69.9813 0.914689
59.215 69.9813 0.878873
69.9813 69.9813 0.744901
5.38318 80.7477 -0.00305363
16.1495 80.7477 0.114785
26.9159 80.7477 0.192235
37.6822 80.7477 0.10455
48.4486 80.7477 0.130722
59.215 80.7477 0.272214
69.9813 80.7477 0.414828
5.38318 91.514 -0.248778
16.1495 91.514 -0.345048
26.9159 91.514 -0.335965
37.6822 91.514 -0.305706
48.4486 91.514 -0.304826
59.215 91.514 -0.209764
69.9813 91.514 -0.0507609
5.38318 102.28 -0.306177
16.1495 102.28 -0.457333
26.9159 102.28 -0.42771
37.6822 102.28 -0.386904
48.4486 102.28 -0.375196
59.215 102.28 -0.301551
69.9813 102.28 -0.137237
5.38318 113.047 -0.283021
16.1495 113.047 -0.427945
26.9159 113.047 -0.413433
37.6822 113.047 -0.417434
48.4486 113.047 -0.410071
59.215 113.047 -0.323723
69.9813 113.047 -0.141013
5.38318 123.813 -0.197439
16.1495 123.813 -0.291677
26.9159 123.813 -0.258334
37.6822 123.813 -0.279803
48.4486 123.813 -0.27992
59.215 123.813 -0.215966
69.9813 123.813 -0.076716
5.38318 134.579 -0.0445715
16.1495 134.579 -0.040451
26.9159 134.579 0.0462444
37.6822 134.579 -0.0237691
48.4486 134.579 -0.0331208
59.215 134.579 -0.0153582
69.9813 134.579 0.11844
5.38318 145.346 0.304551
16.1495 145.346 0.609563
26.9159 145.346 0.834093
37.6822 145.346 0.766867
48.4486 145.346 0.767188
59.215 145.346 0.638947
69.9813 145.346 0.50118
5.38318 156.112 0.69218
16.1495 156.112 1.41554
26.9159 156.112 1.95654
37.6822 156.112 1.93348
48.4486 156.112 1.82344
59.215 156.112 1.41024
69.9813 156.112 0.929963
5.38318 166.879 1.03572
16.1495 166.879 2.00198
26.9159 166.879 2.72174
37.6822 166.879 2.64676
48.4486 166.879 2.5006
59.215 166.879 1.86578
69.9813 166.879 1.20027
5.38318 177.645 1.114
16.1495 177.645 2.24337
26.9159 177.645 3.51169
37.6822 177.645 3.58739
48.4486 177.645 3.38103
59.215 177.645 2.32777
69.9813 177.645 1.39475
5.38318 188.411 1.05199
16.1495 188.411 2.1245
26.9159 188.411 3.49337
37.6822 188.411 3.6396
48.4486 188.411 3.43391
59.215 188.411 2.29576
69.9813 188.411 1.336
5.38318 199.178 0.659281
16.1495 199.178 1.46472
26.9159 199.178 2.60735
37.6822 199.178 2.80228
48.4486 199.178 2.6484
59.215 199.178 1.80778
69.9813 199.178 1.046
5.38318 209.944 0.329133
16.1495 209.944 0.682145
26.9159 209.944 1.16372
37.6822 209.944 1.12301
48.4486 209.944 0.969735
59.215 209.944 0.692264
69.9813 209.944 0.450287
