37 37
0 17 72 40
0 1 72 72
0 0 72 82
0 0 72 144
0 0 72 216
5.38318 5.38318 0.611347
16.1495 5.38318 1.16446
26.9159 5.38318 1.57867
37.6822 5.38318 1.72307
48.4486 5.38318 1.54506
59.215 5.38318 1.13657
69.9813 5.38318 0.648658
5.38318 16.1495 1.02695
16.1495 16.1495 2.2697
26.9159 16.1495 3.32115
37.6822 16.1495 3.73769
48.4486 16.1495 3.35743
59.215 16.1495 2.34684
69.9813 16.1495 1.31201
5.38318 26.9159 1.33318
16.1495 26.9159 3.03478
26.9159 26.9159 4.71181
37.6822 26.9159 5.29547
48.4486 26.9159 4.71088
59.215 26.9159 3.2049
69.9813 26.9159 1.71048
5.38318 37.6822 1.65521
16.1495 37.6822 3.61335
26.9159 37.6822 5.55986
37.6822 37.6822 6.13554
48.4486 37.6822 5.44941
59.215 37.6822 3.65443
69.9813 37.6822 1.95221
5.38318 48.4486 2.23397
16.1495 48.4486 4.20216
26.9159 48.4486 5.71461
37.6822 48.4486 6.01311
48.4486 48.4486 5.55211
59.215 48.4486 4.14432
69.9813 48.4486 2.42097
5.38318 59.215 2.45715
16.1495 59.215 4.10417
26.9159 59.215 4.74236
37.6822 59.215 4.8136
48.4486 59.215 4.83758
59.215 59.215 4.31919
69.9813 59.215 2.81784
5.38318 69.9813 1.99378
16.1495 69.9813 3.3028
26.9159 69.9813 3.65219
37.6822 69.9813 3.71025
48.4486 69.9813 3.624
59.215 69.9813 3.42377
69.9813 69.9813 2.252
5.38318 80.7477 0.386455
16.1495 80.7477 0.938249
26.9159 80.7477 1.46174
37.6822 80.7477 1.71093
48.4486 80.7477 1.28547
59.215 80.7477 1.21348
69.9813 80.7477 0.776196
5.38318 91.514 -0.537072
16.1495 91.514 -0.777903
26.9159 91.514 -0.700965
37.6822 91.514 -0.58702
48.4486 91.514 -0.755701
59.215 91.514 -0.588071
69.9813 91.514 -0.335796
5.38318 102.28 -0.582029
16.1495 102.28 -0.922095
26.9159 102.28 -0.989208
37.6822 102.28 -0.98438
48.4486 102.28 -0.976205
59.215 102.28 -0.783437
69.9813 102.28 -0.376852
5.38318 113.047 -0.571514
16.1495 113.047 -0.912943
26.9159 113.047 -0.988943
37.6822 113.047 -0.991046
48.4486 113.047 -0.944059
59.215 113.047 -0.74193
69.9813 113.047 -0.320782
5.38318 123.813 -0.539593
16.1495 123.813 -0.849602
26.9159 123.813 -0.870397
37.6822 123.813 -0.866813
48.4486 123.813 -0.805377
59.215 123.813 -0.608732
69.9813 123.813 -0.244612
5.38318 134.579 -0.411126
16.1495 134.579 -0.586786
26.9159 134.579 -0.483694
37.6822 134.579 -0.464863
48.4486 134.579 -0.418432
59.215 134.579 -0.334437
69.9813 134.579 -0.0937014
5.38318 145.346 -0.19138
16.1495 145.346 -0.13922
26.9159 145.346 0.376795
37.6822 145.346 0.69553
48.4486 145.346 0.804183
59.215 145.346 0.472353
69.9813 145.346 0.434647
5.38318 156.112 0.29814
16.1495 156.112 1.07538
26.9159 156.112 2.15781
37.6822 156.112 2.57272
48.4486 156.112 2.47077
59.215 156.112 1.67933
69.9813 156.112 1.00537
5.38318 166.879 0.846357
16.1495 166.879 2.1802
26.9159 166.879 3.64673
37.6822 166.879 4.22268
48.4486 166.879 3.81457
59.215 166.879 2.47675
69.9813 166.879 1.33224
5.38318 177.645 1.14012
16.1495 177.645 2.61024
26.9159 177.645 4.33488
37.6822 177.645 4.8016
48.4486 177.645 4.14448
59.215 177.645 2.61271
69.9813 177.645 1.36152
5.38318 188.411 1.04801
16.1495 188.411 2.39175
26.9159 188.411 3.86799
37.6822 188.411 4.06873
48.4486 188.411 3.29021
59.215 188.411 2.01865
69.9813 188.411 1.0189
5.38318 199.178 0.586565
16.1495 199.178 1.38884
26.9159 199.178 2.03486
37.6822 199.178 2.01757
48.4486 199.178 1.6123
59.215 199.178 1.02897
69.9813 199.178 0.724455
5.38318 209.944 0.307445
16.1495 209.944 0.821752
26.9159 209.944 0.934315
37.6822 209.944 0.865046
48.4486 209.944 0.559074
59.215 209.944 0.501816
69.9813 209.944 0.475287
