37 177
0 157 72 40
0 141 72 72
0 134 72 82
0 72 72 144
0 0 72 216
5.38318 5.38318 0.638614
16.1495 5.38318 1.31299
26.9159 5.38318 1.72428
37.6822 5.38318 1.56252
48.4486 5.38318 1.12903
59.215 5.38318 0.711759
69.9813 5.38318 0.393812
5.38318 16.1495 1.00021
16.1495 16.1495 2.24944
26.9159 16.1495 3.05726
37.6822 16.1495 2.93409
48.4486 16.1495 2.24861
59.215 16.1495 1.55172
69.9813 16.1495 0.926804
5.38318 26.9159 1.14772
16.1495 26.9159 2.4118
26.9159 26.9159 3.32806
37.6822 26.9159 3.2854
48.4486 26.9159 2.5258
59.215 26.9159 1.66907
69.9813 26.9159 0.91603
5.38318 37.6822 1.17711
16.1495 37.6822 2.18983
26.9159 37.6822 2.93989
37.6822 37.6822 3.00438
48.4486 37.6822 2.45219
59.215 37.6822 1.79807
69.9813 37.6822 1.04963
5.38318 48.4486 1.10633
16.1495 48.4486 1.9791
26.9159 48.4486 2.57899
37.6822 48.4486 2.57172
48.4486 48.4486 2.06683
59.215 48.4486 1.52365
69.9813 48.4486 0.896632
5.38318 59.215 0.790296
16.1495 59.215 1.40339
26.9159 59.215 1.649
37.6822 59.215 1.34938
48.4486 59.215 0.840491
59.215 59.215 0.772098
69.9813 59.215 0.609672
5.38318 69.9813 0.0981615
16.1495 69.9813 0.190782
26.9159 69.9813 0.223343
37.6822 69.9813 -0.0935943
48.4486 69.9813 -0.22641
59.215 69.9813 -0.0963472
69.9813 69.9813 0.185277
5.38318 80.7477 -0.233732
16.1495 80.7477 -0.41737
26.9159 80.7477 -0.471542
37.6822 80.7477 -0.622306
48.4486 80.7477 -0.625452
59.215 80.7477 -0.405262
69.9813 80.7477 -0.0927485
5.38318 91.514 -0.524211
16.1495 91.514 -0.86353
26.9159 91.514 -0.864244
37.6822 91.514 -0.859396
48.4486 91.514 -0.76627
59.215 91.514 -0.521714
69.9813 91.514 -0.1855
5.38318 102.28 -0.569
16.1495 102.28 -0.912445
26.9159 102.28 -0.968383
37.6822 102.28 -0.953991
48.4486 102.28 -0.894878
59.215 102.28 -0.666862
69.9813 102.28 -0.282668
5.38318 113.047 -0.5843
16.1495 113.047 -0.936062
26.9159 113.047 -1.02025
37.6822 113.047 -1.02057
48.4486 113.047 -0.967021
59.215 113.047 -0.762305
69.9813 113.047 -0.328957
5.38318 123.813 -0.567444
16.1495 123.813 -0.895106
26.9159 123.813 -0.960023
37.6822 123.813 -0.949223
48.4486 123.813 -0.904363
59.215 123.813 -0.684033
69.9813 123.813 -0.290642
5.38318 134.579 -0.514403
16.1495 134.579 -0.77721
26.9159 134.579 -0.727297
37.6822 134.579 -0.706644
48.4486 134.579 -0.690497
59.215 134.579 -0.533327
69.9813 134.579 -0.214828
5.38318 145.346 -0.299838
16.1495 145.346 -0.298969
26.9159 145.346 0.0621914
37.6822 145.346 0.218575
48.4486 145.346 0.00852142
59.215 145.346 -0.13112
69.9813 145.346 -0.0239188
5.38318 156.112 0.0018998
16.1495 156.112 0.796036
26.9159 156.112 2.12631
37.6822 156.112 2.38016
48.4486 156.112 1.90904
59.215 156.112 0.895618
69.9813 156.112 0.477723
5.38318 166.879 0.594101
16.1495 166.879 2.19358
26.9159 166.879 4.18387
37.6822 166.879 4.61503
48.4486 166.879 3.82672
59.215 166.879 2.0225
69.9813 166.879 0.900598
5.38318 177.645 0.669954
16.1495 177.645 2.48751
26.9159 177.645 4.95786
37.6822 177.645 5.59985
48.4486 177.645 4.62474
59.215 177.645 2.36376
69.9813 177.645 1.01954
5.38318 188.411 0.251539
16.1495 188.411 1.73476
26.9159 188.411 3.96196
37.6822 188.411 4.55956
48.4486 188.411 3.71042
59.215 188.411 1.72123
69.9813 188.411 0.654037
5.38318 199.178 -0.169977
16.1495 199.178 0.128541
26.9159 199.178 1.58805
37.6822 199.178 1.8446
48.4486 199.178 1.34156
59.215 199.178 0.294053
69.9813 199.178 0.12329
5.38318 209.944 -0.203336
16.1495 209.944 -0.190331
26.9159 209.944 -0.00244486
37.6822 209.944 -0.00370213
48.4486 209.944 -0.145583
59.215 209.944 -0.166667
69.9813 209.944 -0.016205
