37 177
0 157 72 40
0 141 72 72
0 134 72 82
0 72 72 144
0 0 72 216
5.38318 5.38318 0.344608
16.1495 5.38318 0.773264
26.9159 5.38318 1.34944
37.6822 5.38318 1.50602
48.4486 5.38318 1.30351
59.215 5.38318 0.726222
69.9813 5.38318 0.367159
5.38318 16.1495 0.660758
16.1495 16.1495 1.82708
26.9159 16.1495 3.07902
37.6822 16.1495 3.48363
48.4486 16.1495 2.95923
59.215 16.1495 1.69607
69.9813 16.1495 0.860598
5.38318 26.9159 0.885938
16.1495 26.9159 2.49274
26.9159 26.9159 4.53614
37.6822 26.9159 5.20253
48.4486 26.9159 4.38916
59.215 26.9159 2.43117
69.9813 26.9159 1.11956
5.38318 37.6822 1.12276
16.1495 37.6822 2.78809
26.9159 37.6822 4.87897
37.6822 37.6822 5.51954
48.4486 37.6822 4.67695
59.215 37.6822 2.66271
69.9813 37.6822 1.22994
5.38318 48.4486 1.20566
16.1495 48.4486 2.42572
26.9159 48.4486 3.81746
37.6822 48.4486 4.15239
48.4486 48.4486 3.81755
59.215 48.4486 2.49344
69.9813 48.4486 1.38698
5.38318 59.215 1.14201
16.1495 59.215 1.96434
26.9159 59.215 2.44909
37.6822 59.215 2.52573
48.4486 59.215 2.73725
59.215 59.215 2.21883
69.9813 59.215 1.53272
5.38318 69.9813 0.957434
16.1495 69.9813 1.62062
26.9159 69.9813 1.93079
37.6822 69.9813 2.1297
48.4486 69.9813 2.55649
59.215 69.9813 2.30155
69.9813 69.9813 1.62794
5.38318 80.7477 0.26049
16.1495 80.7477 0.621035
26.9159 80.7477 0.852301
37.6822 80.7477 0.951159
48.4486 80.7477 1.17205
59.215 80.7477 1.13364
69.9813 80.7477 0.910563
5.38318 91.514 -0.228757
16.1495 91.514 -0.297246
26.9159 91.514 -0.241423
37.6822 91.514 -0.179721
48.4486 91.514 -0.161072
59.215 91.514 -0.0711654
69.9813 91.514 0.0867529
5.38318 102.28 -0.299974
16.1495 102.28 -0.434106
26.9159 102.28 -0.390568
37.6822 102.28 -0.352575
48.4486 102.28 -0.360331
59.215 102.28 -0.27844
69.9813 102.28 -0.125905
5.38318 113.047 -0.279047
16.1495 113.047 -0.420437
26.9159 113.047 -0.390613
37.6822 113.047 -0.387388
48.4486 113.047 -0.373952
59.215 113.047 -0.293477
69.9813 113.047 -0.1235
5.38318 123.813 -0.180023
16.1495 123.813 -0.260367
26.9159 123.813 -0.203566
37.6822 123.813 -0.213672
48.4486 123.813 -0.213567
59.215 123.813 -0.164778
69.9813 123.813 -0.0502506
5.38318 134.579 -0.000660166
16.1495 134.579 0.0870017
26.9159 134.579 0.338992
37.6822 134.579 0.280691
48.4486 134.579 0.242769
59.215 134.579 0.200988
69.9813 134.579 0.233538
5.38318 145.346 0.492994
16.1495 145.346 1.07809
26.9159 145.346 1.64602
37.6822 145.346 1.68701
48.4486 145.346 1.53313
59.215 145.346 1.0874
69.9813 145.346 0.70353
5.38318 156.112 0.984472
16.1495 156.112 2.13816
26.9159 156.112 3.10361
37.6822 156.112 3.17399
48.4486 156.112 2.81469
59.215 156.112 1.89811
69.9813 156.112 1.10198
5.38318 166.879 1.33855
16.1495 166.879 3.00105
26.9159 166.879 4.75143
37.6822 166.879 5.01439
48.4486 166.879 4.33054
59.215 166.879 2.65436
69.9813 166.879 1.3664
5.38318 177.645 1.28243
16.1495 177.645 3.06414
26.9159 177.645 5.28638
37.6822 177.645 5.76475
48.4486 177.645 5.00518
59.215 177.645 2.96833
69.9813 177.645 1.45375
5.38318 188.411 1.31295
16.1495 188.411 2.92591
26.9159 188.411 4.85737
37.6822 188.411 5.28186
48.4486 188.411 4.45233
59.215 188.411 2.68294
69.9813 188.411 1.30271
5.38318 199.178 0.95002
16.1495 199.178 1.91119
26.9159 199.178 2.78261
37.6822 199.178 2.90097
48.4486 199.178 2.4058
59.215 199.178 1.68703
69.9813 199.178 0.957504
5.38318 209.944 0.733035
16.1495 209.944 1.33834
26.9159 209.944 1.58296
37.6822 209.944 1.5845
48.4486 209.944 1.26226
59.215 209.944 1.14597
69.9813 209.944 0.738973
