48 48
0 28 72 40
0 12 72 72
0 7 72 82
0 0 72 144
0 0 72 216
5.38318 5.38318 0.685851
16.1495 5.38318 1.24677
26.9159 5.38318 1.49393
37.6822 5.38318 1.41959
48.4486 5.38318 1.17603
59.215 5.38318 0.864645
69.9813 5.38318 0.511791
5.38318 16.1495 1.18748
16.1495 16.1495 2.26277
26.9159 16.1495 2.82356
37.6822 16.1495 2.74001
48.4486 16.1495 2.3998
59.215 16.1495 1.91126
69.9813 16.1495 1.24517
5.38318 26.9159 1.56017
16.1495 26.9159 2.74872
26.9159 26.9159 3.24982
37.6822 26.9159 3.13008
48.4486 26.9159 3.00195
59.215 26.9159 2.54184
69.9813 26.9159 1.74615
5.38318 37.6822 2.20466
16.1495 37.6822 3.46212
26.9159 37.6822 3.8542
37.6822 37.6822 3.6315
48.4486 37.6822 4.00939
59.215 37.6822 3.62838
69.9813 37.6822 2.52245
5.38318 48.4486 2.51106
16.1495 48.4486 3.83706
26.9159 48.4486 4.14517
37.6822 48.4486 3.71296
48.4486 48.4486 4.27819
59.215 48.4486 3.944
69.9813 48.4486 2.76258
5.38318 59.215 1.7882
16.1495 59.215 2.70063
26.9159 59.215 2.99796
37.6822 59.215 2.61192
48.4486 59.215 3.15186
59.215 59.215 2.92073
69.9813 59.215 2.11261
5.38318 69.9813 -0.0287603
16.1495 69.9813 -0.107657
26.9159 69.9813 -0.0648361
37.6822 69.9813 -0.255268
48.4486 69.9813 -0.0974001
59.215 69.9813 0.0383369
69.9813 69.9813 0.442774
5.38318 80.7477 -0.493061
16.1495 80.7477 -0.83029
26.9159 80.7477 -0.904328
37.6822 80.7477 -0.996984
48.4486 80.7477 -0.952932
59.215 80.7477 -0.729514
69.9813 80.7477 -0.293226
5.38318 91.514 -0.585334
16.1495 91.514 -0.955415
26.9159 91.514 -1.05075
37.6822 91.514 -1.06848
48.4486 91.514 -1.0277
59.215 91.514 -0.824923
69.9813 91.514 -0.372816
5.38318 102.28 -0.584108
16.1495 102.28 -0.935079
26.9159 102.28 -1.0198
37.6822 102.28 -1.02265
48.4486 102.28 -0.974703
59.215 102.28 -0.7712
69.9813 102.28 -0.33376
5.38318 113.047 -0.534901
16.1495 113.047 -0.851142
26.9159 113.047 -0.923522
37.6822 113.047 -0.922844
48.4486 113.047 -0.867476
59.215 113.047 -0.623097
69.9813 113.047 -0.244721
5.38318 123.813 -0.385295
16.1495 123.813 -0.591952
26.9159 123.813 -0.539674
37.6822 123.813 -0.523128
48.4486 123.813 -0.469569
59.215 123.813 -0.283992
69.9813 123.813 -0.0497365
5.38318 134.579 -0.0937923
16.1495 134.579 -0.124737
26.9159 134.579 0.0496192
37.6822 134.579 0.0912007
48.4486 134.579 0.265744
59.215 134.579 0.529206
69.9813 134.579 0.578288
5.38318 145.346 0.674376
16.1495 145.346 1.20803
26.9159 145.346 1.74375
37.6822 145.346 1.82514
48.4486 145.346 1.98502
59.215 145.346 1.90578
69.9813 145.346 1.36424
5.38318 156.112 1.38726
16.1495 156.112 2.25354
26.9159 156.112 2.59744
37.6822 156.112 2.68165
48.4486 156.112 2.90098
59.215 156.112 2.78498
69.9813 156.112 1.95049
5.38318 166.879 2.13467
16.1495 166.879 3.22419
26.9159 166.879 3.29224
37.6822 166.879 3.29981
48.4486 166.879 3.62595
59.215 166.879 3.59105
69.9813 166.879 2.50434
5.38318 177.645 2.20379
16.1495 177.645 3.22909
26.9159 177.645 3.05254
37.6822 177.645 2.99677
48.4486 177.645 3.37445
59.215 177.645 3.52261
69.9813 177.645 2.50255
5.38318 188.411 1.79479
16.1495 188.411 2.59585
26.9159 188.411 2.54394
37.6822 188.411 2.54059
48.4486 188.411 2.96668
59.215 188.411 3.04116
69.9813 188.411 2.21965
5.38318 199.178 0.541592
16.1495 199.178 0.989515
26.9159 199.178 1.22002
37.6822 199.178 1.36737
48.4486 199.178 1.71989
59.215 199.178 1.53295
69.9813 199.178 1.21776
5.38318 209.944 0.0055653
16.1495 209.944 0.206247
26.9159 209.944 0.616443
37.6822 209.944 0.80023
48.4486 209.944 1.15148
59.215 209.944 0.927569
69.9813 209.944 0.785701
