37 166
0 146 72 40
0 130 72 72
0 125 72 82
0 72 72 144
0 0 72 216
5.38318 5.38318 0.507068
16.1495 5.38318 0.905967
26.9159 5.38318 1.3139
37.6822 5.38318 1.34421
48.4486 5.38318 1.23644
59.215 5.38318 0.796764
69.9813 5.38318 0.466886
5.38318 16.1495 0.804751
16.1495 16.1495 1.70003
26.9159 16.1495 2.62924
37.6822 16.1495 2.76897
48.4486 16.1495 2.53299
59.215 16.1495 1.62282
69.9813 16.1495 0.936585
5.38318 26.9159 0.923507
16.1495 26.9159 2.08319
26.9159 26.9159 3.54559
37.6822 26.9159 3.7165
48.4486 26.9159 3.30155
59.215 26.9159 1.95347
69.9813 26.9159 1.05626
5.38318 37.6822 0.936208
16.1495 37.6822 2.1472
26.9159 37.6822 3.72826
37.6822 37.6822 3.9648
48.4486 37.6822 3.41366
59.215 37.6822 1.96792
69.9813 37.6822 1.01215
5.38318 48.4486 1.10647
16.1495 48.4486 2.22333
26.9159 48.4486 3.34139
37.6822 48.4486 3.4165
48.4486 48.4486 2.80811
59.215 48.4486 1.79212
69.9813 48.4486 0.968375
5.38318 59.215 0.938248
16.1495 59.215 1.70278
26.9159 59.215 1.97486
37.6822 59.215 1.97037
48.4486 59.215 1.64591
59.215 59.215 1.40848
69.9813 59.215 0.955162
5.38318 69.9813 0.585928
16.1495 69.9813 1.05018
26.9159 69.9813 0.988844
37.6822 69.9813 0.956054
48.4486 69.9813 0.779428
59.215 69.9813 0.970684
69.9813 69.9813 0.774374
5.38318 80.7477 -0.102472
16.1495 80.7477 -0.134777
26.9159 80.7477 -0.218466
37.6822 80.7477 -0.2418
48.4486 80.7477 -0.23517
59.215 80.7477 -0.0158576
69.9813 80.7477 0.302002
5.38318 91.514 -0.456997
16.1495 91.514 -0.739056
26.9159 91.514 -0.808559
37.6822 91.514 -0.804459
48.4486 91.514 -0.76201
59.215 91.514 -0.517536
69.9813 91.514 -0.191545
5.38318 102.28 -0.561156
16.1495 102.28 -0.900796
26.9159 102.28 -0.989227
37.6822 102.28 -0.988546
48.4486 102.28 -0.943061
59.215 102.28 -0.727091
69.9813 102.28 -0.315395
5.38318 113.047 -0.567455
16.1495 113.047 -0.90327
26.9159 113.047 -0.970428
37.6822 113.047 -0.971709
48.4486 113.047 -0.92286
59.215 113.047 -0.7183
69.9813 113.047 -0.306161
5.38318 123.813 -0.506971
16.1495 123.813 -0.763231
26.9159 123.813 -0.677465
37.6822 123.813 -0.670887
48.4486 123.813 -0.637403
59.215 123.813 -0.518959
69.9813 123.813 -0.211131
5.38318 134.579 -0.252274
16.1495 134.579 -0.269048
26.9159 134.579 -0.00313575
37.6822 134.579 0.0282095
48.4486 134.579 -0.0099471
59.215 134.579 -0.0918315
69.9813 134.579 0.0339066
5.38318 145.346 0.321828
16.1495 145.346 1.12021
26.9159 145.346 2.11591
37.6822 145.346 2.3608
48.4486 145.346 2.04613
59.215 145.346 1.28168
69.9813 145.346 0.737826
5.38318 156.112 1.08459
16.1495 156.112 2.5183
26.9159 156.112 3.73393
37.6822 156.112 4.19083
48.4486 156.112 3.75249
59.215 156.112 2.61428
69.9813 156.112 1.45199
5.38318 166.879 1.64192
16.1495 166.879 3.38857
26.9159 166.879 4.76177
37.6822 166.879 5.35662
48.4486 166.879 4.87066
59.215 166.879 3.52309
69.9813 166.879 1.93807
5.38318 177.645 1.61603
16.1495 177.645 3.22389
26.9159 177.645 4.54256
37.6822 177.645 5.12454
48.4486 177.645 4.8671
59.215 177.645 3.60238
69.9813 177.645 2.06608
5.38318 188.411 1.40642
16.1495 188.411 2.80918
26.9159 188.411 3.92607
37.6822 188.411 4.30854
48.4486 188.411 3.98248
59.215 188.411 2.93467
69.9813 188.411 1.71712
5.38318 199.178 0.72795
16.1495 199.178 1.70623
26.9159 199.178 2.32376
37.6822 199.178 2.58082
48.4486 199.178 2.42738
59.215 199.178 1.96836
69.9813 199.178 1.30208
5.38318 209.944 0.427956
16.1495 209.944 1.0469
26.9159 209.944 1.29049
37.6822 209.944 1.49497
48.4486 209.944 1.47163
59.215 209.944 1.32017
69.9813 209.944 0.925587
