26 177
0 157 72 40
0 141 72 72
0 134 72 82
0 72 72 144
0 0 72 216
5.38318 5.38318 0.306463
16.1495 5.38318 0.581079
26.9159 5.38318 1.09877
37.6822 5.38318 1.20605
48.4486 5.38318 1.21108
59.215 5.38318 0.778057
69.9813 5.38318 0.478531
5.38318 16.1495 0.530392
16.1495 16.1495 1.21191
26.9159 16.1495 2.02014
37.6822 16.1495 2.23575
48.4486 16.1495 2.26939
59.215 16.1495 1.65094
69.9813 16.1495 1.03516
5.38318 26.9159 0.510051
16.1495 26.9159 1.22236
26.9159 26.9159 2.04896
37.6822 26.9159 2.25557
48.4486 26.9159 2.24736
59.215 26.9159 1.64056
69.9813 26.9159 1.04567
5.38318 37.6822 0.618353
16.1495 37.6822 1.38105
26.9159 37.6822 1.71919
37.6822 37.6822 1.64726
48.4486 37.6822 1.34266
59.215 37.6822 1.02104
69.9813 37.6822 0.730022
5.38318 48.4486 0.465751
16.1495 48.4486 1.11519
26.9159 48.4486 1.19943
37.6822 48.4486 1.05421
48.4486 48.4486 0.613587
59.215 48.4486 0.513592
69.9813 48.4486 0.41355
5.38318 59.215 0.0649292
16.1495 59.215 0.589914
26.9159 59.215 0.825267
37.6822 59.215 1.06135
48.4486 59.215 0.77168
59.215 59.215 0.738051
69.9813 59.215 0.464369
5.38318 69.9813 -0.136053
16.1495 69.9813 -0.0554082
26.9159 69.9813 0.0460334
37.6822 69.9813 0.349181
48.4486 69.9813 0.154505
59.215 69.9813 0.309662
69.9813 69.9813 0.205723
5.38318 80.7477 -0.228449
16.1495 80.7477 -0.300707
26.9159 80.7477 -0.294611
37.6822 80.7477 -0.245918
48.4486 80.7477 -0.253562
59.215 80.7477 -0.139735
69.9813 80.7477 -0.0414017
5.38318 91.514 -0.281476
16.1495 91.514 -0.419267
26.9159 91.514 -0.454989
37.6822 91.514 -0.465053
48.4486 91.514 -0.474093
59.215 91.514 -0.364841
69.9813 91.514 -0.168896
5.38318 102.28 -0.295658
16.1495 102.28 -0.449158
26.9159 102.28 -0.462437
37.6822 102.28 -0.463365
48.4486 102.28 -0.437371
59.215 102.28 -0.342601
69.9813 102.28 -0.146122
5.38318 113.047 -0.296152
16.1495 113.047 -0.441798
26.9159 113.047 -0.439914
37.6822 113.047 -0.417907
48.4486 113.047 -0.40072
59.215 113.047 -0.311806
69.9813 113.047 -0.135598
5.38318 123.813 -0.249563
16.1495 123.813 -0.346063
26.9159 123.813 -0.300311
37.6822 123.813 -0.269979
48.4486 123.813 -0.271315
59.215 123.813 -0.213487
69.9813 123.813 -0.0815078
5.38318 134.579 -0.125245
16.1495 134.579 -0.141107
26.9159 134.579 -0.0450408
37.6822 134.579 0.017904
48.4486 134.579 0.0367168
59.215 134.579 0.0385798
69.9813 134.579 0.145446
5.38318 145.346 0.29063
16.1495 145.346 0.56101
26.9159 145.346 0.863247
37.6822 145.346 0.978078
48.4486 145.346 1.01568
59.215 145.346 0.833182
69.9813 145.346 0.608305
5.38318 156.112 0.846893
16.1495 156.112 1.4206
26.9159 156.112 1.80693
37.6822 156.112 1.89534
48.4486 156.112 1.9772
59.215 156.112 1.70359
69.9813 156.112 1.14941
5.38318 166.879 1.45151
16.1495 166.879 2.31643
26.9159 166.879 2.51867
37.6822 166.879 2.48496
48.4486 166.879 2.51787
59.215 166.879 2.33553
69.9813 166.879 1.5518
5.38318 177.645 1.62878
16.1495 177.645 2.66018
26.9159 177.645 2.77765
37.6822 177.645 2.69029
48.4486 177.645 2.64227
59.215 177.645 2.56832
69.9813 177.645 1.71573
5.38318 188.411 1.53729
16.1495 188.411 2.60704
26.9159 188.411 2.58779
37.6822 188.411 2.47574
48.4486 188.411 2.16459
59.215 188.411 2.22467
69.9813 188.411 1.45118
5.38318 199.178 0.832765
16.1495 199.178 1.68586
26.9159 199.178 1.68212
37.6822 199.178 1.76066
48.4486 199.178 1.40623
59.215 199.178 1.54471
69.9813 199.178 1.01296
5.38318 209.944 0.429558
16.1495 209.944 0.987372
26.9159 209.944 0.945094
37.6822 209.944 0.937222
48.4486 209.944 0.609277
59.215 209.944 0.795356
69.9813 209.944 0.556865
