37 37
0 17 72 40
0 1 72 72
0 0 72 82
0 0 72 144
0 0 72 216
5.38318 5.38318 0.27354
16.1495 5.38318 0.622363
26.9159 5.38318 1.19406
37.6822 5.38318 1.34898
48.4486 5.38318 1.22323
59.215 5.38318 0.683944
69.9813 5.38318 0.377722
5.38318 16.1495 0.539234
16.1495 16.1495 1.54125
26.9159 16.1495 2.73325
37.6822 16.1495 3.06841
48.4486 16.1495 2.73684
59.215 16.1495 1.61946
69.9813 16.1495 0.880968
5.38318 26.9159 0.763685
16.1495 26.9159 2.16662
26.9159 26.9159 4.03962
37.6822 26.9159 4.60526
48.4486 26.9159 4.07939
59.215 26.9159 2.34121
69.9813 26.9159 1.16312
5.38318 37.6822 1.0699
16.1495 37.6822 2.51501
26.9159 37.6822 4.41714
37.6822 37.6822 4.99414
48.4486 37.6822 4.34841
59.215 37.6822 2.52035
69.9813 37.6822 1.21479
5.38318 48.4486 1.17041
16.1495 48.4486 2.33159
26.9159 48.4486 3.64452
37.6822 48.4486 3.83223
48.4486 48.4486 3.31024
59.215 48.4486 2.05603
69.9813 48.4486 1.09851
5.38318 59.215 0.831002
16.1495 59.215 1.56544
26.9159 59.215 1.90834
37.6822 59.215 1.71988
48.4486 59.215 1.42886
59.215 59.215 1.10138
69.9813 59.215 0.843855
5.38318 69.9813 0.44128
16.1495 69.9813 0.966454
26.9159 69.9813 1.05588
37.6822 69.9813 0.886572
48.4486 69.9813 0.77954
59.215 69.9813 0.853791
69.9813 69.9813 0.811225
5.38318 80.7477 -0.113746
16.1495 80.7477 -0.0272727
26.9159 80.7477 0.167852
37.6822 80.7477 0.0650009
48.4486 80.7477 0.084143
59.215 80.7477 0.293211
69.9813 80.7477 0.466472
5.38318 91.514 -0.329368
16.1495 91.514 -0.431706
26.9159 91.514 -0.348033
37.6822 91.514 -0.299514
48.4486 91.514 -0.282054
59.215 91.514 -0.183386
69.9813 91.514 -0.0206841
5.38318 102.28 -0.313075
16.1495 102.28 -0.440451
26.9159 102.28 -0.360106
37.6822 102.28 -0.306806
48.4486 102.28 -0.315677
59.215 102.28 -0.257856
69.9813 102.28 -0.115628
5.38318 113.047 -0.299848
16.1495 113.047 -0.453865
26.9159 113.047 -0.457173
37.6822 113.047 -0.440845
48.4486 113.047 -0.425039
59.215 113.047 -0.333791
69.9813 113.047 -0.148054
5.38318 123.813 -0.265775
16.1495 123.813 -0.410653
26.9159 123.813 -0.391177
37.6822 123.813 -0.404082
48.4486 123.813 -0.391597
59.215 123.813 -0.307924
69.9813 123.813 -0.130134
5.38318 134.579 -0.173953
16.1495 134.579 -0.272777
26.9159 134.579 -0.229979
37.6822 134.579 -0.272285
48.4486 134.579 -0.257916
59.215 134.579 -0.207584
69.9813 134.579 -0.0652108
5.38318 145.346 -0.0144432
16.1495 145.346 -0.0466647
26.9159 145.346 0.0482165
37.6822 145.346 -0.0805367
48.4486 145.346 -0.0406624
59.215 145.346 -0.021067
69.9813 145.346 0.162983
5.38318 156.112 0.366531
16.1495 156.112 0.6225
26.9159 156.112 1.08938
37.6822 156.112 0.890614
48.4486 156.112 1.02559
59.215 156.112 0.725376
69.9813 156.112 0.603721
5.38318 166.879 0.732504
16.1495 166.879 1.27759
26.9159 166.879 2.14379
37.6822 166.879 1.93707
48.4486 166.879 2.10689
59.215 166.879 1.5041
69.9813 166.879 1.06539
5.38318 177.645 1.06296
16.1495 177.645 2.1236
26.9159 177.645 3.51885
37.6822 177.645 3.50829
48.4486 177.645 3.50738
59.215 177.645 2.36422
69.9813 177.645 1.4842
5.38318 188.411 1.09266
16.1495 188.411 2.31118
26.9159 188.411 4.04502
37.6822 188.411 4.24453
48.4486 188.411 4.077
59.215 188.411 2.6872
69.9813 188.411 1.581
5.38318 199.178 0.841244
16.1495 199.178 2.02378
26.9159 199.178 3.74805
37.6822 199.178 4.11727
48.4486 199.178 3.66427
59.215 199.178 2.35559
69.9813 199.178 1.27142
5.38318 209.944 0.408514
16.1495 209.944 0.951965
26.9159 209.944 1.85519
37.6822 209.944 1.94371
48.4486 209.944 1.62064
59.215 209.944 1.0554
69.9813 209.944 0.568719
