37 177
0 157 72 40
0 141 72 72
0 134 72 82
0 72 72 144
0 0 72 216
5.38318 5.38318 0.67188
16.1495 5.38318 0.992363
26.9159 5.38318 1.40753
37.6822 5.38318 1.54648
48.4486 5.38318 1.80276
59.215 5.38318 1.52318
69.9813 5.38318 1.0654
5.38318 16.1495 1.08097
16.1495 16.1495 1.85932
26.9159 16.1495 2.45074
37.6822 16.1495 2.5775
48.4486 16.1495 2.96577
59.215 16.1495 2.61926
69.9813 16.1495 1.87734
5.38318 26.9159 1.23122
16.1495 26.9159 2.01185
26.9159 26.9159 2.45974
37.6822 26.9159 2.35421
48.4486 26.9159 2.72955
59.215 26.9159 2.57093
69.9813 26.9159 2.00751
5.38318 37.6822 1.33155
16.1495 37.6822 1.9356
26.9159 37.6822 1.94327
37.6822 37.6822 1.26446
48.4486 37.6822 1.32721
59.215 37.6822 1.42774
69.9813 37.6822 1.3489
5.38318 48.4486 1.50836
16.1495 48.4486 2.15617
26.9159 48.4486 1.83069
37.6822 48.4486 0.731221
48.4486 48.4486 0.228937
59.215 48.4486 0.34001
69.9813 48.4486 0.651055
5.38318 59.215 1.47216
16.1495 59.215 2.1434
26.9159 59.215 1.76724
37.6822 59.215 0.677077
48.4486 59.215 0.0653663
59.215 59.215 0.163897
69.9813 59.215 0.475915
5.38318 69.9813 1.0567
16.1495 69.9813 1.57196
26.9159 69.9813 1.27649
37.6822 69.9813 0.320211
48.4486 69.9813 -0.175559
59.215 69.9813 -0.136552
69.9813 69.9813 0.0867376
5.38318 80.7477 0.261367
16.1495 80.7477 0.462848
26.9159 80.7477 0.378455
37.6822 80.7477 -0.104836
48.4486 80.7477 -0.305271
59.215 80.7477 -0.249481
69.9813 80.7477 -0.0958027
5.38318 91.514 -0.130181
16.1495 91.514 -0.183802
26.9159 91.514 -0.188606
37.6822 91.514 -0.340532
48.4486 91.514 -0.459983
59.215 91.514 -0.398151
69.9813 91.514 -0.201417
5.38318 102.28 -0.26481
16.1495 102.28 -0.383437
26.9159 102.28 -0.338095
37.6822 102.28 -0.357829
48.4486 102.28 -0.38498
59.215 102.28 -0.307982
69.9813 102.28 -0.144218
5.38318 113.047 -0.297863
16.1495 113.047 -0.447378
26.9159 113.047 -0.452103
37.6822 113.047 -0.434701
48.4486 113.047 -0.419673
59.215 113.047 -0.32247
69.9813 113.047 -0.143035
5.38318 123.813 -0.273472
16.1495 123.813 -0.406603
26.9159 123.813 -0.36529
37.6822 123.813 -0.360551
48.4486 123.813 -0.357081
59.215 123.813 -0.271252
69.9813 123.813 -0.113358
5.38318 134.579 -0.184982
16.1495 134.579 -0.231859
26.9159 134.579 -0.121412
37.6822 134.579 -0.0939342
48.4486 134.579 -0.120274
59.215 134.579 -0.0736575
69.9813 134.579 -0.0100303
5.38318 145.346 -0.0231207
16.1495 145.346 0.25032
26.9159 145.346 0.739051
37.6822 145.346 0.922406
48.4486 145.346 0.804809
59.215 145.346 0.66824
69.9813 145.346 0.432342
5.38318 156.112 0.314806
16.1495 156.112 1.11275
26.9159 156.112 2.05719
37.6822 156.112 2.47373
48.4486 156.112 2.26349
59.215 156.112 1.72692
69.9813 156.112 0.997956
5.38318 166.879 0.618175
16.1495 166.879 1.88657
26.9159 166.879 3.06528
37.6822 166.879 3.79781
48.4486 166.879 3.56326
59.215 166.879 2.59584
69.9813 166.879 1.47927
5.38318 177.645 0.717129
16.1495 177.645 2.04153
26.9159 177.645 3.31976
37.6822 177.645 4.32645
48.4486 177.645 4.2218
59.215 177.645 3.09815
69.9813 177.645 1.74825
5.38318 188.411 0.77248
16.1495 188.411 1.93411
26.9159 188.411 2.98573
37.6822 188.411 3.79692
48.4486 188.411 3.71828
59.215 188.411 2.83661
69.9813 188.411 1.67682
5.38318 199.178 0.633958
16.1495 199.178 1.42013
26.9159 199.178 2.01405
37.6822 199.178 2.33147
48.4486 199.178 2.41038
59.215 199.178 2.12423
69.9813 199.178 1.44431
5.38318 209.944 0.556128
16.1495 209.944 1.05155
26.9159 209.944 1.40201
37.6822 209.944 1.34868
48.4486 209.944 1.43732
59.215 209.944 1.41671
69.9813 209.944 1.09614
