37 166
0 146 72 40
0 130 72 72
0 125 72 82
0 72 72 144
0 0 72 216
5.38318 5.38318 0.889973
16.1495 5.38318 1.40829
26.9159 5.38318 1.70072
37.6822 5.38318 1.73721
48.4486 5.38318 1.55028
59.215 5.38318 1.21812
69.9813 5.38318 0.693137
5.38318 16.1495 1.53944
16.1495 16.1495 2.63588
26.9159 16.1495 3.18462
37.6822 16.1495 3.20991
48.4486 16.1495 2.90817
59.215 16.1495 2.32996
69.9813 16.1495 1.36723
5.38318 26.9159 1.78542
16.1495 26.9159 3.17585
26.9159 26.9159 3.83193
37.6822 26.9159 3.90631
48.4486 26.9159 3.5195
59.215 26.9159 2.86107
69.9813 26.9159 1.66832
5.38318 37.6822 1.65816
16.1495 37.6822 2.80908
26.9159 37.6822 3.38137
37.6822 37.6822 3.40725
48.4486 37.6822 3.06165
59.215 37.6822 2.53616
69.9813 37.6822 1.48018
5.38318 48.4486 1.38431
16.1495 48.4486 2.33625
26.9159 48.4486 2.94694
37.6822 48.4486 2.91078
48.4486 48.4486 2.53697
59.215 48.4486 2.10152
69.9813 48.4486 1.2532
5.38318 59.215 1.22606
16.1495 59.215 2.01332
26.9159 59.215 2.66293
37.6822 59.215 2.54618
48.4486 59.215 2.26625
59.215 59.215 1.93452
69.9813 59.215 1.21736
5.38318 69.9813 0.800106
16.1495 69.9813 1.32616
26.9159 69.9813 1.95931
37.6822 69.9813 1.88797
48.4486 69.9813 1.77254
59.215 69.9813 1.60226
69.9813 69.9813 1.06153
5.38318 80.7477 0.1157
16.1495 80.7477 0.204354
26.9159 80.7477 0.534202
37.6822 80.7477 0.416223
48.4486 80.7477 0.378581
59.215 80.7477 0.491815
69.9813 80.7477 0.451775
5.38318 91.514 -0.186431
16.1495 91.514 -0.283781
26.9159 91.514 -0.237877
37.6822 91.514 -0.268599
48.4486 91.514 -0.255076
59.215 91.514 -0.175828
69.9813 91.514 -0.0193909
5.38318 102.28 -0.282149
16.1495 102.28 -0.430185
26.9159 102.28 -0.407783
37.6822 102.28 -0.421552
48.4486 102.28 -0.424798
59.215 102.28 -0.33815
69.9813 102.28 -0.15193
5.38318 113.047 -0.291532
16.1495 113.047 -0.446299
26.9159 113.047 -0.446241
37.6822 113.047 -0.440608
48.4486 113.047 -0.417481
59.215 113.047 -0.31429
69.9813 113.047 -0.131687
5.38318 123.813 -0.137918
16.1495 123.813 -0.231594
26.9159 123.813 -0.185614
37.6822 123.813 -0.203146
48.4486 123.813 -0.184956
59.215 123.813 -0.13399
69.9813 123.813 -0.00680179
5.38318 134.579 0.285982
16.1495 134.579 0.394646
26.9159 134.579 0.66417
37.6822 134.579 0.599097
48.4486 134.579 0.583331
59.215 134.579 0.452007
69.9813 134.579 0.438805
5.38318 145.346 1.19203
16.1495 145.346 1.99824
26.9159 145.346 2.72193
37.6822 145.346 2.73274
48.4486 145.346 2.50517
59.215 145.346 1.86579
69.9813 145.346 1.18735
5.38318 156.112 1.73987
16.1495 156.112 3.1889
26.9159 156.112 4.52408
37.6822 156.112 4.66702
48.4486 156.112 4.1411
59.215 156.112 2.88992
69.9813 156.112 1.66365
5.38318 166.879 1.73719
16.1495 166.879 3.53786
26.9159 166.879 5.35565
37.6822 166.879 5.80766
48.4486 166.879 4.99601
59.215 166.879 3.29075
69.9813 166.879 1.70006
5.38318 177.645 1.04751
16.1495 177.645 2.525
26.9159 177.645 4.05003
37.6822 177.645 4.44001
48.4486 177.645 3.55771
59.215 177.645 2.1543
69.9813 177.645 1.00552
5.38318 188.411 0.297054
16.1495 188.411 1.04136
26.9159 188.411 1.85859
37.6822 188.411 2.20493
48.4486 188.411 1.63773
59.215 188.411 0.944701
69.9813 188.411 0.389293
5.38318 199.178 -0.042693
16.1495 199.178 0.351165
26.9159 199.178 1.0334
37.6822 199.178 1.49241
48.4486 199.178 0.991964
59.215 199.178 0.525069
69.9813 199.178 0.103013
5.38318 209.944 -0.0912829
16.1495 209.944 0.0917782
26.9159 209.944 0.823238
37.6822 209.944 1.2652
48.4486 209.944 1.0515
59.215 209.944 0.574706
69.9813 209.944 0.185233
