26 37
0 17 72 40
0 1 72 72
0 0 72 82
0 0 72 144
0 0 72 216
5.38318 5.38318 0.873427
16.1495 5.38318 1.4155
26.9159 5.38318 1.62987
37.6822 5.38318 1.47899
48.4486 5.38318 1.07531
59.215 5.38318 0.757035
69.9813 5.38318 0.403066
5.38318 16.1495 1.58834
16.1495 16.1495 2.88097
26.9159 16.1495 3.37244
37.6822 16.1495 3.04186
48.4486 16.1495 2.24254
59.215 16.1495 1.61041
69.9813 16.1495 0.934605
5.38318 26.9159 2.09715
16.1495 26.9159 4.07909
26.9159 26.9159 4.89922
37.6822 26.9159 4.44583
48.4486 26.9159 3.13418
59.215 26.9159 2.16539
69.9813 26.9159 1.23934
5.38318 37.6822 1.97257
16.1495 37.6822 4.03003
26.9159 37.6822 5.02614
37.6822 37.6822 4.59369
48.4486 37.6822 3.26347
59.215 37.6822 2.23024
69.9813 37.6822 1.31284
5.38318 48.4486 1.51975
16.1495 48.4486 3.11505
26.9159 48.4486 3.90668
37.6822 48.4486 3.60918
48.4486 48.4486 2.60871
59.215 48.4486 1.85443
69.9813 48.4486 1.13277
5.38318 59.215 0.560712
16.1495 59.215 1.11249
26.9159 59.215 1.65418
37.6822 59.215 1.70494
48.4486 59.215 1.33602
59.215 59.215 1.15241
69.9813 59.215 0.729023
5.38318 69.9813 0.261446
16.1495 69.9813 0.403773
26.9159 69.9813 0.763125
37.6822 69.9813 0.815142
48.4486 69.9813 0.587394
59.215 69.9813 0.654624
69.9813 69.9813 0.415465
5.38318 80.7477 -0.0111927
16.1495 80.7477 -0.00487072
26.9159 80.7477 0.216444
37.6822 80.7477 0.267671
48.4486 80.7477 -0.000281965
59.215 80.7477 0.189209
69.9813 80.7477 0.115597
5.38318 91.514 -0.171839
16.1495 91.514 -0.261912
26.9159 91.514 -0.171766
37.6822 91.514 -0.179235
48.4486 91.514 -0.204244
59.215 91.514 -0.143753
69.9813 91.514 -0.0607222
5.38318 102.28 -0.219729
16.1495 102.28 -0.309084
26.9159 102.28 -0.243815
37.6822 102.28 -0.25263
48.4486 102.28 -0.285899
59.215 102.28 -0.240324
69.9813 102.28 -0.112784
5.38318 113.047 -0.294118
16.1495 113.047 -0.443537
26.9159 113.047 -0.442879
37.6822 113.047 -0.433002
48.4486 113.047 -0.420187
59.215 113.047 -0.325975
69.9813 113.047 -0.144368
5.38318 123.813 -0.234563
16.1495 123.813 -0.339171
26.9159 123.813 -0.303778
37.6822 123.813 -0.293165
48.4486 123.813 -0.305819
59.215 123.813 -0.244987
69.9813 123.813 -0.10737
5.38318 134.579 -0.0696975
16.1495 134.579 -0.0753275
26.9159 134.579 -0.0268132
37.6822 134.579 -0.0122106
48.4486 134.579 -0.0860256
59.215 134.579 -0.0451921
69.9813 134.579 0.00245564
5.38318 145.346 0.437764
16.1495 145.346 0.773974
26.9159 145.346 0.990362
37.6822 145.346 1.05142
48.4486 145.346 0.797305
59.215 145.346 0.684859
69.9813 145.346 0.455257
5.38318 156.112 0.866316
16.1495 156.112 1.44032
26.9159 156.112 1.62579
37.6822 156.112 1.69298
48.4486 156.112 1.43928
59.215 156.112 1.42721
69.9813 156.112 0.918818
5.38318 166.879 0.960357
16.1495 166.879 1.56591
26.9159 166.879 1.79687
37.6822 166.879 1.81549
48.4486 166.879 1.68115
59.215 166.879 1.72024
69.9813 166.879 1.15782
5.38318 177.645 0.680199
16.1495 177.645 1.08119
26.9159 177.645 1.26223
37.6822 177.645 1.24469
48.4486 177.645 1.1355
59.215 177.645 1.45229
69.9813 177.645 1.09973
5.38318 188.411 0.364103
16.1495 188.411 0.514601
26.9159 188.411 0.779188
37.6822 188.411 0.783988
48.4486 188.411 0.566079
59.215 188.411 0.858854
69.9813 188.411 0.722796
5.38318 199.178 0.568611
16.1495 199.178 0.832154
26.9159 199.178 1.29348
37.6822 199.178 1.37825
48.4486 199.178 1.06274
59.215 199.178 1.16358
69.9813 199.178 0.854774
5.38318 209.944 0.561017
16.1495 209.944 0.89369
26.9159 209.944 1.35453
37.6822 209.944 1.44788
48.4486 209.944 1.2097
59.215 209.944 1.16337
69.9813 209.944 0.772863
