37 188
0 168 72 40
0 144 72 72
0 134 72 82
0 72 72 144
0 0 72 216
5.38318 5.38318 0.558052
16.1495 5.38318 0.92362
26.9159 5.38318 1.192
37.6822 5.38318 1.19673
48.4486 5.38318 1.14456
59.215 5.38318 0.813999
69.9813 5.38318 0.520695
5.38318 16.1495 0.741093
16.1495 16.1495 1.37341
26.9159 16.1495 1.83439
37.6822 16.1495 1.87747
48.4486 16.1495 1.84204
59.215 16.1495 1.40428
69.9813 16.1495 0.960731
5.38318 26.9159 0.368558
16.1495 26.9159 0.799907
26.9159 26.9159 1.25
37.6822 26.9159 1.22513
48.4486 26.9159 1.14036
59.215 26.9159 0.868498
69.9813 26.9159 0.716286
5.38318 37.6822 -0.0762135
16.1495 37.6822 -0.0278866
26.9159 37.6822 0.327628
37.6822 37.6822 0.339465
48.4486 37.6822 0.217823
59.215 37.6822 0.102734
69.9813 37.6822 0.253513
5.38318 48.4486 -0.175983
16.1495 48.4486 -0.229873
26.9159 48.4486 -0.038128
37.6822 48.4486 -0.0490485
48.4486 48.4486 -0.144993
59.215 48.4486 -0.189547
69.9813 48.4486 -0.0473622
5.38318 59.215 -0.252561
16.1495 59.215 -0.387487
26.9159 59.215 -0.286826
37.6822 59.215 -0.354357
48.4486 59.215 -0.376444
59.215 59.215 -0.353428
69.9813 59.215 -0.113049
5.38318 69.9813 -0.370441
16.1495 69.9813 -0.619203
26.9159 69.9813 -0.608414
37.6822 69.9813 -0.694294
48.4486 69.9813 -0.678326
59.215 69.9813 -0.529986
69.9813 69.9813 -0.19
5.38318 80.7477 -0.512236
16.1495 80.7477 -0.859966
26.9159 80.7477 -0.923506
37.6822 80.7477 -0.967034
48.4486 80.7477 -0.918107
59.215 80.7477 -0.68028
69.9813 80.7477 -0.269857
5.38318 91.514 -0.584852
16.1495 91.514 -0.950832
26.9159 91.514 -1.06369
37.6822 91.514 -1.06407
48.4486 91.514 -1.01373
59.215 91.514 -0.78483
69.9813 91.514 -0.328465
5.38318 102.28 -0.596359
16.1495 102.28 -0.962618
26.9159 102.28 -1.06387
37.6822 102.28 -1.06618
48.4486 102.28 -1.01263
59.215 102.28 -0.798485
69.9813 102.28 -0.350751
5.38318 113.047 -0.563604
16.1495 113.047 -0.90672
26.9159 113.047 -0.993877
37.6822 113.047 -0.994762
48.4486 113.047 -0.934318
59.215 113.047 -0.689377
69.9813 113.047 -0.279005
5.38318 123.813 -0.374001
16.1495 123.813 -0.636247
26.9159 123.813 -0.720748
37.6822 123.813 -0.751503
48.4486 123.813 -0.662936
59.215 123.813 -0.370357
69.9813 123.813 -0.0695449
5.38318 134.579 0.0615345
16.1495 134.579 -0.0356914
26.9159 134.579 -0.162035
37.6822 134.579 -0.207775
48.4486 134.579 -0.0272978
59.215 134.579 0.6166
69.9813 134.579 0.739327
5.38318 145.346 1.28783
16.1495 145.346 1.89181
26.9159 145.346 1.58717
37.6822 145.346 1.37475
48.4486 145.346 1.7554
59.215 145.346 2.16395
69.9813 145.346 1.6362
5.38318 156.112 1.75096
16.1495 156.112 2.68067
26.9159 156.112 2.67306
37.6822 156.112 2.53376
48.4486 156.112 2.80491
59.215 156.112 2.92548
69.9813 156.112 2.09734
5.38318 166.879 1.57863
16.1495 166.879 2.71401
26.9159 166.879 3.21977
37.6822 166.879 3.31094
48.4486 166.879 3.27274
59.215 166.879 2.93923
69.9813 166.879 1.89953
5.38318 177.645 1.01226
16.1495 177.645 2.24475
26.9159 177.645 3.45485
37.6822 177.645 3.72854
48.4486 177.645 3.24187
59.215 177.645 2.2179
69.9813 177.645 1.2536
5.38318 188.411 0.745024
16.1495 188.411 1.95414
26.9159 188.411 3.44529
37.6822 188.411 3.78384
48.4486 188.411 3.23828
59.215 188.411 2.05311
69.9813 188.411 1.12789
5.38318 199.178 0.563651
16.1495 199.178 1.51219
26.9159 199.178 2.68624
37.6822 199.178 2.87319
48.4486 199.178 2.37681
59.215 199.178 1.5335
69.9813 199.178 0.88118
5.38318 209.944 0.25136
16.1495 209.944 0.597311
26.9159 209.944 1.09563
37.6822 209.944 1.12509
48.4486 209.944 0.994835
59.215 209.944 0.84599
69.9813 209.944 0.625215
