48 177
0 157 72 40
0 141 72 72
0 134 72 82
0 72 72 144
0 0 72 216
5.38318 5.38318 0.131001
16.1495 5.38318 0.156307
26.9159 5.38318 0.315255
37.6822 5.38318 0.275515
48.4486 5.38318 0.247664
59.215 5.38318 0.193856
69.9813 5.38318 0.162395
5.38318 16.1495 0.274685
16.1495 16.1495 0.64691
26.9159 16.1495 1.20705
37.6822 16.1495 1.22672
48.4486 16.1495 1.18137
59.215 16.1495 0.801589
69.9813 16.1495 0.567752
5.38318 26.9159 0.258223
16.1495 26.9159 0.90188
26.9159 26.9159 1.95368
37.6822 26.9159 2.06488
48.4486 26.9159 1.95939
59.215 26.9159 1.05702
69.9813 26.9159 0.682718
5.38318 37.6822 0.647876
16.1495 37.6822 1.78158
26.9159 37.6822 3.23295
37.6822 37.6822 3.49413
48.4486 37.6822 3.293
59.215 37.6822 1.95306
69.9813 37.6822 1.10352
5.38318 48.4486 0.601036
16.1495 48.4486 1.73757
26.9159 48.4486 3.25917
37.6822 48.4486 3.54117
48.4486 48.4486 3.26196
59.215 48.4486 1.85227
69.9813 48.4486 0.992294
5.38318 59.215 0.173465
16.1495 59.215 0.905917
26.9159 59.215 2.23816
37.6822 59.215 2.33744
48.4486 59.215 1.99936
59.215 59.215 0.80429
69.9813 59.215 0.397856
5.38318 69.9813 -0.284902
16.1495 69.9813 -0.351026
26.9159 69.9813 -0.138126
37.6822 69.9813 -0.208937
48.4486 69.9813 -0.346928
59.215 69.9813 -0.422813
69.9813 69.9813 -0.210258
5.38318 80.7477 -0.502023
16.1495 80.7477 -0.785935
26.9159 80.7477 -0.78144
37.6822 80.7477 -0.83231
48.4486 80.7477 -0.866306
59.215 80.7477 -0.71845
69.9813 80.7477 -0.334337
5.38318 91.514 -0.570025
16.1495 91.514 -0.921931
26.9159 91.514 -1.02649
37.6822 91.514 -1.06022
48.4486 91.514 -1.01611
59.215 91.514 -0.813528
69.9813 91.514 -0.359037
5.38318 102.28 -0.586939
16.1495 102.28 -0.943214
26.9159 102.28 -1.03764
37.6822 102.28 -1.05011
48.4486 102.28 -0.997989
59.215 102.28 -0.791795
69.9813 102.28 -0.346331
5.38318 113.047 -0.582245
16.1495 113.047 -0.929833
26.9159 113.047 -1.00904
37.6822 113.047 -1.00835
48.4486 113.047 -0.954588
59.215 113.047 -0.748323
69.9813 113.047 -0.321891
5.38318 123.813 -0.570225
16.1495 123.813 -0.906877
26.9159 123.813 -0.968827
37.6822 123.813 -0.951137
48.4486 123.813 -0.881386
59.215 123.813 -0.623477
69.9813 123.813 -0.243233
5.38318 134.579 -0.531947
16.1495 134.579 -0.822763
26.9159 134.579 -0.762468
37.6822 134.579 -0.687816
48.4486 134.579 -0.557746
59.215 134.579 -0.343886
69.9813 134.579 -0.0771635
5.38318 145.346 -0.427697
16.1495 145.346 -0.561231
26.9159 145.346 -0.270539
37.6822 145.346 -0.0650479
48.4486 145.346 0.326987
59.215 145.346 0.500185
69.9813 145.346 0.550806
5.38318 156.112 -0.255398
16.1495 156.112 -0.123156
26.9159 156.112 1.07164
37.6822 156.112 1.91607
48.4486 156.112 2.29618
59.215 156.112 1.94283
69.9813 156.112 1.30484
5.38318 166.879 -0.0969008
16.1495 166.879 0.755852
26.9159 166.879 2.63635
37.6822 166.879 3.85861
48.4486 166.879 4.13229
59.215 166.879 3.16985
69.9813 166.879 1.82785
5.38318 177.645 0.278413
16.1495 177.645 1.60645
26.9159 177.645 3.467
37.6822 177.645 4.98194
48.4486 177.645 5.06501
59.215 177.645 3.8384
69.9813 177.645 2.07802
5.38318 188.411 0.836231
16.1495 188.411 2.17451
26.9159 188.411 3.54589
37.6822 188.411 4.58608
48.4486 188.411 4.38099
59.215 188.411 3.20424
69.9813 188.411 1.71502
5.38318 199.178 1.50966
16.1495 199.178 2.83689
26.9159 199.178 3.13653
37.6822 199.178 2.9297
48.4486 199.178 2.37674
59.215 199.178 1.7002
69.9813 199.178 1.13734
5.38318 209.944 1.52322
16.1495 209.944 2.67673
26.9159 209.944 2.66463
37.6822 209.944 1.91587
48.4486 209.944 1.28338
59.215 209.944 0.707617
69.9813 209.944 0.654458
