37 177
0 157 72 40
0 141 72 72
0 134 72 82
0 72 72 144
0 0 72 216
5.38318 5.38318 -0.101951
16.1495 5.38318 -0.118992
26.9159 5.38318 0.343074
37.6822 5.38318 1.04419
48.4486 5.38318 1.37977
59.215 5.38318 1.11729
69.9813 5.38318 0.676346
5.38318 16.1495 -0.255432
16.1495 16.1495 -0.187599
26.9159 16.1495 0.779729
37.6822 16.1495 2.08641
48.4486 16.1495 2.7015
59.215 16.1495 2.2468
69.9813 16.1495 1.38397
5.38318 26.9159 -0.504451
16.1495 26.9159 -0.507546
26.9159 26.9159 0.473713
37.6822 26.9159 2.32252
48.4486 26.9159 3.07781
59.215 26.9159 2.50172
69.9813 26.9159 1.51536
5.38318 37.6822 -0.415272
16.1495 37.6822 -0.345644
26.9159 37.6822 0.703579
37.6822 37.6822 2.33576
48.4486 37.6822 2.91193
59.215 37.6822 2.31101
69.9813 37.6822 1.42922
5.38318 48.4486 -0.198526
16.1495 48.4486 -0.0351786
26.9159 48.4486 1.10705
37.6822 48.4486 2.35135
48.4486 48.4486 2.5843
59.215 48.4486 1.92171
69.9813 48.4486 1.12887
5.38318 59.215 -0.0298825
16.1495 59.215 0.368348
26.9159 59.215 0.958823
37.6822 59.215 1.44056
48.4486 59.215 1.36515
59.215 59.215 0.906941
69.9813 59.215 0.666631
5.38318 69.9813 -0.0281341
16.1495 69.9813 0.163655
26.9159 69.9813 0.275235
37.6822 69.9813 0.107357
48.4486 69.9813 -0.250804
59.215 69.9813 -0.268957
69.9813 69.9813 -0.095171
5.38318 80.7477 -0.235777
16.1495 80.7477 -0.330548
26.9159 80.7477 -0.41769
37.6822 80.7477 -0.559338
48.4486 80.7477 -0.77848
59.215 80.7477 -0.663371
69.9813 80.7477 -0.312535
5.38318 91.514 -0.484323
16.1495 91.514 -0.756505
26.9159 91.514 -0.824847
37.6822 91.514 -0.902329
48.4486 91.514 -0.979898
59.215 91.514 -0.80484
69.9813 91.514 -0.377329
5.38318 102.28 -0.557076
16.1495 102.28 -0.879165
26.9159 102.28 -0.956522
37.6822 102.28 -0.973016
48.4486 102.28 -0.963069
59.215 102.28 -0.78807
69.9813 102.28 -0.359469
5.38318 113.047 -0.58157
16.1495 113.047 -0.927533
26.9159 113.047 -1.00593
37.6822 113.047 -1.00166
48.4486 113.047 -0.949638
59.215 113.047 -0.744196
69.9813 113.047 -0.321124
5.38318 123.813 -0.562627
16.1495 123.813 -0.887724
26.9159 123.813 -0.944687
37.6822 123.813 -0.930424
48.4486 123.813 -0.878519
59.215 123.813 -0.652744
69.9813 123.813 -0.270663
5.38318 134.579 -0.502309
16.1495 134.579 -0.754671
26.9159 134.579 -0.700915
37.6822 134.579 -0.664338
48.4486 134.579 -0.612439
59.215 134.579 -0.456638
69.9813 134.579 -0.163342
5.38318 145.346 -0.237294
16.1495 145.346 -0.200799
26.9159 145.346 0.227178
37.6822 145.346 0.481019
48.4486 145.346 0.380145
59.215 145.346 0.158661
69.9813 145.346 0.194007
5.38318 156.112 0.320543
16.1495 156.112 1.18172
26.9159 156.112 2.33881
37.6822 156.112 2.63589
48.4486 156.112 2.30938
59.215 156.112 1.45989
69.9813 156.112 0.801185
5.38318 166.879 1.17385
16.1495 166.879 2.71694
26.9159 166.879 4.50478
37.6822 166.879 4.94698
48.4486 166.879 4.23688
59.215 166.879 2.63171
69.9813 166.879 1.32773
5.38318 177.645 1.34725
16.1495 177.645 3.03407
26.9159 177.645 5.07795
37.6822 177.645 5.52473
48.4486 177.645 4.7742
59.215 177.645 2.94005
69.9813 177.645 1.47784
5.38318 188.411 1.24592
16.1495 188.411 2.5719
26.9159 188.411 4.13374
37.6822 188.411 4.25824
48.4486 188.411 3.69187
59.215 188.411 2.34828
69.9813 188.411 1.29719
5.38318 199.178 0.435981
16.1495 199.178 0.810671
26.9159 199.178 1.24673
37.6822 199.178 1.22477
48.4486 199.178 1.31689
59.215 199.178 1.17619
69.9813 199.178 0.927476
5.38318 209.944 0.186168
16.1495 209.944 0.32116
26.9159 209.944 0.275904
37.6822 209.944 0.230243
48.4486 209.944 0.466289
59.215 209.944 0.737224
69.9813 209.944 0.698526
