37 188
0 168 72 40
0 144 72 72
0 134 72 82
0 72 72 144
0 0 72 216
5.38318 5.38318 0.021158
16.1495 5.38318 0.037019
26.9159 5.38318 0.166203
37.6822 5.38318 0.275923
48.4486 5.38318 0.254181
59.215 5.38318 0.20077
69.9813 5.38318 0.183265
5.38318 16.1495 -0.0915027
16.1495 16.1495 -0.0276814
26.9159 16.1495 0.273141
37.6822 16.1495 0.583736
48.4486 16.1495 0.624521
59.215 16.1495 0.515349
69.9813 16.1495 0.481001
5.38318 26.9159 -0.28224
16.1495 26.9159 -0.342896
26.9159 26.9159 -0.261318
37.6822 26.9159 -0.0871455
48.4486 26.9159 -0.0660809
59.215 26.9159 -0.0295862
69.9813 26.9159 0.243529
5.38318 37.6822 -0.269529
16.1495 37.6822 -0.351554
26.9159 37.6822 -0.241056
37.6822 37.6822 -0.0755877
48.4486 37.6822 -0.0704971
59.215 37.6822 -0.0530007
69.9813 37.6822 0.20696
5.38318 48.4486 -0.193528
16.1495 48.4486 -0.252944
26.9159 48.4486 -0.181568
37.6822 48.4486 -0.103719
48.4486 48.4486 -0.195677
59.215 48.4486 -0.181948
69.9813 48.4486 -0.00160866
5.38318 59.215 -0.255992
16.1495 59.215 -0.364991
26.9159 59.215 -0.326264
37.6822 59.215 -0.322792
48.4486 59.215 -0.435516
59.215 59.215 -0.403252
69.9813 59.215 -0.167682
5.38318 69.9813 -0.393879
16.1495 69.9813 -0.634205
26.9159 69.9813 -0.709701
37.6822 69.9813 -0.793628
48.4486 69.9813 -0.878983
59.215 69.9813 -0.695585
69.9813 69.9813 -0.310551
5.38318 80.7477 -0.524672
16.1495 80.7477 -0.857474
26.9159 80.7477 -0.972458
37.6822 80.7477 -1.01235
48.4486 80.7477 -0.996048
59.215 80.7477 -0.789841
69.9813 80.7477 -0.349623
5.38318 91.514 -0.570718
16.1495 91.514 -0.923779
26.9159 91.514 -1.03219
37.6822 91.514 -1.04951
48.4486 91.514 -1.00622
59.215 91.514 -0.788438
69.9813 91.514 -0.347793
5.38318 102.28 -0.586468
16.1495 102.28 -0.939451
26.9159 102.28 -1.02583
37.6822 102.28 -1.02646
48.4486 102.28 -0.97145
59.215 102.28 -0.767259
69.9813 102.28 -0.332007
5.38318 113.047 -0.57849
16.1495 113.047 -0.923807
26.9159 113.047 -0.999006
37.6822 113.047 -0.994635
48.4486 113.047 -0.941398
59.215 113.047 -0.731767
69.9813 113.047 -0.313955
5.38318 123.813 -0.541192
16.1495 123.813 -0.851296
26.9159 123.813 -0.884548
37.6822 123.813 -0.873131
48.4486 123.813 -0.816197
59.215 123.813 -0.602341
69.9813 123.813 -0.242276
5.38318 134.579 -0.40855
16.1495 134.579 -0.610534
26.9159 134.579 -0.566809
37.6822 134.579 -0.564281
48.4486 134.579 -0.537966
59.215 134.579 -0.37497
69.9813 134.579 -0.122354
5.38318 145.346 -0.163303
16.1495 145.346 -0.167013
26.9159 145.346 -0.0229368
37.6822 145.346 -0.00765439
48.4486 145.346 -0.0132083
59.215 145.346 0.112556
69.9813 145.346 0.272918
5.38318 156.112 0.430185
16.1495 156.112 0.990169
26.9159 156.112 1.54763
37.6822 156.112 1.51273
48.4486 156.112 1.39187
59.215 156.112 1.12343
69.9813 156.112 0.7878
5.38318 166.879 0.826441
16.1495 166.879 1.70387
26.9159 166.879 2.60092
37.6822 166.879 2.58994
48.4486 166.879 2.51097
59.215 166.879 1.85313
69.9813 166.879 1.19868
5.38318 177.645 1.10282
16.1495 177.645 2.30478
26.9159 177.645 3.90872
37.6822 177.645 3.99082
48.4486 177.645 3.7676
59.215 177.645 2.3521
69.9813 177.645 1.36219
5.38318 188.411 0.878941
16.1495 188.411 2.21785
26.9159 188.411 4.18992
37.6822 188.411 4.51876
48.4486 188.411 4.19374
59.215 188.411 2.44571
69.9813 188.411 1.34192
5.38318 199.178 0.490639
16.1495 199.178 1.6418
26.9159 199.178 3.38747
37.6822 199.178 3.65659
48.4486 199.178 3.24172
59.215 199.178 1.7248
69.9813 199.178 0.881156
5.38318 209.944 -0.00807225
16.1495 209.944 0.444732
26.9159 209.944 1.31482
37.6822 209.944 1.36632
48.4486 209.944 1.09855
59.215 209.944 0.42179
69.9813 209.944 0.288848
