48 37
0 17 72 40
0 1 72 72
0 0 72 82
0 0 72 144
0 0 72 216
5.38318 5.38318 0.386291
16.1495 5.38318 0.813962
26.9159 5.38318 1.16516
37.6822 5.38318 1.36741
48.4486 5.38318 1.37485
59.215 5.38318 1.07049
69.9813 5.38318 0.669576
5.38318 16.1495 0.671942
16.1495 16.1495 1.72978
26.9159 16.1495 2.57443
37.6822 16.1495 3.13782
48.4486 16.1495 3.14401
59.215 16.1495 2.43078
69.9813 16.1495 1.49464
5.38318 26.9159 0.712298
16.1495 26.9159 2.14268
26.9159 26.9159 3.67531
37.6822 26.9159 4.90477
48.4486 26.9159 5.02549
59.215 26.9159 3.88947
69.9813 26.9159 2.25559
5.38318 37.6822 1.0244
16.1495 37.6822 2.49336
26.9159 37.6822 4.2005
37.6822 37.6822 5.69454
48.4486 37.6822 5.87799
59.215 37.6822 4.51519
69.9813 37.6822 2.51885
5.38318 48.4486 1.45522
16.1495 48.4486 2.79398
26.9159 48.4486 3.92829
37.6822 48.4486 4.80551
48.4486 48.4486 4.78643
59.215 48.4486 3.63494
69.9813 48.4486 2.05412
5.38318 59.215 1.98851
16.1495 59.215 3.28936
26.9159 59.215 3.42166
37.6822 59.215 3.02091
48.4486 59.215 2.54591
59.215 59.215 2.0153
69.9813 59.215 1.34456
5.38318 69.9813 1.86189
16.1495 69.9813 2.95549
26.9159 69.9813 2.81017
37.6822 69.9813 2.04157
48.4486 69.9813 1.29516
59.215 69.9813 0.926683
69.9813 69.9813 0.831787
5.38318 80.7477 0.756009
16.1495 80.7477 1.3098
26.9159 80.7477 1.30111
37.6822 80.7477 0.883558
48.4486 80.7477 0.524399
59.215 80.7477 0.426194
69.9813 80.7477 0.525986
5.38318 91.514 -0.207529
16.1495 91.514 -0.284065
26.9159 91.514 -0.242513
37.6822 91.514 -0.231783
48.4486 91.514 -0.240776
59.215 91.514 -0.16728
69.9813 91.514 -0.00182174
5.38318 102.28 -0.280944
16.1495 102.28 -0.410411
26.9159 102.28 -0.34163
37.6822 102.28 -0.310863
48.4486 102.28 -0.289057
59.215 102.28 -0.213979
69.9813 102.28 -0.0676061
5.38318 113.047 -0.289474
16.1495 113.047 -0.427118
26.9159 113.047 -0.383908
37.6822 113.047 -0.363564
48.4486 113.047 -0.354125
59.215 113.047 -0.290084
69.9813 113.047 -0.126897
5.38318 123.813 -0.208343
16.1495 123.813 -0.251896
26.9159 123.813 -0.113531
37.6822 123.813 -0.0668002
48.4486 123.813 -0.0958867
59.215 123.813 -0.125831
69.9813 123.813 -0.0564673
5.38318 134.579 -0.0398339
16.1495 134.579 0.132918
26.9159 134.579 0.739375
37.6822 134.579 0.939339
48.4486 134.579 0.802247
59.215 134.579 0.481401
69.9813 134.579 0.293322
5.38318 145.346 0.377976
16.1495 145.346 1.00839
26.9159 145.346 1.91277
37.6822 145.346 2.27066
48.4486 145.346 2.10967
59.215 145.346 1.45606
69.9813 145.346 0.788931
5.38318 156.112 0.901563
16.1495 156.112 1.83402
26.9159 156.112 2.91841
37.6822 156.112 3.41514
48.4486 156.112 3.2188
59.215 156.112 2.33848
69.9813 156.112 1.25851
5.38318 166.879 1.31496
16.1495 166.879 2.61535
26.9159 166.879 3.90851
37.6822 166.879 4.29503
48.4486 166.879 3.89061
59.215 166.879 2.80221
69.9813 166.879 1.52852
5.38318 177.645 1.5982
16.1495 177.645 3.16105
26.9159 177.645 4.70919
37.6822 177.645 4.86934
48.4486 177.645 4.18784
59.215 177.645 2.91471
69.9813 177.645 1.64993
5.38318 188.411 1.50379
16.1495 188.411 3.06192
26.9159 188.411 4.79118
37.6822 188.411 4.86731
48.4486 188.411 3.97785
59.215 188.411 2.66144
69.9813 188.411 1.51806
5.38318 199.178 1.23772
16.1495 199.178 2.23111
26.9159 199.178 3.29244
37.6822 199.178 3.10293
48.4486 199.178 2.56907
59.215 199.178 1.88212
69.9813 199.178 1.24938
5.38318 209.944 0.724058
16.1495 209.944 1.02439
26.9159 209.944 1.23283
37.6822 209.944 1.01544
48.4486 209.944 0.923772
59.215 209.944 1.0082
69.9813 209.944 0.8151
