37 177
0 157 72 40
0 141 72 72
0 134 72 82
0 72 72 144
0 0 72 216
5.38318 5.38318 0.416452
16.1495 5.38318 0.523427
26.9159 5.38318 0.509172
37.6822 5.38318 0.302364
48.4486 5.38318 0.238283
59.215 5.38318 0.245665
69.9813 5.38318 0.24338
5.38318 16.1495 0.737182
16.1495 16.1495 1.35873
26.9159 16.1495 1.68481
37.6822 16.1495 1.41739
48.4486 16.1495 1.2748
59.215 16.1495 0.988854
69.9813 16.1495 0.745951
5.38318 26.9159 0.768729
16.1495 26.9159 1.6474
26.9159 26.9159 2.33565
37.6822 26.9159 2.13
48.4486 26.9159 1.92289
59.215 26.9159 1.40469
69.9813 26.9159 1.01917
5.38318 37.6822 1.1171
16.1495 37.6822 2.4097
26.9159 37.6822 3.69234
37.6822 37.6822 3.74868
48.4486 37.6822 3.43018
59.215 37.6822 2.31655
69.9813 37.6822 1.3962
5.38318 48.4486 1.08274
16.1495 48.4486 2.4927
26.9159 48.4486 4.27962
37.6822 48.4486 4.6086
48.4486 48.4486 4.26083
59.215 48.4486 2.73342
69.9813 48.4486 1.51989
5.38318 59.215 0.929343
16.1495 59.215 2.15934
26.9159 59.215 3.90454
37.6822 59.215 4.33274
48.4486 59.215 3.91968
59.215 59.215 2.45013
69.9813 59.215 1.27535
5.38318 69.9813 0.15823
16.1495 69.9813 0.610361
26.9159 69.9813 1.77981
37.6822 69.9813 1.95356
48.4486 69.9813 1.73145
59.215 69.9813 0.967539
69.9813 69.9813 0.512509
5.38318 80.7477 -0.178174
16.1495 80.7477 -0.246163
26.9159 80.7477 -0.140126
37.6822 80.7477 -0.0940223
48.4486 80.7477 -0.165976
59.215 80.7477 -0.141238
69.9813 80.7477 -0.0689846
5.38318 91.514 -0.269362
16.1495 91.514 -0.401488
26.9159 91.514 -0.418089
37.6822 91.514 -0.425812
48.4486 91.514 -0.444722
59.215 91.514 -0.359373
69.9813 91.514 -0.165684
5.38318 102.28 -0.284536
16.1495 102.28 -0.405305
26.9159 102.28 -0.379106
37.6822 102.28 -0.368633
48.4486 102.28 -0.367454
59.215 102.28 -0.306654
69.9813 102.28 -0.134519
5.38318 113.047 -0.29697
16.1495 113.047 -0.450134
26.9159 113.047 -0.455989
37.6822 113.047 -0.439537
48.4486 113.047 -0.416348
59.215 113.047 -0.322648
69.9813 113.047 -0.14095
5.38318 123.813 -0.284409
16.1495 123.813 -0.422909
26.9159 123.813 -0.38767
37.6822 123.813 -0.354182
48.4486 123.813 -0.326408
59.215 123.813 -0.251895
69.9813 123.813 -0.100092
5.38318 134.579 -0.184511
16.1495 134.579 -0.216934
26.9159 134.579 -0.10923
37.6822 134.579 -0.0180448
48.4486 134.579 -0.0188028
59.215 134.579 -0.0236387
69.9813 134.579 0.0504635
5.38318 145.346 -0.0114259
16.1495 145.346 0.355394
26.9159 145.346 0.995703
37.6822 145.346 1.41445
48.4486 145.346 1.29472
59.215 145.346 0.853046
69.9813 145.346 0.492906
5.38318 156.112 0.559571
16.1495 156.112 1.52297
26.9159 156.112 2.63786
37.6822 156.112 3.18552
48.4486 156.112 2.82099
59.215 156.112 1.87898
69.9813 156.112 0.9731
5.38318 166.879 1.117
16.1495 166.879 2.52299
26.9159 166.879 4.18549
37.6822 166.879 4.87726
48.4486 166.879 4.296
59.215 166.879 2.73068
69.9813 166.879 1.32636
5.38318 177.645 1.44478
16.1495 177.645 3.17076
26.9159 177.645 4.98583
37.6822 177.645 5.60785
48.4486 177.645 4.91306
59.215 177.645 3.17638
69.9813 177.645 1.56565
5.38318 188.411 1.81254
16.1495 188.411 3.55723
26.9159 188.411 4.9455
37.6822 188.411 5.28296
48.4486 188.411 4.63615
59.215 188.411 3.10938
69.9813 188.411 1.61644
5.38318 199.178 1.78401
16.1495 199.178 3.09561
26.9159 199.178 3.45766
37.6822 199.178 3.56868
48.4486 199.178 3.33289
59.215 199.178 2.70645
69.9813 199.178 1.63208
5.38318 209.944 1.60014
16.1495 209.944 2.556
26.9159 209.944 2.46878
37.6822 209.944 2.32338
48.4486 209.944 2.20058
59.215 209.944 1.93799
69.9813 209.944 1.25168
