48 177
0 157 72 40
0 141 72 72
0 134 72 82
0 72 72 144
0 0 72 216
5.38318 5.38318 0.277456
16.1495 5.38318 0.664204
26.9159 5.38318 1.12537
37.6822 5.38318 1.40686
48.4486 5.38318 1.42972
59.215 5.38318 1.10599
69.9813 5.38318 0.659284
5.38318 16.1495 0.525453
16.1495 16.1495 1.49287
26.9159 16.1495 2.46546
37.6822 16.1495 3.13337
48.4486 16.1495 3.1566
59.215 16.1495 2.389
69.9813 16.1495 1.3917
5.38318 26.9159 0.530288
16.1495 26.9159 1.73975
26.9159 26.9159 3.20985
37.6822 26.9159 4.39277
48.4486 26.9159 4.49925
59.215 26.9159 3.46656
69.9813 26.9159 1.94885
5.38318 37.6822 0.940377
16.1495 37.6822 2.13523
26.9159 37.6822 3.62562
37.6822 37.6822 4.80331
48.4486 37.6822 4.87568
59.215 37.6822 3.71531
69.9813 37.6822 2.0204
5.38318 48.4486 1.37284
16.1495 48.4486 2.46149
26.9159 48.4486 3.24662
37.6822 48.4486 3.73086
48.4486 48.4486 3.61765
59.215 48.4486 2.79614
69.9813 48.4486 1.58679
5.38318 59.215 1.81733
16.1495 59.215 3.0027
26.9159 59.215 3.10715
37.6822 59.215 2.68762
48.4486 59.215 2.24663
59.215 59.215 1.76628
69.9813 59.215 1.19525
5.38318 69.9813 1.75134
16.1495 69.9813 2.78584
26.9159 69.9813 2.70296
37.6822 69.9813 2.03393
48.4486 69.9813 1.46937
59.215 69.9813 1.02007
69.9813 69.9813 0.886065
5.38318 80.7477 0.691185
16.1495 80.7477 1.21499
26.9159 80.7477 1.25851
37.6822 80.7477 0.93768
48.4486 80.7477 0.716474
59.215 80.7477 0.531248
69.9813 80.7477 0.586469
5.38318 91.514 -0.199271
16.1495 91.514 -0.264056
26.9159 91.514 -0.215511
37.6822 91.514 -0.199904
48.4486 91.514 -0.19742
59.215 91.514 -0.162943
69.9813 91.514 0.00858111
5.38318 102.28 -0.282835
16.1495 102.28 -0.415229
26.9159 102.28 -0.34742
37.6822 102.28 -0.316566
48.4486 102.28 -0.282887
59.215 102.28 -0.205023
69.9813 102.28 -0.0508992
5.38318 113.047 -0.295433
16.1495 113.047 -0.447381
26.9159 113.047 -0.423136
37.6822 113.047 -0.405233
48.4486 113.047 -0.379705
59.215 113.047 -0.288885
69.9813 113.047 -0.119091
5.38318 123.813 -0.258013
16.1495 123.813 -0.424908
26.9159 123.813 -0.371236
37.6822 123.813 -0.34404
48.4486 123.813 -0.284867
59.215 123.813 -0.167668
69.9813 123.813 -0.0353761
5.38318 134.579 -0.151733
16.1495 134.579 -0.273165
26.9159 134.579 -0.140358
37.6822 134.579 -0.114363
48.4486 134.579 -0.0247656
59.215 134.579 0.168805
69.9813 134.579 0.266005
5.38318 145.346 0.0525262
16.1495 145.346 0.0150299
26.9159 145.346 0.644152
37.6822 145.346 0.79073
48.4486 145.346 1.08228
59.215 145.346 1.11033
69.9813 145.346 0.838543
5.38318 156.112 0.561535
16.1495 156.112 1.08475
26.9159 156.112 2.11371
37.6822 156.112 2.44566
48.4486 156.112 2.60891
59.215 156.112 2.19478
69.9813 156.112 1.39326
5.38318 166.879 1.02919
16.1495 166.879 2.04949
26.9159 166.879 3.43125
37.6822 166.879 4.35547
48.4486 166.879 4.54177
59.215 166.879 3.52498
69.9813 166.879 1.98914
5.38318 177.645 1.15585
16.1495 177.645 2.33094
26.9159 177.645 3.95625
37.6822 177.645 5.53587
48.4486 177.645 5.78921
59.215 177.645 4.4801
69.9813 177.645 2.37213
5.38318 188.411 1.13049
16.1495 188.411 2.12029
26.9159 188.411 3.45829
37.6822 188.411 5.0056
48.4486 188.411 5.34772
59.215 188.411 4.28351
69.9813 188.411 2.30056
5.38318 199.178 0.951716
16.1495 199.178 1.59977
26.9159 199.178 2.14969
37.6822 199.178 2.78576
48.4486 199.178 2.82043
59.215 199.178 2.57456
69.9813 199.178 1.5329
5.38318 209.944 0.589767
16.1495 209.944 0.955131
26.9159 209.944 1.12025
37.6822 209.944 1.15416
48.4486 209.944 1.07772
59.215 209.944 1.14792
69.9813 209.944 0.841273
