37 26
0 6 72 40
0 0 72 72
0 0 72 82
0 0 72 144
0 0 72 216
5.38318 5.38318 1.08134
16.1495 5.38318 1.82429
26.9159 5.38318 2.44312
37.6822 5.38318 2.51453
48.4486 5.38318 2.31171
59.215 5.38318 1.58922
69.9813 5.38318 0.909397
5.38318 16.1495 1.59897
16.1495 16.1495 2.97013
26.9159 16.1495 4.17167
37.6822 16.1495 4.41137
48.4486 16.1495 3.99414
59.215 16.1495 2.75722
69.9813 16.1495 1.56342
5.38318 26.9159 1.47262
16.1495 26.9159 3.01991
26.9159 26.9159 4.55203
37.6822 26.9159 4.97121
48.4486 26.9159 4.36633
59.215 26.9159 2.86229
69.9813 26.9159 1.49607
5.38318 37.6822 0.710998
16.1495 37.6822 1.73515
26.9159 37.6822 2.82999
37.6822 37.6822 3.12615
48.4486 37.6822 2.55251
59.215 37.6822 1.5483
69.9813 37.6822 0.735091
5.38318 48.4486 0.208254
16.1495 48.4486 0.820787
26.9159 48.4486 1.71618
37.6822 48.4486 2.09326
48.4486 48.4486 1.68972
59.215 48.4486 0.889199
69.9813 48.4486 0.368648
5.38318 59.215 -0.00683667
16.1495 59.215 0.551955
26.9159 59.215 1.62245
37.6822 59.215 2.11318
48.4486 59.215 1.77238
59.215 59.215 0.85921
69.9813 59.215 0.298422
5.38318 69.9813 -0.111003
16.1495 69.9813 0.16685
26.9159 69.9813 1.35766
37.6822 69.9813 1.94378
48.4486 69.9813 1.64094
59.215 69.9813 0.742228
69.9813 69.9813 0.178422
5.38318 80.7477 -0.210822
16.1495 80.7477 -0.174998
26.9159 80.7477 0.432241
37.6822 80.7477 0.866242
48.4486 80.7477 0.627245
59.215 80.7477 0.0794524
69.9813 80.7477 -0.0738703
5.38318 91.514 -0.286221
16.1495 91.514 -0.400205
26.9159 91.514 -0.29141
37.6822 91.514 -0.242698
48.4486 91.514 -0.284834
59.215 91.514 -0.286781
69.9813 91.514 -0.168642
5.38318 102.28 -0.291509
16.1495 102.28 -0.443105
26.9159 102.28 -0.435701
37.6822 102.28 -0.436862
48.4486 102.28 -0.462813
59.215 102.28 -0.376252
69.9813 102.28 -0.187996
5.38318 113.047 -0.272989
16.1495 113.047 -0.405806
26.9159 113.047 -0.381838
37.6822 113.047 -0.362979
48.4486 113.047 -0.350886
59.215 113.047 -0.272999
69.9813 113.047 -0.113256
5.38318 123.813 -0.160353
16.1495 123.813 -0.208254
26.9159 123.813 -0.151837
37.6822 123.813 -0.149694
48.4486 123.813 -0.193095
59.215 123.813 -0.16357
69.9813 123.813 -0.0618709
5.38318 134.579 0.126464
16.1495 134.579 0.387101
26.9159 134.579 0.6073
37.6822 134.579 0.545101
48.4486 134.579 0.306729
59.215 134.579 0.167577
69.9813 134.579 0.18726
5.38318 145.346 0.725598
16.1495 145.346 1.42437
26.9159 145.346 1.73896
37.6822 145.346 1.59698
48.4486 145.346 1.18532
59.215 145.346 0.917813
69.9813 145.346 0.643978
5.38318 156.112 1.38903
16.1495 156.112 2.39006
26.9159 156.112 2.64317
37.6822 156.112 2.54878
48.4486 156.112 2.23266
59.215 156.112 1.91873
69.9813 156.112 1.28072
5.38318 166.879 2.05379
16.1495 166.879 3.22422
26.9159 166.879 3.2043
37.6822 166.879 3.10201
48.4486 166.879 3.04429
59.215 166.879 3.01961
69.9813 166.879 2.07788
5.38318 177.645 2.26753
16.1495 177.645 3.39751
26.9159 177.645 3.06648
37.6822 177.645 2.93565
48.4486 177.645 3.17876
59.215 177.645 3.51364
69.9813 177.645 2.53463
5.38318 188.411 1.95737
16.1495 188.411 2.88951
26.9159 188.411 2.69775
37.6822 188.411 2.6188
48.4486 188.411 2.99531
59.215 188.411 3.32845
69.9813 188.411 2.46272
5.38318 199.178 0.876467
16.1495 199.178 1.4782
26.9159 199.178 1.677
37.6822 199.178 1.74642
48.4486 199.178 1.9306
59.215 199.178 1.95927
69.9813 199.178 1.4985
5.38318 209.944 0.336803
16.1495 209.944 0.720043
26.9159 209.944 1.09134
37.6822 209.944 1.23292
48.4486 209.944 1.4377
59.215 209.944 1.25464
69.9813 209.944 0.952521
