37 37
0 17 72 40
0 1 72 72
0 0 72 82
0 0 72 144
0 0 72 216
5.38318 5.38318 0.625278
16.1495 5.38318 1.24198
26.9159 5.38318 1.71439
37.6822 5.38318 1.82529
48.4486 5.38318 1.59667
59.215 5.38318 1.0971
69.9813 5.38318 0.616734
5.38318 16.1495 1.12808
16.1495 16.1495 2.55622
26.9159 16.1495 3.73608
37.6822 16.1495 4.00076
48.4486 16.1495 3.37373
59.215 16.1495 2.18737
69.9813 16.1495 1.18115
5.38318 26.9159 1.26662
16.1495 26.9159 3.19804
26.9159 26.9159 5.19092
37.6822 26.9159 5.8468
48.4486 26.9159 4.93455
59.215 26.9159 3.10171
69.9813 26.9159 1.53788
5.38318 37.6822 1.25502
16.1495 37.6822 3.17889
26.9159 37.6822 5.35611
37.6822 37.6822 6.06912
48.4486 37.6822 5.13254
59.215 37.6822 3.12523
69.9813 37.6822 1.47626
5.38318 48.4486 1.13765
16.1495 48.4486 2.50689
26.9159 48.4486 4.07177
37.6822 48.4486 4.54555
48.4486 48.4486 4.12896
59.215 48.4486 2.74764
69.9813 48.4486 1.49494
5.38318 59.215 1.05471
16.1495 59.215 1.89509
26.9159 59.215 2.40683
37.6822 59.215 2.51398
48.4486 59.215 2.66713
59.215 59.215 2.19107
69.9813 59.215 1.52579
5.38318 69.9813 0.857
16.1495 69.9813 1.54345
26.9159 69.9813 1.85305
37.6822 69.9813 2.00594
48.4486 69.9813 2.38148
59.215 69.9813 2.17549
69.9813 69.9813 1.58208
5.38318 80.7477 0.246015
16.1495 80.7477 0.611548
26.9159 80.7477 0.820369
37.6822 80.7477 0.881782
48.4486 80.7477 1.07149
59.215 80.7477 1.05254
69.9813 80.7477 0.880439
5.38318 91.514 -0.236318
16.1495 91.514 -0.304109
26.9159 91.514 -0.249576
37.6822 91.514 -0.187133
48.4486 91.514 -0.173409
59.215 91.514 -0.0848263
69.9813 91.514 0.0717403
5.38318 102.28 -0.301554
16.1495 102.28 -0.437041
26.9159 102.28 -0.392604
37.6822 102.28 -0.351915
48.4486 102.28 -0.35953
59.215 102.28 -0.277763
69.9813 102.28 -0.12596
5.38318 113.047 -0.294234
16.1495 113.047 -0.438632
26.9159 113.047 -0.409484
37.6822 113.047 -0.393228
48.4486 113.047 -0.382149
59.215 113.047 -0.308179
69.9813 113.047 -0.137735
5.38318 123.813 -0.198713
16.1495 123.813 -0.25974
26.9159 123.813 -0.174007
37.6822 123.813 -0.160115
48.4486 123.813 -0.193109
59.215 123.813 -0.188675
69.9813 123.813 -0.0824677
5.38318 134.579 0.0146601
16.1495 134.579 0.23423
26.9159 134.579 0.616748
37.6822 134.579 0.682269
48.4486 134.579 0.489207
59.215 134.579 0.224747
69.9813 134.579 0.184482
5.38318 145.346 0.722524
16.1495 145.346 1.42268
26.9159 145.346 2.02308
37.6822 145.346 2.07826
48.4486 145.346 1.75557
59.215 145.346 1.09875
69.9813 145.346 0.647681
5.38318 156.112 1.17756
16.1495 156.112 2.1253
26.9159 156.112 2.83696
37.6822 156.112 2.91769
48.4486 156.112 2.64808
59.215 156.112 1.88861
69.9813 156.112 1.11135
5.38318 166.879 1.28754
16.1495 166.879 2.19473
26.9159 166.879 2.7249
37.6822 166.879 2.74929
48.4486 166.879 2.74261
59.215 166.879 2.18991
69.9813 166.879 1.40014
5.38318 177.645 0.796754
16.1495 177.645 1.14508
26.9159 177.645 1.25351
37.6822 177.645 1.28092
48.4486 177.645 1.93998
59.215 177.645 2.02978
69.9813 177.645 1.49064
5.38318 188.411 0.219122
16.1495 188.411 0.197378
26.9159 188.411 0.123994
37.6822 188.411 0.276915
48.4486 188.411 1.10353
59.215 188.411 1.663
69.9813 188.411 1.35479
5.38318 199.178 0.199687
16.1495 199.178 0.147168
26.9159 199.178 0.181584
37.6822 199.178 0.362759
48.4486 199.178 0.87299
59.215 199.178 1.36645
69.9813 199.178 1.10211
5.38318 209.944 0.327251
16.1495 209.944 0.396596
26.9159 209.944 0.329978
37.6822 209.944 0.209561
48.4486 209.944 0.252785
59.215 209.944 0.441123
69.9813 209.944 0.429183
