37 26
0 6 72 40
0 0 72 72
0 0 72 82
0 0 72 144
0 0 72 216
5.38318 5.38318 0.651722
16.1495 5.38318 1.39687
26.9159 5.38318 2.29862
37.6822 5.38318 2.484
48.4486 5.38318 2.04168
59.215 5.38318 1.39435
69.9813 5.38318 0.794165
5.38318 16.1495 0.955217
16.1495 16.1495 2.41091
26.9159 16.1495 4.34513
37.6822 16.1495 4.80604
48.4486 16.1495 3.91498
59.215 16.1495 2.50374
69.9813 16.1495 1.3448
5.38318 26.9159 0.604734
16.1495 26.9159 2.40528
26.9159 26.9159 5.05261
37.6822 26.9159 5.804
48.4486 26.9159 4.52574
59.215 26.9159 2.5628
69.9813 26.9159 1.12062
5.38318 37.6822 0.100319
16.1495 37.6822 1.52156
26.9159 37.6822 3.68533
37.6822 37.6822 4.20651
48.4486 37.6822 3.07982
59.215 37.6822 1.32534
69.9813 37.6822 0.335844
5.38318 48.4486 -0.129382
16.1495 48.4486 0.408172
26.9159 48.4486 1.87651
37.6822 48.4486 2.25218
48.4486 48.4486 1.3152
59.215 48.4486 0.134833
69.9813 48.4486 -0.0893289
5.38318 59.215 -0.192511
16.1495 59.215 0.145455
26.9159 59.215 1.66577
37.6822 59.215 1.98081
48.4486 59.215 1.11589
59.215 59.215 -0.0618666
69.9813 59.215 -0.131276
5.38318 69.9813 -0.259866
16.1495 69.9813 -0.0441961
26.9159 69.9813 1.48797
37.6822 69.9813 1.82534
48.4486 69.9813 0.997907
59.215 69.9813 -0.103088
69.9813 69.9813 -0.159417
5.38318 80.7477 -0.388993
16.1495 80.7477 -0.386065
26.9159 80.7477 0.408256
37.6822 80.7477 0.496882
48.4486 80.7477 -0.129792
59.215 80.7477 -0.429357
69.9813 80.7477 -0.277889
5.38318 91.514 -0.519839
16.1495 91.514 -0.777331
26.9159 91.514 -0.592825
37.6822 91.514 -0.609003
48.4486 91.514 -0.708844
59.215 91.514 -0.682164
69.9813 91.514 -0.345946
5.38318 102.28 -0.569048
16.1495 102.28 -0.902498
26.9159 102.28 -0.964018
37.6822 102.28 -0.980556
48.4486 102.28 -0.963797
59.215 102.28 -0.789795
69.9813 102.28 -0.366086
5.38318 113.047 -0.577247
16.1495 113.047 -0.923153
26.9159 113.047 -1.00071
37.6822 113.047 -0.996983
48.4486 113.047 -0.938761
59.215 113.047 -0.723398
69.9813 113.047 -0.305002
5.38318 123.813 -0.5214
16.1495 123.813 -0.80931
26.9159 123.813 -0.762582
37.6822 123.813 -0.719259
48.4486 123.813 -0.637089
59.215 123.813 -0.470627
69.9813 123.813 -0.164883
5.38318 134.579 -0.299112
16.1495 134.579 -0.390843
26.9159 134.579 -0.227114
37.6822 134.579 -0.119713
48.4486 134.579 -0.0479773
59.215 134.579 -0.0121376
69.9813 134.579 0.209535
5.38318 145.346 0.145435
16.1495 145.346 0.731226
26.9159 145.346 1.51037
37.6822 145.346 1.95984
48.4486 145.346 1.89339
59.215 145.346 1.42068
69.9813 145.346 0.899352
5.38318 156.112 0.878287
16.1495 156.112 2.115
26.9159 156.112 3.12472
37.6822 156.112 3.61775
48.4486 156.112 3.30353
59.215 156.112 2.47958
69.9813 156.112 1.41003
5.38318 166.879 1.32077
16.1495 166.879 3.01811
26.9159 166.879 4.49972
37.6822 166.879 5.04224
48.4486 166.879 4.32346
59.215 166.879 2.98427
69.9813 166.879 1.58716
5.38318 177.645 1.38385
16.1495 177.645 3.11434
26.9159 177.645 4.64921
37.6822 177.645 5.11311
48.4486 177.645 4.36957
59.215 177.645 2.9689
69.9813 177.645 1.61949
5.38318 188.411 1.62017
16.1495 188.411 3.21681
26.9159 188.411 4.4477
37.6822 188.411 4.55732
48.4486 188.411 3.96679
59.215 188.411 2.75476
69.9813 188.411 1.61871
5.38318 199.178 1.86146
16.1495 199.178 3.03189
26.9159 199.178 3.31992
37.6822 199.178 3.09221
48.4486 199.178 3.02077
59.215 199.178 2.57236
69.9813 199.178 1.75939
5.38318 209.944 1.61791
16.1495 209.944 2.45171
26.9159 209.944 2.27793
37.6822 209.944 1.84362
48.4486 209.944 1.93124
59.215 209.944 1.89362
69.9813 209.944 1.40273
