26 48
0 28 72 40
0 12 72 72
0 7 72 82
0 0 72 144
0 0 72 216
5.38318 5.38318 0.694833
16.1495 5.38318 1.12701
26.9159 5.38318 1.33333
37.6822 5.38318 1.2434
48.4486 5.38318 1.10754
59.215 5.38318 0.897231
69.9813 5.38318 0.582755
5.38318 16.1495 1.1594
16.1495 16.1495 2.02663
26.9159 16.1495 2.46504
37.6822 16.1495 2.32435
48.4486 16.1495 2.1537
59.215 16.1495 1.79091
69.9813 16.1495 1.227
5.38318 26.9159 1.46564
16.1495 26.9159 2.435
26.9159 26.9159 2.7671
37.6822 26.9159 2.55073
48.4486 26.9159 2.53112
59.215 26.9159 2.25126
69.9813 26.9159 1.64556
5.38318 37.6822 1.95345
16.1495 37.6822 3.054
26.9159 37.6822 3.22064
37.6822 37.6822 2.91222
48.4486 37.6822 3.12155
59.215 37.6822 2.95073
69.9813 37.6822 2.12085
5.38318 48.4486 2.09461
16.1495 48.4486 3.29566
26.9159 48.4486 3.4427
37.6822 48.4486 3.09259
48.4486 48.4486 3.24542
59.215 48.4486 3.06449
69.9813 48.4486 2.15402
5.38318 59.215 1.50627
16.1495 59.215 2.36007
26.9159 59.215 2.5938
37.6822 59.215 2.41457
48.4486 59.215 2.51444
59.215 59.215 2.32778
69.9813 59.215 1.60593
5.38318 69.9813 -0.0362567
16.1495 69.9813 -0.0196434
26.9159 69.9813 0.324449
37.6822 69.9813 0.355816
48.4486 69.9813 0.332163
59.215 69.9813 0.39687
69.9813 69.9813 0.377677
5.38318 80.7477 -0.376488
16.1495 80.7477 -0.587443
26.9159 80.7477 -0.511686
37.6822 80.7477 -0.499745
48.4486 80.7477 -0.571757
59.215 80.7477 -0.421086
69.9813 80.7477 -0.20983
5.38318 91.514 -0.540327
16.1495 91.514 -0.862101
26.9159 91.514 -0.864552
37.6822 91.514 -0.876073
48.4486 91.514 -0.911199
59.215 91.514 -0.677764
69.9813 91.514 -0.338427
5.38318 102.28 -0.557982
16.1495 102.28 -0.89605
26.9159 102.28 -0.975137
37.6822 102.28 -0.99758
48.4486 102.28 -0.986913
59.215 102.28 -0.785577
69.9813 102.28 -0.367799
5.38318 113.047 -0.583983
16.1495 113.047 -0.934605
26.9159 113.047 -1.01667
37.6822 113.047 -1.01818
48.4486 113.047 -0.969339
59.215 113.047 -0.768628
69.9813 113.047 -0.336039
5.38318 123.813 -0.576397
16.1495 123.813 -0.912595
26.9159 123.813 -0.972988
37.6822 123.813 -0.963279
48.4486 123.813 -0.919524
59.215 123.813 -0.716518
69.9813 123.813 -0.315
5.38318 134.579 -0.555973
16.1495 134.579 -0.86795
26.9159 134.579 -0.874622
37.6822 134.579 -0.848551
48.4486 134.579 -0.828751
59.215 134.579 -0.644794
69.9813 134.579 -0.289471
5.38318 145.346 -0.523941
16.1495 145.346 -0.797864
26.9159 145.346 -0.658135
37.6822 145.346 -0.602956
48.4486 145.346 -0.629191
59.215 145.346 -0.53157
69.9813 145.346 -0.25156
5.38318 156.112 -0.486726
16.1495 156.112 -0.703549
26.9159 156.112 -0.522353
37.6822 156.112 -0.476743
48.4486 156.112 -0.525432
59.215 156.112 -0.475122
69.9813 156.112 -0.225648
5.38318 166.879 -0.424131
16.1495 166.879 -0.621337
26.9159 166.879 -0.509605
37.6822 166.879 -0.504634
48.4486 166.879 -0.519905
59.215 166.879 -0.435679
69.9813 166.879 -0.173065
5.38318 177.645 -0.226805
16.1495 177.645 -0.355212
26.9159 177.645 -0.391153
37.6822 177.645 -0.451763
48.4486 177.645 -0.397697
59.215 177.645 -0.257996
69.9813 177.645 -0.00783754
5.38318 188.411 0.200416
16.1495 188.411 0.350509
26.9159 188.411 0.131919
37.6822 188.411 0.0248616
48.4486 188.411 0.358328
59.215 188.411 0.596391
69.9813 188.411 0.663642
5.38318 199.178 0.99692
16.1495 199.178 1.61409
26.9159 199.178 1.39675
37.6822 199.178 1.49236
48.4486 199.178 1.92854
59.215 199.178 1.97051
69.9813 199.178 1.37948
5.38318 209.944 1.00716
16.1495 209.944 1.69266
26.9159 209.944 1.64985
37.6822 209.944 1.75049
48.4486 209.944 2.13645
59.215 209.944 2.13096
69.9813 209.944 1.43458
