37 177
0 157 72 40
0 141 72 72
0 134 72 82
0 72 72 144
0 0 72 216
5.38318 5.38318 0.107782
16.1495 5.38318 0.267331
26.9159 5.38318 0.821225
37.6822 5.38318 1.19733
48.4486 5.38318 1.29646
59.215 5.38318 1.0255
69.9813 5.38318 0.598805
5.38318 16.1495 0.304436
16.1495 16.1495 0.843541
26.9159 16.1495 1.90817
37.6822 16.1495 2.58358
48.4486 16.1495 2.79052
59.215 16.1495 2.17605
69.9813 16.1495 1.27927
5.38318 26.9159 0.347295
16.1495 26.9159 1.10574
26.9159 26.9159 2.54765
37.6822 26.9159 3.7029
48.4486 26.9159 4.06988
59.215 26.9159 3.15203
69.9813 26.9159 1.78269
5.38318 37.6822 0.962929
16.1495 37.6822 1.93992
26.9159 37.6822 3.15474
37.6822 37.6822 4.22698
48.4486 37.6822 4.49036
59.215 37.6822 3.46771
69.9813 37.6822 1.93041
5.38318 48.4486 1.3159
16.1495 48.4486 2.38985
26.9159 48.4486 3.25996
37.6822 48.4486 3.81687
48.4486 48.4486 3.77898
59.215 48.4486 2.95857
69.9813 48.4486 1.67048
5.38318 59.215 1.39691
16.1495 59.215 2.28652
26.9159 59.215 2.59463
37.6822 59.215 2.33705
48.4486 59.215 2.25477
59.215 59.215 2.01307
69.9813 59.215 1.38689
5.38318 69.9813 0.7901
16.1495 69.9813 1.30373
26.9159 69.9813 1.56367
37.6822 69.9813 1.20972
48.4486 69.9813 1.37757
59.215 69.9813 1.42332
69.9813 69.9813 1.17705
5.38318 80.7477 0.0673378
16.1495 80.7477 0.234177
26.9159 80.7477 0.532964
37.6822 80.7477 0.389061
48.4486 80.7477 0.741066
59.215 80.7477 0.884172
69.9813 80.7477 0.895941
5.38318 91.514 -0.261098
16.1495 91.514 -0.352728
26.9159 91.514 -0.270606
37.6822 91.514 -0.246629
48.4486 91.514 -0.16227
59.215 91.514 -0.0591965
69.9813 91.514 0.257825
5.38318 102.28 -0.283421
16.1495 102.28 -0.39156
26.9159 102.28 -0.323209
37.6822 102.28 -0.293595
48.4486 102.28 -0.260616
59.215 102.28 -0.188913
69.9813 102.28 -0.0289094
5.38318 113.047 -0.296446
16.1495 113.047 -0.451542
26.9159 113.047 -0.452002
37.6822 113.047 -0.442765
48.4486 113.047 -0.42234
59.215 113.047 -0.328271
69.9813 113.047 -0.139893
5.38318 123.813 -0.208099
16.1495 123.813 -0.326329
26.9159 123.813 -0.285071
37.6822 123.813 -0.271143
48.4486 123.813 -0.265335
59.215 123.813 -0.184359
69.9813 123.813 -0.0645978
5.38318 134.579 -0.0396663
16.1495 134.579 -0.0670897
26.9159 134.579 -0.00263318
37.6822 134.579 0.0399433
48.4486 134.579 -0.0349377
59.215 134.579 0.0739189
69.9813 134.579 0.179572
5.38318 145.346 0.522871
16.1495 145.346 0.911095
26.9159 145.346 1.34922
37.6822 145.346 1.42018
48.4486 145.346 1.19544
59.215 145.346 1.04356
69.9813 145.346 0.702174
5.38318 156.112 1.18403
16.1495 156.112 2.08548
26.9159 156.112 2.72876
37.6822 156.112 2.63499
48.4486 156.112 2.18444
59.215 156.112 1.67679
69.9813 156.112 1.01908
5.38318 166.879 1.61009
16.1495 166.879 3.13009
26.9159 166.879 4.49629
37.6822 166.879 4.55461
48.4486 166.879 3.74108
59.215 166.879 2.42059
69.9813 166.879 1.2442
5.38318 177.645 1.661
16.1495 177.645 3.6396
26.9159 177.645 5.7938
37.6822 177.645 6.06325
48.4486 177.645 4.88165
59.215 177.645 2.72713
69.9813 177.645 1.19541
5.38318 188.411 1.20512
16.1495 188.411 3.07481
26.9159 188.411 5.51718
37.6822 188.411 6.04572
48.4486 188.411 4.92105
59.215 188.411 2.57219
69.9813 188.411 0.977
5.38318 199.178 0.620607
16.1495 199.178 1.78378
26.9159 199.178 3.39807
37.6822 199.178 3.68391
48.4486 199.178 2.91884
59.215 199.178 1.40855
69.9813 199.178 0.539431
5.38318 209.944 0.298063
16.1495 209.944 0.775652
26.9159 209.944 1.2779
37.6822 209.944 1.24603
48.4486 209.944 0.936282
59.215 209.944 0.432385
69.9813 209.944 0.269441
