37 48
0 28 72 40
0 12 72 72
0 7 72 82
0 0 72 144
0 0 72 216
5.38318 5.38318 0.176156
16.1495 5.38318 0.26577
26.9159 5.38318 0.545184
37.6822 5.38318 0.568218
48.4486 5.38318 0.614282
59.215 5.38318 0.453933
69.9813 5.38318 0.31548
5.38318 16.1495 0.330303
16.1495 16.1495 0.922901
26.9159 16.1495 1.8135
37.6822 16.1495 1.99594
48.4486 16.1495 1.9803
59.215 16.1495 1.4291
69.9813 16.1495 0.907596
5.38318 26.9159 0.12327
16.1495 26.9159 1.01156
26.9159 26.9159 2.49189
37.6822 26.9159 2.84229
48.4486 26.9159 2.75592
59.215 26.9159 1.91507
69.9813 26.9159 1.16547
5.38318 37.6822 0.571167
16.1495 37.6822 2.12125
26.9159 37.6822 4.02639
37.6822 37.6822 4.49037
48.4486 37.6822 4.10822
59.215 37.6822 2.65258
69.9813 37.6822 1.48391
5.38318 48.4486 0.620926
16.1495 48.4486 2.32998
26.9159 48.4486 4.43922
37.6822 48.4486 5.03052
48.4486 48.4486 4.46218
59.215 48.4486 2.72991
69.9813 48.4486 1.44602
5.38318 59.215 0.6415
16.1495 59.215 1.99272
26.9159 59.215 3.72359
37.6822 59.215 4.05937
48.4486 59.215 3.52236
59.215 59.215 2.12353
69.9813 59.215 1.14131
5.38318 69.9813 0.166393
16.1495 69.9813 0.617906
26.9159 69.9813 1.51032
37.6822 69.9813 1.50497
48.4486 69.9813 1.19609
59.215 69.9813 0.671957
69.9813 69.9813 0.496629
5.38318 80.7477 -0.100069
16.1495 80.7477 -0.0843928
26.9159 80.7477 0.311338
37.6822 80.7477 0.186311
48.4486 80.7477 0.0159343
59.215 80.7477 -0.0532364
69.9813 80.7477 0.124553
5.38318 91.514 -0.238243
16.1495 91.514 -0.343417
26.9159 91.514 -0.251351
37.6822 91.514 -0.282593
48.4486 91.514 -0.275275
59.215 91.514 -0.261109
69.9813 91.514 -0.082983
5.38318 102.28 -0.286659
16.1495 102.28 -0.42386
26.9159 102.28 -0.360821
37.6822 102.28 -0.357955
48.4486 102.28 -0.355554
59.215 102.28 -0.308238
69.9813 102.28 -0.134059
5.38318 113.047 -0.293514
16.1495 113.047 -0.438598
26.9159 113.047 -0.408977
37.6822 113.047 -0.382352
48.4486 113.047 -0.353387
59.215 113.047 -0.271061
69.9813 113.047 -0.114059
5.38318 123.813 -0.229936
16.1495 123.813 -0.305582
26.9159 123.813 -0.151479
37.6822 123.813 -0.0881422
48.4486 123.813 -0.0206388
59.215 123.813 -0.0196654
69.9813 123.813 0.124401
5.38318 134.579 -0.114158
16.1495 134.579 -0.0418642
26.9159 134.579 0.649669
37.6822 134.579 1.02659
48.4486 134.579 1.27221
59.215 134.579 0.930322
69.9813 134.579 0.667205
5.38318 145.346 0.129075
16.1495 145.346 0.786189
26.9159 145.346 1.96833
37.6822 145.346 2.55288
48.4486 145.346 2.76935
59.215 145.346 2.08832
69.9813 145.346 1.27022
5.38318 156.112 0.39302
16.1495 156.112 1.45335
26.9159 156.112 2.78281
37.6822 156.112 3.53146
48.4486 156.112 3.61041
59.215 156.112 2.64564
69.9813 156.112 1.52771
5.38318 166.879 0.553048
16.1495 166.879 1.70238
26.9159 166.879 2.91884
37.6822 166.879 3.43284
48.4486 166.879 3.16322
59.215 166.879 2.12379
69.9813 166.879 1.14855
5.38318 177.645 0.708351
16.1495 177.645 1.71284
26.9159 177.645 2.4447
37.6822 177.645 2.42123
48.4486 177.645 1.80042
59.215 177.645 0.937295
69.9813 177.645 0.449853
5.38318 188.411 0.61754
16.1495 188.411 1.49734
26.9159 188.411 2.04286
37.6822 188.411 1.86091
48.4486 188.411 1.10951
59.215 188.411 0.387985
69.9813 188.411 0.0996382
5.38318 199.178 0.307074
16.1495 199.178 0.968609
26.9159 199.178 1.54405
37.6822 199.178 1.45652
48.4486 199.178 0.813756
59.215 199.178 0.303471
69.9813 199.178 0.0752934
5.38318 209.944 0.0436481
16.1495 209.944 0.466149
26.9159 209.944 0.804371
37.6822 209.944 0.856359
48.4486 209.944 0.453027
59.215 209.944 0.217124
69.9813 209.944 0.114222
