37 48
0 28 72 40
0 12 72 72
0 7 72 82
0 0 72 144
0 0 72 216
5.38318 5.38318 0.237939
16.1495 5.38318 0.353811
26.9159 5.38318 0.526117
37.6822 5.38318 0.604768
48.4486 5.38318 0.664456
59.215 5.38318 0.572224
69.9813 5.38318 0.402737
5.38318 16.1495 0.489952
16.1495 16.1495 1.1093
26.9159 16.1495 1.80646
37.6822 16.1495 2.02821
48.4486 16.1495 2.0704
59.215 16.1495 1.61308
69.9813 16.1495 1.02202
5.38318 26.9159 0.503718
16.1495 26.9159 1.36017
26.9159 26.9159 2.58993
37.6822 26.9159 2.92518
48.4486 26.9159 3.00424
59.215 26.9159 2.26017
69.9813 26.9159 1.40495
5.38318 37.6822 0.946847
16.1495 37.6822 2.36427
26.9159 37.6822 4.07032
37.6822 37.6822 4.46809
48.4486 37.6822 4.27756
59.215 37.6822 2.87573
69.9813 37.6822 1.65718
5.38318 48.4486 0.998929
16.1495 48.4486 2.48588
26.9159 48.4486 4.36506
37.6822 48.4486 4.86294
48.4486 48.4486 4.41883
59.215 48.4486 2.76272
69.9813 48.4486 1.48759
5.38318 59.215 0.70405
16.1495 59.215 1.88806
26.9159 59.215 3.48707
37.6822 59.215 3.86773
48.4486 59.215 3.27085
59.215 59.215 1.87085
69.9813 59.215 0.876531
5.38318 69.9813 0.0371186
16.1495 69.9813 0.384197
26.9159 69.9813 1.18674
37.6822 69.9813 1.35589
48.4486 69.9813 0.907771
59.215 69.9813 0.354765
69.9813 69.9813 0.0722796
5.38318 80.7477 -0.188243
16.1495 80.7477 -0.242663
26.9159 80.7477 -0.17256
37.6822 80.7477 -0.162436
48.4486 80.7477 -0.272241
59.215 80.7477 -0.264053
69.9813 80.7477 -0.155398
5.38318 91.514 -0.285015
16.1495 91.514 -0.446175
26.9159 91.514 -0.468249
37.6822 91.514 -0.504236
48.4486 91.514 -0.503199
59.215 91.514 -0.404334
69.9813 91.514 -0.18788
5.38318 102.28 -0.296927
16.1495 102.28 -0.446546
26.9159 102.28 -0.441534
37.6822 102.28 -0.448697
48.4486 102.28 -0.431918
59.215 102.28 -0.350252
69.9813 102.28 -0.15353
5.38318 113.047 -0.276145
16.1495 113.047 -0.420473
26.9159 113.047 -0.397075
37.6822 113.047 -0.397687
48.4486 113.047 -0.391767
59.215 113.047 -0.314983
69.9813 113.047 -0.140722
5.38318 123.813 -0.191476
16.1495 123.813 -0.302555
26.9159 123.813 -0.270215
37.6822 123.813 -0.290617
48.4486 123.813 -0.282267
59.215 123.813 -0.211782
69.9813 123.813 -0.0759957
5.38318 134.579 -0.0237356
16.1495 134.579 -0.0768861
26.9159 134.579 -0.0399791
37.6822 134.579 -0.114807
48.4486 134.579 -0.111246
59.215 134.579 -0.038631
69.9813 134.579 0.107095
5.38318 145.346 0.325991
16.1495 145.346 0.482061
26.9159 145.346 0.696363
37.6822 145.346 0.607726
48.4486 145.346 0.689757
59.215 145.346 0.681261
69.9813 145.346 0.573137
5.38318 156.112 0.703486
16.1495 156.112 1.16201
26.9159 156.112 1.66983
37.6822 156.112 1.51907
48.4486 156.112 1.72502
59.215 156.112 1.43627
69.9813 156.112 1.0345
5.38318 166.879 0.999724
16.1495 166.879 1.81309
26.9159 166.879 2.7271
37.6822 166.879 2.65249
48.4486 166.879 2.86923
59.215 166.879 2.15785
69.9813 166.879 1.45022
5.38318 177.645 1.1772
16.1495 177.645 2.17714
26.9159 177.645 3.52551
37.6822 177.645 3.50817
48.4486 177.645 3.72883
59.215 177.645 2.59548
69.9813 177.645 1.66911
5.38318 188.411 1.20506
16.1495 188.411 2.26849
26.9159 188.411 3.64638
37.6822 188.411 3.6854
48.4486 188.411 3.65819
59.215 188.411 2.43107
69.9813 188.411 1.49513
5.38318 199.178 1.03421
16.1495 199.178 1.82684
26.9159 199.178 2.89371
37.6822 199.178 2.87568
48.4486 199.178 2.74448
59.215 199.178 1.91398
69.9813 199.178 1.19267
5.38318 209.944 0.554117
16.1495 209.944 0.920232
26.9159 209.944 1.34638
37.6822 209.944 1.26542
48.4486 209.944 1.10069
59.215 209.944 0.859639
69.9813 209.944 0.556033
