37 156
0 136 72 40
0 120 72 72
0 115 72 82
0 72 72 144
0 0 72 216
5.38318 5.38318 0.14214
16.1495 5.38318 0.431824
26.9159 5.38318 1.1543
37.6822 5.38318 1.50603
48.4486 5.38318 1.38991
59.215 5.38318 1.0712
69.9813 5.38318 0.572913
5.38318 16.1495 0.214864
16.1495 16.1495 0.883918
26.9159 16.1495 2.09521
37.6822 16.1495 2.61775
48.4486 16.1495 2.45342
59.215 16.1495 1.9209
69.9813 16.1495 1.09719
5.38318 26.9159 -0.0323482
16.1495 26.9159 0.496539
26.9159 26.9159 1.89057
37.6822 26.9159 2.42163
48.4486 26.9159 2.31074
59.215 26.9159 1.83248
69.9813 26.9159 1.08678
5.38318 37.6822 0.00214244
16.1495 37.6822 0.30444
26.9159 37.6822 1.24602
37.6822 37.6822 1.27028
48.4486 37.6822 1.24569
59.215 37.6822 1.08472
69.9813 37.6822 0.821575
5.38318 48.4486 -0.0829409
16.1495 48.4486 -0.145817
26.9159 48.4486 0.395692
37.6822 48.4486 0.0885775
48.4486 48.4486 0.392765
59.215 48.4486 0.49146
69.9813 48.4486 0.639619
5.38318 59.215 -0.235941
16.1495 59.215 -0.433153
26.9159 59.215 -0.31924
37.6822 59.215 -0.435307
48.4486 59.215 -0.287412
59.215 59.215 -0.117472
69.9813 59.215 0.29334
5.38318 69.9813 -0.379098
16.1495 69.9813 -0.685211
26.9159 69.9813 -0.640902
37.6822 69.9813 -0.709314
48.4486 69.9813 -0.570134
59.215 69.9813 -0.373782
69.9813 69.9813 -0.0685306
5.38318 80.7477 -0.419708
16.1495 80.7477 -0.718076
26.9159 80.7477 -0.706254
37.6822 80.7477 -0.751332
48.4486 80.7477 -0.671084
59.215 80.7477 -0.429985
69.9813 80.7477 -0.117518
5.38318 91.514 -0.497229
16.1495 91.514 -0.813366
26.9159 91.514 -0.8315
37.6822 91.514 -0.868583
48.4486 91.514 -0.807621
59.215 91.514 -0.554579
69.9813 91.514 -0.196438
5.38318 102.28 -0.530479
16.1495 102.28 -0.848276
26.9159 102.28 -0.912855
37.6822 102.28 -0.925887
48.4486 102.28 -0.879535
59.215 102.28 -0.633948
69.9813 102.28 -0.248348
5.38318 113.047 -0.578573
16.1495 113.047 -0.918967
26.9159 113.047 -0.987855
37.6822 113.047 -0.982972
48.4486 113.047 -0.93365
59.215 113.047 -0.728251
69.9813 113.047 -0.313214
5.38318 123.813 -0.553666
16.1495 123.813 -0.842555
26.9159 123.813 -0.771107
37.6822 123.813 -0.689945
48.4486 123.813 -0.692688
59.215 123.813 -0.551712
69.9813 123.813 -0.257843
5.38318 134.579 -0.498982
16.1495 134.579 -0.603356
26.9159 134.579 -0.209017
37.6822 134.579 0.0366404
48.4486 134.579 -0.0985037
59.215 134.579 -0.205958
69.9813 134.579 -0.128737
5.38318 145.346 -0.377376
16.1495 145.346 -0.191012
26.9159 145.346 1.5298
37.6822 145.346 2.39415
48.4486 145.346 1.83127
59.215 145.346 0.817181
69.9813 145.346 0.160202
5.38318 156.112 -0.289727
16.1495 156.112 0.232439
26.9159 156.112 2.60396
37.6822 156.112 3.59952
48.4486 156.112 2.93705
59.215 156.112 1.54803
69.9813 156.112 0.475133
5.38318 166.879 -0.264176
16.1495 166.879 0.309525
26.9159 166.879 2.55964
37.6822 166.879 3.51886
48.4486 166.879 2.85239
59.215 166.879 1.4521
69.9813 166.879 0.434449
5.38318 177.645 -0.22194
16.1495 177.645 0.0371759
26.9159 177.645 1.66322
37.6822 177.645 2.26357
48.4486 177.645 1.70203
59.215 177.645 0.746476
69.9813 177.645 0.218066
5.38318 188.411 -0.134723
16.1495 188.411 0.0878772
26.9159 188.411 1.28114
37.6822 188.411 1.61996
48.4486 188.411 1.23002
59.215 188.411 0.684944
69.9813 188.411 0.407901
5.38318 199.178 -0.0290893
16.1495 199.178 0.427417
26.9159 199.178 1.37046
37.6822 199.178 1.77942
48.4486 199.178 1.67555
59.215 199.178 1.38149
69.9813 199.178 0.879416
5.38318 209.944 0.0859783
16.1495 209.944 0.563098
26.9159 209.944 1.20124
37.6822 209.944 1.52838
48.4486 209.944 1.64137
59.215 209.944 1.54223
69.9813 209.944 1.01169
