37 37
0 17 72 40
0 1 72 72
0 0 72 82
0 0 72 144
0 0 72 216
5.38318 5.38318 0.57965
16.1495 5.38318 1.08312
26.9159 5.38318 1.4634
37.6822 5.38318 1.57996
48.4486 5.38318 1.385
59.215 5.38318 0.97228
69.9813 5.38318 0.539793
5.38318 16.1495 0.978465
16.1495 16.1495 2.1261
26.9159 16.1495 3.12554
37.6822 16.1495 3.51174
48.4486 16.1495 3.0593
59.215 16.1495 2.10927
69.9813 16.1495 1.14015
5.38318 26.9159 1.17785
16.1495 26.9159 2.69666
26.9159 26.9159 4.36529
37.6822 26.9159 4.99081
48.4486 26.9159 4.25958
59.215 26.9159 2.77719
69.9813 26.9159 1.41838
5.38318 37.6822 1.36961
16.1495 37.6822 3.14249
26.9159 37.6822 5.26015
37.6822 37.6822 5.99743
48.4486 37.6822 5.02571
59.215 37.6822 3.11972
69.9813 37.6822 1.51402
5.38318 48.4486 1.68904
16.1495 48.4486 3.42185
26.9159 48.4486 5.19143
37.6822 48.4486 5.67672
48.4486 48.4486 4.87916
59.215 48.4486 3.2956
69.9813 48.4486 1.77796
5.38318 59.215 1.65231
16.1495 59.215 2.94586
26.9159 59.215 3.65302
37.6822 59.215 3.87656
48.4486 59.215 3.49027
59.215 59.215 3.01802
69.9813 59.215 1.90722
5.38318 69.9813 1.28674
16.1495 69.9813 2.14505
26.9159 69.9813 2.27182
37.6822 69.9813 2.35139
48.4486 69.9813 1.98897
59.215 69.9813 2.11677
69.9813 69.9813 1.44623
5.38318 80.7477 -0.0583098
16.1495 80.7477 0.171634
26.9159 80.7477 0.402956
37.6822 80.7477 0.767622
48.4486 80.7477 0.0781281
59.215 80.7477 0.36322
69.9813 80.7477 0.230988
5.38318 91.514 -0.524357
16.1495 91.514 -0.766346
26.9159 91.514 -0.722265
37.6822 91.514 -0.62936
48.4486 91.514 -0.79737
59.215 91.514 -0.617647
69.9813 91.514 -0.346716
5.38318 102.28 -0.576788
16.1495 102.28 -0.91575
26.9159 102.28 -0.990253
37.6822 102.28 -0.988923
48.4486 102.28 -0.98393
59.215 102.28 -0.789716
69.9813 102.28 -0.382468
5.38318 113.047 -0.583555
16.1495 113.047 -0.934437
26.9159 113.047 -1.01281
37.6822 113.047 -1.00937
48.4486 113.047 -0.953631
59.215 113.047 -0.750048
69.9813 113.047 -0.324107
5.38318 123.813 -0.565679
16.1495 123.813 -0.891013
26.9159 123.813 -0.945132
37.6822 123.813 -0.929628
48.4486 123.813 -0.878478
59.215 123.813 -0.654797
69.9813 123.813 -0.27285
5.38318 134.579 -0.505686
16.1495 134.579 -0.759799
26.9159 134.579 -0.689282
37.6822 134.579 -0.653237
48.4486 134.579 -0.608476
59.215 134.579 -0.463696
69.9813 134.579 -0.173749
5.38318 145.346 -0.25308
16.1495 145.346 -0.205027
26.9159 145.346 0.280349
37.6822 145.346 0.539291
48.4486 145.346 0.357647
59.215 145.346 0.064674
69.9813 145.346 0.0946067
5.38318 156.112 0.22437
16.1495 156.112 1.12172
26.9159 156.112 2.30549
37.6822 156.112 2.58004
48.4486 156.112 2.17345
59.215 156.112 1.21449
69.9813 156.112 0.608773
5.38318 166.879 0.974786
16.1495 166.879 2.57087
26.9159 166.879 4.3521
37.6822 166.879 4.82446
48.4486 166.879 4.00346
59.215 166.879 2.35029
69.9813 166.879 1.08536
5.38318 177.645 1.14597
16.1495 177.645 2.86335
26.9159 177.645 4.85549
37.6822 177.645 5.39891
48.4486 177.645 4.60072
59.215 177.645 2.71673
69.9813 177.645 1.32348
5.38318 188.411 1.12381
16.1495 188.411 2.61626
26.9159 188.411 4.32027
37.6822 188.411 4.71014
48.4486 188.411 4.14684
59.215 188.411 2.55942
69.9813 188.411 1.39201
5.38318 199.178 0.937262
16.1495 199.178 1.88646
26.9159 199.178 2.67144
37.6822 199.178 2.81112
48.4486 199.178 2.87578
59.215 199.178 2.12378
69.9813 199.178 1.43239
5.38318 209.944 0.762822
16.1495 209.944 1.46978
26.9159 209.944 1.92179
37.6822 209.944 2.03861
48.4486 209.944 2.26345
59.215 209.944 1.86395
69.9813 209.944 1.27936
