37 177
0 157 72 40
0 141 72 72
0 134 72 82
0 72 72 144
0 0 72 216
5.38318 5.38318 0.242554
16.1495 5.38318 0.395161
26.9159 5.38318 0.501296
37.6822 5.38318 0.531741
48.4486 5.38318 0.541351
59.215 5.38318 0.512149
69.9813 5.38318 0.38994
5.38318 16.1495 0.434427
16.1495 16.1495 0.940429
26.9159 16.1495 1.31744
37.6822 16.1495 1.40345
48.4486 16.1495 1.44431
59.215 16.1495 1.27176
69.9813 16.1495 0.938779
5.38318 26.9159 0.359051
16.1495 26.9159 0.913621
26.9159 26.9159 1.48668
37.6822 26.9159 1.66086
48.4486 26.9159 1.74426
59.215 26.9159 1.66205
69.9813 26.9159 1.23163
5.38318 37.6822 0.416784
16.1495 37.6822 0.96501
26.9159 37.6822 1.52105
37.6822 37.6822 1.63565
48.4486 37.6822 1.7145
59.215 37.6822 1.73212
69.9813 37.6822 1.27618
5.38318 48.4486 0.144839
16.1495 48.4486 0.287367
26.9159 48.4486 0.468485
37.6822 48.4486 0.407342
48.4486 48.4486 0.56005
59.215 48.4486 0.931484
69.9813 48.4486 0.864532
5.38318 59.215 -0.170228
16.1495 59.215 -0.310539
26.9159 59.215 -0.351394
37.6822 59.215 -0.442767
48.4486 59.215 -0.457438
59.215 59.215 -0.220457
69.9813 59.215 0.0363976
5.38318 69.9813 -0.361707
16.1495 69.9813 -0.647752
26.9159 69.9813 -0.719557
37.6822 69.9813 -0.838561
48.4486 69.9813 -0.849576
59.215 69.9813 -0.615311
69.9813 69.9813 -0.248374
5.38318 80.7477 -0.518537
16.1495 80.7477 -0.865308
26.9159 80.7477 -0.952541
37.6822 80.7477 -1.00265
48.4486 80.7477 -0.974275
59.215 80.7477 -0.777609
69.9813 80.7477 -0.345584
5.38318 91.514 -0.570932
16.1495 91.514 -0.929379
26.9159 91.514 -1.0179
37.6822 91.514 -1.03555
48.4486 91.514 -0.989842
59.215 91.514 -0.786653
69.9813 91.514 -0.354575
5.38318 102.28 -0.585961
16.1495 102.28 -0.940709
26.9159 102.28 -1.02487
37.6822 102.28 -1.02444
48.4486 102.28 -0.969485
59.215 102.28 -0.766966
69.9813 102.28 -0.334419
5.38318 113.047 -0.581458
16.1495 113.047 -0.929224
26.9159 113.047 -1.00881
37.6822 113.047 -1.00946
48.4486 113.047 -0.955894
59.215 113.047 -0.753731
69.9813 113.047 -0.324508
5.38318 123.813 -0.549745
16.1495 123.813 -0.867822
26.9159 123.813 -0.914543
37.6822 123.813 -0.913209
48.4486 123.813 -0.860052
59.215 123.813 -0.651988
69.9813 123.813 -0.273273
5.38318 134.579 -0.420628
16.1495 134.579 -0.602669
26.9159 134.579 -0.51162
37.6822 134.579 -0.498342
48.4486 134.579 -0.474884
59.215 134.579 -0.382646
69.9813 134.579 -0.128727
5.38318 145.346 -0.0849811
16.1495 145.346 0.045735
26.9159 145.346 0.591882
37.6822 145.346 0.735036
48.4486 145.346 0.547784
59.215 145.346 0.311817
69.9813 145.346 0.337408
5.38318 156.112 0.658079
16.1495 156.112 1.61958
26.9159 156.112 2.4449
37.6822 156.112 2.65926
48.4486 156.112 2.34241
59.215 156.112 1.63652
69.9813 156.112 0.981018
5.38318 166.879 1.29199
16.1495 166.879 2.71608
26.9159 166.879 3.83434
37.6822 166.879 4.15094
48.4486 166.879 3.52163
59.215 166.879 2.55226
69.9813 166.879 1.43393
5.38318 177.645 1.56
16.1495 177.645 3.20094
26.9159 177.645 4.63557
37.6822 177.645 4.95146
48.4486 177.645 4.22503
59.215 177.645 2.92214
69.9813 177.645 1.60609
5.38318 188.411 1.5292
16.1495 188.411 3.10339
26.9159 188.411 4.54962
37.6822 188.411 4.82419
48.4486 188.411 4.14178
59.215 188.411 2.84439
69.9813 188.411 1.6228
5.38318 199.178 1.32173
16.1495 199.178 2.54361
26.9159 199.178 3.50732
37.6822 199.178 3.74614
48.4486 199.178 3.6239
59.215 199.178 2.76699
69.9813 199.178 1.80845
5.38318 209.944 0.889914
16.1495 209.944 1.63069
26.9159 209.944 1.9474
37.6822 209.944 2.13057
48.4486 209.944 2.38907
59.215 209.944 2.17625
69.9813 209.944 1.56438
