37 177
0 157 72 40
0 141 72 72
0 134 72 82
0 72 72 144
0 0 72 216
5.38318 5.38318 1.1359
16.1495 5.38318 1.41254
26.9159 5.38318 1.3007
37.6822 5.38318 1.01044
48.4486 5.38318 0.604448
59.215 5.38318 0.444659
69.9813 5.38318 0.252564
5.38318 16.1495 1.8285
16.1495 16.1495 2.51315
26.9159 16.1495 2.55733
37.6822 16.1495 2.25692
48.4486 16.1495 1.78156
59.215 16.1495 1.3735
69.9813 16.1495 0.828691
5.38318 26.9159 1.85624
16.1495 26.9159 2.79462
26.9159 26.9159 3.09433
37.6822 26.9159 2.95539
48.4486 26.9159 2.47473
59.215 26.9159 1.94268
69.9813 26.9159 1.18284
5.38318 37.6822 1.25679
16.1495 37.6822 2.46992
26.9159 37.6822 3.51401
37.6822 37.6822 4.01205
48.4486 37.6822 3.69072
59.215 37.6822 2.85453
69.9813 37.6822 1.69789
5.38318 48.4486 0.947459
16.1495 48.4486 2.21346
26.9159 48.4486 3.52589
37.6822 48.4486 4.17925
48.4486 48.4486 3.82394
59.215 48.4486 2.83941
69.9813 48.4486 1.6412
5.38318 59.215 0.640789
16.1495 59.215 1.65881
26.9159 59.215 2.64478
37.6822 59.215 2.8961
48.4486 59.215 2.50447
59.215 59.215 1.93001
69.9813 59.215 1.16854
5.38318 69.9813 -0.0871581
16.1495 69.9813 -0.0628219
26.9159 69.9813 0.161426
37.6822 69.9813 0.172069
48.4486 69.9813 0.0849472
59.215 69.9813 0.371114
69.9813 69.9813 0.455502
5.38318 80.7477 -0.409624
16.1495 80.7477 -0.670892
26.9159 80.7477 -0.635841
37.6822 80.7477 -0.635745
48.4486 80.7477 -0.496174
59.215 80.7477 -0.221135
69.9813 80.7477 0.0711358
5.38318 91.514 -0.588172
16.1495 91.514 -0.961422
26.9159 91.514 -1.03201
37.6822 91.514 -1.03825
48.4486 91.514 -0.965729
59.215 91.514 -0.664161
69.9813 91.514 -0.273442
5.38318 102.28 -0.594425
16.1495 102.28 -0.960817
26.9159 102.28 -1.03696
37.6822 102.28 -1.03861
48.4486 102.28 -0.976863
59.215 102.28 -0.749325
69.9813 102.28 -0.325651
5.38318 113.047 -0.568296
16.1495 113.047 -0.903342
26.9159 113.047 -0.968061
37.6822 113.047 -0.968407
48.4486 113.047 -0.919667
59.215 113.047 -0.711878
69.9813 113.047 -0.302963
5.38318 123.813 -0.50738
16.1495 123.813 -0.764507
26.9159 123.813 -0.679076
37.6822 123.813 -0.672032
48.4486 123.813 -0.636775
59.215 123.813 -0.518441
69.9813 123.813 -0.21044
5.38318 134.579 -0.253294
16.1495 134.579 -0.271574
26.9159 134.579 -0.00493832
37.6822 134.579 0.037034
48.4486 134.579 0.00582122
59.215 134.579 -0.0754823
69.9813 134.579 0.0569919
5.38318 145.346 0.305964
16.1495 145.346 1.06862
26.9159 145.346 2.05722
37.6822 145.346 2.30197
48.4486 145.346 2.03319
59.215 145.346 1.28393
69.9813 145.346 0.748666
5.38318 156.112 1.04401
16.1495 156.112 2.46337
26.9159 156.112 3.68983
37.6822 156.112 4.15211
48.4486 156.112 3.74195
59.215 156.112 2.60671
69.9813 156.112 1.43717
5.38318 166.879 1.5592
16.1495 166.879 3.33497
26.9159 166.879 4.86396
37.6822 166.879 5.47576
48.4486 166.879 4.87157
59.215 166.879 3.42205
69.9813 166.879 1.81305
5.38318 177.645 1.54532
16.1495 177.645 3.36101
26.9159 177.645 5.20263
37.6822 177.645 5.87561
48.4486 177.645 5.25436
59.215 177.645 3.55348
69.9813 177.645 1.85814
5.38318 188.411 1.25795
16.1495 188.411 2.93677
26.9159 188.411 4.84984
37.6822 188.411 5.45239
48.4486 188.411 4.60601
59.215 188.411 2.92226
69.9813 188.411 1.46808
5.38318 199.178 0.542749
16.1495 199.178 1.70567
26.9159 199.178 3.08387
37.6822 199.178 3.48707
48.4486 199.178 2.91972
59.215 199.178 1.91076
69.9813 199.178 1.06348
5.38318 209.944 0.16684
16.1495 209.944 0.687916
26.9159 209.944 1.15364
37.6822 209.944 1.39059
48.4486 209.944 1.20826
59.215 209.944 1.05591
69.9813 209.944 0.718433
