37 48
0 28 72 40
0 12 72 72
0 7 72 82
0 0 72 144
0 0 72 216
5.38318 5.38318 0.256849
16.1495 5.38318 0.36842
26.9159 5.38318 0.47129
37.6822 5.38318 0.363889
48.4486 5.38318 0.363293
59.215 5.38318 0.31205
69.9813 5.38318 0.275252
5.38318 16.1495 0.519997
16.1495 16.1495 1.08802
26.9159 16.1495 1.62597
37.6822 16.1495 1.57443
48.4486 16.1495 1.55693
59.215 16.1495 1.13938
69.9813 16.1495 0.825559
5.38318 26.9159 0.542527
16.1495 26.9159 1.38154
26.9159 26.9159 2.4261
37.6822 26.9159 2.52587
48.4486 26.9159 2.41173
59.215 26.9159 1.7468
69.9813 26.9159 1.17518
5.38318 37.6822 0.990726
16.1495 37.6822 2.32891
26.9159 37.6822 3.85308
37.6822 37.6822 4.10555
48.4486 37.6822 3.83288
59.215 37.6822 2.60967
69.9813 37.6822 1.56213
5.38318 48.4486 0.91143
16.1495 48.4486 2.35216
26.9159 48.4486 4.2286
37.6822 48.4486 4.72462
48.4486 48.4486 4.28543
59.215 48.4486 2.81047
69.9813 48.4486 1.55487
5.38318 59.215 0.647874
16.1495 59.215 1.81768
26.9159 59.215 3.47955
37.6822 59.215 3.83244
48.4486 59.215 3.29943
59.215 59.215 2.03886
69.9813 59.215 1.04284
5.38318 69.9813 -0.0171253
16.1495 69.9813 0.281124
26.9159 69.9813 1.16837
37.6822 69.9813 1.31298
48.4486 69.9813 0.942128
59.215 69.9813 0.499593
69.9813 69.9813 0.228551
5.38318 80.7477 -0.181751
16.1495 80.7477 -0.234714
26.9159 80.7477 -0.154052
37.6822 80.7477 -0.137784
48.4486 80.7477 -0.240382
59.215 80.7477 -0.216943
69.9813 80.7477 -0.11896
5.38318 91.514 -0.278041
16.1495 91.514 -0.41969
26.9159 91.514 -0.43613
37.6822 91.514 -0.456878
48.4486 91.514 -0.477081
59.215 91.514 -0.389735
69.9813 91.514 -0.183551
5.38318 102.28 -0.296035
16.1495 102.28 -0.447257
26.9159 102.28 -0.455327
37.6822 102.28 -0.458277
48.4486 102.28 -0.445576
59.215 102.28 -0.35787
69.9813 102.28 -0.158709
5.38318 113.047 -0.298928
16.1495 113.047 -0.451956
26.9159 113.047 -0.45586
37.6822 113.047 -0.438644
48.4486 113.047 -0.424891
59.215 113.047 -0.338782
69.9813 113.047 -0.153867
5.38318 123.813 -0.297664
16.1495 123.813 -0.450641
26.9159 123.813 -0.455305
37.6822 123.813 -0.440383
48.4486 123.813 -0.426672
59.215 123.813 -0.341299
69.9813 123.813 -0.153809
5.38318 134.579 -0.287976
16.1495 134.579 -0.439254
26.9159 134.579 -0.443494
37.6822 134.579 -0.435551
48.4486 134.579 -0.423517
59.215 134.579 -0.336827
69.9813 134.579 -0.151524
5.38318 145.346 -0.188795
16.1495 145.346 -0.313784
26.9159 145.346 -0.31194
37.6822 145.346 -0.344918
48.4486 145.346 -0.3561
59.215 145.346 -0.276557
69.9813 145.346 -0.116436
5.38318 156.112 0.137237
16.1495 156.112 0.131225
26.9159 156.112 0.132626
37.6822 156.112 -0.0498651
48.4486 156.112 -0.129803
59.215 156.112 -0.114153
69.9813 156.112 -0.01103
5.38318 166.879 0.9745
16.1495 166.879 1.38347
26.9159 166.879 1.30808
37.6822 166.879 0.770832
48.4486 166.879 0.471578
59.215 166.879 0.3334
69.9813 166.879 0.335662
5.38318 177.645 1.63172
16.1495 177.645 2.39708
26.9159 177.645 2.33912
37.6822 177.645 1.6515
48.4486 177.645 1.16951
59.215 177.645 0.909422
69.9813 177.645 0.742979
5.38318 188.411 1.81673
16.1495 188.411 2.69293
26.9159 188.411 2.62239
37.6822 188.411 1.88386
48.4486 188.411 1.30806
59.215 188.411 1.15943
69.9813 188.411 0.933585
5.38318 199.178 1.11543
16.1495 199.178 1.76627
26.9159 199.178 1.76336
37.6822 199.178 1.26475
48.4486 199.178 0.964726
59.215 199.178 1.07448
69.9813 199.178 0.925833
5.38318 209.944 0.372225
16.1495 209.944 0.665451
26.9159 209.944 0.643323
37.6822 209.944 0.539864
48.4486 209.944 0.511191
59.215 209.944 0.805356
69.9813 209.944 0.693685
