37 177
0 157 72 40
0 141 72 72
0 134 72 82
0 72 72 144
0 0 72 216
5.38318 5.38318 0.690332
16.1495 5.38318 1.12874
26.9159 5.38318 1.48845
37.6822 5.38318 1.47878
48.4486 5.38318 1.36503
59.215 5.38318 1.04879
69.9813 5.38318 0.672387
5.38318 16.1495 1.25814
16.1495 16.1495 2.31932
26.9159 16.1495 3.09295
37.6822 16.1495 3.11717
48.4486 16.1495 2.80098
59.215 16.1495 2.10193
69.9813 16.1495 1.30784
5.38318 26.9159 1.37951
16.1495 26.9159 2.81133
26.9159 26.9159 4.13048
37.6822 26.9159 4.31213
48.4486 26.9159 3.78154
59.215 26.9159 2.70015
69.9813 26.9159 1.569
5.38318 37.6822 1.38352
16.1495 37.6822 2.99278
26.9159 37.6822 4.64394
37.6822 37.6822 5.01254
48.4486 37.6822 4.33127
59.215 37.6822 2.93074
69.9813 37.6822 1.57526
5.38318 48.4486 1.26578
16.1495 48.4486 2.72729
26.9159 48.4486 4.21259
37.6822 48.4486 4.56621
48.4486 48.4486 3.90761
59.215 48.4486 2.62935
69.9813 48.4486 1.38349
5.38318 59.215 0.909526
16.1495 59.215 1.88556
26.9159 59.215 2.60165
37.6822 59.215 2.72122
48.4486 59.215 2.42327
59.215 59.215 1.95052
69.9813 59.215 1.25755
5.38318 69.9813 0.572706
16.1495 69.9813 1.23506
26.9159 69.9813 1.55479
37.6822 69.9813 1.58897
48.4486 69.9813 1.41865
59.215 69.9813 1.46946
69.9813 69.9813 1.10179
5.38318 80.7477 -0.0437095
16.1495 80.7477 0.151423
26.9159 80.7477 0.487107
37.6822 80.7477 0.546932
48.4486 80.7477 0.506089
59.215 80.7477 0.721506
69.9813 80.7477 0.652932
5.38318 91.514 -0.290431
16.1495 91.514 -0.372033
26.9159 91.514 -0.284632
37.6822 91.514 -0.251768
48.4486 91.514 -0.27352
59.215 91.514 -0.167375
69.9813 91.514 -0.0210762
5.38318 102.28 -0.311305
16.1495 102.28 -0.453494
26.9159 102.28 -0.395432
37.6822 102.28 -0.384208
48.4486 102.28 -0.373618
59.215 102.28 -0.292611
69.9813 102.28 -0.115678
5.38318 113.047 -0.301291
16.1495 113.047 -0.456027
26.9159 113.047 -0.458882
37.6822 113.047 -0.443571
48.4486 113.047 -0.425373
59.215 113.047 -0.333305
69.9813 113.047 -0.144241
5.38318 123.813 -0.289553
16.1495 123.813 -0.440677
26.9159 123.813 -0.434571
37.6822 123.813 -0.431477
48.4486 123.813 -0.408368
59.215 123.813 -0.313963
69.9813 123.813 -0.132702
5.38318 134.579 -0.251504
16.1495 134.579 -0.359663
26.9159 134.579 -0.309726
37.6822 134.579 -0.292126
48.4486 134.579 -0.276446
59.215 134.579 -0.223166
69.9813 134.579 -0.0866671
5.38318 145.346 -0.130461
16.1495 145.346 -0.0844069
26.9159 145.346 0.207981
37.6822 145.346 0.409475
48.4486 145.346 0.312685
59.215 145.346 0.113543
69.9813 145.346 0.123522
5.38318 156.112 0.130045
16.1495 156.112 0.741505
26.9159 156.112 1.69477
37.6822 156.112 2.0663
48.4486 156.112 1.76618
59.215 156.112 1.01276
69.9813 156.112 0.522
5.38318 166.879 0.601955
16.1495 166.879 1.83239
26.9159 166.879 3.36029
37.6822 166.879 3.93595
48.4486 166.879 3.31383
59.215 166.879 1.9766
69.9813 166.879 0.97779
5.38318 177.645 0.954275
16.1495 177.645 2.39292
26.9159 177.645 4.45556
37.6822 177.645 5.10977
48.4486 177.645 4.3048
59.215 177.645 2.59159
69.9813 177.645 1.30232
5.38318 188.411 1.06067
16.1495 188.411 2.36601
26.9159 188.411 4.12342
37.6822 188.411 4.40741
48.4486 188.411 3.72475
59.215 188.411 2.35904
69.9813 188.411 1.32276
5.38318 199.178 0.672792
16.1495 199.178 1.4025
26.9159 199.178 2.29618
37.6822 199.178 2.27159
48.4486 199.178 2.05825
59.215 199.178 1.46104
69.9813 199.178 1.07909
5.38318 209.944 0.39759
16.1495 209.944 0.843811
26.9159 209.944 1.17486
37.6822 209.944 1.06426
48.4486 209.944 1.04139
59.215 209.944 0.912981
69.9813 209.944 0.807011
