59 177
0 157 72 40
0 141 72 72
0 134 72 82
0 72 72 144
0 0 72 216
5.38318 5.38318 0.367724
16.1495 5.38318 0.573732
26.9159 5.38318 0.936705
37.6822 5.38318 1.22102
48.4486 5.38318 1.32825
59.215 5.38318 1.11113
69.9813 5.38318 0.692407
5.38318 16.1495 0.639388
16.1495 16.1495 1.32128
26.9159 16.1495 2.18127
37.6822 16.1495 2.74947
48.4486 16.1495 2.89651
59.215 16.1495 2.32325
69.9813 16.1495 1.40002
5.38318 26.9159 0.881807
16.1495 26.9159 1.93889
26.9159 26.9159 3.16058
37.6822 26.9159 4.0285
48.4486 26.9159 4.10067
59.215 26.9159 3.12534
69.9813 26.9159 1.7796
5.38318 37.6822 1.14613
16.1495 37.6822 2.33979
26.9159 37.6822 3.6758
37.6822 37.6822 4.53573
48.4486 37.6822 4.43056
59.215 37.6822 3.32041
69.9813 37.6822 1.83294
5.38318 48.4486 1.30371
16.1495 48.4486 2.41947
26.9159 48.4486 3.44073
37.6822 48.4486 3.84191
48.4486 48.4486 3.70619
59.215 48.4486 2.90056
69.9813 48.4486 1.68708
5.38318 59.215 0.902754
16.1495 59.215 1.69549
26.9159 59.215 2.26921
37.6822 59.215 2.25645
48.4486 59.215 2.30764
59.215 59.215 2.24227
69.9813 59.215 1.5422
5.38318 69.9813 0.44875
16.1495 69.9813 0.874007
26.9159 69.9813 1.26044
37.6822 69.9813 1.27022
48.4486 69.9813 1.60509
59.215 69.9813 1.85182
69.9813 69.9813 1.39345
5.38318 80.7477 -0.0952227
16.1495 80.7477 -0.0446955
26.9159 80.7477 0.220991
37.6822 80.7477 0.467404
48.4486 80.7477 0.728435
59.215 80.7477 1.07121
69.9813 80.7477 0.892218
5.38318 91.514 -0.257649
16.1495 91.514 -0.325549
26.9159 91.514 -0.243481
37.6822 91.514 -0.138706
48.4486 91.514 -0.116369
59.215 91.514 -0.00207993
69.9813 91.514 0.162592
5.38318 102.28 -0.281467
16.1495 102.28 -0.397742
26.9159 102.28 -0.330681
37.6822 102.28 -0.264226
48.4486 102.28 -0.242425
59.215 102.28 -0.183528
69.9813 102.28 -0.061035
5.38318 113.047 -0.284189
16.1495 113.047 -0.418986
26.9159 113.047 -0.388225
37.6822 113.047 -0.367661
48.4486 113.047 -0.359362
59.215 113.047 -0.290314
69.9813 113.047 -0.125575
5.38318 123.813 -0.182064
16.1495 123.813 -0.23301
26.9159 123.813 -0.161026
37.6822 123.813 -0.169647
48.4486 123.813 -0.219163
59.215 123.813 -0.215644
69.9813 123.813 -0.0930918
5.38318 134.579 0.0603252
16.1495 134.579 0.357297
26.9159 134.579 0.655086
37.6822 134.579 0.549023
48.4486 134.579 0.285134
59.215 134.579 0.0393567
69.9813 134.579 0.113736
5.38318 145.346 0.720618
16.1495 145.346 1.44631
26.9159 145.346 1.86878
37.6822 145.346 1.75564
48.4486 145.346 1.45854
59.215 145.346 1.0369
69.9813 145.346 0.732978
5.38318 156.112 1.51261
16.1495 156.112 2.56735
26.9159 156.112 2.93163
37.6822 156.112 2.86589
48.4486 156.112 2.72752
59.215 156.112 2.35225
69.9813 156.112 1.60643
5.38318 166.879 2.41415
16.1495 166.879 3.57886
26.9159 166.879 3.53705
37.6822 166.879 3.46816
48.4486 166.879 3.87376
59.215 166.879 3.9669
69.9813 166.879 2.7998
5.38318 177.645 2.79412
16.1495 177.645 3.894
26.9159 177.645 3.33132
37.6822 177.645 3.15102
48.4486 177.645 3.96047
59.215 177.645 4.58364
69.9813 177.645 3.41049
5.38318 188.411 2.42747
16.1495 188.411 3.27283
26.9159 188.411 2.74893
37.6822 188.411 2.55911
48.4486 188.411 3.35141
59.215 188.411 3.9836
69.9813 188.411 3.06996
5.38318 199.178 1.13069
16.1495 199.178 1.73338
26.9159 199.178 1.67168
37.6822 199.178 1.56053
48.4486 199.178 1.86419
59.215 199.178 2.05128
69.9813 199.178 1.69478
5.38318 209.944 0.522253
16.1495 209.944 0.911761
26.9159 209.944 1.09512
37.6822 209.944 1.08229
48.4486 209.944 1.2304
59.215 209.944 1.13501
69.9813 209.944 0.935575
