48 166
0 146 72 40
0 130 72 72
0 125 72 82
0 72 72 144
0 0 72 216
5.38318 5.38318 1.02469
16.1495 5.38318 1.7
26.9159 5.38318 2.24788
37.6822 5.38318 2.37042
48.4486 5.38318 2.21151
59.215 5.38318 1.53604
69.9813 5.38318 0.858412
5.38318 16.1495 1.50122
16.1495 16.1495 2.74629
26.9159 16.1495 3.80306
37.6822 16.1495 4.11062
48.4486 16.1495 3.77506
59.215 16.1495 2.63936
69.9813 16.1495 1.46974
5.38318 26.9159 1.3132
16.1495 26.9159 2.6536
26.9159 26.9159 3.97682
37.6822 26.9159 4.41597
48.4486 26.9159 3.94383
59.215 26.9159 2.648
69.9813 26.9159 1.38721
5.38318 37.6822 0.610592
16.1495 37.6822 1.49756
26.9159 37.6822 2.46395
37.6822 37.6822 2.74948
48.4486 37.6822 2.28262
59.215 37.6822 1.44339
69.9813 37.6822 0.707722
5.38318 48.4486 0.201302
16.1495 48.4486 0.798319
26.9159 48.4486 1.68254
37.6822 48.4486 2.0195
48.4486 48.4486 1.65298
59.215 48.4486 0.91499
69.9813 48.4486 0.387356
5.38318 59.215 0.0467698
16.1495 59.215 0.691178
26.9159 59.215 1.8424
37.6822 59.215 2.3037
48.4486 59.215 1.94149
59.215 59.215 1.04709
69.9813 59.215 0.389004
5.38318 69.9813 -0.0734418
16.1495 69.9813 0.429208
26.9159 69.9813 1.74129
37.6822 69.9813 2.27314
48.4486 69.9813 1.9478
59.215 69.9813 0.973864
69.9813 69.9813 0.30351
5.38318 80.7477 -0.184619
16.1495 80.7477 -0.0827478
26.9159 80.7477 0.7686
37.6822 80.7477 1.18489
48.4486 80.7477 0.92454
59.215 80.7477 0.292146
69.9813 80.7477 -0.0178233
5.38318 91.514 -0.270979
16.1495 91.514 -0.359596
26.9159 91.514 -0.235484
37.6822 91.514 -0.194005
48.4486 91.514 -0.230767
59.215 91.514 -0.265128
69.9813 91.514 -0.147512
5.38318 102.28 -0.293368
16.1495 102.28 -0.443138
26.9159 102.28 -0.435523
37.6822 102.28 -0.435419
48.4486 102.28 -0.453142
59.215 102.28 -0.375566
69.9813 102.28 -0.183667
5.38318 113.047 -0.297719
16.1495 113.047 -0.450413
26.9159 113.047 -0.45649
37.6822 113.047 -0.442096
48.4486 113.047 -0.421706
59.215 113.047 -0.326492
69.9813 113.047 -0.140305
5.38318 123.813 -0.288681
16.1495 123.813 -0.433238
26.9159 123.813 -0.389216
37.6822 123.813 -0.370358
48.4486 123.813 -0.342876
59.215 123.813 -0.255993
69.9813 123.813 -0.102861
5.38318 134.579 -0.237329
16.1495 134.579 -0.306913
26.9159 134.579 -0.137062
37.6822 134.579 -0.0433888
48.4486 134.579 0.008049
59.215 134.579 0.00290567
69.9813 134.579 0.0857928
5.38318 145.346 -0.160034
16.1495 145.346 -0.0973228
26.9159 145.346 0.680811
37.6822 145.346 1.21946
48.4486 145.346 1.4063
59.215 145.346 1.01917
69.9813 145.346 0.598144
5.38318 156.112 -0.0400922
16.1495 156.112 0.560525
26.9159 156.112 2.14957
37.6822 156.112 3.09649
48.4486 156.112 3.22863
59.215 156.112 2.27438
69.9813 156.112 1.1855
5.38318 166.879 0.072053
16.1495 166.879 1.02266
26.9159 166.879 3.06167
37.6822 166.879 4.53834
48.4486 166.879 4.72459
59.215 166.879 3.37545
69.9813 166.879 1.70393
5.38318 177.645 0.257449
16.1495 177.645 1.26928
26.9159 177.645 3.20933
37.6822 177.645 4.6186
48.4486 177.645 4.71817
59.215 177.645 3.40898
69.9813 177.645 1.72021
5.38318 188.411 0.206125
16.1495 188.411 0.848792
26.9159 188.411 2.28934
37.6822 188.411 3.05444
48.4486 188.411 3.10921
59.215 188.411 2.39946
69.9813 188.411 1.331
5.38318 199.178 0.334985
16.1495 199.178 0.633233
26.9159 199.178 1.35785
37.6822 199.178 1.23263
48.4486 199.178 1.21302
59.215 199.178 1.02934
69.9813 199.178 0.754601
5.38318 209.944 0.341076
16.1495 209.944 0.583646
26.9159 209.944 1.06677
37.6822 209.944 0.76561
48.4486 209.944 0.765167
59.215 209.944 0.649642
69.9813 209.944 0.558644
