37 177
0 157 72 40
0 141 72 72
0 134 72 82
0 72 72 144
0 0 72 216
5.38318 5.38318 0.533462
16.1495 5.38318 0.785235
26.9159 5.38318 0.981125
37.6822 5.38318 1.0341
48.4486 5.38318 1.0685
59.215 5.38318 0.93892
69.9813 5.38318 0.631751
5.38318 16.1495 0.989279
16.1495 16.1495 1.58191
26.9159 16.1495 1.90693
37.6822 16.1495 1.97846
48.4486 16.1495 2.07128
59.215 16.1495 1.86809
69.9813 16.1495 1.27942
5.38318 26.9159 1.34811
16.1495 26.9159 2.19297
26.9159 26.9159 2.44976
37.6822 26.9159 2.52153
48.4486 26.9159 2.5677
59.215 26.9159 2.48392
69.9813 26.9159 1.6737
5.38318 37.6822 1.45144
16.1495 37.6822 2.37814
26.9159 37.6822 2.587
37.6822 37.6822 2.6411
48.4486 37.6822 2.57603
59.215 37.6822 2.53762
69.9813 37.6822 1.66958
5.38318 48.4486 1.22069
16.1495 48.4486 2.11996
26.9159 48.4486 2.26794
37.6822 48.4486 2.40354
48.4486 48.4486 2.03865
59.215 48.4486 2.02941
69.9813 48.4486 1.22806
5.38318 59.215 0.655574
16.1495 59.215 1.311
26.9159 59.215 1.41648
37.6822 59.215 1.67612
48.4486 59.215 1.29611
59.215 59.215 1.47428
69.9813 59.215 0.912992
5.38318 69.9813 0.386047
16.1495 69.9813 0.792018
26.9159 69.9813 0.803622
37.6822 69.9813 0.89169
48.4486 69.9813 0.534251
59.215 69.9813 0.868525
69.9813 69.9813 0.581271
5.38318 80.7477 -0.0662541
16.1495 80.7477 -0.0063092
26.9159 80.7477 0.167956
37.6822 80.7477 0.327656
48.4486 80.7477 0.198675
59.215 80.7477 0.516622
69.9813 80.7477 0.4137
5.38318 91.514 -0.240892
16.1495 91.514 -0.331076
26.9159 91.514 -0.268953
37.6822 91.514 -0.249833
48.4486 91.514 -0.244211
59.215 91.514 -0.138604
69.9813 91.514 -0.015538
5.38318 102.28 -0.297826
16.1495 102.28 -0.430701
26.9159 102.28 -0.355297
37.6822 102.28 -0.325505
48.4486 102.28 -0.305741
59.215 102.28 -0.234947
69.9813 102.28 -0.0908725
5.38318 113.047 -0.29563
16.1495 113.047 -0.448615
26.9159 113.047 -0.429543
37.6822 113.047 -0.411492
48.4486 113.047 -0.382854
59.215 113.047 -0.289114
69.9813 113.047 -0.119698
5.38318 123.813 -0.166043
16.1495 123.813 -0.274889
26.9159 123.813 -0.232759
37.6822 123.813 -0.253435
48.4486 123.813 -0.255859
59.215 123.813 -0.16992
69.9813 123.813 -0.0485272
5.38318 134.579 0.289193
16.1495 134.579 0.39045
26.9159 134.579 0.562496
37.6822 134.579 0.314359
48.4486 134.579 0.158381
59.215 134.579 0.157651
69.9813 134.579 0.224498
5.38318 145.346 1.21943
16.1495 145.346 1.90671
26.9159 145.346 2.08667
37.6822 145.346 1.6688
48.4486 145.346 1.36143
59.215 145.346 1.0629
69.9813 145.346 0.755494
5.38318 156.112 2.12821
16.1495 156.112 3.43924
26.9159 156.112 3.71081
37.6822 156.112 3.1217
48.4486 156.112 2.62079
59.215 156.112 1.96075
69.9813 156.112 1.24731
5.38318 166.879 2.449
16.1495 166.879 4.12882
26.9159 166.879 4.70599
37.6822 166.879 4.48797
48.4486 166.879 3.9597
59.215 166.879 2.96934
69.9813 166.879 1.72206
5.38318 177.645 1.9
16.1495 177.645 3.35903
26.9159 177.645 4.28234
37.6822 177.645 4.82915
48.4486 177.645 4.60231
59.215 177.645 3.54487
69.9813 177.645 1.94558
5.38318 188.411 1.13849
16.1495 188.411 2.13589
26.9159 188.411 3.10413
37.6822 188.411 3.99525
48.4486 188.411 4.00566
59.215 188.411 3.20437
69.9813 188.411 1.75108
5.38318 199.178 0.837908
16.1495 199.178 1.40259
26.9159 199.178 1.81245
37.6822 199.178 2.20641
48.4486 199.178 2.1366
59.215 199.178 1.9121
69.9813 199.178 1.16195
5.38318 209.944 0.763368
16.1495 209.944 1.17692
26.9159 209.944 1.15025
37.6822 209.944 0.984174
48.4486 209.944 0.799483
59.215 209.944 0.806018
69.9813 209.944 0.624502
