37 37
0 17 72 40
0 1 72 72
0 0 72 82
0 0 72 144
0 0 72 216
5.38318 5.38318 0.571495
16.1495 5.38318 1.02229
26.9159 5.38318 1.4958
37.6822 5.38318 1.62231
48.4486 5.38318 1.49492
59.215 5.38318 1.09805
69.9813 5.38318 0.631654
5.38318 16.1495 1.13013
16.1495 16.1495 2.17551
26.9159 16.1495 3.16117
37.6822 16.1495 3.47789
48.4486 16.1495 3.18159
59.215 16.1495 2.29931
69.9813 16.1495 1.29129
5.38318 26.9159 1.68145
16.1495 26.9159 3.25132
26.9159 26.9159 4.68687
37.6822 26.9159 5.14288
48.4486 26.9159 4.65843
59.215 26.9159 3.38118
69.9813 26.9159 1.87242
5.38318 37.6822 1.97328
16.1495 37.6822 3.76231
26.9159 37.6822 5.09809
37.6822 37.6822 5.46678
48.4486 37.6822 4.87548
59.215 37.6822 3.62486
69.9813 37.6822 2.00026
5.38318 48.4486 1.81462
16.1495 48.4486 3.32497
26.9159 48.4486 4.32777
37.6822 48.4486 4.47062
48.4486 48.4486 3.88168
59.215 48.4486 2.97137
69.9813 48.4486 1.66239
5.38318 59.215 1.10339
16.1495 59.215 2.07791
26.9159 59.215 2.60046
37.6822 59.215 2.73477
48.4486 59.215 2.30638
59.215 59.215 1.99974
69.9813 59.215 1.18503
5.38318 69.9813 0.591676
16.1495 69.9813 1.10217
26.9159 69.9813 1.45831
37.6822 69.9813 1.4225
48.4486 69.9813 1.03543
59.215 69.9813 0.9848
69.9813 69.9813 0.651837
5.38318 80.7477 -0.076692
16.1495 80.7477 -0.11161
26.9159 80.7477 -0.0431642
37.6822 80.7477 -0.106957
48.4486 80.7477 -0.202855
59.215 80.7477 -0.0422401
69.9813 80.7477 0.124121
5.38318 91.514 -0.424269
16.1495 91.514 -0.704451
26.9159 91.514 -0.710311
37.6822 91.514 -0.748912
48.4486 91.514 -0.771681
59.215 91.514 -0.571857
69.9813 91.514 -0.268775
5.38318 102.28 -0.563034
16.1495 102.28 -0.903966
26.9159 102.28 -0.977092
37.6822 102.28 -0.980722
48.4486 102.28 -0.932887
59.215 102.28 -0.713802
69.9813 102.28 -0.307929
5.38318 113.047 -0.565393
16.1495 113.047 -0.900952
26.9159 113.047 -0.980056
37.6822 113.047 -0.985105
48.4486 113.047 -0.940466
59.215 113.047 -0.727553
69.9813 113.047 -0.31025
5.38318 123.813 -0.413584
16.1495 123.813 -0.622004
26.9159 123.813 -0.581241
37.6822 123.813 -0.642465
48.4486 123.813 -0.682829
59.215 123.813 -0.507926
69.9813 123.813 -0.201575
5.38318 134.579 -0.00109785
16.1495 134.579 0.229515
26.9159 134.579 0.649098
37.6822 134.579 0.257286
48.4486 134.579 -0.0627841
59.215 134.579 -0.017832
69.9813 134.579 0.209847
5.38318 145.346 1.14524
16.1495 145.346 2.19876
26.9159 145.346 2.88016
37.6822 145.346 2.43537
48.4486 145.346 1.88223
59.215 145.346 1.59787
69.9813 145.346 1.19079
5.38318 156.112 1.88778
16.1495 156.112 3.45131
26.9159 156.112 4.24154
37.6822 156.112 3.66098
48.4486 156.112 3.08451
59.215 156.112 2.69872
69.9813 156.112 1.92148
5.38318 166.879 1.97882
16.1495 166.879 3.52926
26.9159 166.879 4.33617
37.6822 166.879 3.96268
48.4486 166.879 3.48212
59.215 166.879 3.05056
69.9813 166.879 2.09022
5.38318 177.645 1.5707
16.1495 177.645 2.77639
26.9159 177.645 3.41392
37.6822 177.645 3.39784
48.4486 177.645 3.00305
59.215 177.645 2.54034
69.9813 177.645 1.63924
5.38318 188.411 1.2563
16.1495 188.411 2.36963
26.9159 188.411 3.05013
37.6822 188.411 3.31153
48.4486 188.411 2.93618
59.215 188.411 2.35493
69.9813 188.411 1.37211
5.38318 199.178 1.28327
16.1495 199.178 2.32517
26.9159 199.178 2.75614
37.6822 199.178 2.8972
48.4486 199.178 2.48854
59.215 199.178 1.96192
69.9813 199.178 1.15434
5.38318 209.944 0.968543
16.1495 209.944 1.71543
26.9159 209.944 1.99696
37.6822 209.944 2.09364
48.4486 209.944 1.85538
59.215 209.944 1.47137
69.9813 209.944 0.87559
