37 199
0 176 72 40
0 144 72 72
0 134 72 82
0 72 72 144
0 0 72 216
5.38318 5.38318 0.745962
16.1495 5.38318 1.22404
26.9159 5.38318 1.34688
37.6822 5.38318 1.36595
48.4486 5.38318 1.31972
59.215 5.38318 1.17933
69.9813 5.38318 0.7935
5.38318 16.1495 1.54359
16.1495 16.1495 2.43132
26.9159 16.1495 2.54714
37.6822 16.1495 2.54822
48.4486 16.1495 2.70864
59.215 16.1495 2.56288
69.9813 16.1495 1.79512
5.38318 26.9159 2.2364
16.1495 26.9159 3.2341
26.9159 26.9159 3.01784
37.6822 26.9159 2.93565
48.4486 26.9159 3.55098
59.215 26.9159 3.91724
69.9813 26.9159 2.87043
5.38318 37.6822 2.57507
16.1495 37.6822 3.48322
26.9159 37.6822 2.998
37.6822 37.6822 2.68111
48.4486 37.6822 3.56714
59.215 37.6822 4.20588
69.9813 37.6822 3.23336
5.38318 48.4486 2.1157
16.1495 48.4486 2.8553
26.9159 48.4486 2.60864
37.6822 48.4486 2.25873
48.4486 48.4486 2.95421
59.215 48.4486 3.37432
69.9813 48.4486 2.64577
5.38318 59.215 1.01226
16.1495 59.215 1.57118
26.9159 59.215 1.86308
37.6822 59.215 1.46232
48.4486 59.215 1.72967
59.215 59.215 1.51391
69.9813 59.215 1.30908
5.38318 69.9813 0.524332
16.1495 69.9813 0.829697
26.9159 69.9813 1.30738
37.6822 69.9813 0.746623
48.4486 69.9813 0.991422
59.215 69.9813 0.621
69.9813 69.9813 0.830872
5.38318 80.7477 -0.104251
16.1495 80.7477 -0.169549
26.9159 80.7477 0.142495
37.6822 80.7477 -0.197198
48.4486 80.7477 -0.0610987
59.215 80.7477 -0.116982
69.9813 80.7477 0.342845
5.38318 91.514 -0.415049
16.1495 91.514 -0.701482
26.9159 91.514 -0.689859
37.6822 91.514 -0.84837
48.4486 91.514 -0.779502
59.215 91.514 -0.624254
69.9813 91.514 -0.205503
5.38318 102.28 -0.542207
16.1495 102.28 -0.882672
26.9159 102.28 -0.966922
37.6822 102.28 -1.00835
48.4486 102.28 -0.949846
59.215 102.28 -0.743072
69.9813 102.28 -0.292742
5.38318 113.047 -0.585902
16.1495 113.047 -0.937731
26.9159 113.047 -1.01253
37.6822 113.047 -0.999387
48.4486 113.047 -0.927508
59.215 113.047 -0.686259
69.9813 113.047 -0.277906
5.38318 123.813 -0.58618
16.1495 123.813 -0.919738
26.9159 123.813 -0.933669
37.6822 123.813 -0.759725
48.4486 123.813 -0.515312
59.215 123.813 -0.278988
69.9813 123.813 -0.00881008
5.38318 134.579 -0.582586
16.1495 134.579 -0.882203
26.9159 134.579 -0.714335
37.6822 134.579 -0.254743
48.4486 134.579 0.496573
59.215 134.579 0.83255
69.9813 134.579 0.809081
5.38318 145.346 -0.551314
16.1495 145.346 -0.749008
26.9159 145.346 -0.243512
37.6822 145.346 1.3857
48.4486 145.346 2.6673
59.215 145.346 2.60092
69.9813 145.346 1.75405
5.38318 156.112 -0.415595
16.1495 156.112 -0.389054
26.9159 156.112 0.683531
37.6822 156.112 2.55015
48.4486 156.112 3.67188
59.215 156.112 3.42876
69.9813 156.112 2.18756
5.38318 166.879 -0.0816383
16.1495 166.879 0.404896
26.9159 166.879 1.85085
37.6822 166.879 3.08173
48.4486 166.879 3.68161
59.215 166.879 3.18221
69.9813 166.879 1.95041
5.38318 177.645 0.709704
16.1495 177.645 1.75538
26.9159 177.645 2.85819
37.6822 177.645 3.18434
48.4486 177.645 2.88617
59.215 177.645 2.17104
69.9813 177.645 1.26193
5.38318 188.411 1.3705
16.1495 188.411 2.70346
26.9159 188.411 3.79377
37.6822 188.411 3.79873
48.4486 188.411 3.17192
59.215 188.411 2.25344
69.9813 188.411 1.2662
5.38318 199.178 1.53148
16.1495 199.178 2.90775
26.9159 199.178 4.08192
37.6822 199.178 4.34316
48.4486 199.178 3.87266
59.215 199.178 2.82407
69.9813 199.178 1.54294
5.38318 209.944 1.04059
16.1495 209.944 2.02257
26.9159 209.944 3.09143
37.6822 209.944 3.57709
48.4486 209.944 3.48574
59.215 209.944 2.62524
69.9813 209.944 1.42167
