16 37
0 17 72 40
0 1 72 72
0 0 72 82
0 0 72 144
0 0 72 216
5.38318 5.38318 0.950432
16.1495 5.38318 1.32464
26.9159 5.38318 1.28687
37.6822 5.38318 1.23351
48.4486 5.38318 1.01182
59.215 5.38318 0.861049
69.9813 5.38318 0.498999
5.38318 16.1495 2.23874
16.1495 16.1495 3.1391
26.9159 16.1495 2.98037
37.6822 16.1495 2.77933
48.4486 16.1495 2.44537
59.215 16.1495 1.99674
69.9813 16.1495 1.13938
5.38318 26.9159 3.40335
16.1495 26.9159 4.81786
26.9159 26.9159 4.50627
37.6822 26.9159 4.20319
48.4486 26.9159 3.62972
59.215 26.9159 2.95781
69.9813 26.9159 1.60149
5.38318 37.6822 3.6266
16.1495 37.6822 5.20311
26.9159 37.6822 5.08815
37.6822 37.6822 4.82839
48.4486 37.6822 4.30718
59.215 37.6822 3.42266
69.9813 37.6822 1.81774
5.38318 48.4486 2.29375
16.1495 48.4486 3.54333
26.9159 48.4486 3.86759
37.6822 48.4486 3.96205
48.4486 48.4486 3.66172
59.215 48.4486 2.95546
69.9813 48.4486 1.65825
5.38318 59.215 1.17548
16.1495 59.215 1.96784
26.9159 59.215 2.35045
37.6822 59.215 2.27276
48.4486 59.215 2.16443
59.215 59.215 1.92382
69.9813 59.215 1.29089
5.38318 69.9813 0.473665
16.1495 69.9813 0.789528
26.9159 69.9813 1.141
37.6822 69.9813 0.823355
48.4486 69.9813 0.850387
59.215 69.9813 0.905353
69.9813 69.9813 0.879898
5.38318 80.7477 0.00471757
16.1495 80.7477 0.0866198
26.9159 80.7477 0.414846
37.6822 80.7477 0.0972628
48.4486 80.7477 -0.0163637
59.215 80.7477 0.138694
69.9813 80.7477 0.396132
5.38318 91.514 -0.194995
16.1495 91.514 -0.274538
26.9159 91.514 -0.193189
37.6822 91.514 -0.265442
48.4486 91.514 -0.297368
59.215 91.514 -0.230341
69.9813 91.514 -0.0455793
5.38318 102.28 -0.244956
16.1495 102.28 -0.346505
26.9159 102.28 -0.260018
37.6822 102.28 -0.255128
48.4486 102.28 -0.260776
59.215 102.28 -0.212128
69.9813 102.28 -0.0737462
5.38318 113.047 -0.295353
16.1495 113.047 -0.445999
26.9159 113.047 -0.444968
37.6822 113.047 -0.433675
48.4486 113.047 -0.413956
59.215 113.047 -0.319766
69.9813 113.047 -0.136636
5.38318 123.813 -0.295117
16.1495 123.813 -0.447567
26.9159 123.813 -0.43153
37.6822 123.813 -0.414561
48.4486 123.813 -0.380529
59.215 123.813 -0.286724
69.9813 123.813 -0.116144
5.38318 134.579 -0.277764
16.1495 134.579 -0.414343
26.9159 134.579 -0.378048
37.6822 134.579 -0.347443
48.4486 134.579 -0.298517
59.215 134.579 -0.223873
69.9813 134.579 -0.0773071
5.38318 145.346 -0.256935
16.1495 145.346 -0.359923
26.9159 145.346 -0.257372
37.6822 145.346 -0.199732
48.4486 145.346 -0.145424
59.215 145.346 -0.134056
69.9813 145.346 -0.022808
5.38318 156.112 -0.122284
16.1495 156.112 -0.053565
26.9159 156.112 0.466108
37.6822 156.112 0.667576
48.4486 156.112 0.525203
59.215 156.112 0.164041
69.9813 156.112 0.13058
5.38318 166.879 0.124884
16.1495 166.879 0.743121
26.9159 166.879 1.69945
37.6822 166.879 1.92924
48.4486 166.879 1.50742
59.215 166.879 0.69747
69.9813 166.879 0.324865
5.38318 177.645 0.67867
16.1495 177.645 1.98025
26.9159 177.645 3.47676
37.6822 177.645 3.82292
48.4486 177.645 2.85964
59.215 177.645 1.4538
69.9813 177.645 0.582426
5.38318 188.411 0.864376
16.1495 188.411 2.55339
26.9159 188.411 4.48783
37.6822 188.411 5.00641
48.4486 188.411 3.87577
59.215 188.411 2.01715
69.9813 188.411 0.872975
5.38318 199.178 0.626724
16.1495 199.178 2.19457
26.9159 199.178 3.95896
37.6822 199.178 4.47001
48.4486 199.178 3.55114
59.215 199.178 1.88803
69.9813 199.178 0.868486
5.38318 209.944 0.247113
16.1495 209.944 1.01397
26.9159 209.944 1.77012
37.6822 209.944 2.09535
48.4486 209.944 1.85765
59.215 209.944 1.14799
69.9813 209.944 0.667396
