37 37
0 17 72 40
0 1 72 72
0 0 72 82
0 0 72 144
0 0 72 216
5.38318 5.38318 0.512243
16.1495 5.38318 0.898527
26.9159 5.38318 1.33211
37.6822 5.38318 1.36592
48.4486 5.38318 1.18717
59.215 5.38318 0.720126
69.9813 5.38318 0.381874
5.38318 16.1495 0.848887
16.1495 16.1495 1.74815
26.9159 16.1495 2.79866
37.6822 16.1495 2.951
48.4486 16.1495 2.60348
59.215 16.1495 1.60803
69.9813 16.1495 0.867995
5.38318 26.9159 0.938572
16.1495 26.9159 2.27067
26.9159 26.9159 4.14709
37.6822 26.9159 4.53802
48.4486 26.9159 3.91742
59.215 26.9159 2.19941
69.9813 26.9159 1.06787
5.38318 37.6822 0.839505
16.1495 37.6822 2.23863
26.9159 37.6822 4.3344
37.6822 37.6822 4.92768
48.4486 37.6822 4.23853
59.215 37.6822 2.32299
69.9813 37.6822 1.11545
5.38318 48.4486 0.779282
16.1495 48.4486 1.91436
26.9159 48.4486 3.47233
37.6822 48.4486 3.7866
48.4486 48.4486 3.16006
59.215 48.4486 1.76268
69.9813 48.4486 0.897876
5.38318 59.215 0.267569
16.1495 59.215 0.643696
26.9159 59.215 1.14724
37.6822 59.215 1.26136
48.4486 59.215 1.11967
59.215 59.215 0.878658
69.9813 59.215 0.706909
5.38318 69.9813 -0.0916076
16.1495 69.9813 -0.147367
26.9159 69.9813 -0.0902407
37.6822 69.9813 -0.0694363
48.4486 69.9813 0.0863401
59.215 69.9813 0.426451
69.9813 69.9813 0.614617
5.38318 80.7477 -0.327229
16.1495 80.7477 -0.550573
26.9159 80.7477 -0.527181
37.6822 80.7477 -0.482287
48.4486 80.7477 -0.334991
59.215 80.7477 -0.130225
69.9813 80.7477 0.214294
5.38318 91.514 -0.518703
16.1495 91.514 -0.849192
26.9159 91.514 -0.926771
37.6822 91.514 -0.905879
48.4486 91.514 -0.821287
59.215 91.514 -0.580158
69.9813 91.514 -0.227464
5.38318 102.28 -0.57362
16.1495 102.28 -0.918052
26.9159 102.28 -0.991821
37.6822 102.28 -0.97926
48.4486 102.28 -0.923614
59.215 102.28 -0.711116
69.9813 102.28 -0.308327
5.38318 113.047 -0.586451
16.1495 113.047 -0.93921
26.9159 113.047 -1.02437
37.6822 113.047 -1.02494
48.4486 113.047 -0.970514
59.215 113.047 -0.767396
69.9813 113.047 -0.331616
5.38318 123.813 -0.580783
16.1495 123.813 -0.919674
26.9159 123.813 -0.986841
37.6822 123.813 -0.979454
48.4486 123.813 -0.933241
59.215 123.813 -0.732736
69.9813 123.813 -0.320663
5.38318 134.579 -0.556725
16.1495 134.579 -0.826846
26.9159 134.579 -0.73118
37.6822 134.579 -0.623121
48.4486 134.579 -0.664063
59.215 134.579 -0.553071
69.9813 134.579 -0.270588
5.38318 145.346 -0.455085
16.1495 145.346 -0.467048
26.9159 145.346 -0.022784
37.6822 145.346 0.538306
48.4486 145.346 0.0107642
59.215 145.346 -0.154941
69.9813 145.346 -0.130563
5.38318 156.112 -0.18024
16.1495 156.112 0.415077
26.9159 156.112 2.09608
37.6822 156.112 2.80776
48.4486 156.112 2.03048
59.215 156.112 1.01935
69.9813 156.112 0.279956
5.38318 166.879 0.325761
16.1495 166.879 1.43192
26.9159 166.879 3.20609
37.6822 166.879 3.91327
48.4486 166.879 3.12605
59.215 166.879 1.96106
69.9813 166.879 0.779308
5.38318 177.645 0.914205
16.1495 177.645 1.98526
26.9159 177.645 3.17146
37.6822 177.645 3.53467
48.4486 177.645 2.97502
59.215 177.645 2.094
69.9813 177.645 1.11997
5.38318 188.411 1.05881
16.1495 188.411 1.57008
26.9159 188.411 2.03476
37.6822 188.411 1.87717
48.4486 188.411 1.72617
59.215 188.411 1.50288
69.9813 188.411 1.08934
5.38318 199.178 0.695208
16.1495 199.178 0.927243
26.9159 199.178 1.09818
37.6822 199.178 0.806379
48.4486 199.178 0.800216
59.215 199.178 0.821593
69.9813 199.178 0.756681
5.38318 209.944 0.133234
16.1495 209.944 0.161333
26.9159 209.944 0.350424
37.6822 209.944 0.230287
48.4486 209.944 0.236157
59.215 209.944 0.311202
69.9813 209.944 0.35344
