37 177
0 157 72 40
0 141 72 72
0 134 72 82
0 72 72 144
0 0 72 216
5.38318 5.38318 0.299792
16.1495 5.38318 0.450148
26.9159 5.38318 0.507566
37.6822 5.38318 0.426858
48.4486 5.38318 0.245031
59.215 5.38318 0.205219
69.9813 5.38318 0.167007
5.38318 16.1495 0.327278
16.1495 16.1495 0.668235
26.9159 16.1495 0.868874
37.6822 16.1495 0.832549
48.4486 16.1495 0.634837
59.215 16.1495 0.631256
69.9813 16.1495 0.526915
5.38318 26.9159 -0.0744448
16.1495 26.9159 -0.0265638
26.9159 26.9159 0.105684
37.6822 26.9159 0.164786
48.4486 26.9159 0.0815681
59.215 26.9159 0.407052
69.9813 26.9159 0.466437
5.38318 37.6822 -0.196482
16.1495 37.6822 -0.295555
26.9159 37.6822 -0.234535
37.6822 37.6822 -0.148758
48.4486 37.6822 0.121839
59.215 37.6822 0.764417
69.9813 37.6822 0.744148
5.38318 48.4486 -0.228789
16.1495 48.4486 -0.391107
26.9159 48.4486 -0.32812
37.6822 48.4486 -0.270921
48.4486 48.4486 -0.0200854
59.215 48.4486 0.612519
69.9813 48.4486 0.675051
5.38318 59.215 -0.241714
16.1495 59.215 -0.395186
26.9159 59.215 -0.335627
37.6822 59.215 -0.319841
48.4486 59.215 -0.229159
59.215 59.215 -0.0274162
69.9813 59.215 0.276474
5.38318 69.9813 -0.346116
16.1495 69.9813 -0.554094
26.9159 69.9813 -0.541749
37.6822 69.9813 -0.594159
48.4486 69.9813 -0.591909
59.215 69.9813 -0.49769
69.9813 69.9813 -0.19525
5.38318 80.7477 -0.474828
16.1495 80.7477 -0.763535
26.9159 80.7477 -0.817956
37.6822 80.7477 -0.875853
48.4486 80.7477 -0.860846
59.215 80.7477 -0.690732
69.9813 80.7477 -0.292573
5.38318 91.514 -0.558095
16.1495 91.514 -0.905182
26.9159 91.514 -1.02221
37.6822 91.514 -1.05098
48.4486 91.514 -1.00536
59.215 91.514 -0.801681
69.9813 91.514 -0.346199
5.38318 102.28 -0.582035
16.1495 102.28 -0.937794
26.9159 102.28 -1.03742
37.6822 102.28 -1.04781
48.4486 102.28 -0.993877
59.215 102.28 -0.784281
69.9813 102.28 -0.338692
5.38318 113.047 -0.565596
16.1495 113.047 -0.908014
26.9159 113.047 -0.985872
37.6822 113.047 -0.986373
48.4486 113.047 -0.929679
59.215 113.047 -0.703835
69.9813 113.047 -0.293064
5.38318 123.813 -0.458894
16.1495 123.813 -0.70225
26.9159 123.813 -0.702832
37.6822 123.813 -0.667912
48.4486 123.813 -0.622805
59.215 123.813 -0.41063
69.9813 123.813 -0.133961
5.38318 134.579 -0.135366
16.1495 134.579 -0.14961
26.9159 134.579 -0.106459
37.6822 134.579 -0.0532903
48.4486 134.579 -0.0806527
59.215 134.579 0.15679
69.9813 134.579 0.349704
5.38318 145.346 0.66501
16.1495 145.346 1.43195
26.9159 145.346 1.78468
37.6822 145.346 2.05052
48.4486 145.346 1.79036
59.215 145.346 1.6883
69.9813 145.346 1.10489
5.38318 156.112 1.47244
16.1495 156.112 2.76528
26.9159 156.112 3.35265
37.6822 156.112 3.48266
48.4486 156.112 3.08405
59.215 156.112 2.61457
69.9813 156.112 1.58366
5.38318 166.879 1.70603
16.1495 166.879 3.34063
26.9159 166.879 4.46408
37.6822 166.879 4.63613
48.4486 166.879 4.02163
59.215 166.879 2.96634
69.9813 166.879 1.66863
5.38318 177.645 1.47316
16.1495 177.645 3.07605
26.9159 177.645 4.59428
37.6822 177.645 4.88231
48.4486 177.645 4.23189
59.215 177.645 2.78895
69.9813 177.645 1.5106
5.38318 188.411 1.07312
16.1495 188.411 2.48242
26.9159 188.411 4.11401
37.6822 188.411 4.48324
48.4486 188.411 3.75557
59.215 188.411 2.24961
69.9813 188.411 1.12554
5.38318 199.178 0.690872
16.1495 199.178 1.71048
26.9159 199.178 2.64725
37.6822 199.178 2.86876
48.4486 199.178 2.59075
59.215 199.178 1.82336
69.9813 199.178 1.15077
5.38318 209.944 0.481268
16.1495 209.944 1.15161
26.9159 209.944 1.47009
37.6822 209.944 1.53214
48.4486 209.944 1.43063
59.215 209.944 1.28274
69.9813 209.944 0.900504
