37 37
0 17 72 40
0 1 72 72
0 0 72 82
0 0 72 144
0 0 72 216
5.38318 5.38318 0.415199
16.1495 5.38318 0.646385
26.9159 5.38318 0.955851
37.6822 5.38318 1.01736
48.4486 5.38318 0.940994
59.215 5.38318 0.669107
69.9813 5.38318 0.415638
5.38318 16.1495 0.865929
16.1495 16.1495 1.62731
26.9159 16.1495 2.44255
37.6822 16.1495 2.59251
48.4486 16.1495 2.34768
59.215 16.1495 1.64267
69.9813 16.1495 0.95615
5.38318 26.9159 1.3781
16.1495 26.9159 2.66021
26.9159 26.9159 4.10427
37.6822 26.9159 4.349
48.4486 26.9159 3.71589
59.215 26.9159 2.45378
69.9813 26.9159 1.30205
5.38318 37.6822 1.52816
16.1495 37.6822 3.0453
26.9159 37.6822 4.77009
37.6822 37.6822 5.09507
48.4486 37.6822 4.32484
59.215 37.6822 2.79383
69.9813 37.6822 1.42341
5.38318 48.4486 1.3163
16.1495 48.4486 2.55593
26.9159 48.4486 3.86168
37.6822 48.4486 3.98086
48.4486 48.4486 3.32149
59.215 48.4486 2.18043
69.9813 48.4486 1.15855
5.38318 59.215 0.725308
16.1495 59.215 1.33727
26.9159 59.215 1.86922
37.6822 59.215 1.8628
48.4486 59.215 1.70298
59.215 59.215 1.37157
69.9813 59.215 0.961594
5.38318 69.9813 0.478088
16.1495 69.9813 0.893925
26.9159 69.9813 1.05696
37.6822 69.9813 0.966548
48.4486 69.9813 0.924575
59.215 69.9813 0.898444
69.9813 69.9813 0.796757
5.38318 80.7477 0.00111707
16.1495 80.7477 0.123402
26.9159 80.7477 0.229787
37.6822 80.7477 0.136883
48.4486 80.7477 0.188573
59.215 80.7477 0.31403
69.9813 80.7477 0.445185
5.38318 91.514 -0.249229
16.1495 91.514 -0.348033
26.9159 91.514 -0.333376
37.6822 91.514 -0.308374
48.4486 91.514 -0.302135
59.215 91.514 -0.20981
69.9813 91.514 -0.0470687
5.38318 102.28 -0.306117
16.1495 102.28 -0.457668
26.9159 102.28 -0.426693
37.6822 102.28 -0.386962
48.4486 102.28 -0.374135
59.215 102.28 -0.301439
69.9813 102.28 -0.137026
5.38318 113.047 -0.291326
16.1495 113.047 -0.433988
26.9159 113.047 -0.412664
37.6822 113.047 -0.406919
48.4486 113.047 -0.4036
59.215 113.047 -0.325785
69.9813 113.047 -0.147088
5.38318 123.813 -0.191368
16.1495 123.813 -0.265377
26.9159 123.813 -0.18861
37.6822 123.813 -0.234127
48.4486 123.813 -0.283755
59.215 123.813 -0.286669
69.9813 123.813 -0.135413
5.38318 134.579 -0.0500725
16.1495 134.579 -0.0147742
26.9159 134.579 0.286142
37.6822 134.579 0.0522252
48.4486 134.579 -0.0948074
59.215 134.579 -0.212912
69.9813 134.579 -0.106048
5.38318 145.346 0.34907
16.1495 145.346 0.828926
26.9159 145.346 1.26832
37.6822 145.346 0.964235
48.4486 145.346 0.528673
59.215 145.346 -0.0404972
69.9813 145.346 -0.0238465
5.38318 156.112 0.435153
16.1495 156.112 1.07229
26.9159 156.112 1.51618
37.6822 156.112 1.33047
48.4486 156.112 0.813687
59.215 156.112 0.299974
69.9813 156.112 0.204557
5.38318 166.879 0.290998
16.1495 166.879 0.790725
26.9159 166.879 1.05554
37.6822 166.879 1.14189
48.4486 166.879 0.881065
59.215 166.879 0.726062
69.9813 166.879 0.538231
5.38318 177.645 -0.134215
16.1495 177.645 -0.150723
26.9159 177.645 -0.152729
37.6822 177.645 0.261214
48.4486 177.645 0.696949
59.215 177.645 1.16189
69.9813 177.645 1.00153
5.38318 188.411 -0.254956
16.1495 188.411 -0.336677
26.9159 188.411 -0.364458
37.6822 188.411 -0.0150057
48.4486 188.411 0.862646
59.215 188.411 1.53215
69.9813 188.411 1.3528
5.38318 199.178 -0.2957
16.1495 199.178 -0.372584
26.9159 199.178 -0.350434
37.6822 199.178 -0.0296044
48.4486 199.178 0.926567
59.215 199.178 1.57799
69.9813 199.178 1.42194
5.38318 209.944 -0.182506
16.1495 209.944 -0.1793
26.9159 209.944 -0.148265
37.6822 209.944 0.110036
48.4486 209.944 0.765777
59.215 209.944 1.19905
69.9813 209.944 1.07569
