37 188
0 168 72 40
0 144 72 72
0 134 72 82
0 72 72 144
0 0 72 216
5.38318 5.38318 0.558082
16.1495 5.38318 0.986751
26.9159 5.38318 1.34246
37.6822 5.38318 1.4586
48.4486 5.38318 1.29869
59.215 5.38318 0.945702
69.9813 5.38318 0.528148
5.38318 16.1495 0.90234
16.1495 16.1495 1.87161
26.9159 16.1495 2.70486
37.6822 16.1495 2.92067
48.4486 16.1495 2.55752
59.215 16.1495 1.75669
69.9813 16.1495 0.997356
5.38318 26.9159 1.05366
16.1495 26.9159 2.34188
26.9159 26.9159 3.62171
37.6822 26.9159 3.88031
48.4486 26.9159 3.33346
59.215 26.9159 2.20092
69.9813 26.9159 1.21003
5.38318 37.6822 1.02874
16.1495 37.6822 2.3752
26.9159 37.6822 3.75505
37.6822 37.6822 3.94528
48.4486 37.6822 3.26233
59.215 37.6822 2.0373
69.9813 37.6822 1.0508
5.38318 48.4486 1.01626
16.1495 48.4486 2.13724
26.9159 48.4486 3.16059
37.6822 48.4486 3.17153
48.4486 48.4486 2.58354
59.215 48.4486 1.68423
69.9813 48.4486 0.957357
5.38318 59.215 0.965179
16.1495 59.215 1.76092
26.9159 59.215 1.99561
37.6822 59.215 1.88842
48.4486 59.215 1.5045
59.215 59.215 1.33863
69.9813 59.215 0.941778
5.38318 69.9813 0.703869
16.1495 69.9813 1.18434
26.9159 69.9813 1.12408
37.6822 69.9813 0.863822
48.4486 69.9813 0.565423
59.215 69.9813 0.800627
69.9813 69.9813 0.708733
5.38318 80.7477 0.00548145
16.1495 80.7477 0.0284527
26.9159 80.7477 -0.0291805
37.6822 80.7477 -0.110301
48.4486 80.7477 -0.21962
59.215 80.7477 -0.0105667
69.9813 80.7477 0.1943
5.38318 91.514 -0.477883
16.1495 91.514 -0.779708
26.9159 91.514 -0.817417
37.6822 91.514 -0.831344
48.4486 91.514 -0.846247
59.215 91.514 -0.588767
69.9813 91.514 -0.268314
5.38318 102.28 -0.564371
16.1495 102.28 -0.904381
26.9159 102.28 -0.976226
37.6822 102.28 -0.973242
48.4486 102.28 -0.926733
59.215 102.28 -0.702324
69.9813 102.28 -0.30438
5.38318 113.047 -0.580665
16.1495 113.047 -0.928037
26.9159 113.047 -1.00393
37.6822 113.047 -1.00398
48.4486 113.047 -0.951194
59.215 113.047 -0.747496
69.9813 113.047 -0.321862
5.38318 123.813 -0.547421
16.1495 123.813 -0.852995
26.9159 123.813 -0.871562
37.6822 123.813 -0.854406
48.4486 123.813 -0.817688
59.215 123.813 -0.630015
69.9813 123.813 -0.267992
5.38318 134.579 -0.443297
16.1495 134.579 -0.616879
26.9159 134.579 -0.475852
37.6822 134.579 -0.439649
48.4486 134.579 -0.45079
59.215 134.579 -0.379894
69.9813 134.579 -0.146106
5.38318 145.346 -0.197576
16.1495 145.346 -0.100253
26.9159 145.346 0.602786
37.6822 145.346 0.814463
48.4486 145.346 0.543049
59.215 145.346 0.192711
69.9813 145.346 0.157564
5.38318 156.112 0.195927
16.1495 156.112 0.981986
26.9159 156.112 2.16936
37.6822 156.112 2.48222
48.4486 156.112 2.10791
59.215 156.112 1.2686
69.9813 156.112 0.652592
5.38318 166.879 0.684095
16.1495 166.879 2.01593
26.9159 166.879 3.46299
37.6822 166.879 3.83546
48.4486 166.879 3.149
59.215 166.879 1.92012
69.9813 166.879 0.882883
5.38318 177.645 0.954855
16.1495 177.645 2.55187
26.9159 177.645 4.55868
37.6822 177.645 5.07556
48.4486 177.645 4.15655
59.215 177.645 2.35677
69.9813 177.645 1.07339
5.38318 188.411 1.02568
16.1495 188.411 2.80575
26.9159 188.411 5.05392
37.6822 188.411 5.60879
48.4486 188.411 4.43288
59.215 188.411 2.40533
69.9813 188.411 1.0474
5.38318 199.178 0.753782
16.1495 199.178 2.14689
26.9159 199.178 3.80036
37.6822 199.178 4.06493
48.4486 199.178 3.1813
59.215 199.178 1.86929
69.9813 199.178 0.942151
5.38318 209.944 0.421439
16.1495 209.944 1.13146
26.9159 209.944 1.69063
37.6822 209.944 1.7439
48.4486 209.944 1.367
59.215 209.944 1.07717
69.9813 209.944 0.707244
