37 37
0 17 72 40
0 1 72 72
0 0 72 82
0 0 72 144
0 0 72 216
5.38318 5.38318 0.546256
16.1495 5.38318 0.993288
26.9159 5.38318 1.57274
37.6822 5.38318 1.68464
48.4486 5.38318 1.56628
59.215 5.38318 1.10981
69.9813 5.38318 0.612415
5.38318 16.1495 0.929853
16.1495 16.1495 2.13663
26.9159 16.1495 3.35466
37.6822 16.1495 3.47697
48.4486 16.1495 3.13203
59.215 16.1495 2.04956
69.9813 16.1495 1.144
5.38318 26.9159 0.983132
16.1495 26.9159 2.66371
26.9159 26.9159 4.58743
37.6822 26.9159 4.98136
48.4486 26.9159 4.37374
59.215 26.9159 2.68938
69.9813 26.9159 1.42428
5.38318 37.6822 1.10241
16.1495 37.6822 2.82979
26.9159 37.6822 5.08544
37.6822 37.6822 5.47068
48.4486 37.6822 4.69933
59.215 37.6822 2.66927
69.9813 37.6822 1.37171
5.38318 48.4486 1.04184
16.1495 48.4486 2.50882
26.9159 48.4486 4.43749
37.6822 48.4486 4.81616
48.4486 48.4486 4.05435
59.215 48.4486 2.3271
69.9813 48.4486 1.20525
5.38318 59.215 0.649987
16.1495 59.215 1.43233
26.9159 59.215 2.45465
37.6822 59.215 2.52463
48.4486 59.215 2.18513
59.215 59.215 1.32998
69.9813 59.215 0.861638
5.38318 69.9813 0.325539
16.1495 69.9813 0.61163
26.9159 69.9813 0.951709
37.6822 69.9813 0.775538
48.4486 69.9813 0.649063
59.215 69.9813 0.585729
69.9813 69.9813 0.617187
5.38318 80.7477 -0.0604144
16.1495 80.7477 -0.0689641
26.9159 80.7477 0.151913
37.6822 80.7477 -0.00137296
48.4486 80.7477 0.131175
59.215 80.7477 0.318947
69.9813 80.7477 0.541957
5.38318 91.514 -0.173924
16.1495 91.514 -0.250228
26.9159 91.514 -0.157025
37.6822 91.514 -0.206876
48.4486 91.514 -0.157587
59.215 91.514 -0.0428444
69.9813 91.514 0.284987
5.38318 102.28 -0.16378
16.1495 102.28 -0.203994
26.9159 102.28 -0.111867
37.6822 102.28 -0.122886
48.4486 102.28 -0.132506
59.215 102.28 -0.0916258
69.9813 102.28 0.0826373
5.38318 113.047 -0.290691
16.1495 113.047 -0.432275
26.9159 113.047 -0.390704
37.6822 113.047 -0.372283
48.4486 113.047 -0.353246
59.215 113.047 -0.280665
69.9813 113.047 -0.115876
5.38318 123.813 -0.26087
16.1495 123.813 -0.366588
26.9159 123.813 -0.274029
37.6822 123.813 -0.221089
48.4486 123.813 -0.175177
59.215 123.813 -0.134646
69.9813 123.813 -0.0274576
5.38318 134.579 -0.129974
16.1495 134.579 -0.10617
26.9159 134.579 0.159585
37.6822 134.579 0.407058
48.4486 134.579 0.496793
59.215 134.579 0.390762
69.9813 134.579 0.322644
5.38318 145.346 0.186666
16.1495 145.346 0.615744
26.9159 145.346 1.18155
37.6822 145.346 1.56579
48.4486 145.346 1.64235
59.215 145.346 1.32882
69.9813 145.346 0.861641
5.38318 156.112 0.700886
16.1495 156.112 1.57859
26.9159 156.112 2.31898
37.6822 156.112 2.7996
48.4486 156.112 2.83713
59.215 156.112 2.28901
69.9813 156.112 1.38222
5.38318 166.879 1.05585
16.1495 166.879 2.1324
26.9159 166.879 3.19639
37.6822 166.879 3.74449
48.4486 166.879 3.69485
59.215 166.879 2.93176
69.9813 166.879 1.7286
5.38318 177.645 1.18583
16.1495 177.645 2.33687
26.9159 177.645 3.57418
37.6822 177.645 4.21652
48.4486 177.645 4.20099
59.215 177.645 3.38835
69.9813 177.645 1.9874
5.38318 188.411 1.11544
16.1495 188.411 2.10367
26.9159 188.411 3.28412
37.6822 188.411 3.85604
48.4486 188.411 3.82843
59.215 188.411 3.04965
69.9813 188.411 1.75913
5.38318 199.178 0.854765
16.1495 199.178 1.45873
26.9159 199.178 2.16935
37.6822 199.178 2.3461
48.4486 199.178 2.31302
59.215 199.178 1.99222
69.9813 199.178 1.21463
5.38318 209.944 0.626881
16.1495 209.944 0.954939
26.9159 209.944 1.19895
37.6822 209.944 1.06831
48.4486 209.944 1.03745
59.215 209.944 1.00103
69.9813 209.944 0.706936
