48 37
0 17 72 40
0 1 72 72
0 0 72 82
0 0 72 144
0 0 72 216
5.38318 5.38318 0.201987
16.1495 5.38318 0.324951
26.9159 5.38318 0.685762
37.6822 5.38318 0.844606
48.4486 5.38318 0.886698
59.215 5.38318 0.65311
69.9813 5.38318 0.376792
5.38318 16.1495 0.474352
16.1495 16.1495 0.990579
26.9159 16.1495 1.96683
37.6822 16.1495 2.46421
48.4486 16.1495 2.51944
59.215 16.1495 1.84254
69.9813 16.1495 1.01233
5.38318 26.9159 0.802928
16.1495 26.9159 1.6383
26.9159 26.9159 3.08984
37.6822 26.9159 4.08122
48.4486 26.9159 4.17331
59.215 26.9159 2.90816
69.9813 26.9159 1.46553
5.38318 37.6822 1.24892
16.1495 37.6822 2.25025
26.9159 37.6822 3.921
37.6822 37.6822 5.26889
48.4486 37.6822 5.43763
59.215 37.6822 3.77554
69.9813 37.6822 1.81863
5.38318 48.4486 1.35989
16.1495 48.4486 2.31326
26.9159 48.4486 3.68482
37.6822 48.4486 4.59519
48.4486 48.4486 4.63394
59.215 48.4486 3.23566
69.9813 48.4486 1.59369
5.38318 59.215 0.925316
16.1495 59.215 1.48827
26.9159 59.215 2.1582
37.6822 59.215 2.31411
48.4486 59.215 2.32222
59.215 59.215 1.8813
69.9813 59.215 1.11901
5.38318 69.9813 0.304642
16.1495 69.9813 0.567156
26.9159 69.9813 0.838603
37.6822 69.9813 0.649932
48.4486 69.9813 0.686885
59.215 69.9813 0.852352
69.9813 69.9813 0.758127
5.38318 80.7477 -0.145335
16.1495 80.7477 -0.147715
26.9159 80.7477 -0.0290077
37.6822 80.7477 -0.0319725
48.4486 80.7477 0.00500291
59.215 80.7477 0.405263
69.9813 80.7477 0.50106
5.38318 91.514 -0.293327
16.1495 91.514 -0.38217
26.9159 91.514 -0.303594
37.6822 91.514 -0.23148
48.4486 91.514 -0.200359
59.215 91.514 -0.0662319
69.9813 91.514 0.136665
5.38318 102.28 -0.286694
16.1495 102.28 -0.395092
26.9159 102.28 -0.330453
37.6822 102.28 -0.292235
48.4486 102.28 -0.29633
59.215 102.28 -0.226712
69.9813 102.28 -0.0860241
5.38318 113.047 -0.285105
16.1495 113.047 -0.419441
26.9159 113.047 -0.386773
37.6822 113.047 -0.371599
48.4486 113.047 -0.364247
59.215 113.047 -0.29335
69.9813 113.047 -0.126347
5.38318 123.813 -0.185759
16.1495 123.813 -0.239552
26.9159 123.813 -0.162413
37.6822 123.813 -0.157226
48.4486 123.813 -0.18258
59.215 123.813 -0.176152
69.9813 123.813 -0.0637858
5.38318 134.579 0.0635995
16.1495 134.579 0.324929
26.9159 134.579 0.698244
37.6822 134.579 0.666108
48.4486 134.579 0.502141
59.215 134.579 0.231683
69.9813 134.579 0.227568
5.38318 145.346 0.548102
16.1495 145.346 1.2307
26.9159 145.346 1.92607
37.6822 145.346 1.84357
48.4486 145.346 1.58655
59.215 145.346 0.941959
69.9813 145.346 0.609442
5.38318 156.112 1.09849
16.1495 156.112 2.23339
26.9159 156.112 3.09541
37.6822 156.112 3.0106
48.4486 156.112 2.6169
59.215 156.112 1.87129
69.9813 156.112 1.18596
5.38318 166.879 1.54776
16.1495 166.879 2.88552
26.9159 166.879 3.72435
37.6822 166.879 3.65487
48.4486 166.879 3.41702
59.215 166.879 2.63543
69.9813 166.879 1.71226
5.38318 177.645 2.16033
16.1495 177.645 3.53413
26.9159 177.645 4.04406
37.6822 177.645 4.06759
48.4486 177.645 4.29577
59.215 177.645 3.76248
69.9813 177.645 2.48838
5.38318 188.411 2.57429
16.1495 188.411 4.08194
26.9159 188.411 4.49535
37.6822 188.411 4.48844
48.4486 188.411 4.96359
59.215 188.411 4.5284
69.9813 188.411 3.00956
5.38318 199.178 2.37084
16.1495 199.178 3.78673
26.9159 199.178 4.16089
37.6822 199.178 4.13871
48.4486 199.178 4.51054
59.215 199.178 4.15774
69.9813 199.178 2.77037
5.38318 209.944 1.09077
16.1495 209.944 1.81139
26.9159 209.944 2.12102
37.6822 209.944 2.1413
48.4486 209.944 2.2858
59.215 209.944 2.08845
69.9813 209.944 1.43845
