48 188
0 168 72 40
0 144 72 72
0 134 72 82
0 72 72 144
0 0 72 216
5.38318 5.38318 0.347303
16.1495 5.38318 0.86641
26.9159 5.38318 1.51011
37.6822 5.38318 1.68123
48.4486 5.38318 1.36234
59.215 5.38318 0.761913
69.9813 5.38318 0.311588
5.38318 16.1495 0.533914
16.1495 16.1495 1.69335
26.9159 16.1495 2.94109
37.6822 16.1495 3.35694
48.4486 16.1495 2.75911
59.215 16.1495 1.64727
69.9813 16.1495 0.696292
5.38318 26.9159 0.538658
16.1495 26.9159 1.94866
26.9159 26.9159 3.55109
37.6822 26.9159 4.09558
48.4486 26.9159 3.3
59.215 26.9159 1.8882
69.9813 26.9159 0.732614
5.38318 37.6822 0.726887
16.1495 37.6822 1.98244
26.9159 37.6822 3.25449
37.6822 37.6822 3.63245
48.4486 37.6822 2.96075
59.215 37.6822 1.88975
69.9813 37.6822 0.947847
5.38318 48.4486 1.11537
16.1495 48.4486 2.01418
26.9159 48.4486 2.6998
37.6822 48.4486 2.66478
48.4486 48.4486 2.38775
59.215 48.4486 1.89754
69.9813 48.4486 1.32695
5.38318 59.215 1.4645
16.1495 59.215 2.32593
26.9159 59.215 2.5753
37.6822 59.215 2.3747
48.4486 59.215 2.42338
59.215 59.215 2.47586
69.9813 59.215 1.90268
5.38318 69.9813 1.38812
16.1495 69.9813 2.03859
26.9159 69.9813 2.15776
37.6822 69.9813 1.61524
48.4486 69.9813 1.98898
59.215 69.9813 2.28079
69.9813 69.9813 1.94391
5.38318 80.7477 0.324917
16.1495 80.7477 0.386129
26.9159 80.7477 0.615487
37.6822 80.7477 0.312998
48.4486 80.7477 0.714563
59.215 80.7477 1.19185
69.9813 80.7477 1.2318
5.38318 91.514 -0.470558
16.1495 91.514 -0.776697
26.9159 91.514 -0.68935
37.6822 91.514 -0.712418
48.4486 91.514 -0.633987
59.215 91.514 -0.450139
69.9813 91.514 -0.131204
5.38318 102.28 -0.571464
16.1495 102.28 -0.928283
26.9159 102.28 -0.975526
37.6822 102.28 -0.977594
48.4486 102.28 -0.916514
59.215 102.28 -0.709318
69.9813 102.28 -0.305707
5.38318 113.047 -0.586228
16.1495 113.047 -0.935088
26.9159 113.047 -1.00825
37.6822 113.047 -0.99673
48.4486 113.047 -0.938805
59.215 113.047 -0.718136
69.9813 113.047 -0.305612
5.38318 123.813 -0.55796
16.1495 123.813 -0.861271
26.9159 123.813 -0.842965
37.6822 123.813 -0.742579
48.4486 123.813 -0.648306
59.215 123.813 -0.459918
69.9813 123.813 -0.164926
5.38318 134.579 -0.457268
16.1495 134.579 -0.609012
26.9159 134.579 -0.387916
37.6822 134.579 -0.173462
48.4486 134.579 -0.0683704
59.215 134.579 0.00875221
69.9813 134.579 0.239688
5.38318 145.346 -0.198281
16.1495 145.346 -0.071536
26.9159 145.346 0.894215
37.6822 145.346 1.64071
48.4486 145.346 1.79954
59.215 145.346 1.46676
69.9813 145.346 0.980351
5.38318 156.112 0.304947
16.1495 156.112 1.07456
26.9159 156.112 2.32337
37.6822 156.112 3.06142
48.4486 156.112 3.1619
59.215 156.112 2.53543
69.9813 156.112 1.55769
5.38318 166.879 0.820435
16.1495 166.879 2.01053
26.9159 166.879 3.39992
37.6822 166.879 4.2209
48.4486 166.879 4.1572
59.215 166.879 3.12115
69.9813 166.879 1.80911
5.38318 177.645 1.10234
16.1495 177.645 2.32198
26.9159 177.645 3.91554
37.6822 177.645 4.91398
48.4486 177.645 4.90266
59.215 177.645 3.67623
69.9813 177.645 2.03874
5.38318 188.411 1.06396
16.1495 188.411 2.14727
26.9159 188.411 3.76664
37.6822 188.411 4.92595
48.4486 188.411 4.9472
59.215 188.411 3.62603
69.9813 188.411 1.89359
5.38318 199.178 0.755617
16.1495 199.178 1.49857
26.9159 199.178 2.52118
37.6822 199.178 3.21459
48.4486 199.178 3.13372
59.215 199.178 2.42436
69.9813 199.178 1.28732
5.38318 209.944 0.477555
16.1495 209.944 0.877912
26.9159 209.944 1.19447
37.6822 209.944 1.28402
48.4486 209.944 1.19883
59.215 209.944 1.05467
69.9813 209.944 0.696678
