37 199
0 176 72 40
0 144 72 72
0 134 72 82
0 72 72 144
0 0 72 216
5.38318 5.38318 0.455829
16.1495 5.38318 0.626264
26.9159 5.38318 0.982862
37.6822 5.38318 0.974674
48.4486 5.38318 0.974359
59.215 5.38318 0.675834
69.9813 5.38318 0.449617
5.38318 16.1495 0.607662
16.1495 16.1495 1.08812
26.9159 16.1495 1.71085
37.6822 16.1495 1.6967
48.4486 16.1495 1.64882
59.215 16.1495 1.23147
69.9813 16.1495 0.845357
5.38318 26.9159 0.21981
16.1495 26.9159 0.559964
26.9159 26.9159 1.18087
37.6822 26.9159 1.24817
48.4486 26.9159 1.27656
59.215 26.9159 1.12035
69.9813 26.9159 0.826906
5.38318 37.6822 -0.0539224
16.1495 37.6822 -0.0376683
26.9159 37.6822 0.223888
37.6822 37.6822 0.207149
48.4486 37.6822 0.269593
59.215 37.6822 0.54119
69.9813 37.6822 0.569224
5.38318 48.4486 -0.132923
16.1495 48.4486 -0.192572
26.9159 48.4486 -0.0728278
37.6822 48.4486 -0.0171002
48.4486 48.4486 0.225777
59.215 48.4486 0.616109
69.9813 48.4486 0.640154
5.38318 59.215 -0.102343
16.1495 59.215 -0.198468
26.9159 59.215 -0.0843449
37.6822 59.215 -0.0813611
48.4486 59.215 0.0837503
59.215 59.215 0.505189
69.9813 59.215 0.562331
5.38318 69.9813 -0.131022
16.1495 69.9813 -0.250781
26.9159 69.9813 -0.162197
37.6822 69.9813 -0.207626
48.4486 69.9813 -0.131336
59.215 69.9813 0.136977
69.9813 69.9813 0.338345
5.38318 80.7477 -0.219045
16.1495 80.7477 -0.362401
26.9159 80.7477 -0.299346
37.6822 80.7477 -0.308553
48.4486 80.7477 -0.247512
59.215 80.7477 -0.14767
69.9813 80.7477 -0.00822781
5.38318 91.514 -0.290512
16.1495 91.514 -0.456549
26.9159 91.514 -0.445519
37.6822 91.514 -0.440531
48.4486 91.514 -0.403506
59.215 91.514 -0.302711
69.9813 91.514 -0.115361
5.38318 102.28 -0.30235
16.1495 102.28 -0.45842
26.9159 102.28 -0.453788
37.6822 102.28 -0.419329
48.4486 102.28 -0.388261
59.215 102.28 -0.297581
69.9813 102.28 -0.127007
5.38318 113.047 -0.292008
16.1495 113.047 -0.441927
26.9159 113.047 -0.434944
37.6822 113.047 -0.426755
48.4486 113.047 -0.403584
59.215 113.047 -0.32093
69.9813 113.047 -0.139433
5.38318 123.813 -0.255372
16.1495 123.813 -0.389275
26.9159 123.813 -0.347373
37.6822 123.813 -0.3535
48.4486 123.813 -0.328738
59.215 123.813 -0.259596
69.9813 123.813 -0.102658
5.38318 134.579 -0.178182
16.1495 134.579 -0.276423
26.9159 134.579 -0.209772
37.6822 134.579 -0.236674
48.4486 134.579 -0.191342
59.215 134.579 -0.143673
69.9813 134.579 -0.0218751
5.38318 145.346 -0.0845109
16.1495 145.346 -0.11685
26.9159 145.346 0.010823
37.6822 145.346 -0.0197559
48.4486 145.346 0.085671
59.215 145.346 0.119393
69.9813 145.346 0.224374
5.38318 156.112 0.187453
16.1495 156.112 0.468568
26.9159 156.112 0.937692
37.6822 156.112 0.86636
48.4486 156.112 0.899438
59.215 156.112 0.669898
69.9813 156.112 0.550954
5.38318 166.879 0.637643
16.1495 166.879 1.26392
26.9159 166.879 1.91442
37.6822 166.879 1.86553
48.4486 166.879 1.74908
59.215 166.879 1.29532
69.9813 166.879 0.883482
5.38318 177.645 1.27752
16.1495 177.645 2.34355
26.9159 177.645 3.3515
37.6822 177.645 3.34348
48.4486 177.645 3.0649
59.215 177.645 2.06561
69.9813 177.645 1.26122
5.38318 188.411 1.64787
16.1495 188.411 3.02893
26.9159 188.411 4.3632
37.6822 188.411 4.36312
48.4486 188.411 3.90405
59.215 188.411 2.55577
69.9813 188.411 1.48137
5.38318 199.178 1.57616
16.1495 199.178 2.85845
26.9159 199.178 4.37515
37.6822 199.178 4.42118
48.4486 199.178 3.88643
59.215 199.178 2.44315
69.9813 199.178 1.35897
5.38318 209.944 0.877168
16.1495 209.944 1.53879
26.9159 209.944 2.64453
37.6822 209.944 2.62666
48.4486 209.944 2.24435
59.215 209.944 1.31879
69.9813 209.944 0.713583
