48 188
0 168 72 40
0 144 72 72
0 134 72 82
0 72 72 144
0 0 72 216
5.38318 5.38318 0.545092
16.1495 5.38318 1.08812
26.9159 5.38318 1.50432
37.6822 5.38318 1.50155
48.4486 5.38318 1.25031
59.215 5.38318 0.901972
69.9813 5.38318 0.536437
5.38318 16.1495 0.895199
16.1495 16.1495 1.89807
26.9159 16.1495 2.65914
37.6822 16.1495 2.74671
48.4486 16.1495 2.36091
59.215 16.1495 1.72248
69.9813 16.1495 1.07194
5.38318 26.9159 1.1269
16.1495 26.9159 2.19512
26.9159 26.9159 3.04886
37.6822 26.9159 3.19178
48.4486 26.9159 2.81289
59.215 26.9159 2.12476
69.9813 26.9159 1.32532
5.38318 37.6822 1.22055
16.1495 37.6822 2.11082
26.9159 37.6822 2.642
37.6822 37.6822 2.70744
48.4486 37.6822 2.49263
59.215 37.6822 2.08814
69.9813 37.6822 1.34621
5.38318 48.4486 1.14271
16.1495 48.4486 1.95064
26.9159 48.4486 2.32893
37.6822 48.4486 2.25255
48.4486 48.4486 2.01922
59.215 48.4486 1.78633
69.9813 48.4486 1.21707
5.38318 59.215 0.975455
16.1495 59.215 1.65449
26.9159 59.215 1.82319
37.6822 59.215 1.51194
48.4486 59.215 1.19795
59.215 59.215 1.25516
69.9813 59.215 0.997607
5.38318 69.9813 0.407422
16.1495 69.9813 0.698864
26.9159 69.9813 0.744152
37.6822 69.9813 0.473053
48.4486 69.9813 0.371323
59.215 69.9813 0.588164
69.9813 69.9813 0.623028
5.38318 80.7477 -0.0498546
16.1495 80.7477 -0.0563772
26.9159 80.7477 0.0481793
37.6822 80.7477 -0.0789256
48.4486 80.7477 -0.0367604
59.215 80.7477 0.246895
69.9813 80.7477 0.456476
5.38318 91.514 -0.229366
16.1495 91.514 -0.341796
26.9159 91.514 -0.268759
37.6822 91.514 -0.224467
48.4486 91.514 -0.112526
59.215 91.514 0.130522
69.9813 91.514 0.321614
5.38318 102.28 -0.254717
16.1495 102.28 -0.365274
26.9159 102.28 -0.28412
37.6822 102.28 -0.243624
48.4486 102.28 -0.207793
59.215 102.28 -0.137234
69.9813 102.28 -0.0175583
5.38318 113.047 -0.289207
16.1495 113.047 -0.435164
26.9159 113.047 -0.415166
37.6822 113.047 -0.406199
48.4486 113.047 -0.391839
59.215 113.047 -0.309822
69.9813 113.047 -0.134518
5.38318 123.813 -0.19248
16.1495 123.813 -0.277394
26.9159 123.813 -0.243179
37.6822 123.813 -0.260736
48.4486 123.813 -0.264114
59.215 123.813 -0.212271
69.9813 123.813 -0.0703507
5.38318 134.579 0.0346789
16.1495 134.579 0.218993
26.9159 134.579 0.422275
37.6822 134.579 0.357338
48.4486 134.579 0.237464
59.215 134.579 0.0927505
69.9813 134.579 0.205045
5.38318 145.346 0.750252
16.1495 145.346 1.46591
26.9159 145.346 1.81872
37.6822 145.346 1.62226
48.4486 145.346 1.32778
59.215 145.346 0.854334
69.9813 145.346 0.624504
5.38318 156.112 1.32289
16.1495 156.112 2.54817
26.9159 156.112 3.18706
37.6822 156.112 2.94657
48.4486 156.112 2.50473
59.215 156.112 1.86012
69.9813 156.112 1.23555
5.38318 166.879 1.81416
16.1495 166.879 3.3126
26.9159 166.879 4.11506
37.6822 166.879 3.87009
48.4486 166.879 3.57429
59.215 166.879 2.74983
69.9813 166.879 1.84019
5.38318 177.645 2.19105
16.1495 177.645 3.64965
26.9159 177.645 4.30942
37.6822 177.645 4.36774
48.4486 177.645 4.73751
59.215 177.645 4.12863
69.9813 177.645 2.77245
5.38318 188.411 2.39222
16.1495 188.411 3.87051
26.9159 188.411 4.48922
37.6822 188.411 4.68708
48.4486 188.411 5.50483
59.215 188.411 4.99057
69.9813 188.411 3.36167
5.38318 199.178 2.25511
16.1495 199.178 3.67399
26.9159 199.178 4.2689
37.6822 199.178 4.49494
48.4486 199.178 5.16613
59.215 199.178 4.72242
69.9813 199.178 3.12631
5.38318 209.944 1.0507
16.1495 209.944 1.78666
26.9159 209.944 2.20637
37.6822 209.944 2.35981
48.4486 209.944 2.6132
59.215 209.944 2.35566
69.9813 209.944 1.5786
