48 177
0 157 72 40
0 141 72 72
0 134 72 82
0 72 72 144
0 0 72 216
5.38318 5.38318 -0.0191141
16.1495 5.38318 -0.170407
26.9159 5.38318 -0.248092
37.6822 5.38318 -0.269727
48.4486 5.38318 -0.245596
59.215 5.38318 -0.083477
69.9813 5.38318 0.0813691
5.38318 16.1495 -0.166748
16.1495 16.1495 -0.280812
26.9159 16.1495 -0.329224
37.6822 16.1495 -0.4036
48.4486 16.1495 -0.381626
59.215 16.1495 -0.109105
69.9813 16.1495 0.258334
5.38318 26.9159 -0.513819
16.1495 26.9159 -0.775897
26.9159 26.9159 -0.839626
37.6822 26.9159 -0.890248
48.4486 26.9159 -0.825978
59.215 26.9159 -0.458303
69.9813 26.9159 -0.0865412
5.38318 37.6822 -0.584501
16.1495 37.6822 -0.852579
26.9159 37.6822 -0.86198
37.6822 37.6822 -0.833509
48.4486 37.6822 -0.745976
59.215 37.6822 -0.436208
69.9813 37.6822 -0.0985612
5.38318 48.4486 -0.579774
16.1495 48.4486 -0.852518
26.9159 48.4486 -0.844225
37.6822 48.4486 -0.772524
48.4486 48.4486 -0.628353
59.215 48.4486 -0.318479
69.9813 48.4486 -0.0136402
5.38318 59.215 -0.391084
16.1495 59.215 -0.563773
26.9159 59.215 -0.552663
37.6822 59.215 -0.482877
48.4486 59.215 -0.342759
59.215 59.215 -0.0216918
69.9813 59.215 0.379933
5.38318 69.9813 -0.371541
16.1495 69.9813 -0.543293
26.9159 69.9813 -0.498892
37.6822 69.9813 -0.458407
48.4486 69.9813 -0.36263
59.215 69.9813 -0.0804311
69.9813 69.9813 0.259249
5.38318 80.7477 -0.309581
16.1495 80.7477 -0.420016
26.9159 80.7477 -0.312933
37.6822 80.7477 -0.256555
48.4486 80.7477 -0.209893
59.215 80.7477 -0.0255809
69.9813 80.7477 0.21589
5.38318 91.514 -0.325898
16.1495 91.514 -0.461194
26.9159 91.514 -0.367967
37.6822 91.514 -0.336619
48.4486 91.514 -0.341703
59.215 91.514 -0.241343
69.9813 91.514 -0.0856711
5.38318 102.28 -0.296186
16.1495 102.28 -0.43586
26.9159 102.28 -0.384667
37.6822 102.28 -0.360329
48.4486 102.28 -0.359009
59.215 102.28 -0.280616
69.9813 102.28 -0.118901
5.38318 113.047 -0.292048
16.1495 113.047 -0.436227
26.9159 113.047 -0.418787
37.6822 113.047 -0.40929
48.4486 113.047 -0.40253
59.215 113.047 -0.321418
69.9813 113.047 -0.144936
5.38318 123.813 -0.247908
16.1495 123.813 -0.352029
26.9159 123.813 -0.290332
37.6822 123.813 -0.282663
48.4486 123.813 -0.301034
59.215 123.813 -0.237682
69.9813 123.813 -0.100145
5.38318 134.579 -0.174883
16.1495 134.579 -0.179018
26.9159 134.579 0.0121374
37.6822 134.579 0.152673
48.4486 134.579 0.0512734
59.215 134.579 0.0578686
69.9813 134.579 0.108115
5.38318 145.346 -0.0641752
16.1495 145.346 0.152438
26.9159 145.346 0.925395
37.6822 145.346 1.28734
48.4486 145.346 1.36467
59.215 145.346 1.14549
69.9813 145.346 0.774927
5.38318 156.112 0.00645444
16.1495 156.112 0.653124
26.9159 156.112 2.09701
37.6822 156.112 2.84605
48.4486 156.112 3.0759
59.215 156.112 2.48051
69.9813 156.112 1.54046
5.38318 166.879 0.220355
16.1495 166.879 1.09265
26.9159 166.879 2.84111
37.6822 166.879 4.02929
48.4486 166.879 4.60396
59.215 166.879 3.77036
69.9813 166.879 2.37568
5.38318 177.645 0.367793
16.1495 177.645 1.28256
26.9159 177.645 2.91688
37.6822 177.645 4.19248
48.4486 177.645 4.8162
59.215 177.645 4.05635
69.9813 177.645 2.56746
5.38318 188.411 0.632179
16.1495 188.411 1.58101
26.9159 188.411 2.62985
37.6822 188.411 3.35774
48.4486 188.411 3.72034
59.215 188.411 3.20114
69.9813 188.411 2.14597
5.38318 199.178 0.699173
16.1495 199.178 1.40948
26.9159 199.178 1.82543
37.6822 199.178 1.72272
48.4486 199.178 1.68565
59.215 199.178 1.55448
69.9813 199.178 1.2819
5.38318 209.944 0.615525
16.1495 209.944 1.13546
26.9159 209.944 1.33981
37.6822 209.944 1.04178
48.4486 209.944 0.97678
59.215 209.944 1.06108
69.9813 209.944 1.00436
