37 26
0 6 72 40
0 0 72 72
0 0 72 82
0 0 72 144
0 0 72 216
5.38318 5.38318 0.75655
16.1495 5.38318 1.29651
26.9159 5.38318 1.68622
37.6822 5.38318 1.86288
48.4486 5.38318 1.76849
59.215 5.38318 1.32698
69.9813 5.38318 0.767907
5.38318 16.1495 1.22049
16.1495 16.1495 2.29766
26.9159 16.1495 3.07303
37.6822 16.1495 3.45179
48.4486 16.1495 3.28486
59.215 16.1495 2.49748
69.9813 16.1495 1.45159
5.38318 26.9159 1.24897
16.1495 26.9159 2.54441
26.9159 26.9159 3.67917
37.6822 26.9159 4.06452
48.4486 26.9159 3.7169
59.215 26.9159 2.70068
69.9813 26.9159 1.55823
5.38318 37.6822 1.0863
16.1495 37.6822 2.35719
26.9159 37.6822 3.70055
37.6822 37.6822 3.95111
48.4486 37.6822 3.49821
59.215 37.6822 2.34393
69.9813 37.6822 1.32995
5.38318 48.4486 0.704759
16.1495 48.4486 1.85085
26.9159 48.4486 3.27472
37.6822 48.4486 3.39967
48.4486 48.4486 2.90617
59.215 48.4486 1.62937
69.9813 48.4486 0.818029
5.38318 59.215 0.0956908
16.1495 59.215 0.737399
26.9159 59.215 2.00723
37.6822 59.215 2.07517
48.4486 59.215 1.62848
59.215 59.215 0.625891
69.9813 59.215 0.269283
5.38318 69.9813 -0.295984
16.1495 69.9813 -0.37072
26.9159 69.9813 -0.172569
37.6822 69.9813 -0.225348
48.4486 69.9813 -0.356575
59.215 69.9813 -0.410205
69.9813 69.9813 -0.203371
5.38318 80.7477 -0.501434
16.1495 80.7477 -0.784369
26.9159 80.7477 -0.779791
37.6822 80.7477 -0.829542
48.4486 80.7477 -0.861679
59.215 80.7477 -0.710446
69.9813 80.7477 -0.329072
5.38318 91.514 -0.56829
16.1495 91.514 -0.919074
26.9159 91.514 -1.02358
37.6822 91.514 -1.05952
48.4486 91.514 -1.01657
59.215 91.514 -0.814353
69.9813 91.514 -0.357286
5.38318 102.28 -0.586113
16.1495 102.28 -0.941729
26.9159 102.28 -1.03665
37.6822 102.28 -1.05222
48.4486 102.28 -1.0027
59.215 102.28 -0.797334
69.9813 102.28 -0.350328
5.38318 113.047 -0.583297
16.1495 113.047 -0.935119
26.9159 113.047 -1.01887
37.6822 113.047 -1.02169
48.4486 113.047 -0.968343
59.215 113.047 -0.767854
69.9813 113.047 -0.332335
5.38318 123.813 -0.573616
16.1495 123.813 -0.917776
26.9159 123.813 -0.997825
37.6822 123.813 -0.999014
48.4486 123.813 -0.945765
59.215 123.813 -0.733931
69.9813 123.813 -0.31354
5.38318 134.579 -0.549897
16.1495 134.579 -0.873467
26.9159 134.579 -0.948203
37.6822 134.579 -0.949052
48.4486 134.579 -0.903476
59.215 134.579 -0.669499
69.9813 134.579 -0.28055
5.38318 145.346 -0.48646
16.1495 145.346 -0.733474
26.9159 145.346 -0.714801
37.6822 145.346 -0.697258
48.4486 145.346 -0.680768
59.215 145.346 -0.515078
69.9813 145.346 -0.208642
5.38318 156.112 -0.264597
16.1495 156.112 -0.295201
26.9159 156.112 -0.0613783
37.6822 156.112 -0.0509059
48.4486 156.112 -0.116372
59.215 156.112 -0.186198
69.9813 156.112 -0.031665
5.38318 166.879 0.0279519
16.1495 166.879 0.59128
26.9159 166.879 1.64007
37.6822 166.879 1.65167
48.4486 166.879 1.42283
59.215 166.879 0.584505
69.9813 166.879 0.434076
5.38318 177.645 0.626907
16.1495 177.645 1.76393
26.9159 177.645 3.31111
37.6822 177.645 3.35672
48.4486 177.645 3.03657
59.215 177.645 1.54954
69.9813 177.645 0.885164
5.38318 188.411 0.713979
16.1495 188.411 1.96577
26.9159 188.411 3.73881
37.6822 188.411 3.88989
48.4486 188.411 3.49115
59.215 188.411 1.80975
69.9813 188.411 0.968874
5.38318 199.178 0.416977
16.1495 199.178 1.42913
26.9159 199.178 3.02569
37.6822 199.178 3.15475
48.4486 199.178 2.74336
59.215 199.178 1.28613
69.9813 199.178 0.684334
5.38318 209.944 0.017053
16.1495 209.944 0.497519
26.9159 209.944 1.32837
37.6822 209.944 1.33373
48.4486 209.944 1.01875
59.215 209.944 0.307791
69.9813 209.944 0.209839
