26 188
0 168 72 40
0 144 72 72
0 134 72 82
0 72 72 144
0 0 72 216
5.38318 5.38318 0.170355
16.1495 5.38318 0.449449
26.9159 5.38318 1.14873
37.6822 5.38318 1.48214
48.4486 5.38318 1.38664
59.215 5.38318 1.10005
69.9813 5.38318 0.613387
5.38318 16.1495 0.284416
16.1495 16.1495 0.933431
26.9159 16.1495 2.10354
37.6822 16.1495 2.5932
48.4486 16.1495 2.43714
59.215 16.1495 1.94293
69.9813 16.1495 1.1239
5.38318 26.9159 -0.015001
16.1495 26.9159 0.482651
26.9159 26.9159 1.76199
37.6822 26.9159 2.26482
48.4486 26.9159 2.16665
59.215 26.9159 1.74736
69.9813 26.9159 1.06844
5.38318 37.6822 0.0742883
16.1495 37.6822 0.358821
26.9159 37.6822 1.17541
37.6822 37.6822 1.12935
48.4486 37.6822 1.08003
59.215 37.6822 0.982412
69.9813 37.6822 0.767245
5.38318 48.4486 -0.0599003
16.1495 48.4486 -0.135357
26.9159 48.4486 0.288232
37.6822 48.4486 -0.0361744
48.4486 48.4486 0.224815
59.215 48.4486 0.427435
69.9813 48.4486 0.620153
5.38318 59.215 -0.211707
16.1495 59.215 -0.397628
26.9159 59.215 -0.289548
37.6822 59.215 -0.407009
48.4486 59.215 -0.25409
59.215 59.215 -0.0648974
69.9813 59.215 0.35878
5.38318 69.9813 -0.371644
16.1495 69.9813 -0.673256
26.9159 69.9813 -0.629814
37.6822 69.9813 -0.699485
48.4486 69.9813 -0.562214
59.215 69.9813 -0.368966
69.9813 69.9813 -0.0661335
5.38318 80.7477 -0.419568
16.1495 80.7477 -0.717842
26.9159 80.7477 -0.706062
37.6822 80.7477 -0.751437
48.4486 80.7477 -0.671643
59.215 80.7477 -0.430837
69.9813 80.7477 -0.11824
5.38318 91.514 -0.497226
16.1495 91.514 -0.813372
26.9159 91.514 -0.831523
37.6822 91.514 -0.868592
48.4486 91.514 -0.807635
59.215 91.514 -0.554592
69.9813 91.514 -0.196457
5.38318 102.28 -0.530466
16.1495 102.28 -0.849611
26.9159 102.28 -0.917866
37.6822 102.28 -0.930309
48.4486 102.28 -0.88388
59.215 102.28 -0.639108
69.9813 102.28 -0.250682
5.38318 113.047 -0.581548
16.1495 113.047 -0.928809
26.9159 113.047 -1.0053
37.6822 113.047 -1.00558
48.4486 113.047 -0.954525
59.215 113.047 -0.753594
69.9813 113.047 -0.325971
5.38318 123.813 -0.554336
16.1495 123.813 -0.866284
26.9159 123.813 -0.895271
37.6822 123.813 -0.907482
48.4486 123.813 -0.888799
59.215 123.813 -0.706224
69.9813 123.813 -0.314956
5.38318 134.579 -0.490737
16.1495 134.579 -0.683398
26.9159 134.579 -0.531688
37.6822 134.579 -0.546282
48.4486 134.579 -0.635417
59.215 134.579 -0.583103
69.9813 134.579 -0.280005
5.38318 145.346 -0.314153
16.1495 145.346 -0.250328
26.9159 145.346 0.428067
37.6822 145.346 0.485501
48.4486 145.346 -0.0948897
59.215 145.346 -0.325771
69.9813 145.346 -0.199521
5.38318 156.112 -0.0460687
16.1495 156.112 0.648332
26.9159 156.112 1.84237
37.6822 156.112 1.95374
48.4486 156.112 0.973165
59.215 156.112 -0.0147459
69.9813 156.112 -0.0951269
5.38318 166.879 0.597238
16.1495 166.879 1.67363
26.9159 166.879 2.71977
37.6822 166.879 2.88357
48.4486 166.879 1.96237
59.215 166.879 0.774551
69.9813 166.879 0.208253
5.38318 177.645 1.43822
16.1495 177.645 2.50628
26.9159 177.645 3.05673
37.6822 177.645 2.95696
48.4486 177.645 2.05342
59.215 177.645 1.13966
69.9813 177.645 0.544931
5.38318 188.411 1.94618
16.1495 188.411 3.09856
26.9159 188.411 3.28101
37.6822 188.411 2.91081
48.4486 188.411 2.02429
59.215 188.411 1.42704
69.9813 188.411 0.815618
5.38318 199.178 1.59368
16.1495 199.178 2.50582
26.9159 199.178 2.55887
37.6822 199.178 2.12958
48.4486 199.178 1.44019
59.215 199.178 1.42198
69.9813 199.178 1.01131
5.38318 209.944 0.649264
16.1495 209.944 1.21338
26.9159 209.944 1.40967
37.6822 209.944 1.3548
48.4486 209.944 1.09582
59.215 209.944 1.25702
69.9813 209.944 0.926009
