37 59
0 39 72 40
0 23 72 72
0 18 72 82
0 0 72 144
0 0 72 216
5.38318 5.38318 0.0836333
16.1495 5.38318 0.209127
26.9159 5.38318 0.595095
37.6822 5.38318 1.04756
48.4486 5.38318 1.33058
59.215 5.38318 1.24597
69.9813 5.38318 0.798379
5.38318 16.1495 0.242947
16.1495 16.1495 0.731707
26.9159 16.1495 1.445
37.6822 16.1495 1.94731
48.4486 16.1495 2.27902
59.215 16.1495 2.06611
69.9813 16.1495 1.35682
5.38318 26.9159 0.482003
16.1495 26.9159 1.2555
26.9159 26.9159 2.09002
37.6822 26.9159 2.44252
48.4486 26.9159 2.53823
59.215 26.9159 2.14068
69.9813 26.9159 1.35918
5.38318 37.6822 0.996668
16.1495 37.6822 2.15985
26.9159 37.6822 3.10871
37.6822 37.6822 3.1169
48.4486 37.6822 2.63672
59.215 37.6822 1.81458
69.9813 37.6822 1.03071
5.38318 48.4486 1.29549
16.1495 48.4486 2.75401
26.9159 48.4486 3.90974
37.6822 48.4486 3.90312
48.4486 48.4486 3.35422
59.215 48.4486 2.28757
69.9813 48.4486 1.28508
5.38318 59.215 1.12017
16.1495 59.215 2.49608
26.9159 59.215 3.9907
37.6822 59.215 4.54778
48.4486 59.215 4.47297
59.215 59.215 3.33547
69.9813 59.215 1.92277
5.38318 69.9813 0.601889
16.1495 69.9813 1.66934
26.9159 69.9813 3.1284
37.6822 69.9813 3.96318
48.4486 69.9813 4.26463
59.215 69.9813 3.38333
69.9813 69.9813 2.01931
5.38318 80.7477 -0.0208452
16.1495 80.7477 0.420342
26.9159 80.7477 1.5336
37.6822 80.7477 2.14504
48.4486 80.7477 2.44889
59.215 80.7477 2.06374
69.9813 80.7477 1.30769
5.38318 91.514 -0.224115
16.1495 91.514 -0.291963
26.9159 91.514 -0.153541
37.6822 91.514 -0.124476
48.4486 91.514 -0.137362
59.215 91.514 -0.128358
69.9813 91.514 -0.0176577
5.38318 102.28 -0.29124
16.1495 102.28 -0.442101
26.9159 102.28 -0.429967
37.6822 102.28 -0.42957
48.4486 102.28 -0.428611
59.215 102.28 -0.338256
69.9813 102.28 -0.150703
5.38318 113.047 -0.29348
16.1495 113.047 -0.43756
26.9159 113.047 -0.408285
37.6822 113.047 -0.392565
48.4486 113.047 -0.387626
59.215 113.047 -0.315829
69.9813 113.047 -0.1447
5.38318 123.813 -0.177549
16.1495 123.813 -0.222149
26.9159 123.813 -0.128197
37.6822 123.813 -0.111001
48.4486 123.813 -0.150815
59.215 123.813 -0.159676
69.9813 123.813 -0.0669471
5.38318 134.579 0.145991
16.1495 134.579 0.43855
26.9159 134.579 0.855356
37.6822 134.579 0.928714
48.4486 134.579 0.6913
59.215 134.579 0.378166
69.9813 134.579 0.260377
5.38318 145.346 0.957652
16.1495 145.346 1.78925
26.9159 145.346 2.45569
37.6822 145.346 2.50806
48.4486 145.346 2.11365
59.215 145.346 1.37015
69.9813 145.346 0.797967
5.38318 156.112 1.44573
16.1495 156.112 2.56996
26.9159 156.112 3.39308
37.6822 156.112 3.45126
48.4486 156.112 3.10591
59.215 156.112 2.21636
69.9813 156.112 1.29615
5.38318 166.879 1.52184
16.1495 166.879 2.5829
26.9159 166.879 3.2241
37.6822 166.879 3.2504
48.4486 166.879 3.21927
59.215 166.879 2.55862
69.9813 166.879 1.61437
5.38318 177.645 0.833127
16.1495 177.645 1.18199
26.9159 177.645 1.36097
37.6822 177.645 1.46667
48.4486 177.645 2.24696
59.215 177.645 2.34627
69.9813 177.645 1.69641
5.38318 188.411 0.134464
16.1495 188.411 0.0472615
26.9159 188.411 0.0278259
37.6822 188.411 0.359506
48.4486 188.411 1.32542
59.215 188.411 1.93808
69.9813 188.411 1.53313
5.38318 199.178 0.14274
16.1495 199.178 -0.00148518
26.9159 199.178 0.079907
37.6822 199.178 0.415595
48.4486 199.178 1.03575
59.215 199.178 1.58476
69.9813 199.178 1.24063
5.38318 209.944 0.344961
16.1495 209.944 0.365371
26.9159 209.944 0.31711
37.6822 209.944 0.238441
48.4486 209.944 0.299542
59.215 209.944 0.51003
69.9813 209.944 0.464865
