37 37
0 17 72 40
0 1 72 72
0 0 72 82
0 0 72 144
0 0 72 216
5.38318 5.38318 0.47213
16.1495 5.38318 0.838318
26.9159 5.38318 1.22096
37.6822 5.38318 1.26268
48.4486 5.38318 1.13798
59.215 5.38318 0.795803
69.9813 5.38318 0.436759
5.38318 16.1495 0.944535
16.1495 16.1495 1.87777
26.9159 16.1495 2.76869
37.6822 16.1495 2.91783
48.4486 16.1495 2.60401
59.215 16.1495 1.83785
69.9813 16.1495 1.03237
5.38318 26.9159 1.18287
16.1495 26.9159 2.55287
26.9159 26.9159 4.09911
37.6822 26.9159 4.39895
48.4486 26.9159 3.77282
59.215 26.9159 2.40748
69.9813 26.9159 1.24371
5.38318 37.6822 1.28684
16.1495 37.6822 2.7982
26.9159 37.6822 4.6376
37.6822 37.6822 5.03892
48.4486 37.6822 4.37988
59.215 37.6822 2.75711
69.9813 37.6822 1.40882
5.38318 48.4486 1.04061
16.1495 48.4486 2.25621
26.9159 48.4486 3.83331
37.6822 48.4486 4.13459
48.4486 48.4486 3.63029
59.215 48.4486 2.27914
69.9813 48.4486 1.23728
5.38318 59.215 0.513714
16.1495 59.215 1.04212
26.9159 59.215 1.73849
37.6822 59.215 1.7137
48.4486 59.215 1.53927
59.215 59.215 1.05718
69.9813 59.215 0.79472
5.38318 69.9813 -0.00663081
16.1495 69.9813 0.0443959
26.9159 69.9813 0.273852
37.6822 69.9813 0.09377
48.4486 69.9813 -0.00652436
59.215 69.9813 0.0539153
69.9813 69.9813 0.342804
5.38318 80.7477 -0.253614
16.1495 80.7477 -0.406759
26.9159 80.7477 -0.40926
37.6822 80.7477 -0.508276
48.4486 80.7477 -0.534311
59.215 80.7477 -0.41885
69.9813 80.7477 -0.130423
5.38318 91.514 -0.515814
16.1495 91.514 -0.828296
26.9159 91.514 -0.875835
37.6822 91.514 -0.904646
48.4486 91.514 -0.907406
59.215 91.514 -0.693162
69.9813 91.514 -0.298715
5.38318 102.28 -0.572484
16.1495 102.28 -0.913911
26.9159 102.28 -0.990348
37.6822 102.28 -0.987326
48.4486 102.28 -0.950126
59.215 102.28 -0.751859
69.9813 102.28 -0.336993
5.38318 113.047 -0.585422
16.1495 113.047 -0.934894
26.9159 113.047 -1.01413
37.6822 113.047 -1.01352
48.4486 113.047 -0.960842
59.215 113.047 -0.759225
69.9813 113.047 -0.329072
5.38318 123.813 -0.555978
16.1495 123.813 -0.87783
26.9159 123.813 -0.927143
37.6822 123.813 -0.941266
48.4486 123.813 -0.911587
59.215 123.813 -0.728059
69.9813 123.813 -0.323919
5.38318 134.579 -0.49999
16.1495 134.579 -0.756666
26.9159 134.579 -0.671417
37.6822 134.579 -0.73446
48.4486 134.579 -0.766648
59.215 134.579 -0.644978
69.9813 134.579 -0.298107
5.38318 145.346 -0.341129
16.1495 145.346 -0.429088
26.9159 145.346 -0.202757
37.6822 145.346 -0.31559
48.4486 145.346 -0.457474
59.215 145.346 -0.476906
69.9813 145.346 -0.237034
5.38318 156.112 -0.217381
16.1495 156.112 -0.155141
26.9159 156.112 0.344101
37.6822 156.112 0.0761496
48.4486 156.112 -0.191182
59.215 156.112 -0.259684
69.9813 156.112 -0.117634
5.38318 166.879 -0.168601
16.1495 166.879 -0.104685
26.9159 166.879 0.189881
37.6822 166.879 0.0832892
48.4486 166.879 -0.0515098
59.215 166.879 -0.0124572
69.9813 166.879 0.162111
5.38318 177.645 -0.187573
16.1495 177.645 -0.246836
26.9159 177.645 -0.252307
37.6822 177.645 -0.128692
48.4486 177.645 0.145945
59.215 177.645 0.644865
69.9813 177.645 0.668534
5.38318 188.411 -0.195822
16.1495 188.411 -0.288422
26.9159 188.411 -0.320793
37.6822 188.411 -0.0735909
48.4486 188.411 0.515286
59.215 188.411 1.05455
69.9813 188.411 0.958015
5.38318 199.178 -0.157941
16.1495 199.178 -0.23557
26.9159 199.178 -0.216413
37.6822 199.178 -0.00380574
48.4486 199.178 0.555655
59.215 199.178 0.959736
69.9813 199.178 0.875699
5.38318 209.944 -0.0964926
16.1495 209.944 -0.126215
26.9159 209.944 -0.104296
37.6822 209.944 -0.0068932
48.4486 209.944 0.309085
59.215 209.944 0.592242
69.9813 209.944 0.596256
