48 37
0 17 72 40
0 1 72 72
0 0 72 82
0 0 72 144
0 0 72 216
5.38318 5.38318 0.796394
16.1495 5.38318 1.4293
26.9159 5.38318 1.71608
37.6822 5.38318 1.64784
48.4486 5.38318 1.43492
59.215 5.38318 1.1222
69.9813 5.38318 0.738951
5.38318 16.1495 1.26472
16.1495 16.1495 2.44508
26.9159 16.1495 2.99496
37.6822 16.1495 2.98969
48.4486 16.1495 2.81142
59.215 16.1495 2.26579
69.9813 16.1495 1.55313
5.38318 26.9159 1.41275
16.1495 26.9159 2.65872
26.9159 26.9159 3.2204
37.6822 26.9159 3.48571
48.4486 26.9159 3.60155
59.215 26.9159 3.11796
69.9813 26.9159 2.11875
5.38318 37.6822 1.41364
16.1495 37.6822 2.44658
26.9159 37.6822 2.92157
37.6822 37.6822 3.47907
48.4486 37.6822 3.89417
59.215 37.6822 3.47838
69.9813 37.6822 2.2768
5.38318 48.4486 1.20885
16.1495 48.4486 2.20017
26.9159 48.4486 2.71394
37.6822 48.4486 3.41148
48.4486 48.4486 3.69208
59.215 48.4486 3.37183
69.9813 48.4486 2.1353
5.38318 59.215 1.03565
16.1495 59.215 1.96335
26.9159 59.215 2.3581
37.6822 59.215 2.53318
48.4486 59.215 2.43207
59.215 59.215 2.23714
69.9813 59.215 1.50998
5.38318 69.9813 0.451133
16.1495 69.9813 0.875783
26.9159 69.9813 1.05989
37.6822 69.9813 0.900713
48.4486 69.9813 0.772722
59.215 69.9813 0.880283
69.9813 69.9813 0.831036
5.38318 80.7477 0.0451281
16.1495 80.7477 0.161636
26.9159 80.7477 0.292384
37.6822 80.7477 -0.0386161
48.4486 80.7477 -0.106117
59.215 80.7477 0.0715989
69.9813 80.7477 0.395674
5.38318 91.514 -0.171884
16.1495 91.514 -0.233688
26.9159 91.514 -0.153441
37.6822 91.514 -0.180146
48.4486 91.514 -0.166381
59.215 91.514 -0.0435853
69.9813 91.514 0.23124
5.38318 102.28 -0.209522
16.1495 102.28 -0.276552
26.9159 102.28 -0.183997
37.6822 102.28 -0.167627
48.4486 102.28 -0.17064
59.215 102.28 -0.118366
69.9813 102.28 0.00280422
5.38318 113.047 -0.292595
16.1495 113.047 -0.431739
26.9159 113.047 -0.405693
37.6822 113.047 -0.384614
48.4486 113.047 -0.374656
59.215 113.047 -0.294795
69.9813 113.047 -0.124976
5.38318 123.813 -0.251608
16.1495 123.813 -0.347752
26.9159 123.813 -0.302103
37.6822 123.813 -0.270165
48.4486 123.813 -0.272832
59.215 123.813 -0.214702
69.9813 123.813 -0.0829445
5.38318 134.579 -0.134539
16.1495 134.579 -0.150358
26.9159 134.579 -0.0520738
37.6822 134.579 0.0200754
48.4486 134.579 0.024862
59.215 134.579 0.0262003
69.9813 134.579 0.125365
5.38318 145.346 0.230053
16.1495 145.346 0.494136
26.9159 145.346 0.800118
37.6822 145.346 0.929362
48.4486 145.346 0.925635
59.215 145.346 0.741714
69.9813 145.346 0.534874
5.38318 156.112 0.763824
16.1495 156.112 1.3071
26.9159 156.112 1.7309
37.6822 156.112 1.81652
48.4486 156.112 1.84768
59.215 156.112 1.53541
69.9813 156.112 1.03079
5.38318 166.879 1.3099
16.1495 166.879 2.07839
26.9159 166.879 2.31799
37.6822 166.879 2.26105
48.4486 166.879 2.22599
59.215 166.879 1.96065
69.9813 166.879 1.30425
5.38318 177.645 1.48788
16.1495 177.645 2.33295
26.9159 177.645 2.45968
37.6822 177.645 2.3533
48.4486 177.645 2.27623
59.215 177.645 2.1091
69.9813 177.645 1.40134
5.38318 188.411 1.31219
16.1495 188.411 2.14861
26.9159 188.411 2.12708
37.6822 188.411 2.0805
48.4486 188.411 1.78002
59.215 188.411 1.77373
69.9813 188.411 1.12637
5.38318 199.178 0.649243
16.1495 199.178 1.31928
26.9159 199.178 1.31476
37.6822 199.178 1.47803
48.4486 199.178 1.16155
59.215 199.178 1.28266
69.9813 199.178 0.812052
5.38318 209.944 0.254932
16.1495 209.944 0.702135
26.9159 209.944 0.648789
37.6822 209.944 0.757225
48.4486 209.944 0.457161
59.215 209.944 0.662299
69.9813 209.944 0.451459
