37 37
0 17 72 40
0 1 72 72
0 0 72 82
0 0 72 144
0 0 72 216
5.38318 5.38318 0.581914
16.1495 5.38318 1.00575
26.9159 5.38318 1.39698
37.6822 5.38318 1.46665
48.4486 5.38318 1.38363
59.215 5.38318 1.06117
69.9813 5.38318 0.645054
5.38318 16.1495 1.06063
16.1495 16.1495 2.09396
26.9159 16.1495 2.95656
37.6822 16.1495 3.12067
48.4486 16.1495 2.90684
59.215 16.1495 2.17568
69.9813 16.1495 1.31874
5.38318 26.9159 1.34852
16.1495 26.9159 2.75768
26.9159 26.9159 4.24311
37.6822 26.9159 4.64011
48.4486 26.9159 4.32241
59.215 26.9159 3.15346
69.9813 26.9159 1.85733
5.38318 37.6822 1.40635
16.1495 37.6822 2.82861
26.9159 37.6822 4.44611
37.6822 37.6822 4.92356
48.4486 37.6822 4.62402
59.215 37.6822 3.27976
69.9813 37.6822 1.87957
5.38318 48.4486 1.36492
16.1495 48.4486 2.49781
26.9159 48.4486 3.7536
37.6822 48.4486 3.9881
48.4486 48.4486 3.74051
59.215 48.4486 2.65511
69.9813 48.4486 1.58135
5.38318 59.215 0.917367
16.1495 59.215 1.48279
26.9159 59.215 1.89572
37.6822 59.215 1.82627
48.4486 59.215 1.81271
59.215 59.215 1.62987
69.9813 59.215 1.23504
5.38318 69.9813 0.521048
16.1495 69.9813 0.84375
26.9159 69.9813 0.986585
37.6822 69.9813 0.802588
48.4486 69.9813 0.785901
59.215 69.9813 0.952107
69.9813 69.9813 0.906565
5.38318 80.7477 -0.0817432
16.1495 80.7477 -0.0844392
26.9159 80.7477 0.0570023
37.6822 80.7477 -0.0491839
48.4486 80.7477 -0.0471446
59.215 80.7477 0.154516
69.9813 80.7477 0.40581
5.38318 91.514 -0.330971
16.1495 91.514 -0.45924
26.9159 91.514 -0.400073
37.6822 91.514 -0.37458
48.4486 91.514 -0.378648
59.215 91.514 -0.247274
69.9813 91.514 -0.0639148
5.38318 102.28 -0.315281
16.1495 102.28 -0.437877
26.9159 102.28 -0.362888
37.6822 102.28 -0.322005
48.4486 102.28 -0.331921
59.215 102.28 -0.251551
69.9813 102.28 -0.100897
5.38318 113.047 -0.296391
16.1495 113.047 -0.44292
26.9159 113.047 -0.428434
37.6822 113.047 -0.42022
48.4486 113.047 -0.41163
59.215 113.047 -0.327162
69.9813 113.047 -0.145941
5.38318 123.813 -0.233844
16.1495 123.813 -0.335274
26.9159 123.813 -0.257018
37.6822 123.813 -0.282135
48.4486 123.813 -0.311024
59.215 123.813 -0.293473
69.9813 123.813 -0.138218
5.38318 134.579 -0.135635
16.1495 134.579 -0.159976
26.9159 134.579 -0.0130943
37.6822 134.579 -0.0836437
48.4486 134.579 -0.15115
59.215 134.579 -0.229465
69.9813 134.579 -0.114284
5.38318 145.346 0.0932445
16.1495 145.346 0.398034
26.9159 145.346 0.86649
37.6822 145.346 0.667464
48.4486 145.346 0.33769
59.215 145.346 -0.083447
69.9813 145.346 -0.051125
5.38318 156.112 0.179987
16.1495 156.112 0.641475
26.9159 156.112 1.12305
37.6822 156.112 1.04269
48.4486 156.112 0.632653
59.215 156.112 0.208785
69.9813 156.112 0.130775
5.38318 166.879 0.128456
16.1495 166.879 0.536659
26.9159 166.879 0.850936
37.6822 166.879 0.96781
48.4486 166.879 0.723631
59.215 166.879 0.62244
69.9813 166.879 0.447508
5.38318 177.645 -0.115731
16.1495 177.645 -0.123336
26.9159 177.645 -0.111502
37.6822 177.645 0.296728
48.4486 177.645 0.643424
59.215 177.645 1.1048
69.9813 177.645 0.916025
5.38318 188.411 -0.16459
16.1495 188.411 -0.210082
26.9159 188.411 -0.243306
37.6822 188.411 0.0992645
48.4486 188.411 0.800638
59.215 188.411 1.45703
69.9813 188.411 1.24119
5.38318 199.178 -0.165381
16.1495 199.178 -0.197486
26.9159 199.178 -0.202765
37.6822 199.178 0.0442583
48.4486 199.178 0.825008
59.215 199.178 1.47988
69.9813 199.178 1.29802
5.38318 209.944 -0.0759713
16.1495 209.944 -0.0340681
26.9159 209.944 -0.0428448
37.6822 209.944 0.103991
48.4486 209.944 0.608824
59.215 209.944 1.06817
69.9813 209.944 0.974105
