48 166
0 146 72 40
0 130 72 72
0 125 72 82
0 72 72 144
0 0 72 216
5.38318 5.38318 0.168355
16.1495 5.38318 0.224334
26.9159 5.38318 0.585522
37.6822 5.38318 1.26093
48.4486 5.38318 1.67512
59.215 5.38318 1.59377
69.9813 5.38318 1.01616
5.38318 16.1495 0.300775
16.1495 16.1495 0.522064
26.9159 16.1495 1.19559
37.6822 16.1495 2.14126
48.4486 16.1495 2.88078
59.215 16.1495 2.84633
69.9813 16.1495 1.87995
5.38318 26.9159 0.41066
16.1495 26.9159 0.761757
26.9159 26.9159 1.34573
37.6822 26.9159 2.08075
48.4486 26.9159 2.76992
59.215 26.9159 2.89745
69.9813 26.9159 2.02663
5.38318 37.6822 0.665344
16.1495 37.6822 1.02777
26.9159 37.6822 1.45429
37.6822 37.6822 1.41405
48.4486 37.6822 1.78969
59.215 37.6822 2.01975
69.9813 37.6822 1.51294
5.38318 48.4486 0.706532
16.1495 48.4486 0.984262
26.9159 48.4486 1.23553
37.6822 48.4486 0.859195
48.4486 48.4486 1.06332
59.215 48.4486 1.33682
69.9813 48.4486 1.15874
5.38318 59.215 0.534911
16.1495 59.215 0.643294
26.9159 59.215 0.887804
37.6822 59.215 0.595196
48.4486 59.215 0.845467
59.215 59.215 1.09816
69.9813 59.215 1.00051
5.38318 69.9813 0.429982
16.1495 69.9813 0.511758
26.9159 69.9813 0.740532
37.6822 69.9813 0.55826
48.4486 69.9813 0.714633
59.215 69.9813 0.89074
69.9813 69.9813 0.776356
5.38318 80.7477 -0.0121675
16.1495 80.7477 -0.0271152
26.9159 80.7477 0.233011
37.6822 80.7477 0.362559
48.4486 80.7477 0.510558
59.215 80.7477 0.619483
69.9813 80.7477 0.523146
5.38318 91.514 -0.204511
16.1495 91.514 -0.288359
26.9159 91.514 -0.193435
37.6822 91.514 -0.100253
48.4486 91.514 -0.0694428
59.215 91.514 -0.0226561
69.9813 91.514 0.057976
5.38318 102.28 -0.280572
16.1495 102.28 -0.41202
26.9159 102.28 -0.367546
37.6822 102.28 -0.321312
48.4486 102.28 -0.322317
59.215 102.28 -0.25499
69.9813 102.28 -0.116004
5.38318 113.047 -0.297889
16.1495 113.047 -0.447806
26.9159 113.047 -0.436721
37.6822 113.047 -0.414853
48.4486 113.047 -0.386561
59.215 113.047 -0.284434
69.9813 113.047 -0.11846
5.38318 123.813 -0.276564
16.1495 123.813 -0.373156
26.9159 123.813 -0.259323
37.6822 123.813 -0.147303
48.4486 123.813 -0.0938474
59.215 123.813 -0.01635
69.9813 123.813 0.11701
5.38318 134.579 -0.174481
16.1495 134.579 -0.168294
26.9159 134.579 0.16674
37.6822 134.579 0.599135
48.4486 134.579 0.797163
59.215 134.579 0.828575
69.9813 134.579 0.627425
5.38318 145.346 -0.0144218
16.1495 145.346 0.331477
26.9159 145.346 1.1275
37.6822 145.346 1.8517
48.4486 145.346 2.14644
59.215 145.346 2.07086
69.9813 145.346 1.38082
5.38318 156.112 0.483279
16.1495 156.112 1.09816
26.9159 156.112 2.03716
37.6822 156.112 2.62132
48.4486 156.112 2.91582
59.215 156.112 2.74398
69.9813 156.112 1.84522
5.38318 166.879 1.00774
16.1495 166.879 1.73966
26.9159 166.879 2.57479
37.6822 166.879 2.87147
48.4486 166.879 3.04477
59.215 166.879 2.77184
69.9813 166.879 1.84593
5.38318 177.645 1.20126
16.1495 177.645 1.8567
26.9159 177.645 2.50541
37.6822 177.645 2.29888
48.4486 177.645 2.321
59.215 177.645 2.02212
69.9813 177.645 1.41652
5.38318 188.411 1.08724
16.1495 188.411 1.55684
26.9159 188.411 2.16518
37.6822 188.411 1.57382
48.4486 188.411 1.69842
59.215 188.411 1.42935
69.9813 188.411 1.14673
5.38318 199.178 0.366945
16.1495 199.178 0.52803
26.9159 199.178 1.03811
37.6822 199.178 0.746801
48.4486 199.178 1.0523
59.215 199.178 0.991194
69.9813 199.178 0.924787
5.38318 209.944 -0.0122144
16.1495 209.944 -0.0204405
26.9159 209.944 0.208647
37.6822 209.944 -0.0275766
48.4486 209.944 0.266513
59.215 209.944 0.285883
69.9813 209.944 0.470317
