37 188
0 168 72 40
0 144 72 72
0 134 72 82
0 72 72 144
0 0 72 216
5.38318 5.38318 1.14686
16.1495 5.38318 1.47291
26.9159 5.38318 1.50205
37.6822 5.38318 1.28396
48.4486 5.38318 0.93894
59.215 5.38318 0.647519
69.9813 5.38318 0.368964
5.38318 16.1495 1.8527
16.1495 16.1495 2.61207
26.9159 16.1495 2.82065
37.6822 16.1495 2.55229
48.4486 16.1495 2.1366
59.215 16.1495 1.63187
69.9813 16.1495 1.01797
5.38318 26.9159 1.89714
16.1495 26.9159 2.86268
26.9159 26.9159 3.19502
37.6822 26.9159 3.10298
48.4486 26.9159 2.85445
59.215 26.9159 2.3589
69.9813 26.9159 1.51548
5.38318 37.6822 1.32183
16.1495 37.6822 2.48082
26.9159 37.6822 3.23641
37.6822 37.6822 3.67284
48.4486 37.6822 3.72673
59.215 37.6822 3.26488
69.9813 37.6822 2.12337
5.38318 48.4486 1.07531
16.1495 48.4486 2.2243
26.9159 48.4486 3.10936
37.6822 48.4486 3.65804
48.4486 48.4486 3.67164
59.215 48.4486 3.20814
69.9813 48.4486 2.06548
5.38318 59.215 0.983607
16.1495 59.215 1.95294
26.9159 59.215 2.60982
37.6822 59.215 2.82789
48.4486 59.215 2.60902
59.215 59.215 2.32562
69.9813 59.215 1.50519
5.38318 69.9813 0.342937
16.1495 69.9813 0.582176
26.9159 69.9813 0.785195
37.6822 69.9813 0.753496
48.4486 69.9813 0.591092
59.215 69.9813 0.922042
69.9813 69.9813 0.712647
5.38318 80.7477 -0.165225
16.1495 80.7477 -0.303694
26.9159 80.7477 -0.293996
37.6822 80.7477 -0.346113
48.4486 80.7477 -0.277162
59.215 80.7477 0.0406464
69.9813 80.7477 0.309335
5.38318 91.514 -0.508364
16.1495 91.514 -0.832593
26.9159 91.514 -0.861466
37.6822 91.514 -0.86948
48.4486 91.514 -0.792732
59.215 91.514 -0.491279
69.9813 91.514 -0.191611
5.38318 102.28 -0.572465
16.1495 102.28 -0.92663
26.9159 102.28 -1.00475
37.6822 102.28 -1.00633
48.4486 102.28 -0.952014
59.215 102.28 -0.725435
69.9813 102.28 -0.317513
5.38318 113.047 -0.573991
16.1495 113.047 -0.917877
26.9159 113.047 -0.99167
37.6822 113.047 -0.988089
48.4486 113.047 -0.931603
59.215 113.047 -0.711655
69.9813 113.047 -0.30054
5.38318 123.813 -0.538166
16.1495 123.813 -0.84987
26.9159 123.813 -0.8724
37.6822 123.813 -0.848358
48.4486 123.813 -0.777091
59.215 123.813 -0.554668
69.9813 123.813 -0.215896
5.38318 134.579 -0.362194
16.1495 134.579 -0.535669
26.9159 134.579 -0.464503
37.6822 134.579 -0.44643
48.4486 134.579 -0.404478
59.215 134.579 -0.250706
69.9813 134.579 -0.0502192
5.38318 145.346 -0.118876
16.1495 145.346 -0.0904994
26.9159 145.346 0.193055
37.6822 145.346 0.362624
48.4486 145.346 0.385338
59.215 145.346 0.499719
69.9813 145.346 0.436136
5.38318 156.112 0.579017
16.1495 156.112 1.29183
26.9159 156.112 1.98495
37.6822 156.112 2.15599
48.4486 156.112 2.01684
59.215 156.112 1.64018
69.9813 156.112 1.02321
5.38318 166.879 1.05231
16.1495 166.879 2.07447
26.9159 166.879 3.02979
37.6822 166.879 3.36382
48.4486 166.879 3.11271
59.215 166.879 2.3576
69.9813 166.879 1.39398
5.38318 177.645 1.35146
16.1495 177.645 2.6001
26.9159 177.645 4.01634
37.6822 177.645 4.32228
48.4486 177.645 3.97767
59.215 177.645 2.7516
69.9813 177.645 1.59404
5.38318 188.411 1.12996
16.1495 188.411 2.43214
26.9159 188.411 4.146
37.6822 188.411 4.43067
48.4486 188.411 4.00618
59.215 188.411 2.50827
69.9813 188.411 1.42099
5.38318 199.178 0.601938
16.1495 199.178 1.70053
26.9159 199.178 3.28557
37.6822 199.178 3.4555
48.4486 199.178 3.14246
59.215 199.178 1.77042
69.9813 199.178 1.00238
5.38318 209.944 0.042456
16.1495 209.944 0.554249
26.9159 209.944 1.48686
37.6822 209.944 1.51519
48.4486 209.944 1.36639
59.215 209.944 0.597065
69.9813 209.944 0.426679
