48 188
0 168 72 40
0 144 72 72
0 134 72 82
0 72 72 144
0 0 72 216
5.38318 5.38318 0.10839
16.1495 5.38318 0.435823
26.9159 5.38318 1.39715
37.6822 5.38318 1.80814
48.4486 5.38318 1.51998
59.215 5.38318 0.86445
69.9813 5.38318 0.333845
5.38318 16.1495 0.237905
16.1495 16.1495 1.02384
26.9159 16.1495 2.61238
37.6822 16.1495 3.19075
48.4486 16.1495 2.68965
59.215 16.1495 1.62449
69.9813 16.1495 0.679864
5.38318 26.9159 0.327846
16.1495 26.9159 1.52617
26.9159 26.9159 3.15283
37.6822 26.9159 3.49565
48.4486 26.9159 2.6269
59.215 26.9159 1.32969
69.9813 26.9159 0.497269
5.38318 37.6822 0.900057
16.1495 37.6822 2.34026
26.9159 37.6822 3.63434
37.6822 37.6822 3.38742
48.4486 37.6822 2.37727
59.215 37.6822 1.22503
69.9813 37.6822 0.630097
5.38318 48.4486 1.22575
16.1495 48.4486 2.7413
26.9159 48.4486 3.79097
37.6822 48.4486 3.527
48.4486 48.4486 2.74139
59.215 48.4486 1.865
69.9813 48.4486 1.18082
5.38318 59.215 1.24359
16.1495 59.215 2.26699
26.9159 59.215 3.18893
37.6822 59.215 3.2627
48.4486 59.215 3.27293
59.215 59.215 2.73744
69.9813 59.215 1.81952
5.38318 69.9813 0.88379
16.1495 69.9813 1.22106
26.9159 69.9813 2.08979
37.6822 69.9813 2.39407
48.4486 69.9813 2.85506
59.215 69.9813 2.72468
69.9813 69.9813 1.82047
5.38318 80.7477 0.225538
16.1495 80.7477 0.083062
26.9159 80.7477 0.933466
37.6822 80.7477 1.13377
48.4486 80.7477 1.5171
59.215 80.7477 1.63243
69.9813 80.7477 1.09554
5.38318 91.514 -0.372062
16.1495 91.514 -0.640207
26.9159 91.514 -0.467466
37.6822 91.514 -0.523112
48.4486 91.514 -0.55433
59.215 91.514 -0.35633
69.9813 91.514 -0.176542
5.38318 102.28 -0.569561
16.1495 102.28 -0.925264
26.9159 102.28 -0.971689
37.6822 102.28 -0.972496
48.4486 102.28 -0.931508
59.215 102.28 -0.708141
69.9813 102.28 -0.324798
5.38318 113.047 -0.570334
16.1495 113.047 -0.920145
26.9159 113.047 -1.01127
37.6822 113.047 -1.0216
48.4486 113.047 -0.970797
59.215 113.047 -0.768857
69.9813 113.047 -0.332691
5.38318 123.813 -0.461403
16.1495 123.813 -0.750429
26.9159 123.813 -0.843602
37.6822 123.813 -0.915237
48.4486 123.813 -0.901684
59.215 123.813 -0.688425
69.9813 123.813 -0.287624
5.38318 134.579 -0.128084
16.1495 134.579 -0.251595
26.9159 134.579 -0.388479
37.6822 134.579 -0.578447
48.4486 134.579 -0.691133
59.215 134.579 -0.537509
69.9813 134.579 -0.209645
5.38318 145.346 0.869281
16.1495 145.346 1.28372
26.9159 145.346 1.12892
37.6822 145.346 0.559586
48.4486 145.346 -0.0290068
59.215 145.346 -0.0541401
69.9813 145.346 0.0716984
5.38318 156.112 1.68564
16.1495 156.112 2.54091
26.9159 156.112 2.72741
37.6822 156.112 2.42626
48.4486 156.112 1.89514
59.215 156.112 1.3623
69.9813 156.112 0.821122
5.38318 166.879 2.14499
16.1495 166.879 3.32132
26.9159 166.879 4.07136
37.6822 166.879 4.39539
48.4486 166.879 4.12888
59.215 166.879 3.05537
69.9813 166.879 1.63789
5.38318 177.645 1.82519
16.1495 177.645 2.93037
26.9159 177.645 4.16647
37.6822 177.645 5.28433
48.4486 177.645 5.50618
59.215 177.645 4.21562
69.9813 177.645 2.24174
5.38318 188.411 1.30304
16.1495 188.411 2.25135
26.9159 188.411 3.69759
37.6822 188.411 4.99976
48.4486 188.411 5.52072
59.215 188.411 4.36267
69.9813 188.411 2.36779
5.38318 199.178 0.373646
16.1495 199.178 1.01615
26.9159 199.178 2.35195
37.6822 199.178 3.34027
48.4486 199.178 3.86055
59.215 199.178 3.45716
69.9813 199.178 2.01555
5.38318 209.944 -0.0096283
16.1495 209.944 0.498017
26.9159 209.944 1.40759
37.6822 209.944 1.88109
48.4486 209.944 2.23268
59.215 209.944 2.14869
69.9813 209.944 1.39143
