37 48
0 28 72 40
0 12 72 72
0 7 72 82
0 0 72 144
0 0 72 216
5.38318 5.38318 0.464795
16.1495 5.38318 0.852131
26.9159 5.38318 1.3086
37.6822 5.38318 1.35708
48.4486 5.38318 1.18612
59.215 5.38318 0.812786
69.9813 5.38318 0.473448
5.38318 16.1495 0.708179
16.1495 16.1495 1.60454
26.9159 16.1495 2.4788
37.6822 16.1495 2.60485
48.4486 16.1495 2.39715
59.215 16.1495 1.71386
69.9813 16.1495 1.04951
5.38318 26.9159 0.571459
16.1495 26.9159 1.53642
26.9159 26.9159 2.79509
37.6822 26.9159 2.9632
48.4486 26.9159 2.86889
59.215 26.9159 2.0365
69.9813 26.9159 1.34209
5.38318 37.6822 0.686244
16.1495 37.6822 2.02703
26.9159 37.6822 3.69649
37.6822 37.6822 4.04065
48.4486 37.6822 3.88481
59.215 37.6822 2.59133
69.9813 37.6822 1.57301
5.38318 48.4486 0.601006
16.1495 48.4486 2.18991
26.9159 48.4486 4.29235
37.6822 48.4486 4.91675
48.4486 48.4486 4.62955
59.215 48.4486 2.96515
69.9813 48.4486 1.69549
5.38318 59.215 0.612319
16.1495 59.215 2.01673
26.9159 59.215 3.95304
37.6822 59.215 4.43095
48.4486 59.215 4.10334
59.215 59.215 2.66483
69.9813 59.215 1.54427
5.38318 69.9813 -0.00407354
16.1495 69.9813 0.458373
26.9159 69.9813 1.94592
37.6822 69.9813 2.16326
48.4486 69.9813 2.10601
59.215 69.9813 1.32061
69.9813 69.9813 0.930696
5.38318 80.7477 -0.170043
16.1495 80.7477 -0.195136
26.9159 80.7477 0.682555
37.6822 80.7477 0.742632
48.4486 80.7477 0.917066
59.215 80.7477 0.574012
69.9813 80.7477 0.582895
5.38318 91.514 -0.304941
16.1495 91.514 -0.429539
26.9159 91.514 -0.141044
37.6822 91.514 -0.112621
48.4486 91.514 0.0493932
59.215 91.514 -0.0767405
69.9813 91.514 0.162319
5.38318 102.28 -0.273711
16.1495 102.28 -0.368015
26.9159 102.28 -0.20713
37.6822 102.28 -0.198815
48.4486 102.28 -0.182698
59.215 102.28 -0.199842
69.9813 102.28 -0.0609385
5.38318 113.047 -0.292466
16.1495 113.047 -0.43684
26.9159 113.047 -0.413969
37.6822 113.047 -0.40967
48.4486 113.047 -0.40556
59.215 113.047 -0.330649
69.9813 113.047 -0.14644
5.38318 123.813 -0.236262
16.1495 123.813 -0.361909
26.9159 123.813 -0.323409
37.6822 123.813 -0.32932
48.4486 123.813 -0.331449
59.215 123.813 -0.267254
69.9813 123.813 -0.114913
5.38318 134.579 -0.0707558
16.1495 134.579 -0.109907
26.9159 134.579 -0.0451032
37.6822 134.579 -0.0997732
48.4486 134.579 -0.166335
59.215 134.579 -0.143579
69.9813 134.579 -0.0554475
5.38318 145.346 0.29671
16.1495 145.346 0.511553
26.9159 145.346 0.727656
37.6822 145.346 0.635727
48.4486 145.346 0.353067
59.215 145.346 0.294945
69.9813 145.346 0.200546
5.38318 156.112 1.02267
16.1495 156.112 1.80479
26.9159 156.112 2.05688
37.6822 156.112 1.73251
48.4486 156.112 1.04833
59.215 156.112 0.765275
69.9813 156.112 0.428374
5.38318 166.879 1.47927
16.1495 166.879 2.63987
26.9159 166.879 2.9312
37.6822 166.879 2.52266
48.4486 166.879 1.63301
59.215 166.879 1.14823
69.9813 166.879 0.623622
5.38318 177.645 1.88132
16.1495 177.645 3.42228
26.9159 177.645 3.6912
37.6822 177.645 2.91151
48.4486 177.645 1.61453
59.215 177.645 1.02212
69.9813 177.645 0.536341
5.38318 188.411 1.66176
16.1495 188.411 3.06371
26.9159 188.411 3.31394
37.6822 188.411 2.48648
48.4486 188.411 1.06033
59.215 188.411 0.611712
69.9813 188.411 0.304982
5.38318 199.178 0.911044
16.1495 199.178 1.63562
26.9159 199.178 1.78867
37.6822 199.178 1.18485
48.4486 199.178 0.174248
59.215 199.178 0.120346
69.9813 199.178 0.0998054
5.38318 209.944 0.095641
16.1495 209.944 0.162841
26.9159 209.944 0.207592
37.6822 209.944 -0.0408569
48.4486 209.944 -0.162481
59.215 209.944 -0.0403841
69.9813 209.944 0.0797044
