59 166
0 146 72 40
0 130 72 72
0 125 72 82
0 72 72 144
0 0 72 216
5.38318 5.38318 0.168355
16.1495 5.38318 0.224334
26.9159 5.38318 0.585522
37.6822 5.38318 1.26093
48.4486 5.38318 1.67512
59.215 5.38318 1.59377
69.9813 5.38318 1.01616
5.38318 16.1495 0.300775
16.1495 16.1495 0.522064
26.9159 16.1495 1.19559
37.6822 16.1495 2.14126
48.4486 16.1495 2.88078
59.215 16.1495 2.84633
69.9813 16.1495 1.87995
5.38318 26.9159 0.41066
16.1495 26.9159 0.761757
26.9159 26.9159 1.34573
37.6822 26.9159 2.08075
48.4486 26.9159 2.76992
59.215 26.9159 2.89745
69.9813 26.9159 2.02663
5.38318 37.6822 0.665344
16.1495 37.6822 1.02777
26.9159 37.6822 1.45429
37.6822 37.6822 1.41405
48.4486 37.6822 1.78969
59.215 37.6822 2.01975
69.9813 37.6822 1.51294
5.38318 48.4486 0.706532
16.1495 48.4486 0.984262
26.9159 48.4486 1.23553
37.6822 48.4486 0.859195
48.4486 48.4486 1.06332
59.215 48.4486 1.33682
69.9813 48.4486 1.15874
5.38318 59.215 0.534911
16.1495 59.215 0.643293
26.9159 59.215 0.887803
37.6822 59.215 0.595196
48.4486 59.215 0.845466
59.215 59.215 1.09816
69.9813 59.215 1.00051
5.38318 69.9813 0.429984
16.1495 69.9813 0.51176
26.9159 69.9813 0.740533
37.6822 69.9813 0.558261
48.4486 69.9813 0.714633
59.215 69.9813 0.89074
69.9813 69.9813 0.776356
5.38318 80.7477 -0.0121668
16.1495 80.7477 -0.0271149
26.9159 80.7477 0.233012
37.6822 80.7477 0.362559
48.4486 80.7477 0.510558
59.215 80.7477 0.619483
69.9813 80.7477 0.523146
5.38318 91.514 -0.20451
16.1495 91.514 -0.288359
26.9159 91.514 -0.193435
37.6822 91.514 -0.100253
48.4486 91.514 -0.0694426
59.215 91.514 -0.0226561
69.9813 91.514 0.0579754
5.38318 102.28 -0.279178
16.1495 102.28 -0.411494
26.9159 102.28 -0.367184
37.6822 102.28 -0.322717
48.4486 102.28 -0.324396
59.215 102.28 -0.258134
69.9813 102.28 -0.117697
5.38318 113.047 -0.294718
16.1495 113.047 -0.448713
26.9159 113.047 -0.435747
37.6822 113.047 -0.420927
48.4486 113.047 -0.395417
59.215 113.047 -0.303136
69.9813 113.047 -0.131324
5.38318 123.813 -0.247356
16.1495 123.813 -0.37889
26.9159 123.813 -0.313528
37.6822 123.813 -0.256477
48.4486 123.813 -0.193776
59.215 123.813 -0.111299
69.9813 123.813 -0.000961405
5.38318 134.579 -0.158475
16.1495 134.579 -0.221967
26.9159 134.579 -0.0972002
37.6822 134.579 0.0892839
48.4486 134.579 0.42565
59.215 134.579 0.518247
69.9813 134.579 0.512663
5.38318 145.346 -0.0426864
16.1495 145.346 -0.00773769
26.9159 145.346 0.533744
37.6822 145.346 1.04036
48.4486 145.346 1.66495
59.215 145.346 1.68876
69.9813 145.346 1.25366
5.38318 156.112 0.219455
16.1495 156.112 0.525509
26.9159 156.112 1.17957
37.6822 156.112 1.75327
48.4486 156.112 2.53336
59.215 156.112 2.5733
69.9813 156.112 1.90506
5.38318 166.879 0.289176
16.1495 166.879 0.650418
26.9159 166.879 1.46894
37.6822 166.879 2.05714
48.4486 166.879 3.01581
59.215 166.879 3.02186
69.9813 166.879 2.20303
5.38318 177.645 0.207307
16.1495 177.645 0.558166
26.9159 177.645 1.2553
37.6822 177.645 1.77393
48.4486 177.645 2.56122
59.215 177.645 2.49362
69.9813 177.645 1.85918
5.38318 188.411 0.135857
16.1495 188.411 0.46052
26.9159 188.411 1.02607
37.6822 188.411 1.54709
48.4486 188.411 2.22325
59.215 188.411 2.08584
69.9813 188.411 1.55359
5.38318 199.178 0.282913
16.1495 199.178 0.606841
26.9159 199.178 0.807834
37.6822 199.178 1.18609
48.4486 199.178 1.6171
59.215 199.178 1.64039
69.9813 199.178 1.27254
5.38318 209.944 0.299225
16.1495 209.944 0.52304
26.9159 209.944 0.566645
37.6822 209.944 0.746577
48.4486 209.944 0.983114
59.215 209.944 1.07826
69.9813 209.944 0.854638
