48 177
0 157 72 40
0 141 72 72
0 134 72 82
0 72 72 144
0 0 72 216
5.38318 5.38318 -6.39206e-05
16.1495 5.38318 -0.0447744
26.9159 5.38318 0.065883
37.6822 5.38318 0.0536836
48.4486 5.38318 0.181734
59.215 5.38318 0.123274
69.9813 5.38318 0.143661
5.38318 16.1495 -0.00591892
16.1495 16.1495 -0.0283861
26.9159 16.1495 0.224446
37.6822 16.1495 0.2425
48.4486 16.1495 0.596577
59.215 16.1495 0.554385
69.9813 16.1495 0.509999
5.38318 26.9159 -0.0790914
16.1495 26.9159 -0.208369
26.9159 26.9159 -0.202996
37.6822 26.9159 -0.178641
48.4486 26.9159 0.340954
59.215 26.9159 0.574549
69.9813 26.9159 0.612274
5.38318 37.6822 0.372565
16.1495 37.6822 0.350212
26.9159 37.6822 0.322444
37.6822 37.6822 0.440305
48.4486 37.6822 1.15644
59.215 37.6822 1.41205
69.9813 37.6822 1.12523
5.38318 48.4486 0.790338
16.1495 48.4486 1.17203
26.9159 48.4486 1.38164
37.6822 48.4486 1.54847
48.4486 48.4486 2.09401
59.215 48.4486 2.12445
69.9813 48.4486 1.51031
5.38318 59.215 0.924609
16.1495 59.215 1.64752
26.9159 59.215 2.33142
37.6822 59.215 2.58423
48.4486 59.215 2.73274
59.215 59.215 2.46594
69.9813 59.215 1.63219
5.38318 69.9813 0.55623
16.1495 69.9813 1.26528
26.9159 69.9813 2.25483
37.6822 69.9813 2.60993
48.4486 69.9813 2.58436
59.215 69.9813 2.08601
69.9813 69.9813 1.2971
5.38318 80.7477 0.104939
16.1495 80.7477 0.524643
26.9159 80.7477 1.33175
37.6822 80.7477 1.53689
48.4486 80.7477 1.41492
59.215 80.7477 0.980792
69.9813 80.7477 0.649492
5.38318 91.514 -0.16116
16.1495 91.514 -0.217964
26.9159 91.514 -0.102271
37.6822 91.514 -0.161137
48.4486 91.514 -0.155896
59.215 91.514 -0.146604
69.9813 91.514 0.0595784
5.38318 102.28 -0.245931
16.1495 102.28 -0.390085
26.9159 102.28 -0.37305
37.6822 102.28 -0.435412
48.4486 102.28 -0.410037
59.215 102.28 -0.312127
69.9813 102.28 -0.100139
5.38318 113.047 -0.293435
16.1495 113.047 -0.441105
26.9159 113.047 -0.428794
37.6822 113.047 -0.424607
48.4486 113.047 -0.4101
59.215 113.047 -0.325673
69.9813 113.047 -0.142225
5.38318 123.813 -0.279753
16.1495 123.813 -0.413265
26.9159 123.813 -0.368836
37.6822 123.813 -0.348138
48.4486 123.813 -0.303884
59.215 123.813 -0.220386
69.9813 123.813 -0.0736593
5.38318 134.579 -0.199177
16.1495 134.579 -0.242467
26.9159 134.579 -0.139555
37.6822 134.579 -0.0933678
48.4486 134.579 -0.037971
59.215 134.579 -0.0145909
69.9813 134.579 0.138604
5.38318 145.346 -0.0779773
16.1495 145.346 0.0928302
26.9159 145.346 0.557047
37.6822 145.346 0.859188
48.4486 145.346 1.03631
59.215 145.346 0.841884
69.9813 145.346 0.651961
5.38318 156.112 0.197442
16.1495 156.112 0.926725
26.9159 156.112 1.78357
37.6822 156.112 2.35647
48.4486 156.112 2.44445
59.215 156.112 1.87578
69.9813 156.112 1.18435
5.38318 166.879 0.403681
16.1495 166.879 1.49315
26.9159 166.879 2.77321
37.6822 166.879 3.78944
48.4486 166.879 3.90478
59.215 166.879 2.93801
69.9813 166.879 1.69074
5.38318 177.645 0.766169
16.1495 177.645 1.93287
26.9159 177.645 3.33908
37.6822 177.645 4.47036
48.4486 177.645 4.53559
59.215 177.645 3.43965
69.9813 177.645 1.89969
5.38318 188.411 1.20936
16.1495 188.411 2.33319
26.9159 188.411 3.36875
37.6822 188.411 3.97777
48.4486 188.411 3.88058
59.215 188.411 2.93894
69.9813 188.411 1.64518
5.38318 199.178 1.76034
16.1495 199.178 2.91747
26.9159 199.178 3.05633
37.6822 199.178 2.63479
48.4486 199.178 2.18732
59.215 199.178 1.67681
69.9813 199.178 1.11753
5.38318 209.944 1.67962
16.1495 209.944 2.67696
26.9159 209.944 2.55856
37.6822 209.944 1.753
48.4486 209.944 1.25559
59.215 209.944 0.891411
69.9813 209.944 0.693189
