37 37
0 17 72 40
0 1 72 72
0 0 72 82
0 0 72 144
0 0 72 216
5.38318 5.38318 0.456342
16.1495 5.38318 0.884394
26.9159 5.38318 1.38648
37.6822 5.38318 1.58171
48.4486 5.38318 1.41061
59.215 5.38318 0.994592
69.9813 5.38318 0.545085
5.38318 16.1495 0.864483
16.1495 16.1495 1.93006
26.9159 16.1495 2.96301
37.6822 16.1495 3.35089
48.4486 16.1495 2.97899
59.215 16.1495 1.98738
69.9813 16.1495 1.056
5.38318 26.9159 1.17812
16.1495 26.9159 2.63275
26.9159 26.9159 4.2372
37.6822 26.9159 4.78744
48.4486 26.9159 4.26643
59.215 26.9159 2.81089
69.9813 26.9159 1.43672
5.38318 37.6822 1.46231
16.1495 37.6822 3.13098
26.9159 37.6822 4.76665
37.6822 37.6822 5.23284
48.4486 37.6822 4.62078
59.215 37.6822 3.03142
69.9813 37.6822 1.55431
5.38318 48.4486 1.74386
16.1495 48.4486 3.24099
26.9159 48.4486 4.44434
37.6822 48.4486 4.76145
48.4486 48.4486 4.39484
59.215 48.4486 3.11874
69.9813 48.4486 1.73256
5.38318 59.215 1.77156
16.1495 59.215 2.94825
26.9159 59.215 3.35131
37.6822 59.215 3.49351
48.4486 59.215 3.42139
59.215 59.215 2.86738
69.9813 59.215 1.79611
5.38318 69.9813 1.63534
16.1495 69.9813 2.58687
26.9159 69.9813 2.70352
37.6822 69.9813 2.64553
48.4486 69.9813 2.40881
59.215 69.9813 2.14229
69.9813 69.9813 1.40394
5.38318 80.7477 0.591745
16.1495 80.7477 1.1566
26.9159 80.7477 1.3961
37.6822 80.7477 1.3798
48.4486 80.7477 0.922632
59.215 80.7477 0.880555
69.9813 80.7477 0.622747
5.38318 91.514 -0.241559
16.1495 91.514 -0.266408
26.9159 91.514 -0.136965
37.6822 91.514 -0.0780592
48.4486 91.514 -0.222846
59.215 91.514 -0.172232
69.9813 91.514 -0.0769918
5.38318 102.28 -0.328314
16.1495 102.28 -0.47202
26.9159 102.28 -0.376534
37.6822 102.28 -0.329482
48.4486 102.28 -0.323945
59.215 102.28 -0.243697
69.9813 102.28 -0.0972999
5.38318 113.047 -0.28637
16.1495 113.047 -0.421328
26.9159 113.047 -0.387987
37.6822 113.047 -0.372295
48.4486 113.047 -0.362932
59.215 113.047 -0.288822
69.9813 113.047 -0.121507
5.38318 123.813 -0.18575
16.1495 123.813 -0.239537
26.9159 123.813 -0.162395
37.6822 123.813 -0.157211
48.4486 123.813 -0.182568
59.215 123.813 -0.176145
69.9813 123.813 -0.0637805
5.38318 134.579 0.0635991
16.1495 134.579 0.324929
26.9159 134.579 0.698243
37.6822 134.579 0.666107
48.4486 134.579 0.50214
59.215 134.579 0.231681
69.9813 134.579 0.227567
5.38318 145.346 0.548102
16.1495 145.346 1.2307
26.9159 145.346 1.92607
37.6822 145.346 1.84357
48.4486 145.346 1.58655
59.215 145.346 0.941959
69.9813 145.346 0.609442
5.38318 156.112 1.09849
16.1495 156.112 2.23339
26.9159 156.112 3.09541
37.6822 156.112 3.0106
48.4486 156.112 2.6169
59.215 156.112 1.87129
69.9813 156.112 1.18596
5.38318 166.879 1.54776
16.1495 166.879 2.88552
26.9159 166.879 3.72435
37.6822 166.879 3.65487
48.4486 166.879 3.41702
59.215 166.879 2.63543
69.9813 166.879 1.71226
5.38318 177.645 2.16033
16.1495 177.645 3.53413
26.9159 177.645 4.04406
37.6822 177.645 4.06759
48.4486 177.645 4.29577
59.215 177.645 3.76248
69.9813 177.645 2.48837
5.38318 188.411 2.57429
16.1495 188.411 4.08194
26.9159 188.411 4.49535
37.6822 188.411 4.48844
48.4486 188.411 4.96359
59.215 188.411 4.5284
69.9813 188.411 3.00956
5.38318 199.178 2.37084
16.1495 199.178 3.78673
26.9159 199.178 4.16089
37.6822 199.178 4.13871
48.4486 199.178 4.51054
59.215 199.178 4.15774
69.9813 199.178 2.77037
5.38318 209.944 1.09077
16.1495 209.944 1.81139
26.9159 209.944 2.12102
37.6822 209.944 2.1413
48.4486 209.944 2.2858
59.215 209.944 2.08845
69.9813 209.944 1.43845
