37 177
0 157 72 40
0 141 72 72
0 134 72 82
0 72 72 144
0 0 72 216
5.38318 5.38318 0.439562
16.1495 5.38318 1.12598
26.9159 5.38318 1.91131
37.6822 5.38318 2.05429
48.4486 5.38318 1.69747
59.215 5.38318 1.06993
69.9813 5.38318 0.486444
5.38318 16.1495 0.652311
16.1495 16.1495 1.85168
26.9159 16.1495 3.17085
37.6822 16.1495 3.36028
48.4486 16.1495 2.80743
59.215 16.1495 1.76325
69.9813 16.1495 0.866767
5.38318 26.9159 0.620026
16.1495 26.9159 1.99462
26.9159 26.9159 3.36981
37.6822 26.9159 3.44846
48.4486 26.9159 2.66814
59.215 26.9159 1.39822
69.9813 26.9159 0.630082
5.38318 37.6822 0.6753
16.1495 37.6822 1.90483
26.9159 37.6822 2.93058
37.6822 37.6822 2.73488
48.4486 37.6822 1.81614
59.215 37.6822 0.63741
69.9813 37.6822 0.265266
5.38318 48.4486 0.739622
16.1495 48.4486 2.01553
26.9159 48.4486 3.00976
37.6822 48.4486 2.87471
48.4486 48.4486 1.98574
59.215 48.4486 0.777123
69.9813 48.4486 0.352075
5.38318 59.215 0.795324
16.1495 59.215 2.0146
26.9159 59.215 2.9341
37.6822 59.215 2.88718
48.4486 59.215 2.20611
59.215 59.215 1.17179
69.9813 59.215 0.618836
5.38318 69.9813 0.603082
16.1495 69.9813 1.61716
26.9159 69.9813 2.4225
37.6822 69.9813 2.32352
48.4486 69.9813 1.74399
59.215 69.9813 0.950615
69.9813 69.9813 0.611548
5.38318 80.7477 0.0186906
16.1495 80.7477 0.427811
26.9159 80.7477 0.862565
37.6822 80.7477 0.462608
48.4486 80.7477 0.180115
59.215 80.7477 -0.115069
69.9813 80.7477 0.128835
5.38318 91.514 -0.364616
16.1495 91.514 -0.527913
26.9159 91.514 -0.474542
37.6822 91.514 -0.6
48.4486 91.514 -0.601356
59.215 91.514 -0.548395
69.9813 91.514 -0.190286
5.38318 102.28 -0.54439
16.1495 102.28 -0.871549
26.9159 102.28 -0.944593
37.6822 102.28 -0.979353
48.4486 102.28 -0.943591
59.215 102.28 -0.770551
69.9813 102.28 -0.33247
5.38318 113.047 -0.582729
16.1495 113.047 -0.93168
26.9159 113.047 -1.01384
37.6822 113.047 -1.01173
48.4486 113.047 -0.959496
59.215 113.047 -0.754146
69.9813 113.047 -0.326346
5.38318 123.813 -0.563663
16.1495 123.813 -0.887903
26.9159 123.813 -0.941025
37.6822 123.813 -0.928072
48.4486 123.813 -0.880459
59.215 123.813 -0.66012
69.9813 123.813 -0.277874
5.38318 134.579 -0.501782
16.1495 134.579 -0.751098
26.9159 134.579 -0.678371
37.6822 134.579 -0.656899
48.4486 134.579 -0.621433
59.215 134.579 -0.482245
69.9813 134.579 -0.186064
5.38318 145.346 -0.231648
16.1495 145.346 -0.176278
26.9159 145.346 0.380807
37.6822 145.346 0.564016
48.4486 145.346 0.394649
59.215 145.346 0.0407613
69.9813 145.346 0.0968761
5.38318 156.112 0.297818
16.1495 156.112 1.20658
26.9159 156.112 2.47106
37.6822 156.112 2.71117
48.4486 156.112 2.33785
59.215 156.112 1.31986
69.9813 156.112 0.69742
5.38318 166.879 1.11966
16.1495 166.879 2.70255
26.9159 166.879 4.6464
37.6822 166.879 5.06988
48.4486 166.879 4.36235
59.215 166.879 2.5532
69.9813 166.879 1.2727
5.38318 177.645 1.2268
16.1495 177.645 2.86019
26.9159 177.645 4.98649
37.6822 177.645 5.48181
48.4486 177.645 4.79866
59.215 177.645 2.86732
69.9813 177.645 1.45462
5.38318 188.411 1.12666
16.1495 188.411 2.41906
26.9159 188.411 4.06689
37.6822 188.411 4.23128
48.4486 188.411 3.6676
59.215 188.411 2.254
69.9813 188.411 1.24875
5.38318 199.178 0.507335
16.1495 199.178 0.963002
26.9159 199.178 1.43775
37.6822 199.178 1.41287
48.4486 199.178 1.39403
59.215 199.178 1.23581
69.9813 199.178 0.953047
5.38318 209.944 0.27838
16.1495 209.944 0.539798
26.9159 209.944 0.59435
37.6822 209.944 0.539561
48.4486 209.944 0.597807
59.215 209.944 0.790509
69.9813 209.944 0.687346
