48 37
0 17 72 40
0 1 72 72
0 0 72 82
0 0 72 144
0 0 72 216
5.38318 5.38318 0.350879
16.1495 5.38318 0.741264
26.9159 5.38318 1.31493
37.6822 5.38318 1.46903
48.4486 5.38318 1.44104
59.215 5.38318 1.037
69.9813 5.38318 0.584092
5.38318 16.1495 0.748952
16.1495 16.1495 1.69623
26.9159 16.1495 2.83159
37.6822 16.1495 3.35892
48.4486 16.1495 3.31671
59.215 16.1495 2.33806
69.9813 16.1495 1.27614
5.38318 26.9159 1.16872
16.1495 26.9159 2.44934
26.9159 26.9159 4.12753
37.6822 26.9159 5.23319
48.4486 26.9159 5.30752
59.215 26.9159 3.77047
69.9813 26.9159 1.96668
5.38318 37.6822 1.5219
16.1495 37.6822 2.81074
26.9159 37.6822 4.45936
37.6822 37.6822 5.62384
48.4486 37.6822 5.8308
59.215 37.6822 4.20506
69.9813 37.6822 2.18658
5.38318 48.4486 1.5426
16.1495 48.4486 2.65481
26.9159 48.4486 4.01513
37.6822 48.4486 4.61261
48.4486 48.4486 4.66026
59.215 48.4486 3.32154
69.9813 48.4486 1.75201
5.38318 59.215 1.06249
16.1495 59.215 1.67929
26.9159 59.215 2.42655
37.6822 59.215 2.11496
48.4486 59.215 2.12193
59.215 59.215 1.61558
69.9813 59.215 1.08177
5.38318 69.9813 0.279229
16.1495 69.9813 0.532411
26.9159 69.9813 1.12073
37.6822 69.9813 0.653801
48.4486 69.9813 0.745333
59.215 69.9813 0.61553
69.9813 69.9813 0.613965
5.38318 80.7477 -0.155337
16.1495 80.7477 -0.199466
26.9159 80.7477 0.0118921
37.6822 80.7477 -0.0874867
48.4486 80.7477 0.128516
59.215 80.7477 0.324911
69.9813 80.7477 0.511702
5.38318 91.514 -0.288916
16.1495 91.514 -0.389148
26.9159 91.514 -0.276051
37.6822 91.514 -0.230265
48.4486 91.514 -0.159474
59.215 91.514 -0.0482352
69.9813 91.514 0.21411
5.38318 102.28 -0.286339
16.1495 102.28 -0.393679
26.9159 102.28 -0.312758
37.6822 102.28 -0.250768
48.4486 102.28 -0.215734
59.215 102.28 -0.144614
69.9813 102.28 -0.0162668
5.38318 113.047 -0.299721
16.1495 113.047 -0.451277
26.9159 113.047 -0.442177
37.6822 113.047 -0.413943
48.4486 113.047 -0.382141
59.215 113.047 -0.29228
69.9813 113.047 -0.123107
5.38318 123.813 -0.298553
16.1495 123.813 -0.435094
26.9159 123.813 -0.355443
37.6822 123.813 -0.244973
48.4486 123.813 -0.154383
59.215 123.813 -0.083994
69.9813 123.813 0.0248997
5.38318 134.579 -0.296907
16.1495 134.579 -0.392288
26.9159 134.579 -0.20067
37.6822 134.579 0.216327
48.4486 134.579 0.656375
59.215 134.579 0.671412
69.9813 134.579 0.52375
5.38318 145.346 -0.250319
16.1495 145.346 -0.232046
26.9159 145.346 0.245539
37.6822 145.346 1.31308
48.4486 145.346 1.93193
59.215 145.346 1.81828
69.9813 145.346 1.17394
5.38318 156.112 -0.105151
16.1495 156.112 0.0802153
26.9159 156.112 0.951527
37.6822 156.112 2.06386
48.4486 156.112 2.77109
59.215 156.112 2.5048
69.9813 156.112 1.58238
5.38318 166.879 0.313651
16.1495 166.879 0.966773
26.9159 166.879 1.8401
37.6822 166.879 2.58856
48.4486 166.879 2.94132
59.215 166.879 2.52871
69.9813 166.879 1.54665
5.38318 177.645 0.8942
16.1495 177.645 1.94702
26.9159 177.645 2.84296
37.6822 177.645 3.01001
48.4486 177.645 2.67852
59.215 177.645 1.92062
69.9813 177.645 1.09885
5.38318 188.411 1.21486
16.1495 188.411 2.58573
26.9159 188.411 3.66974
37.6822 188.411 3.68056
48.4486 188.411 3.08286
59.215 188.411 2.04664
69.9813 188.411 1.10002
5.38318 199.178 1.24156
16.1495 199.178 2.6125
26.9159 199.178 3.88644
37.6822 199.178 4.24761
48.4486 199.178 3.91291
59.215 199.178 2.81987
69.9813 199.178 1.51184
5.38318 209.944 0.713085
16.1495 209.944 1.60506
26.9159 209.944 2.81888
37.6822 209.944 3.55311
48.4486 209.944 3.68618
59.215 209.944 2.84841
69.9813 209.944 1.55013
