37 37
0 17 72 40
0 1 72 72
0 0 72 82
0 0 72 144
0 0 72 216
5.38318 5.38318 0.57414
16.1495 5.38318 0.986237
26.9159 5.38318 1.47402
37.6822 5.38318 1.54082
48.4486 5.38318 1.52843
59.215 5.38318 1.10961
69.9813 5.38318 0.674575
5.38318 16.1495 1.05826
16.1495 16.1495 2.29386
26.9159 16.1495 3.38548
37.6822 16.1495 3.44398
48.4486 16.1495 3.28175
59.215 16.1495 2.26855
69.9813 16.1495 1.36114
5.38318 26.9159 1.12234
16.1495 26.9159 2.86959
26.9159 26.9159 4.7887
37.6822 26.9159 5.13343
48.4486 26.9159 4.74811
59.215 26.9159 2.99809
69.9813 26.9159 1.67065
5.38318 37.6822 1.2402
16.1495 37.6822 3.0837
26.9159 37.6822 5.51727
37.6822 37.6822 6.04706
48.4486 37.6822 5.47359
59.215 37.6822 3.26686
69.9813 37.6822 1.70579
5.38318 48.4486 0.944068
16.1495 48.4486 2.49394
26.9159 48.4486 4.67286
37.6822 48.4486 5.18151
48.4486 48.4486 4.61686
59.215 48.4486 2.7683
69.9813 48.4486 1.43437
5.38318 59.215 0.394706
16.1495 59.215 1.00665
26.9159 59.215 2.32041
37.6822 59.215 2.47681
48.4486 59.215 2.343
59.215 59.215 1.51798
69.9813 59.215 0.998391
5.38318 69.9813 -0.0168561
16.1495 69.9813 0.0220456
26.9159 69.9813 0.607163
37.6822 69.9813 0.556256
48.4486 69.9813 0.603278
59.215 69.9813 0.602892
69.9813 69.9813 0.647781
5.38318 80.7477 -0.129131
16.1495 80.7477 -0.204088
26.9159 80.7477 -0.0393673
37.6822 80.7477 -0.10121
48.4486 80.7477 0.0791089
59.215 80.7477 0.346859
69.9813 80.7477 0.614323
5.38318 91.514 -0.155858
16.1495 91.514 -0.217825
26.9159 91.514 -0.107654
37.6822 91.514 -0.158186
48.4486 91.514 -0.0717197
59.215 91.514 0.124296
69.9813 91.514 0.420623
5.38318 102.28 -0.159458
16.1495 102.28 -0.194616
26.9159 102.28 -0.095883
37.6822 102.28 -0.111968
48.4486 102.28 -0.124383
59.215 102.28 -0.0846373
69.9813 102.28 0.0906339
5.38318 113.047 -0.275045
16.1495 113.047 -0.396591
26.9159 113.047 -0.359687
37.6822 113.047 -0.343623
48.4486 113.047 -0.34284
59.215 113.047 -0.278634
69.9813 113.047 -0.11723
5.38318 123.813 -0.188832
16.1495 123.813 -0.244699
26.9159 123.813 -0.178835
37.6822 123.813 -0.17159
48.4486 123.813 -0.205283
59.215 123.813 -0.189567
69.9813 123.813 -0.0734444
5.38318 134.579 -0.0135412
16.1495 134.579 0.185297
26.9159 134.579 0.5216
37.6822 134.579 0.507452
48.4486 134.579 0.297365
59.215 134.579 0.0700705
69.9813 134.579 0.128479
5.38318 145.346 0.350212
16.1495 145.346 0.911044
26.9159 145.346 1.50606
37.6822 145.346 1.43909
48.4486 145.346 1.12876
59.215 145.346 0.634324
69.9813 145.346 0.434968
5.38318 156.112 0.754754
16.1495 156.112 1.81916
26.9159 156.112 2.57254
37.6822 156.112 2.54269
48.4486 156.112 2.11733
59.215 156.112 1.47522
69.9813 156.112 0.95294
5.38318 166.879 1.19603
16.1495 166.879 2.33083
26.9159 166.879 3.09296
37.6822 166.879 3.11222
48.4486 166.879 2.83875
59.215 166.879 2.17102
69.9813 166.879 1.41689
5.38318 177.645 1.71768
16.1495 177.645 2.93961
26.9159 177.645 3.5286
37.6822 177.645 3.72713
48.4486 177.645 3.81878
59.215 177.645 3.41633
69.9813 177.645 2.22129
5.38318 188.411 2.06811
16.1495 188.411 3.38465
26.9159 188.411 3.91638
37.6822 188.411 4.05541
48.4486 188.411 4.36409
59.215 188.411 4.06997
69.9813 188.411 2.67877
5.38318 199.178 1.77951
16.1495 199.178 2.95539
26.9159 199.178 3.44522
37.6822 199.178 3.62875
48.4486 199.178 3.89633
59.215 199.178 3.66725
69.9813 199.178 2.41431
5.38318 209.944 0.826419
16.1495 209.944 1.38628
26.9159 209.944 1.67872
37.6822 209.944 1.7437
48.4486 209.944 1.84735
59.215 209.944 1.6987
69.9813 209.944 1.17134
