37 37
0 17 72 40
0 1 72 72
0 0 72 82
0 0 72 144
0 0 72 216
5.38318 5.38318 0.48231
16.1495 5.38318 0.878373
26.9159 5.38318 1.43674
37.6822 5.38318 1.56595
48.4486 5.38318 1.52124
59.215 5.38318 1.07612
69.9813 5.38318 0.635773
5.38318 16.1495 0.739744
16.1495 16.1495 1.89231
26.9159 16.1495 3.14796
37.6822 16.1495 3.33871
48.4486 16.1495 3.18219
59.215 16.1495 2.12921
69.9813 16.1495 1.24425
5.38318 26.9159 0.556068
16.1495 26.9159 2.21944
26.9159 26.9159 4.30214
37.6822 26.9159 4.82692
48.4486 26.9159 4.39587
59.215 26.9159 2.63165
69.9813 26.9159 1.40468
5.38318 37.6822 0.425335
16.1495 37.6822 2.14141
26.9159 37.6822 4.53025
37.6822 37.6822 5.25694
48.4486 37.6822 4.62196
59.215 37.6822 2.53415
69.9813 37.6822 1.25129
5.38318 48.4486 0.0934238
16.1495 48.4486 1.36532
26.9159 48.4486 3.46993
37.6822 48.4486 4.05451
48.4486 48.4486 3.38479
59.215 48.4486 1.74324
69.9813 48.4486 0.77313
5.38318 59.215 -0.0767532
16.1495 59.215 0.108901
26.9159 59.215 1.15949
37.6822 59.215 1.38244
48.4486 59.215 1.09812
59.215 59.215 0.610033
69.9813 59.215 0.497432
5.38318 69.9813 -0.106432
16.1495 69.9813 -0.183001
26.9159 69.9813 -0.061808
37.6822 69.9813 -0.124366
48.4486 69.9813 -0.135277
59.215 69.9813 0.0553403
69.9813 69.9813 0.383744
5.38318 80.7477 -0.0726727
16.1495 80.7477 -0.142485
26.9159 80.7477 -0.0604723
37.6822 80.7477 -0.162937
48.4486 80.7477 -0.0686231
59.215 80.7477 0.31558
69.9813 80.7477 0.57219
5.38318 91.514 -0.117125
16.1495 91.514 -0.181693
26.9159 91.514 -0.103213
37.6822 91.514 -0.158049
48.4486 91.514 -0.0770538
59.215 91.514 0.184031
69.9813 91.514 0.422013
5.38318 102.28 -0.162501
16.1495 102.28 -0.205328
26.9159 102.28 -0.122084
37.6822 102.28 -0.127127
48.4486 102.28 -0.134913
59.215 102.28 -0.0728053
69.9813 102.28 0.105505
5.38318 113.047 -0.294176
16.1495 113.047 -0.440215
26.9159 113.047 -0.426626
37.6822 113.047 -0.413908
48.4486 113.047 -0.40116
59.215 113.047 -0.316681
69.9813 113.047 -0.138326
5.38318 123.813 -0.296834
16.1495 123.813 -0.443967
26.9159 123.813 -0.425053
37.6822 123.813 -0.40914
48.4486 123.813 -0.397009
59.215 123.813 -0.320905
69.9813 123.813 -0.146428
5.38318 134.579 -0.268374
16.1495 134.579 -0.345212
26.9159 134.579 -0.246016
37.6822 134.579 -0.177384
48.4486 134.579 -0.207196
59.215 134.579 -0.198853
69.9813 134.579 -0.101054
5.38318 145.346 -0.158576
16.1495 145.346 -0.0949533
26.9159 145.346 0.426307
37.6822 145.346 0.697023
48.4486 145.346 0.533229
59.215 145.346 0.223425
69.9813 145.346 0.0720292
5.38318 156.112 0.065102
16.1495 156.112 0.56113
26.9159 156.112 1.6271
37.6822 156.112 2.03833
48.4486 156.112 1.7441
59.215 156.112 1.03112
69.9813 156.112 0.413242
5.38318 166.879 0.474208
16.1495 166.879 1.17674
26.9159 166.879 2.52392
37.6822 166.879 3.0569
48.4486 166.879 2.7413
59.215 166.879 1.75428
69.9813 166.879 0.85892
5.38318 177.645 0.85396
16.1495 177.645 1.52437
26.9159 177.645 2.66835
37.6822 177.645 3.03125
48.4486 177.645 2.78184
59.215 177.645 1.92119
69.9813 177.645 1.06374
5.38318 188.411 1.01707
16.1495 188.411 1.33381
26.9159 188.411 1.90299
37.6822 188.411 1.89158
48.4486 188.411 1.89564
59.215 188.411 1.56904
69.9813 188.411 1.09683
5.38318 199.178 0.806731
16.1495 199.178 0.925894
26.9159 199.178 1.06777
37.6822 199.178 0.762264
48.4486 199.178 0.818063
59.215 199.178 0.86082
69.9813 199.178 0.806797
5.38318 209.944 0.304034
16.1495 209.944 0.322976
26.9159 209.944 0.52823
37.6822 209.944 0.279507
48.4486 209.944 0.380558
59.215 209.944 0.464638
69.9813 209.944 0.484552
