48 37
0 17 72 40
0 1 72 72
0 0 72 82
0 0 72 144
0 0 72 216
5.38318 5.38318 0.279967
16.1495 5.38318 0.578542
26.9159 5.38318 1.18175
37.6822 5.38318 1.45883
48.4486 5.38318 1.47506
59.215 5.38318 1.13379
69.9813 5.38318 0.718286
5.38318 16.1495 0.572437
16.1495 16.1495 1.41694
26.9159 16.1495 2.60357
37.6822 16.1495 3.38238
48.4486 16.1495 3.45571
59.215 16.1495 2.60828
69.9813 16.1495 1.56509
5.38318 26.9159 0.669956
16.1495 26.9159 1.98347
26.9159 26.9159 3.85013
37.6822 26.9159 5.35403
48.4486 26.9159 5.48023
59.215 26.9159 4.07925
69.9813 26.9159 2.26968
5.38318 37.6822 1.09259
16.1495 37.6822 2.44815
26.9159 37.6822 4.38243
37.6822 37.6822 6.1085
48.4486 37.6822 6.22982
59.215 37.6822 4.65141
69.9813 37.6822 2.45412
5.38318 48.4486 1.23505
16.1495 48.4486 2.47843
26.9159 48.4486 4.00548
37.6822 48.4486 5.21412
48.4486 48.4486 5.07944
59.215 48.4486 3.78116
69.9813 48.4486 1.96811
5.38318 59.215 1.03745
16.1495 59.215 1.68764
26.9159 59.215 2.31357
37.6822 59.215 2.44833
48.4486 59.215 2.42969
59.215 59.215 2.07883
69.9813 59.215 1.3061
5.38318 69.9813 0.297913
16.1495 69.9813 0.408924
26.9159 69.9813 0.907964
37.6822 69.9813 0.900845
48.4486 69.9813 1.14936
59.215 69.9813 1.2297
69.9813 69.9813 0.933643
5.38318 80.7477 -0.188082
16.1495 80.7477 -0.340174
26.9159 80.7477 -0.203827
37.6822 80.7477 -0.199229
48.4486 80.7477 0.177217
59.215 80.7477 0.574494
69.9813 80.7477 0.653624
5.38318 91.514 -0.484682
16.1495 91.514 -0.80691
26.9159 91.514 -0.837007
37.6822 91.514 -0.815217
48.4486 91.514 -0.674099
59.215 91.514 -0.408702
69.9813 91.514 -0.108998
5.38318 102.28 -0.566708
16.1495 102.28 -0.918887
26.9159 102.28 -1.00664
37.6822 102.28 -1.00438
48.4486 102.28 -0.935338
59.215 102.28 -0.680605
69.9813 102.28 -0.272587
5.38318 113.047 -0.571941
16.1495 113.047 -0.914331
26.9159 113.047 -0.99125
37.6822 113.047 -1.00043
48.4486 113.047 -0.955466
59.215 113.047 -0.754736
69.9813 113.047 -0.327673
5.38318 123.813 -0.469869
16.1495 123.813 -0.691452
26.9159 123.813 -0.612877
37.6822 123.813 -0.714529
48.4486 123.813 -0.775593
59.215 123.813 -0.66158
69.9813 123.813 -0.296373
5.38318 134.579 -0.213941
16.1495 134.579 -0.124725
26.9159 134.579 0.454939
37.6822 134.579 -0.0112229
48.4486 134.579 -0.283651
59.215 134.579 -0.399968
69.9813 134.579 -0.191077
5.38318 145.346 0.439585
16.1495 145.346 1.66122
26.9159 145.346 2.81063
37.6822 145.346 2.30416
48.4486 145.346 1.15057
59.215 145.346 0.170726
69.9813 145.346 0.0597931
5.38318 156.112 0.88267
16.1495 156.112 2.59378
26.9159 156.112 4.02212
37.6822 156.112 3.63629
48.4486 156.112 2.45303
59.215 156.112 1.24621
69.9813 156.112 0.670039
5.38318 166.879 1.18189
16.1495 166.879 2.7071
26.9159 166.879 4.00422
37.6822 166.879 3.83592
48.4486 166.879 2.87817
59.215 166.879 1.84419
69.9813 166.879 1.02789
5.38318 177.645 0.970901
16.1495 177.645 1.97543
26.9159 177.645 2.94546
37.6822 177.645 3.05236
48.4486 177.645 2.58857
59.215 177.645 1.86641
69.9813 177.645 1.07722
5.38318 188.411 0.951703
16.1495 188.411 1.8131
26.9159 188.411 2.56945
37.6822 188.411 2.69219
48.4486 188.411 2.3392
59.215 188.411 1.74891
69.9813 188.411 1.03522
5.38318 199.178 0.697638
16.1495 199.178 1.33607
26.9159 199.178 1.88097
37.6822 199.178 1.80915
48.4486 199.178 1.43265
59.215 199.178 1.08794
69.9813 199.178 0.751849
5.38318 209.944 0.563612
16.1495 209.944 1.01964
26.9159 209.944 1.1555
37.6822 209.944 0.88305
48.4486 209.944 0.56469
59.215 209.944 0.498621
69.9813 209.944 0.49806
