37 188
0 168 72 40
0 144 72 72
0 134 72 82
0 72 72 144
0 0 72 216
5.38318 5.38318 0.106963
16.1495 5.38318 0.192671
26.9159 5.38318 0.370107
37.6822 5.38318 0.373954
48.4486 5.38318 0.374524
59.215 5.38318 0.275398
69.9813 5.38318 0.227037
5.38318 16.1495 0.274801
16.1495 16.1495 0.78255
26.9159 16.1495 1.40425
37.6822 16.1495 1.51385
48.4486 16.1495 1.44358
59.215 16.1495 1.02754
69.9813 16.1495 0.69385
5.38318 26.9159 0.344981
16.1495 26.9159 1.20808
26.9159 26.9159 2.16479
37.6822 26.9159 2.38181
48.4486 26.9159 2.16937
59.215 26.9159 1.48214
69.9813 26.9159 0.915649
5.38318 37.6822 0.803193
16.1495 37.6822 1.97042
26.9159 37.6822 3.27638
37.6822 37.6822 3.61525
48.4486 37.6822 3.3218
59.215 37.6822 2.19742
69.9813 37.6822 1.24499
5.38318 48.4486 0.805427
16.1495 48.4486 1.93316
26.9159 48.4486 3.27709
37.6822 48.4486 3.63391
48.4486 48.4486 3.32009
59.215 48.4486 2.13278
69.9813 48.4486 1.16261
5.38318 59.215 0.555146
16.1495 59.215 1.41103
26.9159 59.215 2.51292
37.6822 59.215 2.66625
48.4486 59.215 2.3523
59.215 59.215 1.41731
69.9813 59.215 0.742053
5.38318 69.9813 0.00804364
16.1495 69.9813 0.269639
26.9159 69.9813 0.829334
37.6822 69.9813 0.771539
48.4486 69.9813 0.53859
59.215 69.9813 0.122717
69.9813 69.9813 0.0551571
5.38318 80.7477 -0.166613
16.1495 80.7477 -0.214068
26.9159 80.7477 -0.136921
37.6822 80.7477 -0.160382
48.4486 80.7477 -0.205175
59.215 80.7477 -0.227547
69.9813 80.7477 -0.10948
5.38318 91.514 -0.26517
16.1495 91.514 -0.409804
26.9159 91.514 -0.421607
37.6822 91.514 -0.451283
48.4486 91.514 -0.438517
59.215 91.514 -0.367056
69.9813 91.514 -0.161679
5.38318 102.28 -0.295312
16.1495 102.28 -0.444203
26.9159 102.28 -0.438082
37.6822 102.28 -0.429898
48.4486 102.28 -0.410846
59.215 102.28 -0.331707
69.9813 102.28 -0.146929
5.38318 113.047 -0.292271
16.1495 113.047 -0.440672
26.9159 113.047 -0.432017
37.6822 113.047 -0.42085
48.4486 113.047 -0.403588
59.215 113.047 -0.30783
69.9813 113.047 -0.132816
5.38318 123.813 -0.258268
16.1495 123.813 -0.380922
26.9159 123.813 -0.319264
37.6822 123.813 -0.288576
48.4486 123.813 -0.26188
59.215 123.813 -0.160886
69.9813 123.813 -0.0512052
5.38318 134.579 -0.160863
16.1495 134.579 -0.196214
26.9159 134.579 -0.0747035
37.6822 134.579 -0.0155374
48.4486 134.579 0.0678687
59.215 134.579 0.256358
69.9813 134.579 0.271724
5.38318 145.346 0.00118294
16.1495 145.346 0.277145
26.9159 145.346 0.803616
37.6822 145.346 1.08791
48.4486 145.346 1.27707
59.215 145.346 1.24247
69.9813 145.346 0.879998
5.38318 156.112 0.409175
16.1495 156.112 1.03881
26.9159 156.112 1.85748
37.6822 156.112 2.25402
48.4486 156.112 2.44932
59.215 156.112 2.14148
69.9813 156.112 1.40782
5.38318 166.879 0.848902
16.1495 166.879 1.85432
26.9159 166.879 3.02742
37.6822 166.879 3.66685
48.4486 166.879 3.80482
59.215 166.879 3.06556
69.9813 166.879 1.87687
5.38318 177.645 1.14778
16.1495 177.645 2.27755
26.9159 177.645 3.74436
37.6822 177.645 4.71479
48.4486 177.645 4.72482
59.215 177.645 3.64658
69.9813 177.645 2.03659
5.38318 188.411 1.2603
16.1495 188.411 2.40018
26.9159 188.411 3.93423
37.6822 188.411 4.93903
48.4486 188.411 4.80531
59.215 188.411 3.52675
69.9813 188.411 1.85272
5.38318 199.178 0.925549
16.1495 199.178 1.63791
26.9159 199.178 2.5968
37.6822 199.178 3.31187
48.4486 199.178 3.22126
59.215 199.178 2.45822
69.9813 199.178 1.30021
5.38318 209.944 0.448706
16.1495 209.944 0.781199
26.9159 209.944 1.18712
37.6822 209.944 1.37869
48.4486 209.944 1.38623
59.215 209.944 1.17656
69.9813 209.944 0.776558
