37 26
0 6 72 40
0 0 72 72
0 0 72 82
0 0 72 144
0 0 72 216
5.38318 5.38318 1.0299
16.1495 5.38318 1.77409
26.9159 5.38318 2.35492
37.6822 5.38318 2.59099
48.4486 5.38318 2.50185
59.215 5.38318 1.80924
69.9813 5.38318 1.03467
5.38318 16.1495 1.64358
16.1495 16.1495 3.05077
26.9159 16.1495 4.15752
37.6822 16.1495 4.64678
48.4486 16.1495 4.46748
59.215 16.1495 3.33481
69.9813 16.1495 1.92203
5.38318 26.9159 1.68498
16.1495 26.9159 3.37252
26.9159 26.9159 4.75394
37.6822 26.9159 5.23649
48.4486 26.9159 4.73471
59.215 26.9159 3.47948
69.9813 26.9159 2.00318
5.38318 37.6822 1.32204
16.1495 37.6822 2.81717
26.9159 37.6822 4.21107
37.6822 37.6822 4.53592
48.4486 37.6822 3.85899
59.215 37.6822 2.75325
69.9813 37.6822 1.57016
5.38318 48.4486 0.934731
16.1495 48.4486 2.17714
26.9159 48.4486 3.54506
37.6822 48.4486 3.74431
48.4486 48.4486 3.01967
59.215 48.4486 1.93149
69.9813 48.4486 0.950199
5.38318 59.215 0.374664
16.1495 59.215 1.05452
26.9159 59.215 2.08929
37.6822 59.215 2.11434
48.4486 59.215 1.57869
59.215 59.215 0.819681
69.9813 59.215 0.399306
5.38318 69.9813 -0.168678
16.1495 69.9813 -0.17816
26.9159 69.9813 0.165502
37.6822 69.9813 -0.0511814
48.4486 69.9813 -0.268003
59.215 69.9813 -0.323197
69.9813 69.9813 -0.169344
5.38318 80.7477 -0.436256
16.1495 80.7477 -0.660731
26.9159 80.7477 -0.603657
37.6822 80.7477 -0.699738
48.4486 80.7477 -0.778977
59.215 80.7477 -0.683065
69.9813 80.7477 -0.330913
5.38318 91.514 -0.548455
16.1495 91.514 -0.886571
26.9159 91.514 -0.972962
37.6822 91.514 -1.01868
48.4486 91.514 -0.991937
59.215 91.514 -0.809759
69.9813 91.514 -0.363469
5.38318 102.28 -0.582387
16.1495 102.28 -0.93621
26.9159 102.28 -1.02685
37.6822 102.28 -1.03977
48.4486 102.28 -0.993145
59.215 102.28 -0.792156
69.9813 102.28 -0.350542
5.38318 113.047 -0.581059
16.1495 113.047 -0.929192
26.9159 113.047 -1.00824
37.6822 113.047 -1.0052
48.4486 113.047 -0.951568
59.215 113.047 -0.743768
69.9813 113.047 -0.320359
5.38318 123.813 -0.55889
16.1495 123.813 -0.883433
26.9159 123.813 -0.941914
37.6822 123.813 -0.932191
48.4486 123.813 -0.883583
59.215 123.813 -0.656401
69.9813 123.813 -0.273292
5.38318 134.579 -0.500363
16.1495 134.579 -0.766116
26.9159 134.579 -0.739406
37.6822 134.579 -0.715333
48.4486 134.579 -0.672141
59.215 134.579 -0.489989
69.9813 134.579 -0.185378
5.38318 145.346 -0.346432
16.1495 145.346 -0.466572
26.9159 145.346 -0.387794
37.6822 145.346 -0.354977
48.4486 145.346 -0.340991
59.215 145.346 -0.238746
69.9813 145.346 -0.0384395
5.38318 156.112 -0.0881812
16.1495 156.112 0.0638822
26.9159 156.112 0.674715
37.6822 156.112 0.780696
48.4486 156.112 0.764399
59.215 156.112 0.557031
69.9813 156.112 0.499545
5.38318 166.879 0.35713
16.1495 166.879 0.993443
26.9159 166.879 1.97364
37.6822 166.879 2.09516
48.4486 166.879 2.09659
59.215 166.879 1.45552
69.9813 166.879 1.01292
5.38318 177.645 0.808869
16.1495 177.645 1.98484
26.9159 177.645 3.52396
37.6822 177.645 3.80083
48.4486 177.645 3.64289
59.215 177.645 2.39294
69.9813 177.645 1.43137
5.38318 188.411 0.878007
16.1495 188.411 2.26939
26.9159 188.411 4.29176
37.6822 188.411 4.80537
48.4486 188.411 4.52896
59.215 188.411 2.87495
69.9813 188.411 1.64749
5.38318 199.178 0.634532
16.1495 199.178 1.97569
26.9159 199.178 3.91188
37.6822 199.178 4.45741
48.4486 199.178 4.02812
59.215 199.178 2.4697
69.9813 199.178 1.38056
5.38318 209.944 0.266293
16.1495 209.944 0.92336
26.9159 209.944 1.99372
37.6822 209.944 2.19586
48.4486 209.944 1.92705
59.215 209.944 1.15313
69.9813 209.944 0.680553
