37 166
0 146 72 40
0 130 72 72
0 125 72 82
0 72 72 144
0 0 72 216
5.38318 5.38318 0.783992
16.1495 5.38318 1.22097
26.9159 5.38318 1.48991
37.6822 5.38318 1.54956
48.4486 5.38318 1.67464
59.215 5.38318 1.42062
69.9813 5.38318 0.94162
5.38318 16.1495 1.27172
16.1495 16.1495 2.11784
26.9159 16.1495 2.54771
37.6822 16.1495 2.65199
48.4486 16.1495 2.86649
59.215 16.1495 2.52112
69.9813 16.1495 1.69703
5.38318 26.9159 1.44264
16.1495 26.9159 2.34501
26.9159 26.9159 2.74549
37.6822 26.9159 2.80412
48.4486 26.9159 2.93247
59.215 26.9159 2.66199
69.9813 26.9159 1.79799
5.38318 37.6822 1.28684
16.1495 37.6822 1.86888
26.9159 37.6822 1.96274
37.6822 37.6822 1.77333
48.4486 37.6822 1.72252
59.215 37.6822 1.68088
69.9813 37.6822 1.19526
5.38318 48.4486 1.17248
16.1495 48.4486 1.66708
26.9159 48.4486 1.63776
37.6822 48.4486 1.19539
48.4486 48.4486 0.814089
59.215 48.4486 0.836359
69.9813 48.4486 0.672358
5.38318 59.215 1.1929
16.1495 59.215 1.64629
26.9159 59.215 1.48805
37.6822 59.215 0.847246
48.4486 59.215 0.317092
59.215 59.215 0.420572
69.9813 59.215 0.423766
5.38318 69.9813 0.805528
16.1495 69.9813 1.02314
26.9159 69.9813 0.816466
37.6822 69.9813 0.133062
48.4486 69.9813 -0.242137
59.215 69.9813 -0.125948
69.9813 69.9813 0.00256483
5.38318 80.7477 -0.0661533
16.1495 80.7477 -0.18249
26.9159 80.7477 -0.259348
37.6822 80.7477 -0.428177
48.4486 80.7477 -0.630062
59.215 80.7477 -0.462917
69.9813 80.7477 -0.215226
5.38318 91.514 -0.452743
16.1495 91.514 -0.759072
26.9159 91.514 -0.838617
37.6822 91.514 -0.927519
48.4486 91.514 -0.95001
59.215 91.514 -0.733263
69.9813 91.514 -0.347082
5.38318 102.28 -0.575158
16.1495 102.28 -0.926636
26.9159 102.28 -1.01296
37.6822 102.28 -1.02107
48.4486 102.28 -0.98105
59.215 102.28 -0.776108
69.9813 102.28 -0.347111
5.38318 113.047 -0.585874
16.1495 113.047 -0.937082
26.9159 113.047 -1.0163
37.6822 113.047 -1.00948
48.4486 113.047 -0.954348
59.215 113.047 -0.742719
69.9813 113.047 -0.320713
5.38318 123.813 -0.554561
16.1495 123.813 -0.871908
26.9159 123.813 -0.89811
37.6822 123.813 -0.878412
48.4486 123.813 -0.824852
59.215 123.813 -0.61522
69.9813 123.813 -0.255509
5.38318 134.579 -0.42895
16.1495 134.579 -0.584531
26.9159 134.579 -0.358574
37.6822 134.579 -0.324631
48.4486 134.579 -0.334423
59.215 134.579 -0.274812
69.9813 134.579 -0.0935453
5.38318 145.346 -0.16542
16.1495 145.346 0.0210604
26.9159 145.346 1.20356
37.6822 145.346 1.26862
48.4486 145.346 0.930699
59.215 145.346 0.55658
69.9813 145.346 0.34809
5.38318 156.112 0.30268
16.1495 156.112 1.47932
26.9159 156.112 3.03991
37.6822 156.112 3.12359
48.4486 156.112 2.5273
59.215 156.112 1.67819
69.9813 156.112 0.917237
5.38318 166.879 0.548793
16.1495 166.879 2.05621
26.9159 166.879 3.82983
37.6822 166.879 3.91444
48.4486 166.879 3.12004
59.215 166.879 2.05084
69.9813 166.879 1.17427
5.38318 177.645 0.505886
16.1495 177.645 1.82972
26.9159 177.645 3.3824
37.6822 177.645 3.49415
48.4486 177.645 2.87416
59.215 177.645 1.90855
69.9813 177.645 1.14994
5.38318 188.411 0.326572
16.1495 188.411 1.25218
26.9159 188.411 2.52321
37.6822 188.411 2.77615
48.4486 188.411 2.43357
59.215 188.411 1.77737
69.9813 188.411 1.09083
5.38318 199.178 0.154024
16.1495 199.178 0.96302
26.9159 199.178 1.87805
37.6822 199.178 2.22426
48.4486 199.178 1.92429
59.215 199.178 1.56639
69.9813 199.178 0.942404
5.38318 209.944 0.0702597
16.1495 209.944 0.762145
26.9159 209.944 1.28328
37.6822 209.944 1.5218
48.4486 209.944 1.1726
59.215 209.944 0.952818
69.9813 209.944 0.555849
