37 177
0 157 72 40
0 141 72 72
0 134 72 82
0 72 72 144
0 0 72 216
5.38318 5.38318 0.76683
16.1495 5.38318 1.41715
26.9159 5.38318 2.09383
37.6822 5.38318 2.20568
48.4486 5.38318 1.95078
59.215 5.38318 1.45907
69.9813 5.38318 0.87604
5.38318 16.1495 1.1013
16.1495 16.1495 2.2873
26.9159 16.1495 3.65579
37.6822 16.1495 3.93621
48.4486 16.1495 3.4204
59.215 16.1495 2.46355
69.9813 16.1495 1.43828
5.38318 26.9159 0.769121
16.1495 26.9159 2.1156
26.9159 26.9159 3.78817
37.6822 26.9159 4.15545
48.4486 26.9159 3.368
59.215 26.9159 2.20594
69.9813 26.9159 1.17839
5.38318 37.6822 0.159759
16.1495 37.6822 1.12608
26.9159 37.6822 2.55422
37.6822 37.6822 2.79221
48.4486 37.6822 2.00139
59.215 37.6822 0.872437
69.9813 37.6822 0.318661
5.38318 48.4486 -0.116859
16.1495 48.4486 0.288844
26.9159 48.4486 1.51056
37.6822 48.4486 1.72188
48.4486 48.4486 0.893611
59.215 48.4486 -0.00549015
69.9813 48.4486 -0.0930857
5.38318 59.215 -0.2046
16.1495 59.215 0.0881564
26.9159 59.215 1.6033
37.6822 59.215 1.93463
48.4486 59.215 1.10978
59.215 59.215 -0.0132798
69.9813 59.215 -0.110222
5.38318 69.9813 -0.309307
16.1495 69.9813 -0.18294
26.9159 69.9813 1.20444
37.6822 69.9813 1.62734
48.4486 69.9813 0.980092
59.215 69.9813 -0.0632446
69.9813 69.9813 -0.130352
5.38318 80.7477 -0.431484
16.1495 80.7477 -0.489893
26.9159 80.7477 -0.0596065
37.6822 80.7477 0.0392113
48.4486 80.7477 -0.251501
59.215 80.7477 -0.465059
69.9813 80.7477 -0.268874
5.38318 91.514 -0.540474
16.1495 91.514 -0.835016
26.9159 91.514 -0.78296
37.6822 91.514 -0.79662
48.4486 91.514 -0.842265
59.215 91.514 -0.738614
69.9813 91.514 -0.354139
5.38318 102.28 -0.573966
16.1495 102.28 -0.914559
26.9159 102.28 -0.990133
37.6822 102.28 -1.00539
48.4486 102.28 -0.987036
59.215 102.28 -0.802416
69.9813 102.28 -0.376505
5.38318 113.047 -0.586082
16.1495 113.047 -0.940022
26.9159 113.047 -1.02305
37.6822 113.047 -1.02258
48.4486 113.047 -0.966669
59.215 113.047 -0.764935
69.9813 113.047 -0.330718
5.38318 123.813 -0.574681
16.1495 123.813 -0.911702
26.9159 123.813 -0.975559
37.6822 123.813 -0.965052
48.4486 123.813 -0.911917
59.215 123.813 -0.698399
69.9813 123.813 -0.296492
5.38318 134.579 -0.531992
16.1495 134.579 -0.827891
26.9159 134.579 -0.824246
37.6822 134.579 -0.805987
48.4486 134.579 -0.76131
59.215 134.579 -0.57525
69.9813 134.579 -0.231795
5.38318 145.346 -0.359976
16.1495 145.346 -0.427834
26.9159 145.346 -0.22864
37.6822 145.346 -0.174335
48.4486 145.346 -0.231636
59.215 145.346 -0.249111
69.9813 145.346 -0.0895531
5.38318 156.112 -0.0396037
16.1495 156.112 0.615074
26.9159 156.112 1.60926
37.6822 156.112 1.93068
48.4486 156.112 1.43273
59.215 156.112 0.696867
69.9813 156.112 0.3762
5.38318 166.879 0.62802
16.1495 166.879 2.18466
26.9159 166.879 3.89789
37.6822 166.879 4.43464
48.4486 166.879 3.49992
59.215 166.879 1.92145
69.9813 166.879 0.814854
5.38318 177.645 0.958706
16.1495 177.645 2.83446
26.9159 177.645 5.26566
37.6822 177.645 6.1478
48.4486 177.645 5.00317
59.215 177.645 2.72813
69.9813 177.645 1.17591
5.38318 188.411 0.870491
16.1495 188.411 2.61995
26.9159 188.411 5.0036
37.6822 188.411 5.77599
48.4486 188.411 4.74505
59.215 188.411 2.50367
69.9813 188.411 1.03621
5.38318 199.178 0.340531
16.1495 199.178 1.29428
26.9159 199.178 2.79654
37.6822 199.178 3.18281
48.4486 199.178 2.80006
59.215 199.178 1.4459
69.9813 199.178 0.716799
5.38318 209.944 0.103365
16.1495 209.944 0.532817
26.9159 209.944 1.11753
37.6822 209.944 1.23972
48.4486 209.944 1.11005
59.215 209.944 0.531771
69.9813 209.944 0.427362
