48 37
0 17 72 40
0 1 72 72
0 0 72 82
0 0 72 144
0 0 72 216
5.38318 5.38318 0.974317
16.1495 5.38318 1.32644
26.9159 5.38318 1.38305
37.6822 5.38318 1.24651
48.4486 5.38318 1.12523
59.215 5.38318 0.903561
69.9813 5.38318 0.550597
5.38318 16.1495 1.70205
16.1495 16.1495 2.44279
26.9159 16.1495 2.8083
37.6822 16.1495 2.82068
48.4486 16.1495 2.77471
59.215 16.1495 2.22285
69.9813 16.1495 1.34032
5.38318 26.9159 2.06358
16.1495 26.9159 3.11993
26.9159 26.9159 3.98499
37.6822 26.9159 4.56566
48.4486 26.9159 4.70264
59.215 26.9159 3.61647
69.9813 26.9159 1.98434
5.38318 37.6822 1.68237
16.1495 37.6822 2.72071
26.9159 37.6822 4.08786
37.6822 37.6822 5.5047
48.4486 37.6822 6.02188
59.215 37.6822 4.6855
69.9813 37.6822 2.47505
5.38318 48.4486 1.11898
16.1495 48.4486 2.09225
26.9159 48.4486 3.49043
37.6822 48.4486 5.08229
48.4486 48.4486 5.55873
59.215 48.4486 4.36714
69.9813 48.4486 2.29766
5.38318 59.215 0.398526
16.1495 59.215 1.05712
26.9159 59.215 1.94762
37.6822 59.215 2.90487
48.4486 59.215 3.05883
59.215 59.215 2.62441
69.9813 59.215 1.5423
5.38318 69.9813 0.0922693
16.1495 69.9813 0.583995
26.9159 69.9813 1.12229
37.6822 69.9813 1.38139
48.4486 69.9813 1.37745
59.215 69.9813 1.30459
69.9813 69.9813 1.01235
5.38318 80.7477 -0.1418
16.1495 80.7477 -0.0743685
26.9159 80.7477 0.311858
37.6822 80.7477 0.312393
48.4486 80.7477 0.12235
59.215 80.7477 0.313825
69.9813 80.7477 0.472866
5.38318 91.514 -0.440075
16.1495 91.514 -0.658968
26.9159 91.514 -0.594839
37.6822 91.514 -0.624599
48.4486 91.514 -0.635298
59.215 91.514 -0.460625
69.9813 91.514 -0.152102
5.38318 102.28 -0.566277
16.1495 102.28 -0.914666
26.9159 102.28 -0.999816
37.6822 102.28 -1.01369
48.4486 102.28 -0.979487
59.215 102.28 -0.777195
69.9813 102.28 -0.346422
5.38318 113.047 -0.56918
16.1495 113.047 -0.914254
26.9159 113.047 -0.997053
37.6822 113.047 -1.00425
48.4486 113.047 -0.957578
59.215 113.047 -0.759014
69.9813 113.047 -0.331929
5.38318 123.813 -0.519554
16.1495 123.813 -0.814135
26.9159 123.813 -0.851871
37.6822 123.813 -0.880722
48.4486 123.813 -0.880611
59.215 123.813 -0.688611
69.9813 123.813 -0.302886
5.38318 134.579 -0.293691
16.1495 134.579 -0.406533
26.9159 134.579 -0.39224
37.6822 134.579 -0.465854
48.4486 134.579 -0.595554
59.215 134.579 -0.533533
69.9813 134.579 -0.24772
5.38318 145.346 0.257623
16.1495 145.346 0.727832
26.9159 145.346 1.08087
37.6822 145.346 0.858266
48.4486 145.346 -0.00916687
59.215 145.346 -0.202801
69.9813 145.346 -0.120956
5.38318 156.112 1.22125
16.1495 156.112 2.35987
26.9159 156.112 2.9332
37.6822 156.112 2.56966
48.4486 156.112 1.34405
59.215 156.112 0.465258
69.9813 156.112 0.111384
5.38318 166.879 1.94371
16.1495 166.879 3.68617
26.9159 166.879 4.39891
37.6822 166.879 3.80802
48.4486 166.879 2.28429
59.215 166.879 1.12846
69.9813 166.879 0.49265
5.38318 177.645 1.91966
16.1495 177.645 3.6733
26.9159 177.645 4.29326
37.6822 177.645 3.62349
48.4486 177.645 2.14318
59.215 177.645 1.08277
69.9813 177.645 0.536774
5.38318 188.411 1.46419
16.1495 188.411 2.83324
26.9159 188.411 3.21198
37.6822 188.411 2.68167
48.4486 188.411 1.45657
59.215 188.411 0.814277
69.9813 188.411 0.531106
5.38318 199.178 0.464472
16.1495 199.178 0.997266
26.9159 199.178 1.22579
37.6822 199.178 0.980733
48.4486 199.178 0.267862
59.215 199.178 0.132911
69.9813 199.178 0.256479
5.38318 209.944 0.208145
16.1495 209.944 0.408139
26.9159 209.944 0.53343
37.6822 209.944 0.379112
48.4486 209.944 -0.022394
59.215 209.944 -0.0252846
69.9813 209.944 0.181293
