48 26
0 6 72 40
0 0 72 72
0 0 72 82
0 0 72 144
0 0 72 216
5.38318 5.38318 0.961821
16.1495 5.38318 1.4179
26.9159 5.38318 1.66538
37.6822 5.38318 1.5987
48.4486 5.38318 1.47803
59.215 5.38318 1.0575
69.9813 5.38318 0.659549
5.38318 16.1495 1.39906
16.1495 16.1495 2.25564
26.9159 16.1495 2.67211
37.6822 16.1495 2.64492
48.4486 16.1495 2.65291
59.215 16.1495 2.12343
69.9813 16.1495 1.35833
5.38318 26.9159 1.33483
16.1495 26.9159 2.09523
26.9159 26.9159 2.3322
37.6822 26.9159 2.39439
48.4486 26.9159 2.8015
59.215 26.9159 2.57958
69.9813 26.9159 1.75487
5.38318 37.6822 0.548116
16.1495 37.6822 0.720549
26.9159 37.6822 0.794005
37.6822 37.6822 1.04836
48.4486 37.6822 2.01142
59.215 37.6822 2.36202
69.9813 37.6822 1.76614
5.38318 48.4486 -0.000854379
16.1495 48.4486 -0.0362627
26.9159 48.4486 0.0324755
37.6822 48.4486 0.463857
48.4486 48.4486 1.41593
59.215 48.4486 1.99136
69.9813 48.4486 1.54947
5.38318 59.215 0.0530982
16.1495 59.215 0.0171964
26.9159 59.215 0.346989
37.6822 59.215 0.600311
48.4486 59.215 0.983535
59.215 59.215 1.31038
69.9813 59.215 1.01741
5.38318 69.9813 -0.0130692
16.1495 69.9813 -0.0589942
26.9159 69.9813 -0.022947
37.6822 69.9813 -0.104914
48.4486 69.9813 -0.109212
59.215 69.9813 -0.0103047
69.9813 69.9813 0.146863
5.38318 80.7477 -0.171271
16.1495 80.7477 -0.281248
26.9159 80.7477 -0.282352
37.6822 80.7477 -0.356683
48.4486 80.7477 -0.34188
59.215 80.7477 -0.241308
69.9813 80.7477 -0.0862271
5.38318 91.514 -0.257634
16.1495 91.514 -0.413128
26.9159 91.514 -0.451613
37.6822 91.514 -0.513279
48.4486 91.514 -0.496522
59.215 91.514 -0.403096
69.9813 91.514 -0.173684
5.38318 102.28 -0.297709
16.1495 102.28 -0.457486
26.9159 102.28 -0.458177
37.6822 102.28 -0.441657
48.4486 102.28 -0.400206
59.215 102.28 -0.321857
69.9813 102.28 -0.136886
5.38318 113.047 -0.30001
16.1495 113.047 -0.452126
26.9159 113.047 -0.446662
37.6822 113.047 -0.411347
48.4486 113.047 -0.367515
59.215 113.047 -0.269203
69.9813 113.047 -0.109488
5.38318 123.813 -0.297327
16.1495 123.813 -0.443037
26.9159 123.813 -0.395412
37.6822 123.813 -0.305782
48.4486 123.813 -0.193061
59.215 123.813 -0.0917905
69.9813 123.813 0.0571867
5.38318 134.579 -0.284562
16.1495 134.579 -0.404487
26.9159 134.579 -0.282057
37.6822 134.579 -0.0857131
48.4486 134.579 0.355109
59.215 134.579 0.553863
69.9813 134.579 0.570602
5.38318 145.346 -0.226215
16.1495 145.346 -0.291083
26.9159 145.346 -0.0955757
37.6822 145.346 0.4669
48.4486 145.346 1.23834
59.215 145.346 1.46659
69.9813 145.346 1.17739
5.38318 156.112 -0.14182
16.1495 156.112 -0.145071
26.9159 156.112 0.206767
37.6822 156.112 0.829401
48.4486 156.112 1.67165
59.215 156.112 1.92367
69.9813 156.112 1.51335
5.38318 166.879 -0.0629501
16.1495 166.879 -0.00512604
26.9159 166.879 0.553246
37.6822 166.879 1.00815
48.4486 166.879 1.67186
59.215 166.879 1.83129
69.9813 166.879 1.40941
5.38318 177.645 0.0529422
16.1495 177.645 0.330124
26.9159 177.645 0.871156
37.6822 177.645 1.04751
48.4486 177.645 1.3091
59.215 177.645 1.23037
69.9813 177.645 0.922315
5.38318 188.411 0.217931
16.1495 188.411 0.599959
26.9159 188.411 1.19645
37.6822 188.411 1.23308
48.4486 188.411 1.26853
59.215 188.411 1.02148
69.9813 188.411 0.776879
5.38318 199.178 0.339026
16.1495 199.178 0.878574
26.9159 199.178 1.58232
37.6822 199.178 1.60879
48.4486 199.178 1.42979
59.215 199.178 1.03576
69.9813 199.178 0.727826
5.38318 209.944 0.283421
16.1495 209.944 0.878268
26.9159 209.944 1.46124
37.6822 209.944 1.54235
48.4486 209.944 1.2673
59.215 209.944 0.834313
69.9813 209.944 0.503301
