37 37
0 17 72 40
0 1 72 72
0 0 72 82
0 0 72 144
0 0 72 216
5.38318 5.38318 0.50853
16.1495 5.38318 1.03719
26.9159 5.38318 1.59979
37.6822 5.38318 1.81108
48.4486 5.38318 1.56994
59.215 5.38318 0.973065
69.9813 5.38318 0.510469
5.38318 16.1495 0.820721
16.1495 16.1495 2.01165
26.9159 16.1495 3.35814
37.6822 16.1495 3.88398
48.4486 16.1495 3.35403
59.215 16.1495 2.10478
69.9813 16.1495 1.06252
5.38318 26.9159 1.00209
16.1495 26.9159 2.63644
26.9159 26.9159 4.70438
37.6822 26.9159 5.45754
48.4486 26.9159 4.55897
59.215 26.9159 2.70176
69.9813 26.9159 1.23563
5.38318 37.6822 1.0389
16.1495 37.6822 2.73388
26.9159 37.6822 4.81773
37.6822 37.6822 5.52089
48.4486 37.6822 4.4116
59.215 37.6822 2.62658
69.9813 37.6822 1.10915
5.38318 48.4486 1.09779
16.1495 48.4486 2.54439
26.9159 48.4486 4.01186
37.6822 48.4486 4.45169
48.4486 48.4486 3.61693
59.215 48.4486 2.39413
69.9813 48.4486 1.2083
5.38318 59.215 1.1296
16.1495 59.215 2.35809
26.9159 59.215 3.1236
37.6822 59.215 3.58272
48.4486 59.215 3.00134
59.215 59.215 2.39691
69.9813 59.215 1.31143
5.38318 69.9813 1.01258
16.1495 69.9813 2.07376
26.9159 69.9813 2.773
37.6822 69.9813 3.26292
48.4486 69.9813 2.85285
59.215 69.9813 2.3297
69.9813 69.9813 1.30676
5.38318 80.7477 0.219499
16.1495 80.7477 0.756336
26.9159 80.7477 1.2726
37.6822 80.7477 1.61419
48.4486 80.7477 1.07953
59.215 80.7477 0.917611
69.9813 80.7477 0.435179
5.38318 91.514 -0.389532
16.1495 91.514 -0.583611
26.9159 91.514 -0.56156
37.6822 91.514 -0.558306
48.4486 91.514 -0.700832
59.215 91.514 -0.518522
69.9813 91.514 -0.272945
5.38318 102.28 -0.555974
16.1495 102.28 -0.889911
26.9159 102.28 -0.969779
37.6822 102.28 -0.978309
48.4486 102.28 -0.950842
59.215 102.28 -0.725665
69.9813 102.28 -0.321599
5.38318 113.047 -0.570045
16.1495 113.047 -0.913176
26.9159 113.047 -0.997315
37.6822 113.047 -1.00548
48.4486 113.047 -0.957017
59.215 113.047 -0.750453
69.9813 113.047 -0.321687
5.38318 123.813 -0.526447
16.1495 123.813 -0.828442
26.9159 123.813 -0.847467
37.6822 123.813 -0.830961
48.4486 123.813 -0.762825
59.215 123.813 -0.56944
69.9813 123.813 -0.218528
5.38318 134.579 -0.394011
16.1495 134.579 -0.576444
26.9159 134.579 -0.450393
37.6822 134.579 -0.346234
48.4486 134.579 -0.238062
59.215 134.579 -0.140861
69.9813 134.579 0.128955
5.38318 145.346 0.0626335
16.1495 145.346 0.288474
26.9159 145.346 0.992863
37.6822 145.346 1.32068
48.4486 145.346 1.5265
59.215 145.346 1.22254
69.9813 145.346 0.952155
5.38318 156.112 1.25986
16.1495 156.112 2.11625
26.9159 156.112 2.78385
37.6822 156.112 2.89144
48.4486 156.112 2.96231
59.215 156.112 2.46491
69.9813 156.112 1.65984
5.38318 166.879 2.69005
16.1495 166.879 4.18869
26.9159 166.879 4.62167
37.6822 166.879 3.85708
48.4486 166.879 3.3914
59.215 166.879 2.71171
69.9813 166.879 1.82702
5.38318 177.645 3.35333
16.1495 177.645 5.11781
26.9159 177.645 5.20233
37.6822 177.645 3.67955
48.4486 177.645 2.72379
59.215 177.645 2.04789
69.9813 177.645 1.42598
5.38318 188.411 2.99122
16.1495 188.411 4.60642
26.9159 188.411 4.53149
37.6822 188.411 3.03553
48.4486 188.411 1.93654
59.215 188.411 1.23208
69.9813 188.411 0.918103
5.38318 199.178 1.50977
16.1495 199.178 2.31306
26.9159 199.178 2.48973
37.6822 199.178 1.91041
48.4486 199.178 1.28292
59.215 199.178 0.902336
69.9813 199.178 0.702424
5.38318 209.944 0.55635
16.1495 209.944 1.04741
26.9159 209.944 1.25834
37.6822 209.944 1.26333
48.4486 209.944 0.981013
59.215 209.944 0.846205
69.9813 209.944 0.625311
