37 16
0 0 72 40
0 0 72 72
0 0 72 82
0 0 72 144
0 0 72 216
5.38318 5.38318 0.161852
16.1495 5.38318 0.658948
26.9159 5.38318 1.61824
37.6822 5.38318 1.82384
48.4486 5.38318 1.26462
59.215 5.38318 0.514099
69.9813 5.38318 0.0975308
5.38318 16.1495 0.0578696
16.1495 16.1495 0.950972
26.9159 16.1495 2.59271
37.6822 16.1495 2.97372
48.4486 16.1495 2.16572
59.215 16.1495 0.954066
69.9813 16.1495 0.265706
5.38318 26.9159 -0.225861
16.1495 26.9159 0.173469
26.9159 26.9159 2.02823
37.6822 26.9159 2.45681
48.4486 26.9159 1.62669
59.215 26.9159 0.351211
69.9813 26.9159 -0.0771431
5.38318 37.6822 -0.304544
16.1495 37.6822 -0.254783
26.9159 37.6822 0.690112
37.6822 37.6822 0.945917
48.4486 37.6822 0.415121
59.215 37.6822 -0.175198
69.9813 37.6822 -0.112605
5.38318 48.4486 -0.291702
16.1495 48.4486 -0.300826
26.9159 48.4486 0.202596
37.6822 48.4486 0.256846
48.4486 48.4486 -0.0563964
59.215 48.4486 -0.281434
69.9813 48.4486 -0.102209
5.38318 59.215 -0.287244
16.1495 59.215 -0.234292
26.9159 59.215 0.578913
37.6822 59.215 0.709265
48.4486 59.215 0.267512
59.215 59.215 -0.190057
69.9813 59.215 -0.0700574
5.38318 69.9813 -0.306854
16.1495 69.9813 -0.258832
26.9159 69.9813 0.720849
37.6822 69.9813 0.880295
48.4486 69.9813 0.451083
59.215 69.9813 -0.16765
69.9813 69.9813 -0.0930746
5.38318 80.7477 -0.410948
16.1495 80.7477 -0.445513
26.9159 80.7477 0.0908775
37.6822 80.7477 0.267479
48.4486 80.7477 -0.0924038
59.215 80.7477 -0.335571
69.9813 80.7477 -0.193042
5.38318 91.514 -0.526607
16.1495 91.514 -0.799382
26.9159 91.514 -0.646243
37.6822 91.514 -0.627582
48.4486 91.514 -0.669758
59.215 91.514 -0.622154
69.9813 91.514 -0.303513
5.38318 102.28 -0.56759
16.1495 102.28 -0.89797
26.9159 102.28 -0.957012
37.6822 102.28 -0.964744
48.4486 102.28 -0.945083
59.215 102.28 -0.775931
69.9813 102.28 -0.35742
5.38318 113.047 -0.585231
16.1495 113.047 -0.935451
26.9159 113.047 -1.00631
37.6822 113.047 -0.992168
48.4486 113.047 -0.921408
59.215 113.047 -0.687727
69.9813 113.047 -0.283702
5.38318 123.813 -0.579779
16.1495 123.813 -0.906904
26.9159 123.813 -0.932604
37.6822 123.813 -0.816462
48.4486 123.813 -0.642691
59.215 123.813 -0.420279
69.9813 123.813 -0.114776
5.38318 134.579 -0.555936
16.1495 134.579 -0.834324
26.9159 134.579 -0.659002
37.6822 134.579 -0.33398
48.4486 134.579 -0.0357946
59.215 134.579 0.243062
69.9813 134.579 0.454636
5.38318 145.346 -0.508134
16.1495 145.346 -0.680515
26.9159 145.346 -0.292049
37.6822 145.346 0.691886
48.4486 145.346 1.6189
59.215 145.346 1.71033
69.9813 145.346 1.25241
5.38318 156.112 -0.388559
16.1495 156.112 -0.396914
26.9159 156.112 0.421039
37.6822 156.112 1.9731
48.4486 156.112 2.76944
59.215 156.112 2.64418
69.9813 156.112 1.71961
5.38318 166.879 -0.227017
16.1495 166.879 -0.103451
26.9159 166.879 1.04783
37.6822 166.879 2.20869
48.4486 166.879 2.76808
59.215 166.879 2.49849
69.9813 166.879 1.61242
5.38318 177.645 -0.113943
16.1495 177.645 0.26754
26.9159 177.645 1.1853
37.6822 177.645 1.98497
48.4486 177.645 2.01708
59.215 177.645 1.68831
69.9813 177.645 1.07391
5.38318 188.411 0.121049
16.1495 188.411 0.688641
26.9159 188.411 1.17054
37.6822 188.411 1.60752
48.4486 188.411 1.26444
59.215 188.411 0.880637
69.9813 188.411 0.546757
5.38318 199.178 0.263705
16.1495 199.178 0.650589
26.9159 199.178 0.834767
37.6822 199.178 1.15228
48.4486 199.178 0.810306
59.215 199.178 0.70127
69.9813 199.178 0.465832
5.38318 209.944 0.335177
16.1495 209.944 0.610119
26.9159 209.944 0.531202
37.6822 209.944 0.504622
48.4486 209.944 0.214235
59.215 209.944 0.347261
69.9813 209.944 0.345602
