26 177
0 157 72 40
0 141 72 72
0 134 72 82
0 72 72 144
0 0 72 216
5.38318 5.38318 -0.0719344
16.1495 5.38318 -0.127401
26.9159 5.38318 -0.0737864
37.6822 5.38318 -0.025355
48.4486 5.38318 0.104291
59.215 5.38318 0.16285
69.9813 5.38318 0.214238
5.38318 16.1495 -0.111213
16.1495 16.1495 -0.121937
26.9159 16.1495 0.0386139
37.6822 16.1495 0.227278
48.4486 16.1495 0.577358
59.215 16.1495 0.675751
69.9813 16.1495 0.669487
5.38318 26.9159 -0.152397
16.1495 26.9159 -0.171631
26.9159 26.9159 -0.0791224
37.6822 26.9159 0.0754359
48.4486 26.9159 0.509755
59.215 26.9159 0.793735
69.9813 26.9159 0.794612
5.38318 37.6822 0.240697
16.1495 37.6822 0.349149
26.9159 37.6822 0.324045
37.6822 37.6822 0.46587
48.4486 37.6822 0.850814
59.215 37.6822 1.24042
69.9813 37.6822 1.02486
5.38318 48.4486 0.69031
16.1495 48.4486 0.882273
26.9159 48.4486 0.60376
37.6822 48.4486 0.355226
48.4486 48.4486 0.448949
59.215 48.4486 0.873756
69.9813 48.4486 0.810533
5.38318 59.215 0.903866
16.1495 59.215 1.09704
26.9159 59.215 0.743832
37.6822 59.215 0.32727
48.4486 59.215 0.243312
59.215 59.215 0.565459
69.9813 59.215 0.614011
5.38318 69.9813 0.389155
16.1495 69.9813 0.405501
26.9159 69.9813 0.326907
37.6822 69.9813 0.119225
48.4486 69.9813 0.12622
59.215 69.9813 0.249972
69.9813 69.9813 0.396474
5.38318 80.7477 -0.120881
16.1495 80.7477 -0.181305
26.9159 80.7477 -0.126605
37.6822 80.7477 -0.0488763
48.4486 80.7477 0.063437
59.215 80.7477 0.150609
69.9813 80.7477 0.309414
5.38318 91.514 -0.231481
16.1495 91.514 -0.359141
26.9159 91.514 -0.29888
37.6822 91.514 -0.251587
48.4486 91.514 -0.193872
59.215 91.514 -0.161642
69.9813 91.514 -0.0351033
5.38318 102.28 -0.270003
16.1495 102.28 -0.410333
26.9159 102.28 -0.395274
37.6822 102.28 -0.403918
48.4486 102.28 -0.406873
59.215 102.28 -0.326982
69.9813 102.28 -0.145007
5.38318 113.047 -0.263895
16.1495 113.047 -0.406645
26.9159 113.047 -0.390859
37.6822 113.047 -0.395812
48.4486 113.047 -0.399182
59.215 113.047 -0.322108
69.9813 113.047 -0.147657
5.38318 123.813 -0.169113
16.1495 123.813 -0.239155
26.9159 123.813 -0.169676
37.6822 123.813 -0.153195
48.4486 123.813 -0.193613
59.215 123.813 -0.170214
69.9813 123.813 -0.0738557
5.38318 134.579 0.00127037
16.1495 134.579 0.0850239
26.9159 134.579 0.453301
37.6822 134.579 0.5481
48.4486 134.579 0.39281
59.215 134.579 0.275264
69.9813 134.579 0.20517
5.38318 145.346 0.685541
16.1495 145.346 1.21322
26.9159 145.346 1.82265
37.6822 145.346 1.88003
48.4486 145.346 1.63932
59.215 145.346 1.23927
69.9813 145.346 0.733313
5.38318 156.112 1.59092
16.1495 156.112 2.54264
26.9159 156.112 3.14388
37.6822 156.112 2.96372
48.4486 156.112 2.58208
59.215 156.112 1.94663
69.9813 156.112 1.16239
5.38318 166.879 2.82039
16.1495 166.879 4.33234
26.9159 166.879 4.72693
37.6822 166.879 3.79864
48.4486 166.879 3.04621
59.215 166.879 2.19845
69.9813 166.879 1.351
5.38318 177.645 3.41067
16.1495 177.645 5.21456
26.9159 177.645 5.3658
37.6822 177.645 3.82917
48.4486 177.645 2.74132
59.215 177.645 1.86736
69.9813 177.645 1.2067
5.38318 188.411 2.99096
16.1495 188.411 4.63818
26.9159 188.411 4.68773
37.6822 188.411 3.27081
48.4486 188.411 2.26433
59.215 188.411 1.53881
69.9813 188.411 1.0464
5.38318 199.178 1.50155
16.1495 199.178 2.34756
26.9159 199.178 2.64219
37.6822 199.178 2.19101
48.4486 199.178 1.82931
59.215 199.178 1.43658
69.9813 199.178 1.01146
5.38318 209.944 0.553567
16.1495 209.944 1.08647
26.9159 209.944 1.43368
37.6822 209.944 1.53778
48.4486 209.944 1.375
59.215 209.944 1.10493
69.9813 209.944 0.759743
