37 37
0 17 72 40
0 1 72 72
0 0 72 82
0 0 72 144
0 0 72 216
5.38318 5.38318 0.460049
16.1495 5.38318 0.970831
26.9159 5.38318 1.53148
37.6822 5.38318 1.64912
48.4486 5.38318 1.44087
59.215 5.38318 0.959265
69.9813 5.38318 0.516596
5.38318 16.1495 0.817651
16.1495 16.1495 2.0587
26.9159 16.1495 3.20781
37.6822 16.1495 3.50399
48.4486 16.1495 3.03939
59.215 16.1495 1.97944
69.9813 16.1495 1.07975
5.38318 26.9159 0.975221
16.1495 26.9159 2.5974
26.9159 26.9159 4.44648
37.6822 26.9159 5.03186
48.4486 26.9159 4.41181
59.215 26.9159 2.77363
69.9813 26.9159 1.41194
5.38318 37.6822 1.03234
16.1495 37.6822 2.59175
26.9159 37.6822 4.5067
37.6822 37.6822 5.20997
48.4486 37.6822 4.60255
59.215 37.6822 2.86096
69.9813 37.6822 1.41709
5.38318 48.4486 1.00363
16.1495 48.4486 2.20391
26.9159 48.4486 3.61251
37.6822 48.4486 3.9864
48.4486 48.4486 3.51879
59.215 48.4486 2.25697
69.9813 48.4486 1.20412
5.38318 59.215 0.690904
16.1495 59.215 1.4112
26.9159 59.215 1.79143
37.6822 59.215 1.80036
48.4486 59.215 1.54584
59.215 59.215 1.22413
69.9813 59.215 0.875651
5.38318 69.9813 0.462351
16.1495 69.9813 0.953148
26.9159 69.9813 0.987386
37.6822 69.9813 0.901564
48.4486 69.9813 0.759668
59.215 69.9813 0.807101
69.9813 69.9813 0.716961
5.38318 80.7477 -0.000639427
16.1495 80.7477 0.227747
26.9159 80.7477 0.369066
37.6822 80.7477 0.312864
48.4486 80.7477 0.27043
59.215 80.7477 0.408058
69.9813 80.7477 0.462877
5.38318 91.514 -0.258707
16.1495 91.514 -0.335465
26.9159 91.514 -0.266174
37.6822 91.514 -0.203428
48.4486 91.514 -0.199883
59.215 91.514 -0.118294
69.9813 91.514 0.00616506
5.38318 102.28 -0.296941
16.1495 102.28 -0.416214
26.9159 102.28 -0.336331
37.6822 102.28 -0.276026
48.4486 102.28 -0.267031
59.215 102.28 -0.207781
69.9813 102.28 -0.0831708
5.38318 113.047 -0.296521
16.1495 113.047 -0.444987
26.9159 113.047 -0.42045
37.6822 113.047 -0.40052
48.4486 113.047 -0.372114
59.215 113.047 -0.291191
69.9813 113.047 -0.122154
5.38318 123.813 -0.262179
16.1495 123.813 -0.369567
26.9159 123.813 -0.276954
37.6822 123.813 -0.22517
48.4486 123.813 -0.179022
59.215 123.813 -0.137786
69.9813 123.813 -0.0290069
5.38318 134.579 -0.140152
16.1495 134.579 -0.121689
26.9159 134.579 0.149099
37.6822 134.579 0.40808
48.4486 134.579 0.510057
59.215 134.579 0.399493
69.9813 134.579 0.328777
5.38318 145.346 0.147615
16.1495 145.346 0.549427
26.9159 145.346 1.13558
37.6822 145.346 1.50961
48.4486 145.346 1.61843
59.215 145.346 1.32094
69.9813 145.346 0.874175
5.38318 156.112 0.637477
16.1495 156.112 1.43252
26.9159 156.112 2.18684
37.6822 156.112 2.6396
48.4486 156.112 2.76584
59.215 156.112 2.25937
69.9813 156.112 1.42555
5.38318 166.879 1.01589
16.1495 166.879 2.00077
26.9159 166.879 2.9409
37.6822 166.879 3.36255
48.4486 166.879 3.44055
59.215 166.879 2.77981
69.9813 166.879 1.74664
5.38318 177.645 1.16538
16.1495 177.645 2.2147
26.9159 177.645 3.22525
37.6822 177.645 3.70272
48.4486 177.645 3.80815
59.215 177.645 3.16128
69.9813 177.645 1.97717
5.38318 188.411 1.16937
16.1495 188.411 2.07769
26.9159 188.411 3.01525
37.6822 188.411 3.43847
48.4486 188.411 3.49549
59.215 188.411 2.81564
69.9813 188.411 1.69715
5.38318 199.178 0.933137
16.1495 199.178 1.53001
26.9159 199.178 2.1089
37.6822 199.178 2.27987
48.4486 199.178 2.25637
59.215 199.178 1.9376
69.9813 199.178 1.1786
5.38318 209.944 0.664161
16.1495 209.944 1.04367
26.9159 209.944 1.29913
37.6822 209.944 1.17519
48.4486 209.944 1.13209
59.215 209.944 1.04235
69.9813 209.944 0.745233
