37 37
0 17 72 40
0 1 72 72
0 0 72 82
0 0 72 144
0 0 72 216
5.38318 5.38318 0.631824
16.1495 5.38318 1.03764
26.9159 5.38318 1.60138
37.6822 5.38318 1.88717
48.4486 5.38318 1.80566
59.215 5.38318 1.28062
69.9813 5.38318 0.715906
5.38318 16.1495 1.13851
16.1495 16.1495 2.12876
26.9159 16.1495 3.29266
37.6822 16.1495 3.77354
48.4486 16.1495 3.51138
59.215 16.1495 2.45767
69.9813 16.1495 1.34096
5.38318 26.9159 1.33293
16.1495 26.9159 2.78167
26.9159 26.9159 4.53453
37.6822 26.9159 4.97634
48.4486 26.9159 4.43933
59.215 26.9159 2.95441
69.9813 26.9159 1.63605
5.38318 37.6822 1.24158
16.1495 37.6822 2.73526
26.9159 37.6822 4.69083
37.6822 37.6822 5.02343
48.4486 37.6822 4.40244
59.215 37.6822 2.97066
69.9813 37.6822 1.70846
5.38318 48.4486 0.69318
16.1495 48.4486 1.9756
26.9159 48.4486 3.76137
37.6822 48.4486 4.03065
48.4486 48.4486 3.58184
59.215 48.4486 2.50172
69.9813 48.4486 1.50717
5.38318 59.215 0.297836
16.1495 59.215 0.668395
26.9159 59.215 1.40751
37.6822 59.215 1.27414
48.4486 59.215 1.23888
59.215 59.215 1.15127
69.9813 59.215 0.987884
5.38318 69.9813 -0.0171852
16.1495 69.9813 -0.0242713
26.9159 69.9813 -0.0244999
37.6822 69.9813 -0.223513
48.4486 69.9813 -0.259794
59.215 69.9813 -0.0997165
69.9813 69.9813 0.285595
5.38318 80.7477 -0.23341
16.1495 80.7477 -0.377839
26.9159 80.7477 -0.47344
37.6822 80.7477 -0.604208
48.4486 80.7477 -0.618494
59.215 80.7477 -0.435866
69.9813 80.7477 -0.11012
5.38318 91.514 -0.494274
16.1495 91.514 -0.794832
26.9159 91.514 -0.858215
37.6822 91.514 -0.893875
48.4486 91.514 -0.871061
59.215 91.514 -0.668428
69.9813 91.514 -0.274475
5.38318 102.28 -0.569469
16.1495 102.28 -0.900048
26.9159 102.28 -0.965483
37.6822 102.28 -0.954693
48.4486 102.28 -0.913906
59.215 102.28 -0.70966
69.9813 102.28 -0.312599
5.38318 113.047 -0.581811
16.1495 113.047 -0.925959
26.9159 113.047 -1.00146
37.6822 113.047 -0.991532
48.4486 113.047 -0.935034
59.215 113.047 -0.714167
69.9813 113.047 -0.301898
5.38318 123.813 -0.566166
16.1495 123.813 -0.886751
26.9159 123.813 -0.922419
37.6822 123.813 -0.84855
48.4486 123.813 -0.767999
59.215 123.813 -0.545469
69.9813 123.813 -0.214476
5.38318 134.579 -0.449161
16.1495 134.579 -0.632949
26.9159 134.579 -0.513996
37.6822 134.579 -0.336863
48.4486 134.579 -0.293896
59.215 134.579 -0.147907
69.9813 134.579 -0.00137479
5.38318 145.346 -0.0886903
16.1495 145.346 0.0289652
26.9159 145.346 0.658799
37.6822 145.346 1.26113
48.4486 145.346 1.19173
59.215 145.346 1.09213
69.9813 145.346 0.710169
5.38318 156.112 1.15518
16.1495 156.112 2.01524
26.9159 156.112 2.58156
37.6822 156.112 3.13896
48.4486 156.112 2.92694
59.215 156.112 2.45536
69.9813 156.112 1.3827
5.38318 166.879 2.25861
16.1495 166.879 3.57445
26.9159 166.879 3.96737
37.6822 166.879 4.21429
48.4486 166.879 3.77119
59.215 166.879 3.07095
69.9813 166.879 1.65948
5.38318 177.645 2.74556
16.1495 177.645 4.09836
26.9159 177.645 4.18449
37.6822 177.645 3.90604
48.4486 177.645 3.26553
59.215 177.645 2.65534
69.9813 177.645 1.45495
5.38318 188.411 2.05415
16.1495 188.411 3.1527
26.9159 188.411 3.13757
37.6822 188.411 2.6978
48.4486 188.411 1.8508
59.215 188.411 1.49313
69.9813 188.411 0.832665
5.38318 199.178 1.03195
16.1495 199.178 1.69545
26.9159 199.178 1.76662
37.6822 199.178 1.34477
48.4486 199.178 0.761602
59.215 199.178 0.729484
69.9813 199.178 0.59526
5.38318 209.944 0.558763
16.1495 209.944 0.957495
26.9159 209.944 1.02104
37.6822 209.944 0.661804
48.4486 209.944 0.234092
59.215 209.944 0.411957
69.9813 209.944 0.443138
