26 177
0 157 72 40
0 141 72 72
0 134 72 82
0 72 72 144
0 0 72 216
5.38318 5.38318 0.338414
16.1495 5.38318 0.558624
26.9159 5.38318 0.895617
37.6822 5.38318 1.11688
48.4486 5.38318 1.00877
59.215 5.38318 0.657736
69.9813 5.38318 0.419299
5.38318 16.1495 0.382874
16.1495 16.1495 0.940109
26.9159 16.1495 1.62034
37.6822 16.1495 2.11619
48.4486 16.1495 2.09942
59.215 16.1495 1.43504
69.9813 16.1495 0.969763
5.38318 26.9159 -0.0180052
16.1495 26.9159 0.44841
26.9159 26.9159 1.20786
37.6822 26.9159 2.01681
48.4486 26.9159 2.32523
59.215 26.9159 1.76884
69.9813 26.9159 1.32385
5.38318 37.6822 -0.110966
16.1495 37.6822 0.144588
26.9159 37.6822 0.980238
37.6822 37.6822 1.83941
48.4486 37.6822 2.38682
59.215 37.6822 1.93716
69.9813 37.6822 1.4612
5.38318 48.4486 -0.125759
16.1495 48.4486 0.0417408
26.9159 48.4486 0.946216
37.6822 48.4486 1.87465
48.4486 48.4486 2.35655
59.215 48.4486 1.91635
69.9813 48.4486 1.39008
5.38318 59.215 -0.0857549
16.1495 59.215 0.127535
26.9159 59.215 0.988242
37.6822 59.215 1.61857
48.4486 59.215 1.78955
59.215 59.215 1.25708
69.9813 59.215 0.853808
5.38318 69.9813 -0.146552
16.1495 69.9813 -0.111254
26.9159 69.9813 0.118298
37.6822 69.9813 0.347012
48.4486 69.9813 0.104164
59.215 69.9813 -0.0591804
69.9813 69.9813 -0.0159102
5.38318 80.7477 -0.211322
16.1495 80.7477 -0.293821
26.9159 80.7477 -0.279583
37.6822 80.7477 -0.283579
48.4486 80.7477 -0.369885
59.215 80.7477 -0.312465
69.9813 80.7477 -0.163874
5.38318 91.514 -0.28292
16.1495 91.514 -0.433198
26.9159 91.514 -0.468347
37.6822 91.514 -0.468072
48.4486 91.514 -0.480424
59.215 91.514 -0.363711
69.9813 91.514 -0.174313
5.38318 102.28 -0.301423
16.1495 102.28 -0.455976
26.9159 102.28 -0.464384
37.6822 102.28 -0.444691
48.4486 102.28 -0.429855
59.215 102.28 -0.3386
69.9813 102.28 -0.153445
5.38318 113.047 -0.291707
16.1495 113.047 -0.440294
26.9159 113.047 -0.434746
37.6822 113.047 -0.43044
48.4486 113.047 -0.419298
59.215 113.047 -0.334221
69.9813 113.047 -0.149139
5.38318 123.813 -0.246752
16.1495 123.813 -0.379172
26.9159 123.813 -0.346914
37.6822 123.813 -0.348318
48.4486 123.813 -0.344706
59.215 123.813 -0.272342
69.9813 123.813 -0.115988
5.38318 134.579 -0.107486
16.1495 134.579 -0.165431
26.9159 134.579 -0.116013
37.6822 134.579 -0.151037
48.4486 134.579 -0.19567
59.215 134.579 -0.159042
69.9813 134.579 -0.0593438
5.38318 145.346 0.156851
16.1495 145.346 0.275839
26.9159 145.346 0.440136
37.6822 145.346 0.414735
48.4486 145.346 0.216438
59.215 145.346 0.232392
69.9813 145.346 0.189523
5.38318 156.112 0.943637
16.1495 156.112 1.61744
26.9159 156.112 1.79395
37.6822 156.112 1.54909
48.4486 156.112 1.01743
59.215 156.112 0.767902
69.9813 156.112 0.448828
5.38318 166.879 1.5586
16.1495 166.879 2.66469
26.9159 166.879 2.84628
37.6822 166.879 2.43622
48.4486 166.879 1.76018
59.215 166.879 1.2727
69.9813 166.879 0.749841
5.38318 177.645 2.2288
16.1495 177.645 3.82316
26.9159 177.645 4.00961
37.6822 177.645 3.13253
48.4486 177.645 2.07513
59.215 177.645 1.40191
69.9813 177.645 0.841775
5.38318 188.411 2.0653
16.1495 188.411 3.60505
26.9159 188.411 3.84084
37.6822 188.411 2.82296
48.4486 188.411 1.70084
59.215 188.411 1.01406
69.9813 188.411 0.683743
5.38318 199.178 1.12282
16.1495 199.178 1.95323
26.9159 199.178 2.13244
37.6822 199.178 1.49789
48.4486 199.178 0.695799
59.215 199.178 0.469945
69.9813 199.178 0.407789
5.38318 209.944 0.0620012
16.1495 209.944 0.157231
26.9159 209.944 0.303467
37.6822 209.944 0.0498713
48.4486 209.944 -0.0927208
59.215 209.944 -0.0158826
69.9813 209.944 0.133329
