37 26
0 6 72 40
0 0 72 72
0 0 72 82
0 0 72 144
0 0 72 216
5.38318 5.38318 0.300754
16.1495 5.38318 0.810378
26.9159 5.38318 1.55871
37.6822 5.38318 1.75318
48.4486 5.38318 1.41328
59.215 5.38318 0.756113
69.9813 5.38318 0.300129
5.38318 16.1495 0.507164
16.1495 16.1495 1.81533
26.9159 16.1495 3.38413
37.6822 16.1495 3.88656
48.4486 16.1495 3.06591
59.215 16.1495 1.74938
69.9813 16.1495 0.753073
5.38318 26.9159 0.516438
16.1495 26.9159 2.35897
26.9159 26.9159 4.71832
37.6822 26.9159 5.60512
48.4486 26.9159 4.37507
59.215 26.9159 2.31741
69.9813 26.9159 0.897851
5.38318 37.6822 0.712778
16.1495 37.6822 2.54339
26.9159 37.6822 4.72859
37.6822 37.6822 5.58604
48.4486 37.6822 4.40676
59.215 37.6822 2.4736
69.9813 37.6822 1.04248
5.38318 48.4486 0.835404
16.1495 48.4486 2.27268
26.9159 48.4486 3.67463
37.6822 48.4486 4.14837
48.4486 48.4486 3.44931
59.215 48.4486 2.18611
69.9813 48.4486 1.13452
5.38318 59.215 0.871441
16.1495 59.215 1.89495
26.9159 59.215 2.47699
37.6822 59.215 2.67386
48.4486 59.215 2.25591
59.215 59.215 1.72642
69.9813 59.215 0.966344
5.38318 69.9813 0.507577
16.1495 69.9813 1.21082
26.9159 69.9813 1.6566
37.6822 69.9813 1.77409
48.4486 69.9813 1.36973
59.215 69.9813 1.05384
69.9813 69.9813 0.632749
5.38318 80.7477 -0.114314
16.1495 80.7477 -0.0271211
26.9159 80.7477 0.213421
37.6822 80.7477 0.130904
48.4486 80.7477 -0.175579
59.215 80.7477 -0.166882
69.9813 80.7477 -0.0725349
5.38318 91.514 -0.4554
16.1495 91.514 -0.692041
26.9159 91.514 -0.699998
37.6822 91.514 -0.749159
48.4486 91.514 -0.80815
59.215 91.514 -0.63334
69.9813 91.514 -0.296092
5.38318 102.28 -0.569144
16.1495 102.28 -0.914491
26.9159 102.28 -1.00104
37.6822 102.28 -1.01404
48.4486 102.28 -0.978242
59.215 102.28 -0.778609
69.9813 102.28 -0.350313
5.38318 113.047 -0.585244
16.1495 113.047 -0.939141
26.9159 113.047 -1.02467
37.6822 113.047 -1.03049
48.4486 113.047 -0.978452
59.215 113.047 -0.776336
69.9813 113.047 -0.339343
5.38318 123.813 -0.563222
16.1495 123.813 -0.893709
26.9159 123.813 -0.957689
37.6822 123.813 -0.95426
48.4486 123.813 -0.910453
59.215 123.813 -0.705245
69.9813 123.813 -0.305145
5.38318 134.579 -0.533348
16.1495 134.579 -0.810303
26.9159 134.579 -0.754704
37.6822 134.579 -0.690873
48.4486 134.579 -0.667408
59.215 134.579 -0.535446
69.9813 134.579 -0.218161
5.38318 145.346 -0.420709
16.1495 145.346 -0.522549
26.9159 145.346 -0.335503
37.6822 145.346 -0.164267
48.4486 145.346 -0.178236
59.215 145.346 -0.191459
69.9813 145.346 -0.0235249
5.38318 156.112 -0.32507
16.1495 156.112 -0.285062
26.9159 156.112 0.105244
37.6822 156.112 0.932721
48.4486 156.112 0.905655
59.215 156.112 0.509623
69.9813 156.112 0.442243
5.38318 166.879 -0.128294
16.1495 166.879 0.101918
26.9159 166.879 0.872382
37.6822 166.879 1.6291
48.4486 166.879 1.55386
59.215 166.879 1.0523
69.9813 166.879 0.735759
5.38318 177.645 -0.0262238
16.1495 177.645 0.358462
26.9159 177.645 0.942337
37.6822 177.645 1.5408
48.4486 177.645 1.48164
59.215 177.645 1.05495
69.9813 177.645 0.800608
5.38318 188.411 0.222796
16.1495 188.411 0.639659
26.9159 188.411 1.0693
37.6822 188.411 1.40573
48.4486 188.411 1.21849
59.215 188.411 0.854639
69.9813 188.411 0.669195
5.38318 199.178 0.180062
16.1495 199.178 0.513789
26.9159 199.178 0.8942
37.6822 199.178 1.08895
48.4486 199.178 0.859409
59.215 199.178 0.521885
69.9813 199.178 0.456333
5.38318 209.944 0.157665
16.1495 209.944 0.384149
26.9159 209.944 0.469798
37.6822 209.944 0.330698
48.4486 209.944 -0.0438067
59.215 209.944 -0.0925291
69.9813 209.944 0.0487526
