37 37
0 17 72 40
0 1 72 72
0 0 72 82
0 0 72 144
0 0 72 216
5.38318 5.38318 0.358345
16.1495 5.38318 0.719533
26.9159 5.38318 1.19862
37.6822 5.38318 1.2726
48.4486 5.38318 1.08232
59.215 5.38318 0.637233
69.9813 5.38318 0.331669
5.38318 16.1495 0.68042
16.1495 16.1495 1.72082
26.9159 16.1495 2.76757
37.6822 16.1495 3.05009
48.4486 16.1495 2.56229
59.215 16.1495 1.60801
69.9813 16.1495 0.816342
5.38318 26.9159 0.85907
16.1495 26.9159 2.47733
26.9159 26.9159 4.47265
37.6822 26.9159 5.12081
48.4486 26.9159 4.16252
59.215 26.9159 2.32733
69.9813 26.9159 1.00607
5.38318 37.6822 0.951319
16.1495 37.6822 2.76284
26.9159 37.6822 5.25103
37.6822 37.6822 6.12231
48.4486 37.6822 5.001
59.215 37.6822 2.74328
69.9813 37.6822 1.1427
5.38318 48.4486 0.709446
16.1495 48.4486 2.23838
26.9159 48.4486 4.51689
37.6822 48.4486 5.1581
48.4486 48.4486 4.28526
59.215 48.4486 2.3021
69.9813 48.4486 0.935072
5.38318 59.215 0.239045
16.1495 59.215 0.947373
26.9159 59.215 2.37216
37.6822 59.215 2.56438
48.4486 59.215 2.24159
59.215 59.215 1.04321
69.9813 59.215 0.527006
5.38318 69.9813 -0.0746443
16.1495 69.9813 0.272703
26.9159 69.9813 1.34374
37.6822 69.9813 1.41826
48.4486 69.9813 1.1749
59.215 69.9813 0.281013
69.9813 69.9813 0.194197
5.38318 80.7477 -0.28725
16.1495 80.7477 -0.270159
26.9159 80.7477 0.40186
37.6822 80.7477 0.524551
48.4486 80.7477 0.380309
59.215 80.7477 -0.172293
69.9813 80.7477 -0.0514347
5.38318 91.514 -0.499505
16.1495 91.514 -0.71685
26.9159 91.514 -0.565436
37.6822 91.514 -0.554861
48.4486 91.514 -0.55839
59.215 91.514 -0.540509
69.9813 91.514 -0.237352
5.38318 102.28 -0.576577
16.1495 102.28 -0.920892
26.9159 102.28 -0.994991
37.6822 102.28 -1.00095
48.4486 102.28 -0.959662
59.215 102.28 -0.77899
69.9813 102.28 -0.345269
5.38318 113.047 -0.579576
16.1495 113.047 -0.928608
26.9159 113.047 -1.01051
37.6822 113.047 -1.01246
48.4486 113.047 -0.958444
59.215 113.047 -0.753589
69.9813 113.047 -0.323547
5.38318 123.813 -0.559787
16.1495 123.813 -0.880149
26.9159 123.813 -0.934796
37.6822 123.813 -0.921387
48.4486 123.813 -0.858148
59.215 123.813 -0.63803
69.9813 123.813 -0.263353
5.38318 134.579 -0.482097
16.1495 134.579 -0.715661
26.9159 134.579 -0.654596
37.6822 134.579 -0.613374
48.4486 134.579 -0.562133
59.215 134.579 -0.40897
69.9813 134.579 -0.139794
5.38318 145.346 -0.238033
16.1495 145.346 -0.256738
26.9159 145.346 -0.0129614
37.6822 145.346 0.292397
48.4486 145.346 0.408388
59.215 145.346 0.343255
69.9813 145.346 0.390768
5.38318 156.112 0.26152
16.1495 156.112 0.804527
26.9159 156.112 1.61691
37.6822 156.112 1.96632
48.4486 156.112 1.99212
59.215 156.112 1.55055
69.9813 156.112 1.0151
5.38318 166.879 1.00195
16.1495 166.879 2.02733
26.9159 166.879 3.04583
37.6822 166.879 3.41264
48.4486 166.879 3.39873
59.215 166.879 2.50164
69.9813 166.879 1.52512
5.38318 177.645 1.17497
16.1495 177.645 2.31736
26.9159 177.645 3.44033
37.6822 177.645 3.73722
48.4486 177.645 3.70425
59.215 177.645 2.698
69.9813 177.645 1.64256
5.38318 188.411 1.07109
16.1495 188.411 2.13493
26.9159 188.411 3.29842
37.6822 188.411 3.48238
48.4486 188.411 3.28398
59.215 188.411 2.28407
69.9813 188.411 1.35962
5.38318 199.178 0.578487
16.1495 199.178 1.32617
26.9159 199.178 2.33891
37.6822 199.178 2.4392
48.4486 199.178 2.17671
59.215 199.178 1.49903
69.9813 199.178 0.864697
5.38318 209.944 0.263709
16.1495 209.944 0.703308
26.9159 209.944 1.3019
37.6822 209.944 1.31059
48.4486 209.944 1.07571
59.215 209.944 0.678533
69.9813 209.944 0.405895
