26 166
0 146 72 40
0 130 72 72
0 125 72 82
0 72 72 144
0 0 72 216
5.38318 5.38318 0.475694
16.1495 5.38318 0.926936
26.9159 5.38318 1.23148
37.6822 5.38318 0.9655
48.4486 5.38318 0.390679
59.215 5.38318 0.0467301
69.9813 5.38318 -0.0139075
5.38318 16.1495 0.725906
16.1495 16.1495 1.68965
26.9159 16.1495 2.28604
37.6822 16.1495 1.96943
48.4486 16.1495 0.905631
59.215 16.1495 0.227867
69.9813 16.1495 0.0630849
5.38318 26.9159 0.62285
16.1495 26.9159 1.7715
26.9159 26.9159 2.67878
37.6822 26.9159 2.38372
48.4486 26.9159 0.955498
59.215 26.9159 -0.0131097
69.9813 26.9159 -0.0925354
5.38318 37.6822 0.534383
16.1495 37.6822 1.57713
26.9159 37.6822 2.60075
37.6822 37.6822 2.42371
48.4486 37.6822 1.28856
59.215 37.6822 0.568272
69.9813 37.6822 0.212512
5.38318 48.4486 0.451382
16.1495 48.4486 1.2875
26.9159 48.4486 2.31216
37.6822 48.4486 2.18737
48.4486 48.4486 1.64521
59.215 48.4486 1.28756
69.9813 48.4486 0.794527
5.38318 59.215 0.445864
16.1495 59.215 1.10623
26.9159 59.215 1.73926
37.6822 59.215 1.52326
48.4486 59.215 1.48789
59.215 59.215 1.6158
69.9813 59.215 1.20146
5.38318 69.9813 0.244327
16.1495 69.9813 0.644797
26.9159 69.9813 0.932308
37.6822 69.9813 0.579384
48.4486 69.9813 0.766755
59.215 69.9813 1.14474
69.9813 69.9813 1.03019
5.38318 80.7477 -0.140714
16.1495 80.7477 -0.181447
26.9159 80.7477 -0.251387
37.6822 80.7477 -0.429346
48.4486 80.7477 -0.417306
59.215 80.7477 -0.158793
69.9813 80.7477 0.239481
5.38318 91.514 -0.468992
16.1495 91.514 -0.739968
26.9159 91.514 -0.848303
37.6822 91.514 -0.959157
48.4486 91.514 -0.940411
59.215 91.514 -0.703403
69.9813 91.514 -0.277847
5.38318 102.28 -0.573533
16.1495 102.28 -0.924652
26.9159 102.28 -1.02268
37.6822 102.28 -1.04594
48.4486 102.28 -0.9975
59.215 102.28 -0.79073
69.9813 102.28 -0.34169
5.38318 113.047 -0.56577
16.1495 113.047 -0.902928
26.9159 113.047 -0.983015
37.6822 113.047 -0.987092
48.4486 113.047 -0.943006
59.215 113.047 -0.74315
69.9813 113.047 -0.322835
5.38318 123.813 -0.463347
16.1495 123.813 -0.721194
26.9159 123.813 -0.729623
37.6822 123.813 -0.782492
48.4486 123.813 -0.804365
59.215 123.813 -0.644732
69.9813 123.813 -0.283798
5.38318 134.579 -0.209712
16.1495 134.579 -0.282641
26.9159 134.579 -0.207023
37.6822 134.579 -0.293119
48.4486 134.579 -0.430891
59.215 134.579 -0.435307
69.9813 134.579 -0.195168
5.38318 145.346 0.438397
16.1495 145.346 0.978629
26.9159 145.346 1.50838
37.6822 145.346 1.29497
48.4486 145.346 0.561827
59.215 145.346 -0.00764285
69.9813 145.346 0.00719184
5.38318 156.112 1.30103
16.1495 156.112 2.56873
26.9159 156.112 3.38032
37.6822 156.112 3.10847
48.4486 156.112 2.0983
59.215 156.112 1.02519
69.9813 156.112 0.544375
5.38318 166.879 1.93362
16.1495 166.879 3.78445
26.9159 166.879 4.66379
37.6822 166.879 4.2289
48.4486 166.879 2.87534
59.215 166.879 1.78367
69.9813 166.879 1.00064
5.38318 177.645 1.95083
16.1495 177.645 3.83815
26.9159 177.645 4.56543
37.6822 177.645 4.00145
48.4486 177.645 2.71526
59.215 177.645 1.79485
69.9813 177.645 1.11916
5.38318 188.411 1.70483
16.1495 188.411 3.16557
26.9159 188.411 3.53727
37.6822 188.411 2.96266
48.4486 188.411 1.90856
59.215 188.411 1.44512
69.9813 188.411 0.996593
5.38318 199.178 0.834927
16.1495 199.178 1.38716
26.9159 199.178 1.64036
37.6822 199.178 1.38111
48.4486 199.178 0.86059
59.215 199.178 0.841195
69.9813 199.178 0.635941
5.38318 209.944 0.581257
16.1495 209.944 0.798235
26.9159 209.944 0.91219
37.6822 209.944 0.668511
48.4486 209.944 0.300245
59.215 209.944 0.33231
69.9813 209.944 0.302753
