37 188
0 168 72 40
0 144 72 72
0 134 72 82
0 72 72 144
0 0 72 216
5.38318 5.38318 0.984825
16.1495 5.38318 1.2974
26.9159 5.38318 1.27797
37.6822 5.38318 1.09477
48.4486 5.38318 1.4009
59.215 5.38318 1.47559
69.9813 5.38318 1.0697
5.38318 16.1495 1.56492
16.1495 16.1495 2.27004
26.9159 16.1495 2.39602
37.6822 16.1495 2.12377
48.4486 16.1495 2.4684
59.215 16.1495 2.52286
69.9813 16.1495 1.8725
5.38318 26.9159 1.46111
16.1495 26.9159 2.46605
26.9159 26.9159 2.97913
37.6822 26.9159 2.78274
48.4486 26.9159 2.79672
59.215 26.9159 2.53974
69.9813 26.9159 1.79847
5.38318 37.6822 1.20724
16.1495 37.6822 2.40064
26.9159 37.6822 3.36368
37.6822 37.6822 3.45123
48.4486 37.6822 3.00714
59.215 37.6822 2.27226
69.9813 37.6822 1.40211
5.38318 48.4486 1.05533
16.1495 48.4486 2.30275
26.9159 48.4486 3.49408
37.6822 48.4486 3.72554
48.4486 48.4486 3.13191
59.215 48.4486 2.19977
69.9813 48.4486 1.2471
5.38318 59.215 0.931908
16.1495 59.215 1.77875
26.9159 59.215 2.56683
37.6822 59.215 2.53184
48.4486 59.215 2.11296
59.215 59.215 1.5953
69.9813 59.215 1.04203
5.38318 69.9813 0.472587
16.1495 69.9813 0.795354
26.9159 69.9813 1.12044
37.6822 69.9813 0.969213
48.4486 69.9813 0.789078
59.215 69.9813 0.824891
69.9813 69.9813 0.727346
5.38318 80.7477 0.150097
16.1495 80.7477 0.289249
26.9159 80.7477 0.509116
37.6822 80.7477 0.299367
48.4486 80.7477 0.227846
59.215 80.7477 0.335546
69.9813 80.7477 0.445044
5.38318 91.514 -0.188309
16.1495 91.514 -0.278503
26.9159 91.514 -0.216178
37.6822 91.514 -0.237379
48.4486 91.514 -0.220154
59.215 91.514 -0.153901
69.9813 91.514 -0.00126647
5.38318 102.28 -0.271997
16.1495 102.28 -0.395197
26.9159 102.28 -0.337153
37.6822 102.28 -0.315361
48.4486 102.28 -0.315557
59.215 102.28 -0.256208
69.9813 102.28 -0.107489
5.38318 113.047 -0.298942
16.1495 113.047 -0.451364
26.9159 113.047 -0.453897
37.6822 113.047 -0.437866
48.4486 113.047 -0.424258
59.215 113.047 -0.336205
69.9813 113.047 -0.150542
5.38318 123.813 -0.266894
16.1495 123.813 -0.405439
26.9159 123.813 -0.384467
37.6822 123.813 -0.393482
48.4486 123.813 -0.390505
59.215 123.813 -0.309026
69.9813 123.813 -0.13377
5.38318 134.579 -0.192021
16.1495 134.579 -0.283318
26.9159 134.579 -0.234096
37.6822 134.579 -0.25282
48.4486 134.579 -0.256096
59.215 134.579 -0.202713
69.9813 134.579 -0.0722285
5.38318 145.346 -0.0385854
16.1495 145.346 -0.0401931
26.9159 145.346 0.103269
37.6822 145.346 -0.00668369
48.4486 145.346 -0.0238634
59.215 145.346 -0.00717306
69.9813 145.346 0.117342
5.38318 156.112 0.257246
16.1495 156.112 0.582671
26.9159 156.112 1.11855
37.6822 156.112 1.09776
48.4486 156.112 1.10838
59.215 156.112 0.796139
69.9813 156.112 0.570203
5.38318 166.879 0.632755
16.1495 166.879 1.36384
26.9159 166.879 2.33085
37.6822 166.879 2.31236
48.4486 166.879 2.25318
59.215 166.879 1.60697
69.9813 166.879 1.03977
5.38318 177.645 0.966561
16.1495 177.645 2.18004
26.9159 177.645 3.63578
37.6822 177.645 3.79087
48.4486 177.645 3.67013
59.215 177.645 2.45618
69.9813 177.645 1.47707
5.38318 188.411 1.05805
16.1495 188.411 2.33516
26.9159 188.411 3.98574
37.6822 188.411 4.29606
48.4486 188.411 4.09917
59.215 188.411 2.71147
69.9813 188.411 1.57231
5.38318 199.178 0.853706
16.1495 199.178 1.94534
26.9159 199.178 3.46268
37.6822 199.178 3.72286
48.4486 199.178 3.3812
59.215 199.178 2.17498
69.9813 199.178 1.21619
5.38318 209.944 0.420324
16.1495 209.944 0.891355
26.9159 209.944 1.53306
37.6822 209.944 1.52344
48.4486 209.944 1.32093
59.215 209.944 0.86029
69.9813 209.944 0.521807
