37 166
0 146 72 40
0 130 72 72
0 125 72 82
0 72 72 144
0 0 72 216
5.38318 5.38318 -0.009643
16.1495 5.38318 0.0170269
26.9159 5.38318 0.228405
37.6822 5.38318 0.434407
48.4486 5.38318 0.541268
59.215 5.38318 0.386252
69.9813 5.38318 0.319146
5.38318 16.1495 0.0520432
16.1495 16.1495 0.388755
26.9159 16.1495 0.814191
37.6822 16.1495 1.24861
48.4486 16.1495 1.40094
59.215 16.1495 1.08405
69.9813 16.1495 0.782725
5.38318 26.9159 0.0269958
16.1495 26.9159 0.533579
26.9159 26.9159 0.992711
37.6822 26.9159 1.49613
48.4486 26.9159 1.43888
59.215 26.9159 1.04318
69.9813 26.9159 0.698977
5.38318 37.6822 0.447059
16.1495 37.6822 1.27408
26.9159 37.6822 1.73816
37.6822 37.6822 1.91005
48.4486 37.6822 1.49541
59.215 37.6822 1.01051
69.9813 37.6822 0.580245
5.38318 48.4486 0.512049
16.1495 48.4486 1.354
26.9159 48.4486 1.74132
37.6822 48.4486 1.79474
48.4486 48.4486 1.23939
59.215 48.4486 0.797519
69.9813 48.4486 0.431316
5.38318 59.215 0.24351
16.1495 59.215 0.877211
26.9159 59.215 1.35647
37.6822 59.215 1.67493
48.4486 59.215 1.44208
59.215 59.215 1.0221
69.9813 59.215 0.53263
5.38318 69.9813 -0.0789356
16.1495 69.9813 0.136294
26.9159 69.9813 0.499324
37.6822 69.9813 0.807295
48.4486 69.9813 0.682119
59.215 69.9813 0.48673
69.9813 69.9813 0.266972
5.38318 80.7477 -0.194852
16.1495 80.7477 -0.226875
26.9159 80.7477 -0.17329
37.6822 80.7477 -0.118544
48.4486 80.7477 -0.143339
59.215 80.7477 -0.119236
69.9813 80.7477 -0.0462161
5.38318 91.514 -0.260456
16.1495 91.514 -0.38625
26.9159 91.514 -0.413604
37.6822 91.514 -0.436804
48.4486 91.514 -0.453696
59.215 91.514 -0.364413
69.9813 91.514 -0.169647
5.38318 102.28 -0.292582
16.1495 102.28 -0.443636
26.9159 102.28 -0.449978
37.6822 102.28 -0.452184
48.4486 102.28 -0.428141
59.215 102.28 -0.339657
69.9813 102.28 -0.145466
5.38318 113.047 -0.26917
16.1495 113.047 -0.40747
26.9159 113.047 -0.377084
37.6822 113.047 -0.366439
48.4486 113.047 -0.354485
59.215 113.047 -0.279277
69.9813 113.047 -0.121322
5.38318 123.813 -0.116148
16.1495 123.813 -0.154322
26.9159 123.813 -0.0815043
37.6822 123.813 -0.0738782
48.4486 123.813 -0.0890601
59.215 123.813 -0.0652623
69.9813 123.813 0.0358004
5.38318 134.579 0.478021
16.1495 134.579 0.830104
26.9159 134.579 1.16164
37.6822 134.579 1.11935
48.4486 134.579 1.00652
59.215 134.579 0.778678
69.9813 134.579 0.590118
5.38318 145.346 1.42184
16.1495 145.346 2.42302
26.9159 145.346 2.91159
37.6822 145.346 2.88622
48.4486 145.346 2.74885
59.215 145.346 2.21072
69.9813 145.346 1.42605
5.38318 156.112 2.32303
16.1495 156.112 3.94445
26.9159 156.112 4.67321
37.6822 156.112 4.65398
48.4486 156.112 4.5491
59.215 156.112 3.74139
69.9813 156.112 2.29471
5.38318 166.879 2.50796
16.1495 166.879 4.36066
26.9159 166.879 5.18416
37.6822 166.879 5.26683
48.4486 166.879 5.18594
59.215 166.879 4.39328
69.9813 166.879 2.66635
5.38318 177.645 1.83899
16.1495 177.645 3.26305
26.9159 177.645 4.05285
37.6822 177.645 4.1961
48.4486 177.645 4.09501
59.215 177.645 3.54446
69.9813 177.645 2.13855
5.38318 188.411 1.05887
16.1495 188.411 1.94596
26.9159 188.411 2.58739
37.6822 188.411 2.58613
48.4486 188.411 2.37313
59.215 188.411 2.2003
69.9813 188.411 1.38832
5.38318 199.178 0.789302
16.1495 199.178 1.38636
26.9159 199.178 2.05605
37.6822 199.178 2.04499
48.4486 199.178 1.75615
59.215 199.178 1.73666
69.9813 199.178 1.12009
5.38318 209.944 0.496966
16.1495 209.944 0.87322
26.9159 209.944 1.33355
37.6822 209.944 1.26532
48.4486 209.944 1.13977
59.215 209.944 1.1614
69.9813 209.944 0.813557
