37 48
0 28 72 40
0 12 72 72
0 7 72 82
0 0 72 144
0 0 72 216
5.38318 5.38318 0.295921
16.1495 5.38318 0.383892
26.9159 5.38318 0.437127
37.6822 5.38318 0.372527
48.4486 5.38318 0.425566
59.215 5.38318 0.426701
69.9813 5.38318 0.345621
5.38318 16.1495 0.576282
16.1495 16.1495 0.981869
26.9159 16.1495 1.4339
37.6822 16.1495 1.37217
48.4486 16.1495 1.48544
59.215 16.1495 1.24553
69.9813 16.1495 0.918992
5.38318 26.9159 0.513297
16.1495 26.9159 1.09327
26.9159 26.9159 1.97042
37.6822 26.9159 2.03048
48.4486 26.9159 2.18219
59.215 26.9159 1.63588
69.9813 26.9159 1.16556
5.38318 37.6822 0.771812
16.1495 37.6822 1.90786
26.9159 37.6822 3.43716
37.6822 37.6822 3.65022
48.4486 37.6822 3.62318
59.215 37.6822 2.48108
69.9813 37.6822 1.51245
5.38318 48.4486 0.657262
16.1495 48.4486 2.07447
26.9159 48.4486 3.80363
37.6822 48.4486 4.20714
48.4486 48.4486 3.99735
59.215 48.4486 2.55075
69.9813 48.4486 1.46101
5.38318 59.215 0.0787001
16.1495 59.215 1.00274
26.9159 59.215 2.62413
37.6822 59.215 2.84351
48.4486 59.215 2.62603
59.215 59.215 1.31088
69.9813 59.215 0.756283
5.38318 69.9813 -0.309724
16.1495 69.9813 -0.35936
26.9159 69.9813 -0.0801552
37.6822 69.9813 -0.110863
48.4486 69.9813 -0.205784
59.215 69.9813 -0.356781
69.9813 69.9813 -0.141801
5.38318 80.7477 -0.510681
16.1495 80.7477 -0.803271
26.9159 80.7477 -0.815553
37.6822 80.7477 -0.872857
48.4486 80.7477 -0.842318
59.215 80.7477 -0.713131
69.9813 80.7477 -0.297607
5.38318 91.514 -0.57427
16.1495 91.514 -0.927165
26.9159 91.514 -1.0432
37.6822 91.514 -1.07661
48.4486 91.514 -1.0349
59.215 91.514 -0.828526
69.9813 91.514 -0.359305
5.38318 102.28 -0.588022
16.1495 102.28 -0.942389
26.9159 102.28 -1.04052
37.6822 102.28 -1.05535
48.4486 102.28 -1.00925
59.215 102.28 -0.799894
69.9813 102.28 -0.350332
5.38318 113.047 -0.584058
16.1495 113.047 -0.935352
26.9159 113.047 -1.01834
37.6822 113.047 -1.01789
48.4486 113.047 -0.963708
59.215 113.047 -0.755902
69.9813 113.047 -0.325265
5.38318 123.813 -0.562211
16.1495 123.813 -0.895646
26.9159 123.813 -0.967886
37.6822 123.813 -0.958986
48.4486 123.813 -0.901983
59.215 123.813 -0.653584
69.9813 123.813 -0.267271
5.38318 134.579 -0.522025
16.1495 134.579 -0.820336
26.9159 134.579 -0.819984
37.6822 134.579 -0.761478
48.4486 134.579 -0.645505
59.215 134.579 -0.395186
69.9813 134.579 -0.113538
5.38318 145.346 -0.351169
16.1495 145.346 -0.515886
26.9159 145.346 -0.436051
37.6822 145.346 -0.30305
48.4486 145.346 -0.117564
59.215 145.346 0.215676
69.9813 145.346 0.427253
5.38318 156.112 -0.129452
16.1495 156.112 -0.175056
26.9159 156.112 -0.00688006
37.6822 156.112 0.496071
48.4486 156.112 1.08079
59.215 156.112 1.41238
69.9813 156.112 1.09998
5.38318 166.879 0.461434
16.1495 166.879 0.873325
26.9159 166.879 1.32367
37.6822 166.879 1.69813
48.4486 166.879 2.03541
59.215 166.879 2.054
69.9813 166.879 1.42492
5.38318 177.645 0.856675
16.1495 177.645 1.4448
26.9159 177.645 1.82488
37.6822 177.645 1.90592
48.4486 177.645 1.92695
59.215 177.645 1.8339
69.9813 177.645 1.23069
5.38318 188.411 0.937651
16.1495 188.411 1.53525
26.9159 188.411 1.85898
37.6822 188.411 1.7401
48.4486 188.411 1.37447
59.215 188.411 1.0539
69.9813 188.411 0.693492
5.38318 199.178 0.375477
16.1495 199.178 0.688564
26.9159 199.178 0.956685
37.6822 199.178 0.898113
48.4486 199.178 0.476535
59.215 199.178 0.229216
69.9813 199.178 0.208927
5.38318 209.944 0.163038
16.1495 209.944 0.432507
26.9159 209.944 0.713859
37.6822 209.944 0.708358
48.4486 209.944 0.330628
59.215 209.944 0.0546683
69.9813 209.944 0.0802694
