37 199
0 176 72 40
0 144 72 72
0 134 72 82
0 72 72 144
0 0 72 216
5.38318 5.38318 0.608148
16.1495 5.38318 1.03447
26.9159 5.38318 1.3234
37.6822 5.38318 1.4822
48.4486 5.38318 1.41109
59.215 5.38318 1.06403
69.9813 5.38318 0.64287
5.38318 16.1495 1.04378
16.1495 16.1495 2.00906
26.9159 16.1495 2.73248
37.6822 16.1495 3.04237
48.4486 16.1495 2.81459
59.215 16.1495 2.04885
69.9813 16.1495 1.1996
5.38318 26.9159 1.14529
16.1495 26.9159 2.43471
26.9159 26.9159 3.66129
37.6822 26.9159 4.17842
48.4486 26.9159 3.82607
59.215 26.9159 2.67403
69.9813 26.9159 1.44668
5.38318 37.6822 1.18391
16.1495 37.6822 2.60558
26.9159 37.6822 4.06405
37.6822 37.6822 4.61031
48.4486 37.6822 4.08039
59.215 37.6822 2.69111
69.9813 37.6822 1.34298
5.38318 48.4486 1.12315
16.1495 48.4486 2.38966
26.9159 48.4486 3.6251
37.6822 48.4486 4.2074
48.4486 48.4486 3.89185
59.215 48.4486 2.71476
69.9813 48.4486 1.42542
5.38318 59.215 0.878741
16.1495 59.215 1.71102
26.9159 59.215 2.13717
37.6822 59.215 2.45567
48.4486 59.215 2.48863
59.215 59.215 2.11443
69.9813 59.215 1.32238
5.38318 69.9813 0.540883
16.1495 69.9813 1.10107
26.9159 69.9813 1.25761
37.6822 69.9813 1.58146
48.4486 69.9813 1.65775
59.215 69.9813 1.62318
69.9813 69.9813 1.07668
5.38318 80.7477 -0.0672903
16.1495 80.7477 0.0775879
26.9159 80.7477 0.387495
37.6822 80.7477 0.625538
48.4486 80.7477 0.513265
59.215 80.7477 0.632895
69.9813 80.7477 0.429353
5.38318 91.514 -0.287465
16.1495 91.514 -0.382128
26.9159 91.514 -0.265618
37.6822 91.514 -0.190378
48.4486 91.514 -0.21591
59.215 91.514 -0.134372
69.9813 91.514 -0.0636379
5.38318 102.28 -0.303662
16.1495 102.28 -0.442416
26.9159 102.28 -0.351367
37.6822 102.28 -0.294446
48.4486 102.28 -0.279986
59.215 102.28 -0.208218
69.9813 102.28 -0.0869071
5.38318 113.047 -0.287605
16.1495 113.047 -0.433055
26.9159 113.047 -0.415221
37.6822 113.047 -0.41131
48.4486 113.047 -0.399066
59.215 113.047 -0.315625
69.9813 113.047 -0.137318
5.38318 123.813 -0.203261
16.1495 123.813 -0.293701
26.9159 123.813 -0.238412
37.6822 123.813 -0.251376
48.4486 123.813 -0.262851
59.215 123.813 -0.222683
69.9813 123.813 -0.088504
5.38318 134.579 -0.0644932
16.1495 134.579 -0.0350873
26.9159 134.579 0.199277
37.6822 134.579 0.177107
48.4486 134.579 0.0342612
59.215 134.579 -0.0167112
69.9813 134.579 0.053233
5.38318 145.346 0.234563
16.1495 145.346 0.638857
26.9159 145.346 1.11171
37.6822 145.346 1.13926
48.4486 145.346 0.903707
59.215 145.346 0.609217
69.9813 145.346 0.406985
5.38318 156.112 0.480331
16.1495 156.112 1.24585
26.9159 156.112 2.24843
37.6822 156.112 2.323
48.4486 156.112 2.0031
59.215 156.112 1.31533
69.9813 156.112 0.81282
5.38318 166.879 0.654836
16.1495 166.879 1.67053
26.9159 166.879 3.19569
37.6822 166.879 3.30041
48.4486 166.879 2.96812
59.215 166.879 1.89712
69.9813 166.879 1.18801
5.38318 177.645 0.906958
16.1495 177.645 2.25614
26.9159 177.645 4.49672
37.6822 177.645 4.73033
48.4486 177.645 4.28966
59.215 177.645 2.48754
69.9813 177.645 1.4595
5.38318 188.411 0.974369
16.1495 188.411 2.56041
26.9159 188.411 5.3888
37.6822 188.411 5.90586
48.4486 188.411 5.23531
59.215 188.411 2.88865
69.9813 188.411 1.59406
5.38318 199.178 1.03325
16.1495 199.178 2.55785
26.9159 199.178 5.35624
37.6822 199.178 6.00653
48.4486 199.178 5.0596
59.215 199.178 2.74744
69.9813 199.178 1.37124
5.38318 209.944 0.524494
16.1495 209.944 1.36272
26.9159 209.944 3.00982
37.6822 209.944 3.36125
48.4486 209.944 2.70051
59.215 209.944 1.42236
69.9813 209.944 0.697288
