37 37
0 17 72 40
0 1 72 72
0 0 72 82
0 0 72 144
0 0 72 216
5.38318 5.38318 0.379411
16.1495 5.38318 0.633727
26.9159 5.38318 1.06533
37.6822 5.38318 1.45555
48.4486 5.38318 1.59564
59.215 5.38318 1.33177
69.9813 5.38318 0.828576
5.38318 16.1495 0.650307
16.1495 16.1495 1.42193
26.9159 16.1495 2.44038
37.6822 16.1495 3.24318
48.4486 16.1495 3.41885
59.215 16.1495 2.7382
69.9813 16.1495 1.63128
5.38318 26.9159 0.907628
16.1495 26.9159 2.11435
26.9159 26.9159 3.6222
37.6822 26.9159 4.84144
48.4486 26.9159 4.8618
59.215 26.9159 3.66617
69.9813 26.9159 2.01699
5.38318 37.6822 1.15985
16.1495 37.6822 2.51795
26.9159 37.6822 4.21537
37.6822 37.6822 5.41096
48.4486 37.6822 5.17729
59.215 37.6822 3.77328
69.9813 37.6822 1.96786
5.38318 48.4486 1.3104
16.1495 48.4486 2.54747
26.9159 48.4486 3.83511
37.6822 48.4486 4.49452
48.4486 48.4486 4.25726
59.215 48.4486 3.22776
69.9813 48.4486 1.77854
5.38318 59.215 0.896401
16.1495 59.215 1.7329
26.9159 59.215 2.39316
37.6822 59.215 2.45016
48.4486 59.215 2.45429
59.215 59.215 2.27521
69.9813 59.215 1.53147
5.38318 69.9813 0.439005
16.1495 69.9813 0.876131
26.9159 69.9813 1.29393
37.6822 69.9813 1.33105
48.4486 69.9813 1.63059
59.215 69.9813 1.8278
69.9813 69.9813 1.37409
5.38318 80.7477 -0.0939692
16.1495 80.7477 -0.0293124
26.9159 80.7477 0.259692
37.6822 80.7477 0.517686
48.4486 80.7477 0.709551
59.215 80.7477 1.03292
69.9813 80.7477 0.850957
5.38318 91.514 -0.256492
16.1495 91.514 -0.32171
26.9159 91.514 -0.23993
37.6822 91.514 -0.135018
48.4486 91.514 -0.119588
59.215 91.514 -0.0133371
69.9813 91.514 0.145233
5.38318 102.28 -0.282063
16.1495 102.28 -0.398046
26.9159 102.28 -0.331566
37.6822 102.28 -0.264756
48.4486 102.28 -0.243321
59.215 102.28 -0.185431
69.9813 102.28 -0.0623909
5.38318 113.047 -0.300403
16.1495 113.047 -0.453758
26.9159 113.047 -0.457178
37.6822 113.047 -0.437023
48.4486 113.047 -0.420217
59.215 113.047 -0.329397
69.9813 113.047 -0.146306
5.38318 123.813 -0.297166
16.1495 123.813 -0.453686
26.9159 123.813 -0.464472
37.6822 123.813 -0.450829
48.4486 123.813 -0.430191
59.215 123.813 -0.329105
69.9813 123.813 -0.142163
5.38318 134.579 -0.248735
16.1495 134.579 -0.374424
26.9159 134.579 -0.337363
37.6822 134.579 -0.329128
48.4486 134.579 -0.287828
59.215 134.579 -0.217677
69.9813 134.579 -0.0752966
5.38318 145.346 -0.0916485
16.1495 145.346 -0.0859757
26.9159 145.346 0.0690241
37.6822 145.346 0.18251
48.4486 145.346 0.247939
59.215 145.346 0.142871
69.9813 145.346 0.190202
5.38318 156.112 0.528888
16.1495 156.112 1.02017
26.9159 156.112 1.63774
37.6822 156.112 1.79306
48.4486 156.112 1.75036
59.215 156.112 1.21365
69.9813 156.112 0.730283
5.38318 166.879 1.4072
16.1495 166.879 2.5113
26.9159 166.879 3.47929
37.6822 166.879 3.77811
48.4486 166.879 3.48738
59.215 166.879 2.37686
69.9813 166.879 1.28827
5.38318 177.645 2.02586
16.1495 177.645 3.51811
26.9159 177.645 4.80116
37.6822 177.645 5.12786
48.4486 177.645 4.71987
59.215 177.645 3.28199
69.9813 177.645 1.74953
5.38318 188.411 2.08728
16.1495 188.411 3.51734
26.9159 188.411 4.61579
37.6822 188.411 4.71909
48.4486 188.411 4.20465
59.215 188.411 2.97487
69.9813 188.411 1.60237
5.38318 199.178 1.21471
16.1495 199.178 2.02893
26.9159 199.178 2.59491
37.6822 199.178 2.49368
48.4486 199.178 2.11018
59.215 199.178 1.64808
69.9813 199.178 0.984942
5.38318 209.944 0.470368
16.1495 209.944 0.777466
26.9159 209.944 0.966719
37.6822 209.944 0.833695
48.4486 209.944 0.567793
59.215 209.944 0.500454
69.9813 209.944 0.354943
