37 26
0 6 72 40
0 0 72 72
0 0 72 82
0 0 72 144
0 0 72 216
5.38318 5.38318 1.06826
16.1495 5.38318 1.77831
26.9159 5.38318 2.34255
37.6822 5.38318 2.5212
48.4486 5.38318 2.34774
59.215 5.38318 1.65548
69.9813 5.38318 0.909721
5.38318 16.1495 1.58507
16.1495 16.1495 2.92344
26.9159 16.1495 4.0291
37.6822 16.1495 4.41349
48.4486 16.1495 4.03557
59.215 16.1495 2.8405
69.9813 16.1495 1.56811
5.38318 26.9159 1.47322
16.1495 26.9159 3.00061
26.9159 26.9159 4.39677
37.6822 26.9159 4.90599
48.4486 26.9159 4.29581
59.215 26.9159 2.83961
69.9813 26.9159 1.45897
5.38318 37.6822 0.775844
16.1495 37.6822 1.85692
26.9159 37.6822 2.92647
37.6822 37.6822 3.27908
48.4486 37.6822 2.65561
59.215 37.6822 1.589
69.9813 37.6822 0.773918
5.38318 48.4486 0.317722
16.1495 48.4486 1.08094
26.9159 48.4486 2.03843
37.6822 48.4486 2.39242
48.4486 48.4486 1.93301
59.215 48.4486 0.992982
69.9813 48.4486 0.425806
5.38318 59.215 0.157767
16.1495 59.215 0.892339
26.9159 59.215 2.09329
37.6822 59.215 2.54835
48.4486 59.215 2.12639
59.215 59.215 1.07318
69.9813 59.215 0.402498
5.38318 69.9813 -0.0460616
16.1495 69.9813 0.517502
26.9159 69.9813 1.90416
37.6822 69.9813 2.38725
48.4486 69.9813 2.04545
59.215 69.9813 0.93539
69.9813 69.9813 0.298092
5.38318 80.7477 -0.152376
16.1495 80.7477 -0.0159686
26.9159 80.7477 0.950102
37.6822 80.7477 1.24372
48.4486 80.7477 0.949767
59.215 80.7477 0.201281
69.9813 80.7477 -0.0307648
5.38318 91.514 -0.257045
16.1495 91.514 -0.344324
26.9159 91.514 -0.179356
37.6822 91.514 -0.17184
48.4486 91.514 -0.214598
59.215 91.514 -0.282323
69.9813 91.514 -0.15615
5.38318 102.28 -0.288608
16.1495 102.28 -0.440297
26.9159 102.28 -0.413566
37.6822 102.28 -0.43153
48.4486 102.28 -0.460396
59.215 102.28 -0.392564
69.9813 102.28 -0.195082
5.38318 113.047 -0.300844
16.1495 113.047 -0.4561
26.9159 113.047 -0.463385
37.6822 113.047 -0.447327
48.4486 113.047 -0.431578
59.215 113.047 -0.344106
69.9813 113.047 -0.15382
5.38318 123.813 -0.299165
16.1495 123.813 -0.45181
26.9159 123.813 -0.450935
37.6822 123.813 -0.436047
48.4486 123.813 -0.419041
59.215 123.813 -0.330353
69.9813 123.813 -0.147166
5.38318 134.579 -0.288977
16.1495 134.579 -0.416312
26.9159 134.579 -0.346804
37.6822 134.579 -0.310394
48.4486 134.579 -0.287815
59.215 134.579 -0.246829
69.9813 134.579 -0.105639
5.38318 145.346 -0.143765
16.1495 145.346 -0.140917
26.9159 145.346 0.14071
37.6822 145.346 0.305973
48.4486 145.346 0.253701
59.215 145.346 0.0183961
69.9813 145.346 0.0832519
5.38318 156.112 0.299374
16.1495 156.112 0.791067
26.9159 156.112 1.71908
37.6822 156.112 1.90994
48.4486 156.112 1.6834
59.215 156.112 0.967824
69.9813 156.112 0.516905
5.38318 166.879 1.10766
16.1495 166.879 2.15709
26.9159 166.879 3.60087
37.6822 166.879 3.78439
48.4486 166.879 3.32433
59.215 166.879 2.03289
69.9813 166.879 1.08664
5.38318 177.645 1.58439
16.1495 177.645 2.96268
26.9159 177.645 4.74272
37.6822 177.645 4.88702
48.4486 177.645 4.26099
59.215 177.645 2.69186
69.9813 177.645 1.41731
5.38318 188.411 1.66838
16.1495 188.411 2.766
26.9159 188.411 3.98832
37.6822 188.411 3.84235
48.4486 188.411 3.46127
59.215 188.411 2.43661
69.9813 188.411 1.47813
5.38318 199.178 0.979857
16.1495 199.178 1.35543
26.9159 199.178 1.61248
37.6822 199.178 1.46934
48.4486 199.178 1.52961
59.215 199.178 1.56993
69.9813 199.178 1.15018
5.38318 209.944 0.392744
16.1495 209.944 0.611058
26.9159 209.944 0.497917
37.6822 209.944 0.464302
48.4486 209.944 0.718773
59.215 209.944 1.00947
69.9813 209.944 0.840841
