37 37
0 17 72 40
0 1 72 72
0 0 72 82
0 0 72 144
0 0 72 216
5.38318 5.38318 0.334991
16.1495 5.38318 0.664156
26.9159 5.38318 1.19071
37.6822 5.38318 1.71007
48.4486 5.38318 1.71018
59.215 5.38318 1.31618
69.9813 5.38318 0.74392
5.38318 16.1495 0.568395
16.1495 16.1495 1.39156
26.9159 16.1495 2.57309
37.6822 16.1495 3.7324
48.4486 16.1495 3.77614
59.215 16.1495 2.85731
69.9813 16.1495 1.56228
5.38318 26.9159 0.798837
16.1495 26.9159 1.9958
26.9159 26.9159 3.68253
37.6822 26.9159 5.33228
48.4486 26.9159 5.34266
59.215 26.9159 3.97187
69.9813 26.9159 2.04651
5.38318 37.6822 0.997719
16.1495 37.6822 2.21166
26.9159 37.6822 4.00808
37.6822 37.6822 5.47576
48.4486 37.6822 5.40317
59.215 37.6822 3.97612
69.9813 37.6822 2.05026
5.38318 48.4486 1.07227
16.1495 48.4486 2.10113
26.9159 48.4486 3.50546
37.6822 48.4486 4.25707
48.4486 48.4486 4.00415
59.215 48.4486 2.87747
69.9813 48.4486 1.53942
5.38318 59.215 0.566751
16.1495 59.215 1.33843
26.9159 59.215 2.44866
37.6822 59.215 2.9087
48.4486 59.215 2.90728
59.215 59.215 2.34989
69.9813 59.215 1.50695
5.38318 69.9813 0.0441803
16.1495 69.9813 0.607555
26.9159 69.9813 1.50645
37.6822 69.9813 2.16315
48.4486 69.9813 2.37587
59.215 69.9813 2.00972
69.9813 69.9813 1.38204
5.38318 80.7477 -0.316726
16.1495 80.7477 -0.316967
26.9159 80.7477 -0.022472
37.6822 80.7477 0.826205
48.4486 80.7477 1.17217
59.215 80.7477 1.15967
69.9813 80.7477 0.935289
5.38318 91.514 -0.511818
16.1495 91.514 -0.744591
26.9159 91.514 -0.707321
37.6822 91.514 -0.597859
48.4486 91.514 -0.553925
59.215 91.514 -0.433893
69.9813 91.514 -0.142716
5.38318 102.28 -0.570914
16.1495 102.28 -0.909099
26.9159 102.28 -0.992625
37.6822 102.28 -0.980693
48.4486 102.28 -0.933017
59.215 102.28 -0.707461
69.9813 102.28 -0.298219
5.38318 113.047 -0.58082
16.1495 113.047 -0.930153
26.9159 113.047 -1.01251
37.6822 113.047 -1.01549
48.4486 113.047 -0.964655
59.215 113.047 -0.763707
69.9813 113.047 -0.331079
5.38318 123.813 -0.5452
16.1495 123.813 -0.862422
26.9159 123.813 -0.929592
37.6822 123.813 -0.937313
48.4486 123.813 -0.905599
59.215 123.813 -0.70948
69.9813 123.813 -0.310011
5.38318 134.579 -0.428282
16.1495 134.579 -0.643771
26.9159 134.579 -0.657474
37.6822 134.579 -0.706236
48.4486 134.579 -0.755047
59.215 134.579 -0.610821
69.9813 134.579 -0.270699
5.38318 145.346 -0.0143194
16.1495 145.346 0.217796
26.9159 145.346 0.373159
37.6822 145.346 0.0619208
48.4486 145.346 -0.30675
59.215 145.346 -0.360337
69.9813 145.346 -0.180299
5.38318 156.112 1.02117
16.1495 156.112 2.09285
26.9159 156.112 2.42741
37.6822 156.112 1.99088
48.4486 156.112 0.655875
59.215 156.112 0.0113578
69.9813 156.112 -0.0508493
5.38318 166.879 2.08545
16.1495 166.879 4.05569
26.9159 166.879 4.65873
37.6822 166.879 4.00177
48.4486 166.879 2.10326
59.215 166.879 0.973761
69.9813 166.879 0.291656
5.38318 177.645 2.17788
16.1495 177.645 4.437
26.9159 177.645 5.2404
37.6822 177.645 4.58977
48.4486 177.645 2.51656
59.215 177.645 1.30795
69.9813 177.645 0.428639
5.38318 188.411 1.78446
16.1495 188.411 3.71281
26.9159 188.411 4.46153
37.6822 188.411 3.89616
48.4486 188.411 2.22079
59.215 188.411 1.19444
69.9813 188.411 0.525163
5.38318 199.178 0.600122
16.1495 199.178 1.43095
26.9159 199.178 1.8159
37.6822 199.178 1.54403
48.4486 199.178 0.632617
59.215 199.178 0.284522
69.9813 199.178 0.285089
5.38318 209.944 0.263931
16.1495 209.944 0.505995
26.9159 209.944 0.725264
37.6822 209.944 0.471674
48.4486 209.944 0.0852771
59.215 209.944 -0.0157331
69.9813 209.944 0.220559
