37 188
0 168 72 40
0 144 72 72
0 134 72 82
0 72 72 144
0 0 72 216
5.38318 5.38318 0.174941
16.1495 5.38318 0.475295
26.9159 5.38318 1.11539
37.6822 5.38318 1.47798
48.4486 5.38318 1.48441
59.215 5.38318 1.11059
69.9813 5.38318 0.617578
5.38318 16.1495 0.285968
16.1495 16.1495 1.08023
26.9159 16.1495 2.39946
37.6822 16.1495 3.23292
48.4486 16.1495 3.29237
59.215 16.1495 2.42003
69.9813 16.1495 1.30909
5.38318 26.9159 0.266397
16.1495 26.9159 1.35891
26.9159 26.9159 3.14169
37.6822 26.9159 4.35825
48.4486 26.9159 4.43555
59.215 26.9159 3.31349
69.9813 26.9159 1.7621
5.38318 37.6822 0.416202
16.1495 37.6822 1.51139
26.9159 37.6822 3.12501
37.6822 37.6822 4.09453
48.4486 37.6822 4.06171
59.215 37.6822 3.00668
69.9813 37.6822 1.61357
5.38318 48.4486 0.449297
16.1495 48.4486 0.96933
26.9159 48.4486 1.94277
37.6822 48.4486 2.1654
48.4486 48.4486 2.1405
59.215 48.4486 1.71755
69.9813 48.4486 1.07669
5.38318 59.215 0.651817
16.1495 59.215 1.11661
26.9159 59.215 1.80328
37.6822 59.215 1.57531
48.4486 59.215 1.58823
59.215 59.215 1.26059
69.9813 59.215 1.02092
5.38318 69.9813 0.578114
16.1495 69.9813 0.86284
26.9159 69.9813 1.36875
37.6822 69.9813 1.0367
48.4486 69.9813 1.22283
59.215 69.9813 1.07125
69.9813 69.9813 1.00915
5.38318 80.7477 0.065613
16.1495 80.7477 0.117372
26.9159 80.7477 0.628187
37.6822 80.7477 0.480128
48.4486 80.7477 0.72336
59.215 80.7477 0.644901
69.9813 80.7477 0.702468
5.38318 91.514 -0.247297
16.1495 91.514 -0.375307
26.9159 91.514 -0.264508
37.6822 91.514 -0.22578
48.4486 91.514 -0.133525
59.215 91.514 -0.0669447
69.9813 91.514 0.181761
5.38318 102.28 -0.293001
16.1495 102.28 -0.415501
26.9159 102.28 -0.317468
37.6822 102.28 -0.268372
48.4486 102.28 -0.243248
59.215 102.28 -0.190781
69.9813 102.28 -0.0578223
5.38318 113.047 -0.278767
16.1495 113.047 -0.419492
26.9159 113.047 -0.394171
37.6822 113.047 -0.396348
48.4486 113.047 -0.39111
59.215 113.047 -0.312701
69.9813 113.047 -0.134174
5.38318 123.813 -0.200121
16.1495 123.813 -0.290914
26.9159 123.813 -0.243092
37.6822 123.813 -0.256119
48.4486 123.813 -0.257538
59.215 123.813 -0.199476
69.9813 123.813 -0.0720449
5.38318 134.579 -0.0588438
16.1495 134.579 -0.053802
26.9159 134.579 0.0490205
37.6822 134.579 -0.00527083
48.4486 134.579 -0.00385512
59.215 134.579 0.0253703
69.9813 134.579 0.146897
5.38318 145.346 0.177666
16.1495 145.346 0.418144
26.9159 145.346 0.654722
37.6822 145.346 0.654743
48.4486 145.346 0.753075
59.215 145.346 0.648857
69.9813 145.346 0.533354
5.38318 156.112 0.450912
16.1495 156.112 1.05517
26.9159 156.112 1.59318
37.6822 156.112 1.64577
48.4486 156.112 1.75106
59.215 156.112 1.34116
69.9813 156.112 0.966326
5.38318 166.879 0.574263
16.1495 166.879 1.42357
26.9159 166.879 2.41552
37.6822 166.879 2.47116
48.4486 166.879 2.5392
59.215 166.879 1.87474
69.9813 166.879 1.29435
5.38318 177.645 0.749284
16.1495 177.645 2.12752
26.9159 177.645 3.73938
37.6822 177.645 3.99183
48.4486 177.645 3.83436
59.215 177.645 2.50399
69.9813 177.645 1.54707
5.38318 188.411 0.655263
16.1495 188.411 2.21904
26.9159 188.411 4.31617
37.6822 188.411 4.82042
48.4486 188.411 4.55342
59.215 188.411 2.86781
69.9813 188.411 1.68821
5.38318 199.178 0.548939
16.1495 199.178 1.96944
26.9159 199.178 3.89539
37.6822 199.178 4.37791
48.4486 199.178 4.02503
59.215 199.178 2.51474
69.9813 199.178 1.46785
5.38318 209.944 0.14934
16.1495 209.944 0.78582
26.9159 209.944 1.84744
37.6822 209.944 1.98966
48.4486 209.944 1.82444
59.215 209.944 1.17591
69.9813 209.944 0.765105
