48 188
0 168 72 40
0 144 72 72
0 134 72 82
0 72 72 144
0 0 72 216
5.38318 5.38318 0.39469
16.1495 5.38318 0.563577
26.9159 5.38318 0.883498
37.6822 5.38318 1.00335
48.4486 5.38318 1.07168
59.215 5.38318 0.832533
69.9813 5.38318 0.560089
5.38318 16.1495 0.887748
16.1495 16.1495 1.50637
26.9159 16.1495 2.14849
37.6822 16.1495 2.31133
48.4486 16.1495 2.35792
59.215 16.1495 1.81586
69.9813 16.1495 1.16106
5.38318 26.9159 1.2418
16.1495 26.9159 2.27897
26.9159 26.9159 3.34381
37.6822 26.9159 3.54779
48.4486 26.9159 3.30969
59.215 26.9159 2.48294
69.9813 26.9159 1.52713
5.38318 37.6822 1.50517
16.1495 37.6822 2.84646
26.9159 37.6822 4.13179
37.6822 37.6822 4.23709
48.4486 37.6822 3.72488
59.215 37.6822 2.71195
69.9813 37.6822 1.66988
5.38318 48.4486 1.40227
16.1495 48.4486 2.63094
26.9159 48.4486 3.69892
37.6822 48.4486 3.67356
48.4486 48.4486 3.16792
59.215 48.4486 2.31527
69.9813 48.4486 1.50913
5.38318 59.215 0.827472
16.1495 59.215 1.51458
26.9159 59.215 2.02753
37.6822 59.215 1.97988
48.4486 59.215 1.87275
59.215 59.215 1.51279
69.9813 59.215 1.18017
5.38318 69.9813 0.332554
16.1495 69.9813 0.637229
26.9159 69.9813 0.995287
37.6822 69.9813 0.984376
48.4486 69.9813 1.03087
59.215 69.9813 0.94579
69.9813 69.9813 0.815717
5.38318 80.7477 -0.112955
16.1495 80.7477 -0.122703
26.9159 80.7477 0.176886
37.6822 80.7477 0.355116
48.4486 80.7477 0.458537
59.215 80.7477 0.491323
69.9813 80.7477 0.427759
5.38318 91.514 -0.300825
16.1495 91.514 -0.431988
26.9159 91.514 -0.34008
37.6822 91.514 -0.270021
48.4486 91.514 -0.230913
59.215 91.514 -0.143185
69.9813 91.514 -0.0290836
5.38318 102.28 -0.303686
16.1495 102.28 -0.439758
26.9159 102.28 -0.365708
37.6822 102.28 -0.305423
48.4486 102.28 -0.28225
59.215 102.28 -0.204982
69.9813 102.28 -0.0785677
5.38318 113.047 -0.298366
16.1495 113.047 -0.448274
26.9159 113.047 -0.436959
37.6822 113.047 -0.41772
48.4486 113.047 -0.394297
59.215 113.047 -0.306682
69.9813 113.047 -0.133631
5.38318 123.813 -0.280965
16.1495 123.813 -0.415506
26.9159 123.813 -0.370779
37.6822 123.813 -0.34989
48.4486 123.813 -0.303068
59.215 123.813 -0.218433
69.9813 123.813 -0.0722784
5.38318 134.579 -0.198522
16.1495 134.579 -0.256392
26.9159 134.579 -0.163084
37.6822 134.579 -0.143881
48.4486 134.579 -0.0820701
59.215 134.579 -0.0390414
69.9813 134.579 0.12725
5.38318 145.346 -0.0809612
16.1495 145.346 -0.00394817
26.9159 145.346 0.466295
37.6822 145.346 0.645241
48.4486 145.346 0.851163
59.215 145.346 0.73234
69.9813 145.346 0.612591
5.38318 156.112 0.196305
16.1495 156.112 0.807749
26.9159 156.112 1.6809
37.6822 156.112 2.14605
48.4486 156.112 2.28793
59.215 156.112 1.81314
69.9813 156.112 1.17684
5.38318 166.879 0.390623
16.1495 166.879 1.43823
26.9159 166.879 2.97634
37.6822 166.879 4.13256
48.4486 166.879 4.33213
59.215 166.879 3.25408
69.9813 166.879 1.82064
5.38318 177.645 0.717005
16.1495 177.645 2.03224
26.9159 177.645 4.04018
37.6822 177.645 5.84822
48.4486 177.645 6.07526
59.215 177.645 4.54631
69.9813 177.645 2.37181
5.38318 188.411 1.21334
16.1495 188.411 2.47501
26.9159 188.411 4.34306
37.6822 188.411 6.04307
48.4486 188.411 6.11387
59.215 188.411 4.54564
69.9813 188.411 2.32437
5.38318 199.178 1.79571
16.1495 199.178 3.05813
26.9159 199.178 3.7165
37.6822 199.178 4.18555
48.4486 199.178 3.95638
59.215 199.178 2.94919
69.9813 199.178 1.65887
5.38318 209.944 1.78701
16.1495 209.944 2.72839
26.9159 209.944 2.54116
37.6822 209.944 1.92363
48.4486 209.944 1.49903
59.215 209.944 1.15474
69.9813 209.944 0.870149
