37 37
0 17 72 40
0 1 72 72
0 0 72 82
0 0 72 144
0 0 72 216
5.38318 5.38318 0.504864
16.1495 5.38318 0.984999
26.9159 5.38318 1.45769
37.6822 5.38318 1.61057
48.4486 5.38318 1.41601
59.215 5.38318 0.981239
69.9813 5.38318 0.522326
5.38318 16.1495 0.919876
16.1495 16.1495 2.0236
26.9159 16.1495 3.04025
37.6822 16.1495 3.48088
48.4486 16.1495 3.06589
59.215 16.1495 2.1484
69.9813 16.1495 1.1319
5.38318 26.9159 1.15496
16.1495 26.9159 2.66238
26.9159 26.9159 4.19578
37.6822 26.9159 4.82622
48.4486 26.9159 4.08648
59.215 26.9159 2.73208
69.9813 26.9159 1.35679
5.38318 37.6822 1.24234
16.1495 37.6822 2.80239
26.9159 37.6822 4.37527
37.6822 37.6822 4.9192
48.4486 37.6822 4.09035
59.215 37.6822 2.69614
69.9813 37.6822 1.37009
5.38318 48.4486 1.16444
16.1495 48.4486 2.47708
26.9159 48.4486 3.68493
37.6822 48.4486 3.83632
48.4486 48.4486 3.13346
59.215 48.4486 2.05266
69.9813 48.4486 1.18677
5.38318 59.215 0.736144
16.1495 59.215 1.48751
26.9159 59.215 2.00877
37.6822 59.215 1.98011
48.4486 59.215 1.76326
59.215 59.215 1.30283
69.9813 59.215 1.03227
5.38318 69.9813 0.321141
16.1495 69.9813 0.695885
26.9159 69.9813 0.888436
37.6822 69.9813 0.873689
48.4486 69.9813 0.879861
59.215 69.9813 0.824957
69.9813 69.9813 0.785467
5.38318 80.7477 -0.189531
16.1495 80.7477 -0.245347
26.9159 80.7477 -0.212012
37.6822 80.7477 -0.18909
48.4486 80.7477 -0.182431
59.215 80.7477 -0.0708502
69.9813 80.7477 0.194293
5.38318 91.514 -0.471207
16.1495 91.514 -0.740999
26.9159 91.514 -0.771777
37.6822 91.514 -0.770867
48.4486 91.514 -0.749373
59.215 91.514 -0.542678
69.9813 91.514 -0.214997
5.38318 102.28 -0.565231
16.1495 102.28 -0.900381
26.9159 102.28 -0.976427
37.6822 102.28 -0.978101
48.4486 102.28 -0.942557
59.215 102.28 -0.735149
69.9813 102.28 -0.325116
5.38318 113.047 -0.582533
16.1495 113.047 -0.927462
26.9159 113.047 -1.00047
37.6822 113.047 -0.992329
48.4486 113.047 -0.939765
59.215 113.047 -0.720245
69.9813 113.047 -0.307863
5.38318 123.813 -0.543818
16.1495 123.813 -0.847063
26.9159 123.813 -0.802008
37.6822 123.813 -0.743402
48.4486 123.813 -0.685003
59.215 123.813 -0.495049
69.9813 123.813 -0.196877
5.38318 134.579 -0.448117
16.1495 134.579 -0.59831
26.9159 134.579 -0.287276
37.6822 134.579 -0.132399
48.4486 134.579 -0.0772155
59.215 134.579 -0.0470268
69.9813 134.579 0.0508044
5.38318 145.346 -0.203773
16.1495 145.346 -0.0531937
26.9159 145.346 1.28625
37.6822 145.346 1.80682
48.4486 145.346 1.79497
59.215 145.346 1.31175
69.9813 145.346 0.751018
5.38318 156.112 0.108646
16.1495 156.112 0.993989
26.9159 156.112 2.58386
37.6822 156.112 3.09548
48.4486 156.112 2.96377
59.215 156.112 2.16415
69.9813 156.112 1.15746
5.38318 166.879 0.460829
16.1495 166.879 1.64618
26.9159 166.879 3.02395
37.6822 166.879 3.31242
48.4486 166.879 2.91948
59.215 166.879 1.91446
69.9813 166.879 1.01592
5.38318 177.645 0.655059
16.1495 177.645 1.92493
26.9159 177.645 2.94669
37.6822 177.645 2.8477
48.4486 177.645 2.08266
59.215 177.645 0.948105
69.9813 177.645 0.454988
5.38318 188.411 0.601071
16.1495 188.411 1.79357
26.9159 188.411 2.73161
37.6822 188.411 2.47575
48.4486 188.411 1.54588
59.215 188.411 0.337848
69.9813 188.411 0.107731
5.38318 199.178 0.44553
16.1495 199.178 1.417
26.9159 199.178 2.2703
37.6822 199.178 1.98641
48.4486 199.178 1.3197
59.215 199.178 0.37365
69.9813 199.178 0.251714
5.38318 209.944 0.318216
16.1495 209.944 1.0616
26.9159 209.944 1.6214
37.6822 209.944 1.50904
48.4486 209.944 1.12223
59.215 209.944 0.559313
69.9813 209.944 0.416225
