37 188
0 168 72 40
0 144 72 72
0 134 72 82
0 72 72 144
0 0 72 216
5.38318 5.38318 0.642227
16.1495 5.38318 1.08156
26.9159 5.38318 1.42183
37.6822 5.38318 1.58485
48.4486 5.38318 1.51118
59.215 5.38318 1.13068
69.9813 5.38318 0.678428
5.38318 16.1495 1.05403
16.1495 16.1495 2.08147
26.9159 16.1495 2.89353
37.6822 16.1495 3.21557
48.4486 16.1495 2.97994
59.215 16.1495 2.15325
69.9813 16.1495 1.25384
5.38318 26.9159 1.15862
16.1495 26.9159 2.49522
26.9159 26.9159 3.7119
37.6822 26.9159 4.1844
48.4486 26.9159 3.84182
59.215 26.9159 2.72257
69.9813 26.9159 1.50028
5.38318 37.6822 1.10415
16.1495 37.6822 2.46482
26.9159 37.6822 3.74479
37.6822 37.6822 4.16438
48.4486 37.6822 3.67472
59.215 37.6822 2.47886
69.9813 37.6822 1.2862
5.38318 48.4486 1.01999
16.1495 48.4486 2.06815
26.9159 48.4486 2.97583
37.6822 48.4486 3.27563
48.4486 48.4486 2.97582
59.215 48.4486 2.10889
69.9813 48.4486 1.17805
5.38318 59.215 0.83801
16.1495 59.215 1.6031
26.9159 59.215 1.88396
37.6822 59.215 1.99734
48.4486 59.215 1.93629
59.215 59.215 1.71762
69.9813 59.215 1.12823
5.38318 69.9813 0.723614
16.1495 69.9813 1.30881
26.9159 69.9813 1.40593
37.6822 69.9813 1.47433
48.4486 69.9813 1.46506
59.215 69.9813 1.46547
69.9813 69.9813 1.00689
5.38318 80.7477 -0.00540459
16.1495 80.7477 0.203342
26.9159 80.7477 0.445682
37.6822 80.7477 0.616094
48.4486 80.7477 0.580259
59.215 80.7477 0.724391
69.9813 80.7477 0.519815
5.38318 91.514 -0.274507
16.1495 91.514 -0.362629
26.9159 91.514 -0.243512
37.6822 91.514 -0.18081
48.4486 91.514 -0.212996
59.215 91.514 -0.138307
69.9813 91.514 -0.0646226
5.38318 102.28 -0.300231
16.1495 102.28 -0.43329
26.9159 102.28 -0.344156
37.6822 102.28 -0.292038
48.4486 102.28 -0.282096
59.215 102.28 -0.21787
69.9813 102.28 -0.0927037
5.38318 113.047 -0.300669
16.1495 113.047 -0.454981
26.9159 113.047 -0.456481
37.6822 113.047 -0.438754
48.4486 113.047 -0.421344
59.215 113.047 -0.33002
69.9813 113.047 -0.145823
5.38318 123.813 -0.279164
16.1495 123.813 -0.420736
26.9159 123.813 -0.402204
37.6822 123.813 -0.398627
48.4486 123.813 -0.386527
59.215 123.813 -0.302992
69.9813 123.813 -0.130536
5.38318 134.579 -0.187828
16.1495 134.579 -0.268592
26.9159 134.579 -0.219653
37.6822 134.579 -0.229318
48.4486 134.579 -0.217184
59.215 134.579 -0.170595
69.9813 134.579 -0.0475368
5.38318 145.346 -0.00105687
16.1495 145.346 0.0614468
26.9159 145.346 0.23338
37.6822 145.346 0.109265
48.4486 145.346 0.128336
59.215 145.346 0.105527
69.9813 145.346 0.214755
5.38318 156.112 0.474037
16.1495 156.112 0.985455
26.9159 156.112 1.44965
37.6822 156.112 1.33479
48.4486 156.112 1.26496
59.215 156.112 0.883023
69.9813 156.112 0.636382
5.38318 166.879 0.982394
16.1495 166.879 2.05641
26.9159 166.879 2.84901
37.6822 166.879 2.748
48.4486 166.879 2.43424
59.215 166.879 1.69895
69.9813 166.879 1.06018
5.38318 177.645 1.24877
16.1495 177.645 2.78811
26.9159 177.645 4.35978
37.6822 177.645 4.52353
48.4486 177.645 3.90264
59.215 177.645 2.49005
69.9813 177.645 1.37143
5.38318 188.411 1.11403
16.1495 188.411 2.8391
26.9159 188.411 5.04353
37.6822 188.411 5.50733
48.4486 188.411 4.81776
59.215 188.411 2.98115
69.9813 188.411 1.5234
5.38318 199.178 0.720049
16.1495 199.178 2.19897
26.9159 199.178 4.29586
37.6822 199.178 4.87781
48.4486 199.178 4.28572
59.215 199.178 2.55957
69.9813 199.178 1.23982
5.38318 209.944 0.317257
16.1495 209.944 0.995794
26.9159 209.944 2.04791
37.6822 209.944 2.17179
48.4486 209.944 1.9285
59.215 209.944 1.14933
69.9813 209.944 0.626647
