37 48
0 28 72 40
0 12 72 72
0 7 72 82
0 0 72 144
0 0 72 216
5.38318 5.38318 0.065821
16.1495 5.38318 -0.00734957
26.9159 5.38318 -0.00512959
37.6822 5.38318 -0.0142472
48.4486 5.38318 -0.00813712
59.215 5.38318 0.0889394
69.9813 5.38318 0.146627
5.38318 16.1495 0.206678
16.1495 16.1495 0.482429
26.9159 16.1495 0.850473
37.6822 16.1495 0.892402
48.4486 16.1495 0.833684
59.215 16.1495 0.632779
69.9813 16.1495 0.500016
5.38318 26.9159 0.1573
16.1495 26.9159 0.746829
26.9159 26.9159 1.60102
37.6822 26.9159 1.73807
48.4486 26.9159 1.47819
59.215 26.9159 0.81003
69.9813 26.9159 0.541184
5.38318 37.6822 0.764382
16.1495 37.6822 2.12133
26.9159 37.6822 3.67682
37.6822 37.6822 3.92855
48.4486 37.6822 3.38508
59.215 37.6822 1.91276
69.9813 37.6822 0.984616
5.38318 48.4486 0.911412
16.1495 48.4486 2.5265
26.9159 48.4486 4.6733
37.6822 48.4486 5.05085
48.4486 48.4486 4.34604
59.215 48.4486 2.31092
69.9813 48.4486 1.1564
5.38318 59.215 0.471042
16.1495 59.215 1.86292
26.9159 59.215 3.91642
37.6822 59.215 4.33672
48.4486 59.215 3.69093
59.215 59.215 1.80137
69.9813 59.215 0.796423
5.38318 69.9813 -0.209892
16.1495 69.9813 -0.10511
26.9159 69.9813 1.32078
37.6822 69.9813 1.41364
48.4486 69.9813 1.00898
59.215 69.9813 -0.0899543
69.9813 69.9813 -0.0842418
5.38318 80.7477 -0.519725
16.1495 80.7477 -0.796041
26.9159 80.7477 -0.742653
37.6822 80.7477 -0.756947
48.4486 80.7477 -0.838955
59.215 80.7477 -0.71898
69.9813 80.7477 -0.34893
5.38318 91.514 -0.578434
16.1495 91.514 -0.931899
26.9159 91.514 -1.04387
37.6822 91.514 -1.06721
48.4486 91.514 -1.04303
59.215 91.514 -0.83461
69.9813 91.514 -0.385487
5.38318 102.28 -0.588951
16.1495 102.28 -0.945254
26.9159 102.28 -1.04415
37.6822 102.28 -1.05433
48.4486 102.28 -1.00483
59.215 102.28 -0.795037
69.9813 102.28 -0.349232
5.38318 113.047 -0.57236
16.1495 113.047 -0.913427
26.9159 113.047 -0.99042
37.6822 113.047 -0.991645
48.4486 113.047 -0.943498
59.215 113.047 -0.738617
69.9813 113.047 -0.317403
5.38318 123.813 -0.542861
16.1495 123.813 -0.85502
26.9159 123.813 -0.878844
37.6822 123.813 -0.870832
48.4486 123.813 -0.802182
59.215 123.813 -0.606764
69.9813 123.813 -0.242396
5.38318 134.579 -0.421703
16.1495 134.579 -0.601152
26.9159 134.579 -0.491169
37.6822 134.579 -0.453999
48.4486 134.579 -0.399793
59.215 134.579 -0.329961
69.9813 134.579 -0.0936409
5.38318 145.346 -0.172757
16.1495 145.346 -0.105191
26.9159 145.346 0.536446
37.6822 145.346 0.865825
48.4486 145.346 0.984491
59.215 145.346 0.583457
69.9813 145.346 0.488543
5.38318 156.112 0.432516
16.1495 156.112 1.25148
26.9159 156.112 2.37716
37.6822 156.112 2.78495
48.4486 156.112 2.67456
59.215 156.112 1.82842
69.9813 156.112 1.10139
5.38318 166.879 1.16035
16.1495 166.879 2.39686
26.9159 166.879 3.8683
37.6822 166.879 4.31421
48.4486 166.879 3.95096
59.215 166.879 2.59572
69.9813 166.879 1.46002
5.38318 177.645 1.48016
16.1495 177.645 2.77861
26.9159 177.645 4.22612
37.6822 177.645 4.43051
48.4486 177.645 3.85289
59.215 177.645 2.50821
69.9813 177.645 1.38219
5.38318 188.411 1.43437
16.1495 188.411 2.38891
26.9159 188.411 3.29263
37.6822 188.411 3.07902
48.4486 188.411 2.60832
59.215 188.411 1.77304
69.9813 188.411 1.06446
5.38318 199.178 0.751974
16.1495 199.178 0.993204
26.9159 199.178 1.04473
37.6822 199.178 0.86062
48.4486 199.178 0.912354
59.215 199.178 0.987525
69.9813 199.178 0.847496
5.38318 209.944 0.1883
16.1495 209.944 0.250406
26.9159 209.944 0.0140652
37.6822 209.944 0.0453964
48.4486 209.944 0.368217
59.215 209.944 0.757729
69.9813 209.944 0.706236
