37 188
0 168 72 40
0 144 72 72
0 134 72 82
0 72 72 144
0 0 72 216
5.38318 5.38318 0.4082
16.1495 5.38318 0.602409
26.9159 5.38318 0.799432
37.6822 5.38318 0.867236
48.4486 5.38318 0.851625
59.215 5.38318 0.714858
69.9813 5.38318 0.46892
5.38318 16.1495 0.727835
16.1495 16.1495 1.29481
26.9159 16.1495 1.62583
37.6822 16.1495 1.71307
48.4486 16.1495 1.66546
59.215 16.1495 1.48601
69.9813 16.1495 1.00698
5.38318 26.9159 0.9663
16.1495 26.9159 1.6765
26.9159 26.9159 1.87046
37.6822 26.9159 1.9755
48.4486 26.9159 1.78301
59.215 26.9159 1.75268
69.9813 26.9159 1.17434
5.38318 37.6822 1.19062
16.1495 37.6822 2.10501
26.9159 37.6822 2.22192
37.6822 37.6822 2.36123
48.4486 37.6822 2.03099
59.215 37.6822 1.96887
69.9813 37.6822 1.27268
5.38318 48.4486 1.27839
16.1495 48.4486 2.26497
26.9159 48.4486 2.29045
37.6822 48.4486 2.42796
48.4486 48.4486 1.91664
59.215 48.4486 1.8539
69.9813 48.4486 1.11066
5.38318 59.215 1.0189
16.1495 59.215 1.85246
26.9159 59.215 1.90889
37.6822 59.215 2.08857
48.4486 59.215 1.66362
59.215 59.215 1.65862
69.9813 59.215 1.01919
5.38318 69.9813 0.593546
16.1495 69.9813 1.02967
26.9159 69.9813 0.970153
37.6822 69.9813 0.989963
48.4486 69.9813 0.610105
59.215 69.9813 0.876454
69.9813 69.9813 0.595017
5.38318 80.7477 -0.0274577
16.1495 80.7477 -0.00480852
26.9159 80.7477 0.164522
37.6822 80.7477 0.255811
48.4486 80.7477 0.138337
59.215 80.7477 0.455722
69.9813 80.7477 0.382202
5.38318 91.514 -0.21545
16.1495 91.514 -0.314487
26.9159 91.514 -0.254236
37.6822 91.514 -0.25466
48.4486 91.514 -0.249294
59.215 91.514 -0.142853
69.9813 91.514 -0.0194575
5.38318 102.28 -0.289772
16.1495 102.28 -0.427337
26.9159 102.28 -0.355204
37.6822 102.28 -0.33254
48.4486 102.28 -0.310604
59.215 102.28 -0.237763
69.9813 102.28 -0.0921787
5.38318 113.047 -0.276543
16.1495 113.047 -0.416985
26.9159 113.047 -0.390979
37.6822 113.047 -0.391454
48.4486 113.047 -0.379267
59.215 113.047 -0.298121
69.9813 113.047 -0.124943
5.38318 123.813 -0.179672
16.1495 123.813 -0.258513
26.9159 123.813 -0.202837
37.6822 123.813 -0.214076
48.4486 123.813 -0.209103
59.215 123.813 -0.157431
69.9813 123.813 -0.0448605
5.38318 134.579 0.0133343
16.1495 134.579 0.0767763
26.9159 134.579 0.240783
37.6822 134.579 0.115829
48.4486 134.579 0.0993127
59.215 134.579 0.148826
69.9813 134.579 0.22401
5.38318 145.346 0.487813
16.1495 145.346 0.922701
26.9159 145.346 1.21206
37.6822 145.346 1.13527
48.4486 145.346 1.08729
59.215 145.346 0.934078
69.9813 145.346 0.673183
5.38318 156.112 0.988511
16.1495 156.112 1.84924
26.9159 156.112 2.37338
37.6822 156.112 2.27402
48.4486 156.112 2.16277
59.215 156.112 1.74619
69.9813 156.112 1.15168
5.38318 166.879 1.34458
16.1495 166.879 2.5285
26.9159 166.879 3.61267
37.6822 166.879 3.63127
48.4486 166.879 3.50355
59.215 166.879 2.57743
69.9813 166.879 1.58006
5.38318 177.645 1.45831
16.1495 177.645 2.93381
26.9159 177.645 4.78706
37.6822 177.645 5.00196
48.4486 177.645 4.93649
59.215 177.645 3.38183
69.9813 177.645 1.93711
5.38318 188.411 1.2754
16.1495 188.411 2.69923
26.9159 188.411 4.79686
37.6822 188.411 5.24097
48.4486 188.411 5.19298
59.215 188.411 3.46206
69.9813 188.411 1.90514
5.38318 199.178 0.937834
16.1495 199.178 1.9092
26.9159 199.178 3.3653
37.6822 199.178 3.61971
48.4486 199.178 3.50726
59.215 199.178 2.3763
69.9813 199.178 1.32312
5.38318 209.944 0.373716
16.1495 209.944 0.639193
26.9159 209.944 1.09261
37.6822 209.944 1.05054
48.4486 209.944 0.931744
59.215 209.944 0.760034
69.9813 209.944 0.472903
