37 37
0 17 72 40
0 1 72 72
0 0 72 82
0 0 72 144
0 0 72 216
5.38318 5.38318 0.0262584
16.1495 5.38318 0.140142
26.9159 5.38318 0.58796
37.6822 5.38318 0.964848
48.4486 5.38318 1.03449
59.215 5.38318 0.742739
69.9813 5.38318 0.418402
5.38318 16.1495 0.115179
16.1495 16.1495 0.542028
26.9159 16.1495 1.36553
37.6822 16.1495 1.91603
48.4486 16.1495 1.995
59.215 16.1495 1.48688
69.9813 16.1495 0.839293
5.38318 26.9159 0.0966085
16.1495 26.9159 0.667523
26.9159 26.9159 1.51951
37.6822 26.9159 2.07629
48.4486 26.9159 2.04175
59.215 26.9159 1.4838
69.9813 26.9159 0.821937
5.38318 37.6822 0.477522
16.1495 37.6822 1.32036
26.9159 37.6822 1.9357
37.6822 37.6822 2.10941
48.4486 37.6822 1.71849
59.215 37.6822 1.12872
69.9813 37.6822 0.574891
5.38318 48.4486 0.529983
16.1495 48.4486 1.39286
26.9159 48.4486 1.8799
37.6822 48.4486 1.95262
48.4486 48.4486 1.47294
59.215 48.4486 0.899341
69.9813 48.4486 0.456431
5.38318 59.215 0.264432
16.1495 59.215 0.914608
26.9159 59.215 1.4818
37.6822 59.215 1.77083
48.4486 59.215 1.49097
59.215 59.215 1.0191
69.9813 59.215 0.489279
5.38318 69.9813 -0.0759506
16.1495 69.9813 0.159451
26.9159 69.9813 0.547881
37.6822 69.9813 0.853992
48.4486 69.9813 0.700596
59.215 69.9813 0.486649
69.9813 69.9813 0.254033
5.38318 80.7477 -0.199963
16.1495 80.7477 -0.233814
26.9159 80.7477 -0.17565
37.6822 80.7477 -0.118668
48.4486 80.7477 -0.140719
59.215 80.7477 -0.117117
69.9813 80.7477 -0.0443519
5.38318 91.514 -0.261595
16.1495 91.514 -0.387873
26.9159 91.514 -0.414963
37.6822 91.514 -0.437353
48.4486 91.514 -0.453675
59.215 91.514 -0.364359
69.9813 91.514 -0.169622
5.38318 102.28 -0.293454
16.1495 102.28 -0.444747
26.9159 102.28 -0.453743
37.6822 102.28 -0.455419
48.4486 102.28 -0.431744
59.215 102.28 -0.341978
69.9813 102.28 -0.14682
5.38318 113.047 -0.296931
16.1495 113.047 -0.44484
26.9159 113.047 -0.43903
37.6822 113.047 -0.420612
48.4486 113.047 -0.402299
59.215 113.047 -0.313301
69.9813 113.047 -0.137764
5.38318 123.813 -0.288308
16.1495 123.813 -0.417374
26.9159 123.813 -0.347821
37.6822 123.813 -0.297247
48.4486 123.813 -0.270971
59.215 123.813 -0.19201
69.9813 123.813 -0.0681162
5.38318 134.579 -0.237191
16.1495 134.579 -0.288541
26.9159 134.579 -0.137727
37.6822 134.579 -0.0524997
48.4486 134.579 -0.0419883
59.215 134.579 -0.00765268
69.9813 134.579 0.0917602
5.38318 145.346 -0.158462
16.1495 145.346 -0.145147
26.9159 145.346 0.220936
37.6822 145.346 0.514596
48.4486 145.346 0.566727
59.215 145.346 0.560108
69.9813 145.346 0.403842
5.38318 156.112 -0.0726335
16.1495 156.112 -0.00431182
26.9159 156.112 0.577826
37.6822 156.112 0.920842
48.4486 156.112 0.926057
59.215 156.112 0.831968
69.9813 156.112 0.544834
5.38318 166.879 -0.0127775
16.1495 166.879 0.0667263
26.9159 166.879 0.406235
37.6822 166.879 0.675217
48.4486 166.879 0.657679
59.215 166.879 0.621073
69.9813 166.879 0.498818
5.38318 177.645 -0.0867738
16.1495 177.645 -0.0916561
26.9159 177.645 -0.121795
37.6822 177.645 -0.0899811
48.4486 177.645 -0.133515
59.215 177.645 -0.0448573
69.9813 177.645 0.231998
5.38318 188.411 -0.120991
16.1495 188.411 -0.1604
26.9159 188.411 -0.269186
37.6822 188.411 -0.300827
48.4486 188.411 -0.313071
59.215 188.411 -0.164154
69.9813 188.411 0.177434
5.38318 199.178 -0.232103
16.1495 199.178 -0.316078
26.9159 199.178 -0.368088
37.6822 199.178 -0.332209
48.4486 199.178 -0.298494
59.215 199.178 -0.0483254
69.9813 199.178 0.329592
5.38318 209.944 -0.151214
16.1495 209.944 -0.179598
26.9159 209.944 -0.213704
37.6822 209.944 -0.215858
48.4486 209.944 -0.202293
59.215 209.944 0.0445264
69.9813 209.944 0.316689
