59 177
0 157 72 40
0 141 72 72
0 134 72 82
0 72 72 144
0 0 72 216
5.38318 5.38318 0.479833
16.1495 5.38318 0.993537
26.9159 5.38318 1.44653
37.6822 5.38318 1.73806
48.4486 5.38318 1.653
59.215 5.38318 1.2068
69.9813 5.38318 0.682038
5.38318 16.1495 0.725279
16.1495 16.1495 1.67142
26.9159 16.1495 2.48135
37.6822 16.1495 3.05772
48.4486 16.1495 3.00997
59.215 16.1495 2.26
69.9813 16.1495 1.29844
5.38318 26.9159 0.619783
16.1495 26.9159 1.63398
26.9159 26.9159 2.55018
37.6822 26.9159 3.25508
48.4486 26.9159 3.34605
59.215 26.9159 2.56859
69.9813 26.9159 1.53251
5.38318 37.6822 0.433902
16.1495 37.6822 1.2954
26.9159 37.6822 2.11136
37.6822 37.6822 2.63765
48.4486 37.6822 2.68748
59.215 37.6822 1.99092
69.9813 37.6822 1.24484
5.38318 48.4486 0.340525
16.1495 48.4486 1.09747
26.9159 48.4486 1.95007
37.6822 48.4486 2.30792
48.4486 48.4486 2.14203
59.215 48.4486 1.33295
69.9813 48.4486 0.839796
5.38318 59.215 0.399882
16.1495 59.215 1.27972
26.9159 59.215 2.17298
37.6822 59.215 2.57039
48.4486 59.215 2.23547
59.215 59.215 1.18697
69.9813 59.215 0.646484
5.38318 69.9813 0.468414
16.1495 69.9813 1.43224
26.9159 69.9813 2.2408
37.6822 69.9813 2.53183
48.4486 69.9813 2.07796
59.215 69.9813 0.932725
69.9813 69.9813 0.471926
5.38318 80.7477 0.294789
16.1495 80.7477 1.03026
26.9159 80.7477 1.61707
37.6822 80.7477 1.67805
48.4486 80.7477 1.167
59.215 80.7477 0.279212
69.9813 80.7477 0.15048
5.38318 91.514 -0.110045
16.1495 91.514 0.00283242
26.9159 91.514 0.220454
37.6822 91.514 0.0791818
48.4486 91.514 -0.1534
59.215 91.514 -0.289337
69.9813 91.514 -0.131955
5.38318 102.28 -0.267951
16.1495 102.28 -0.391598
26.9159 102.28 -0.356619
37.6822 102.28 -0.366278
48.4486 102.28 -0.407805
59.215 102.28 -0.367764
69.9813 102.28 -0.18076
5.38318 113.047 -0.256464
16.1495 113.047 -0.385205
26.9159 113.047 -0.3626
37.6822 113.047 -0.346581
48.4486 113.047 -0.335265
59.215 113.047 -0.254983
69.9813 113.047 -0.103154
5.38318 123.813 -0.0940526
16.1495 123.813 -0.112673
26.9159 123.813 -0.0554308
37.6822 123.813 -0.0840289
48.4486 123.813 -0.113671
59.215 123.813 -0.0881418
69.9813 123.813 0.0108178
5.38318 134.579 0.325537
16.1495 134.579 0.690589
26.9159 134.579 0.945397
37.6822 134.579 0.778377
48.4486 134.579 0.632348
59.215 134.579 0.460674
69.9813 134.579 0.406003
5.38318 145.346 1.06485
16.1495 145.346 1.89723
26.9159 145.346 2.2591
37.6822 145.346 1.99396
48.4486 145.346 1.82712
59.215 145.346 1.52809
69.9813 145.346 1.10522
5.38318 156.112 1.72094
16.1495 156.112 2.9008
26.9159 156.112 3.26432
37.6822 156.112 2.9992
48.4486 156.112 2.92132
59.215 156.112 2.55221
69.9813 156.112 1.81716
5.38318 166.879 2.51206
16.1495 166.879 3.86745
26.9159 166.879 3.88484
37.6822 166.879 3.57096
48.4486 166.879 3.84676
59.215 166.879 3.8242
69.9813 166.879 2.76578
5.38318 177.645 2.64572
16.1495 177.645 3.92279
26.9159 177.645 3.56934
37.6822 177.645 3.22483
48.4486 177.645 3.75828
59.215 177.645 4.13244
69.9813 177.645 3.11054
5.38318 188.411 2.26378
16.1495 188.411 3.33074
26.9159 188.411 3.00277
37.6822 188.411 2.71574
48.4486 188.411 3.24151
59.215 188.411 3.63046
69.9813 188.411 2.81653
5.38318 199.178 0.957307
16.1495 199.178 1.68699
26.9159 199.178 1.80016
37.6822 199.178 1.79275
48.4486 199.178 1.92956
59.215 199.178 1.96368
69.9813 199.178 1.58482
5.38318 209.944 0.395279
16.1495 209.944 0.856394
26.9159 209.944 1.15578
37.6822 209.944 1.24178
48.4486 209.944 1.3681
59.215 209.944 1.22119
69.9813 209.944 0.965878
