37 166
0 146 72 40
0 130 72 72
0 125 72 82
0 72 72 144
0 0 72 216
5.38318 5.38318 1.02196
16.1495 5.38318 1.55292
26.9159 5.38318 1.66903
37.6822 5.38318 1.59305
48.4486 5.38318 1.50978
59.215 5.38318 1.19139
69.9813 5.38318 0.750896
5.38318 16.1495 1.77275
16.1495 16.1495 2.96329
26.9159 16.1495 3.43926
37.6822 16.1495 3.46327
48.4486 16.1495 3.19368
59.215 16.1495 2.47883
69.9813 16.1495 1.49052
5.38318 26.9159 1.97921
16.1495 26.9159 3.49615
26.9159 26.9159 4.41634
37.6822 26.9159 4.86652
48.4486 26.9159 4.48848
59.215 26.9159 3.36985
69.9813 26.9159 1.85168
5.38318 37.6822 1.54192
16.1495 37.6822 2.88982
26.9159 37.6822 4.16501
37.6822 37.6822 5.17348
48.4486 37.6822 4.87533
59.215 37.6822 3.61535
69.9813 37.6822 1.84449
5.38318 48.4486 1.21247
16.1495 48.4486 2.19442
26.9159 48.4486 3.21778
37.6822 48.4486 4.11154
48.4486 48.4486 3.98951
59.215 48.4486 3.06051
69.9813 48.4486 1.62793
5.38318 59.215 1.08576
16.1495 59.215 1.8342
26.9159 59.215 2.15321
37.6822 59.215 2.40192
48.4486 59.215 2.27019
59.215 59.215 1.9803
69.9813 59.215 1.28841
5.38318 69.9813 0.939367
16.1495 69.9813 1.55706
26.9159 69.9813 1.58519
37.6822 69.9813 1.49677
48.4486 69.9813 1.24981
59.215 69.9813 1.10361
69.9813 69.9813 0.904516
5.38318 80.7477 0.249966
16.1495 80.7477 0.610436
26.9159 80.7477 0.638394
37.6822 80.7477 0.697073
48.4486 80.7477 0.453594
59.215 80.7477 0.56303
69.9813 80.7477 0.578563
5.38318 91.514 -0.253953
16.1495 91.514 -0.304882
26.9159 91.514 -0.246408
37.6822 91.514 -0.164092
48.4486 91.514 -0.180075
59.215 91.514 -0.11559
69.9813 91.514 0.0881326
5.38318 102.28 -0.299516
16.1495 102.28 -0.408042
26.9159 102.28 -0.323567
37.6822 102.28 -0.230598
48.4486 102.28 -0.194852
59.215 102.28 -0.122101
69.9813 102.28 0.0300858
5.38318 113.047 -0.290265
16.1495 113.047 -0.432453
26.9159 113.047 -0.407497
37.6822 113.047 -0.392973
48.4486 113.047 -0.384628
59.215 113.047 -0.306254
69.9813 113.047 -0.132337
5.38318 123.813 -0.217957
16.1495 123.813 -0.297214
26.9159 123.813 -0.230049
37.6822 123.813 -0.224955
48.4486 123.813 -0.246342
59.215 123.813 -0.205292
69.9813 123.813 -0.0828113
5.38318 134.579 -0.0730881
16.1495 134.579 0.056288
26.9159 134.579 0.448385
37.6822 134.579 0.50381
48.4486 134.579 0.312807
59.215 134.579 0.122984
69.9813 134.579 0.101209
5.38318 145.346 0.25338
16.1495 145.346 0.999424
26.9159 145.346 1.79389
37.6822 145.346 2.01455
48.4486 145.346 1.67036
59.215 145.346 1.01173
69.9813 145.346 0.484411
5.38318 156.112 0.580758
16.1495 156.112 1.95572
26.9159 156.112 3.26305
37.6822 156.112 3.75306
48.4486 156.112 3.06921
59.215 156.112 1.85641
69.9813 156.112 0.85062
5.38318 166.879 0.734537
16.1495 166.879 2.4611
26.9159 166.879 4.37573
37.6822 166.879 5.20625
48.4486 166.879 4.28837
59.215 166.879 2.49378
69.9813 166.879 1.0822
5.38318 177.645 0.736922
16.1495 177.645 2.32002
26.9159 177.645 4.16083
37.6822 177.645 4.95398
48.4486 177.645 4.1257
59.215 177.645 2.38295
69.9813 177.645 1.04824
5.38318 188.411 0.753868
16.1495 188.411 2.04859
26.9159 188.411 3.35101
37.6822 188.411 3.81999
48.4486 188.411 3.21449
59.215 188.411 1.94559
69.9813 188.411 0.997238
5.38318 199.178 0.61689
16.1495 199.178 1.48875
26.9159 199.178 2.00471
37.6822 199.178 2.06598
48.4486 199.178 1.71724
59.215 199.178 1.09828
69.9813 199.178 0.720231
5.38318 209.944 0.388126
16.1495 209.944 0.980695
26.9159 209.944 1.29657
37.6822 209.944 1.30671
48.4486 209.944 1.11298
59.215 209.944 0.781317
69.9813 209.944 0.515563
