48 48
0 28 72 40
0 12 72 72
0 7 72 82
0 0 72 144
0 0 72 216
5.38318 5.38318 0.359726
16.1495 5.38318 0.495223
26.9159 5.38318 0.640249
37.6822 5.38318 0.555012
48.4486 5.38318 0.629932
59.215 5.38318 0.549947
69.9813 5.38318 0.411482
5.38318 16.1495 0.657107
16.1495 16.1495 1.31547
26.9159 16.1495 1.9495
37.6822 16.1495 1.95868
48.4486 16.1495 2.04621
59.215 16.1495 1.59305
69.9813 16.1495 1.07297
5.38318 26.9159 0.421825
16.1495 26.9159 1.19631
26.9159 26.9159 2.32087
37.6822 26.9159 2.49075
48.4486 26.9159 2.65391
59.215 26.9159 1.98242
69.9813 26.9159 1.38628
5.38318 37.6822 0.634373
16.1495 37.6822 2.00702
26.9159 37.6822 3.75015
37.6822 37.6822 4.15854
48.4486 37.6822 4.23214
59.215 37.6822 2.88828
69.9813 37.6822 1.80303
5.38318 48.4486 0.466792
16.1495 48.4486 1.87574
26.9159 48.4486 3.80845
37.6822 48.4486 4.42018
48.4486 48.4486 4.44908
59.215 48.4486 2.97445
69.9813 48.4486 1.80398
5.38318 59.215 0.373979
16.1495 59.215 1.34283
26.9159 59.215 2.88081
37.6822 59.215 3.27054
48.4486 59.215 3.33493
59.215 59.215 2.32035
69.9813 59.215 1.5112
5.38318 69.9813 -0.0953448
16.1495 69.9813 -0.0671248
26.9159 69.9813 0.628175
37.6822 69.9813 0.616143
48.4486 69.9813 0.799937
59.215 69.9813 0.534478
69.9813 69.9813 0.632402
5.38318 80.7477 -0.178395
16.1495 80.7477 -0.220734
26.9159 80.7477 0.153354
37.6822 80.7477 0.0718504
48.4486 80.7477 0.355634
59.215 80.7477 0.202689
69.9813 80.7477 0.487137
5.38318 91.514 -0.244896
16.1495 91.514 -0.319862
26.9159 91.514 -0.0853451
37.6822 91.514 -0.111196
48.4486 91.514 0.0184887
59.215 91.514 -0.108622
69.9813 91.514 0.152044
5.38318 102.28 -0.254683
16.1495 102.28 -0.339377
26.9159 102.28 -0.226629
37.6822 102.28 -0.217257
48.4486 102.28 -0.19211
59.215 102.28 -0.186143
69.9813 102.28 -0.0410465
5.38318 113.047 -0.259316
16.1495 113.047 -0.395124
26.9159 113.047 -0.384243
37.6822 113.047 -0.392258
48.4486 113.047 -0.397575
59.215 113.047 -0.318165
69.9813 113.047 -0.140947
5.38318 123.813 -0.0827532
16.1495 123.813 -0.144946
26.9159 123.813 -0.154559
37.6822 123.813 -0.269774
48.4486 123.813 -0.366224
59.215 123.813 -0.325544
69.9813 123.813 -0.151044
5.38318 134.579 0.564718
16.1495 134.579 0.737442
26.9159 134.579 0.645804
37.6822 134.579 -0.0106834
48.4486 134.579 -0.243252
59.215 134.579 -0.29072
69.9813 134.579 -0.138377
5.38318 145.346 1.47821
16.1495 145.346 2.11893
26.9159 145.346 2.01334
37.6822 145.346 1.03962
48.4486 145.346 0.258631
59.215 145.346 -0.0844246
69.9813 145.346 -0.0334604
5.38318 156.112 2.21765
16.1495 156.112 3.17556
26.9159 156.112 3.10985
37.6822 156.112 2.11666
48.4486 156.112 1.33418
59.215 156.112 0.661197
69.9813 156.112 0.35209
5.38318 166.879 2.40087
16.1495 166.879 3.53235
26.9159 166.879 3.83722
37.6822 166.879 3.45695
48.4486 166.879 2.88828
59.215 166.879 1.97793
69.9813 166.879 0.99459
5.38318 177.645 1.93681
16.1495 177.645 2.92865
26.9159 177.645 3.69542
37.6822 177.645 4.3586
48.4486 177.645 4.23786
59.215 177.645 3.12433
69.9813 177.645 1.49549
5.38318 188.411 1.40935
16.1495 188.411 2.30544
26.9159 188.411 3.34606
37.6822 188.411 4.39749
48.4486 188.411 4.4358
59.215 188.411 3.34954
69.9813 188.411 1.6249
5.38318 199.178 0.682912
16.1495 199.178 1.33242
26.9159 199.178 2.07802
37.6822 199.178 2.66654
48.4486 199.178 2.60915
59.215 199.178 2.15211
69.9813 199.178 1.1578
5.38318 209.944 0.480419
16.1495 209.944 1.07057
26.9159 209.944 1.36686
37.6822 209.944 1.2542
48.4486 209.944 1.02882
59.215 209.944 0.889478
69.9813 209.944 0.678929
