48 177
0 157 72 40
0 141 72 72
0 134 72 82
0 72 72 144
0 0 72 216
5.38318 5.38318 0.428204
16.1495 5.38318 0.729834
26.9159 5.38318 1.18307
37.6822 5.38318 1.44939
48.4486 5.38318 1.55763
59.215 5.38318 1.45282
69.9813 5.38318 0.945252
5.38318 16.1495 0.887648
16.1495 16.1495 1.5324
26.9159 16.1495 2.30158
37.6822 16.1495 2.59666
48.4486 16.1495 2.74315
59.215 16.1495 2.52172
69.9813 16.1495 1.68358
5.38318 26.9159 1.11333
16.1495 26.9159 1.76013
26.9159 26.9159 2.56006
37.6822 26.9159 2.57751
48.4486 26.9159 2.72991
59.215 26.9159 2.43822
69.9813 26.9159 1.72411
5.38318 37.6822 1.21505
16.1495 37.6822 1.82798
26.9159 37.6822 2.54491
37.6822 37.6822 2.17022
48.4486 37.6822 2.33439
59.215 37.6822 1.96555
69.9813 37.6822 1.45279
5.38318 48.4486 0.820653
16.1495 48.4486 1.18573
26.9159 48.4486 1.83815
37.6822 48.4486 1.34928
48.4486 48.4486 1.72739
59.215 48.4486 1.46757
69.9813 48.4486 1.25578
5.38318 59.215 0.218105
16.1495 59.215 0.344178
26.9159 59.215 0.931875
37.6822 59.215 0.727943
48.4486 59.215 1.14841
59.215 59.215 1.1239
69.9813 59.215 1.08077
5.38318 69.9813 -0.104461
16.1495 69.9813 -0.200758
26.9159 69.9813 -0.0881275
37.6822 69.9813 -0.157522
48.4486 69.9813 0.153785
59.215 69.9813 0.39205
69.9813 69.9813 0.626924
5.38318 80.7477 -0.140156
16.1495 80.7477 -0.211244
26.9159 80.7477 -0.0962953
37.6822 80.7477 -0.091384
48.4486 80.7477 0.0773563
59.215 80.7477 0.407718
69.9813 80.7477 0.543944
5.38318 91.514 -0.19933
16.1495 91.514 -0.279122
26.9159 91.514 -0.197303
37.6822 91.514 -0.184902
48.4486 91.514 -0.122345
59.215 91.514 0.0299666
69.9813 91.514 0.272593
5.38318 102.28 -0.208173
16.1495 102.28 -0.280648
26.9159 102.28 -0.205278
37.6822 102.28 -0.193182
48.4486 102.28 -0.181201
59.215 102.28 -0.115394
69.9813 102.28 0.0288523
5.38318 113.047 -0.293456
16.1495 113.047 -0.44239
26.9159 113.047 -0.438311
37.6822 113.047 -0.430379
48.4486 113.047 -0.417087
59.215 113.047 -0.327302
69.9813 113.047 -0.143836
5.38318 123.813 -0.292339
16.1495 123.813 -0.443175
26.9159 123.813 -0.436777
37.6822 123.813 -0.430078
48.4486 123.813 -0.412272
59.215 123.813 -0.310296
69.9813 123.813 -0.132133
5.38318 134.579 -0.266429
16.1495 134.579 -0.394244
26.9159 134.579 -0.353486
37.6822 134.579 -0.339258
48.4486 134.579 -0.335123
59.215 134.579 -0.230552
69.9813 134.579 -0.0942293
5.38318 145.346 -0.20046
16.1495 145.346 -0.233283
26.9159 145.346 -0.0863383
37.6822 145.346 0.013069
48.4486 145.346 -0.0074736
59.215 145.346 0.0894609
69.9813 145.346 0.105322
5.38318 156.112 -0.084667
16.1495 156.112 0.0984113
26.9159 156.112 0.859469
37.6822 156.112 1.35862
48.4486 156.112 1.36773
59.215 156.112 1.05581
69.9813 156.112 0.601697
5.38318 166.879 0.242743
16.1495 166.879 0.902048
26.9159 166.879 2.09631
37.6822 166.879 2.84999
48.4486 166.879 2.88147
59.215 166.879 2.09349
69.9813 166.879 1.12758
5.38318 177.645 0.871745
16.1495 177.645 1.70552
26.9159 177.645 2.97261
37.6822 177.645 3.94314
48.4486 177.645 4.10654
59.215 177.645 3.03581
69.9813 177.645 1.62928
5.38318 188.411 1.54602
16.1495 188.411 2.46512
26.9159 188.411 3.34075
37.6822 188.411 3.94092
48.4486 188.411 3.97372
59.215 188.411 2.98902
69.9813 188.411 1.59172
5.38318 199.178 1.85915
16.1495 199.178 2.54071
26.9159 199.178 2.71651
37.6822 199.178 2.65273
48.4486 199.178 2.55162
59.215 199.178 2.12451
69.9813 199.178 1.21149
5.38318 209.944 1.37573
16.1495 209.944 1.79956
26.9159 209.944 1.70209
37.6822 209.944 1.38251
48.4486 209.944 1.2792
59.215 209.944 1.13823
69.9813 209.944 0.727693
