37 177
0 157 72 40
0 141 72 72
0 134 72 82
0 72 72 144
0 0 72 216
5.38318 5.38318 0.649707
16.1495 5.38318 1.12294
26.9159 5.38318 1.5991
37.6822 5.38318 1.48984
48.4486 5.38318 1.35298
59.215 5.38318 0.768822
69.9813 5.38318 0.488023
5.38318 16.1495 1.00947
16.1495 16.1495 1.948
26.9159 16.1495 3.02745
37.6822 16.1495 2.99376
48.4486 16.1495 2.69824
59.215 16.1495 1.62295
69.9813 16.1495 0.965288
5.38318 26.9159 0.988144
16.1495 26.9159 2.10987
26.9159 26.9159 3.69053
37.6822 26.9159 3.80923
48.4486 26.9159 3.40019
59.215 26.9159 1.97132
69.9813 26.9159 1.09204
5.38318 37.6822 0.833823
16.1495 37.6822 1.84431
26.9159 37.6822 3.37249
37.6822 37.6822 3.6526
48.4486 37.6822 3.23734
59.215 37.6822 1.90131
69.9813 37.6822 1.00441
5.38318 48.4486 0.845431
16.1495 48.4486 1.73174
26.9159 48.4486 2.81868
37.6822 48.4486 2.98895
48.4486 48.4486 2.69553
59.215 48.4486 1.72437
69.9813 48.4486 1.0503
5.38318 59.215 0.649266
16.1495 59.215 1.15314
26.9159 59.215 1.6074
37.6822 59.215 1.59223
48.4486 59.215 1.75875
59.215 59.215 1.46861
69.9813 59.215 1.13596
5.38318 69.9813 0.27773
16.1495 69.9813 0.429832
26.9159 69.9813 0.679038
37.6822 69.9813 0.774118
48.4486 69.9813 1.16996
59.215 69.9813 1.23654
69.9813 69.9813 1.02083
5.38318 80.7477 -0.209906
16.1495 80.7477 -0.36136
26.9159 80.7477 -0.348759
37.6822 80.7477 -0.342682
48.4486 80.7477 -0.176915
59.215 80.7477 0.111766
69.9813 80.7477 0.40347
5.38318 91.514 -0.486747
16.1495 91.514 -0.795401
26.9159 91.514 -0.855551
37.6822 91.514 -0.844546
48.4486 91.514 -0.75363
59.215 91.514 -0.507936
69.9813 91.514 -0.184095
5.38318 102.28 -0.571148
16.1495 102.28 -0.917447
26.9159 102.28 -1.00231
37.6822 102.28 -0.999145
48.4486 102.28 -0.947748
59.215 102.28 -0.735201
69.9813 102.28 -0.319789
5.38318 113.047 -0.585094
16.1495 113.047 -0.935839
26.9159 113.047 -1.01613
37.6822 113.047 -1.01371
48.4486 113.047 -0.959527
59.215 113.047 -0.756751
69.9813 113.047 -0.326778
5.38318 123.813 -0.568639
16.1495 123.813 -0.895893
26.9159 123.813 -0.950028
37.6822 123.813 -0.935919
48.4486 123.813 -0.889464
59.215 123.813 -0.675988
69.9813 123.813 -0.28826
5.38318 134.579 -0.512391
16.1495 134.579 -0.774913
26.9159 134.579 -0.688792
37.6822 134.579 -0.671932
48.4486 134.579 -0.656962
59.215 134.579 -0.535267
69.9813 134.579 -0.222468
5.38318 145.346 -0.301317
16.1495 145.346 -0.272365
26.9159 145.346 0.231486
37.6822 145.346 0.377309
48.4486 145.346 0.124505
59.215 145.346 -0.143145
69.9813 145.346 -0.0546659
5.38318 156.112 0.00183493
16.1495 156.112 0.826013
26.9159 156.112 2.21327
37.6822 156.112 2.38895
48.4486 156.112 1.88123
59.215 156.112 0.731643
69.9813 156.112 0.353713
5.38318 166.879 0.621316
16.1495 166.879 2.11729
26.9159 166.879 4.03962
37.6822 166.879 4.45919
48.4486 166.879 3.71491
59.215 166.879 1.9468
69.9813 166.879 0.843642
5.38318 177.645 0.818551
16.1495 177.645 2.33879
26.9159 177.645 4.37766
37.6822 177.645 4.89286
48.4486 177.645 4.21246
59.215 177.645 2.3246
69.9813 177.645 1.1556
5.38318 188.411 0.949081
16.1495 188.411 2.24236
26.9159 188.411 3.91465
37.6822 188.411 4.23816
48.4486 188.411 3.81192
59.215 188.411 2.27622
69.9813 188.411 1.30376
5.38318 199.178 0.933628
16.1495 199.178 1.84671
26.9159 199.178 2.60138
37.6822 199.178 2.654
48.4486 199.178 2.7203
59.215 199.178 2.0052
69.9813 199.178 1.38832
5.38318 209.944 0.854796
16.1495 209.944 1.60317
26.9159 209.944 2.05126
37.6822 209.944 2.08126
48.4486 209.944 2.28289
59.215 209.944 1.86024
69.9813 209.944 1.28452
