48 166
0 146 72 40
0 130 72 72
0 125 72 82
0 72 72 144
0 0 72 216
5.38318 5.38318 0.0600438
16.1495 5.38318 0.254527
26.9159 5.38318 0.96563
37.6822 5.38318 1.21188
48.4486 5.38318 0.954632
59.215 5.38318 0.486085
69.9813 5.38318 0.199595
5.38318 16.1495 -0.0398165
16.1495 16.1495 0.537289
26.9159 16.1495 1.8897
37.6822 16.1495 2.35494
48.4486 16.1495 1.93026
59.215 16.1495 1.05127
69.9813 16.1495 0.493112
5.38318 26.9159 -0.252187
16.1495 26.9159 0.115708
26.9159 26.9159 2.01077
37.6822 26.9159 2.77139
48.4486 26.9159 2.22551
59.215 26.9159 1.02167
69.9813 26.9159 0.361965
5.38318 37.6822 -0.158313
16.1495 37.6822 0.349912
26.9159 37.6822 1.97434
37.6822 37.6822 2.67049
48.4486 37.6822 2.18421
59.215 37.6822 1.1987
69.9813 37.6822 0.517572
5.38318 48.4486 0.18467
16.1495 48.4486 0.897648
26.9159 48.4486 2.03207
37.6822 48.4486 2.40865
48.4486 48.4486 2.04323
59.215 48.4486 1.33146
69.9813 48.4486 0.741826
5.38318 59.215 0.669255
16.1495 59.215 1.5778
26.9159 59.215 2.23845
37.6822 59.215 2.47208
48.4486 59.215 2.27826
59.215 59.215 2.00021
69.9813 59.215 1.28293
5.38318 69.9813 0.780967
16.1495 69.9813 1.68526
26.9159 69.9813 2.08811
37.6822 69.9813 2.24989
48.4486 69.9813 2.18981
59.215 69.9813 2.15048
69.9813 69.9813 1.44847
5.38318 80.7477 0.275554
16.1495 80.7477 0.739461
26.9159 80.7477 0.824154
37.6822 80.7477 0.909128
48.4486 80.7477 0.93896
59.215 80.7477 1.28794
69.9813 80.7477 1.04724
5.38318 91.514 -0.326216
16.1495 91.514 -0.446821
26.9159 91.514 -0.513923
37.6822 91.514 -0.529751
48.4486 91.514 -0.544455
59.215 91.514 -0.285986
69.9813 91.514 -0.0404023
5.38318 102.28 -0.53296
16.1495 102.28 -0.84775
26.9159 102.28 -0.931237
37.6822 102.28 -0.943206
48.4486 102.28 -0.920628
59.215 102.28 -0.686929
69.9813 102.28 -0.295049
5.38318 113.047 -0.555494
16.1495 113.047 -0.88645
26.9159 113.047 -0.966554
37.6822 113.047 -0.971359
48.4486 113.047 -0.922515
59.215 113.047 -0.686462
69.9813 113.047 -0.287398
5.38318 123.813 -0.381126
16.1495 123.813 -0.573942
26.9159 123.813 -0.54072
37.6822 123.813 -0.542782
48.4486 123.813 -0.49798
59.215 123.813 -0.340626
69.9813 123.813 -0.0841362
5.38318 134.579 0.123182
16.1495 134.579 0.305382
26.9159 134.579 0.607553
37.6822 134.579 0.561762
48.4486 134.579 0.739128
59.215 134.579 0.704233
69.9813 134.579 0.712515
5.38318 145.346 1.41097
16.1495 145.346 2.49964
26.9159 145.346 3.00481
37.6822 145.346 2.99167
48.4486 145.346 3.16747
59.215 145.346 2.69333
69.9813 145.346 1.85815
5.38318 156.112 2.38146
16.1495 156.112 4.0616
26.9159 156.112 4.64651
37.6822 156.112 4.63074
48.4486 156.112 4.93501
59.215 156.112 4.24764
69.9813 156.112 2.80072
5.38318 166.879 2.72542
16.1495 166.879 4.56115
26.9159 166.879 5.14266
37.6822 166.879 5.19433
48.4486 166.879 5.41309
59.215 166.879 4.71243
69.9813 166.879 2.99312
5.38318 177.645 2.18811
16.1495 177.645 3.49686
26.9159 177.645 3.95896
37.6822 177.645 4.00609
48.4486 177.645 4.06275
59.215 177.645 3.58077
69.9813 177.645 2.24137
5.38318 188.411 1.42556
16.1495 188.411 2.26194
26.9159 188.411 2.72149
37.6822 188.411 2.66833
48.4486 188.411 2.70452
59.215 188.411 2.45819
69.9813 188.411 1.61132
5.38318 199.178 1.056
16.1495 199.178 1.74377
26.9159 199.178 2.26772
37.6822 199.178 2.21954
48.4486 199.178 2.24552
59.215 199.178 2.0942
69.9813 199.178 1.42167
5.38318 209.944 0.495749
16.1495 209.944 0.936565
26.9159 209.944 1.37031
37.6822 209.944 1.41066
48.4486 209.944 1.60573
59.215 209.944 1.54173
69.9813 209.944 1.111
