37 26
0 6 72 40
0 0 72 72
0 0 72 82
0 0 72 144
0 0 72 216
5.38318 5.38318 0.391064
16.1495 5.38318 0.918237
26.9159 5.38318 1.67845
37.6822 5.38318 1.81919
48.4486 5.38318 1.48721
59.215 5.38318 0.789483
69.9813 5.38318 0.328985
5.38318 16.1495 0.727114
16.1495 16.1495 1.90805
26.9159 16.1495 3.60358
37.6822 16.1495 4.0158
48.4486 16.1495 3.30868
59.215 16.1495 1.82028
69.9813 16.1495 0.829023
5.38318 26.9159 0.890391
16.1495 26.9159 2.55876
26.9159 26.9159 5.03612
37.6822 26.9159 5.71279
48.4486 26.9159 4.67876
59.215 26.9159 2.42857
69.9813 26.9159 0.997944
5.38318 37.6822 1.00393
16.1495 37.6822 2.59571
26.9159 37.6822 4.73459
37.6822 37.6822 5.27827
48.4486 37.6822 4.3434
59.215 37.6822 2.35989
69.9813 37.6822 1.04837
5.38318 48.4486 0.874148
16.1495 48.4486 2.06795
26.9159 48.4486 3.23757
37.6822 48.4486 3.48094
48.4486 48.4486 2.93779
59.215 48.4486 1.75356
69.9813 48.4486 0.951532
5.38318 59.215 0.676767
16.1495 59.215 1.66441
26.9159 59.215 2.33197
37.6822 59.215 2.4682
48.4486 59.215 2.1625
59.215 59.215 1.46935
69.9813 59.215 0.891963
5.38318 69.9813 0.250694
16.1495 69.9813 0.868814
26.9159 69.9813 1.37622
37.6822 69.9813 1.46695
48.4486 69.9813 1.24655
59.215 69.9813 0.838648
69.9813 69.9813 0.55225
5.38318 80.7477 -0.130951
16.1495 80.7477 -0.0382705
26.9159 80.7477 0.248639
37.6822 80.7477 0.320529
48.4486 80.7477 0.133427
59.215 80.7477 -0.00299209
69.9813 80.7477 0.0819561
5.38318 91.514 -0.264568
16.1495 91.514 -0.36189
26.9159 91.514 -0.34204
37.6822 91.514 -0.336387
48.4486 91.514 -0.369861
59.215 91.514 -0.312815
69.9813 91.514 -0.137284
5.38318 102.28 -0.302402
16.1495 102.28 -0.460936
26.9159 102.28 -0.455813
37.6822 102.28 -0.421476
48.4486 102.28 -0.407773
59.215 102.28 -0.326614
69.9813 102.28 -0.154569
5.38318 113.047 -0.294642
16.1495 113.047 -0.43795
26.9159 113.047 -0.409863
37.6822 113.047 -0.3831
48.4486 113.047 -0.372888
59.215 113.047 -0.300914
69.9813 113.047 -0.133778
5.38318 123.813 -0.199869
16.1495 123.813 -0.215413
26.9159 123.813 -0.0995981
37.6822 123.813 -0.0156547
48.4486 123.813 -0.0759012
59.215 123.813 -0.100215
69.9813 123.813 -0.0389803
5.38318 134.579 -0.0673606
16.1495 134.579 0.177981
26.9159 134.579 0.721593
37.6822 134.579 1.1051
48.4486 134.579 0.85336
59.215 134.579 0.544479
69.9813 134.579 0.301223
5.38318 145.346 0.283875
16.1495 145.346 1.09127
26.9159 145.346 1.9622
37.6822 145.346 2.62805
48.4486 145.346 2.31693
59.215 145.346 1.64974
69.9813 145.346 0.843671
5.38318 156.112 0.418049
16.1495 156.112 1.3974
26.9159 156.112 2.46504
37.6822 156.112 3.41915
48.4486 156.112 3.2697
59.215 156.112 2.41769
69.9813 156.112 1.26484
5.38318 166.879 0.489737
16.1495 166.879 1.46698
26.9159 166.879 2.48168
37.6822 166.879 3.4873
48.4486 166.879 3.54216
59.215 166.879 2.68525
69.9813 166.879 1.48194
5.38318 177.645 0.251348
16.1495 177.645 0.886361
26.9159 177.645 1.71655
37.6822 177.645 2.47528
48.4486 177.645 2.74828
59.215 177.645 2.16554
69.9813 177.645 1.3357
5.38318 188.411 0.123685
16.1495 188.411 0.714972
26.9159 188.411 1.51339
37.6822 188.411 2.17223
48.4486 188.411 2.2049
59.215 188.411 1.58513
69.9813 188.411 0.966519
5.38318 199.178 -0.0400466
16.1495 199.178 0.405838
26.9159 199.178 1.16319
37.6822 199.178 1.80341
48.4486 199.178 1.63558
59.215 199.178 1.00465
69.9813 199.178 0.563354
5.38318 209.944 -0.0506074
16.1495 209.944 0.338017
26.9159 209.944 0.987301
37.6822 209.944 1.48141
48.4486 209.944 1.2774
59.215 209.944 0.782342
69.9813 209.944 0.379528
