26 26
0 6 72 40
0 0 72 72
0 0 72 82
0 0 72 144
0 0 72 216
5.38318 5.38318 0.856852
16.1495 5.38318 1.48841
26.9159 5.38318 1.70924
37.6822 5.38318 1.43824
48.4486 5.38318 1.01329
59.215 5.38318 0.643122
69.9813 5.38318 0.381407
5.38318 16.1495 1.42456
16.1495 16.1495 2.71459
26.9159 16.1495 3.30766
37.6822 16.1495 2.86337
48.4486 16.1495 2.1587
59.215 16.1495 1.48127
69.9813 16.1495 0.906892
5.38318 26.9159 1.61962
16.1495 26.9159 3.16427
26.9159 26.9159 3.88517
37.6822 26.9159 3.50039
48.4486 26.9159 2.75491
59.215 26.9159 2.07322
69.9813 26.9159 1.29026
5.38318 37.6822 1.53821
16.1495 37.6822 2.88784
26.9159 37.6822 3.56062
37.6822 37.6822 3.35298
48.4486 37.6822 2.92281
59.215 37.6822 2.36565
69.9813 37.6822 1.53283
5.38318 48.4486 1.30868
16.1495 48.4486 2.43062
26.9159 48.4486 2.97466
37.6822 48.4486 2.88576
48.4486 48.4486 2.50924
59.215 48.4486 2.08495
69.9813 48.4486 1.36478
5.38318 59.215 1.01279
16.1495 59.215 2.02498
26.9159 59.215 2.5907
37.6822 59.215 2.54046
48.4486 59.215 2.04104
59.215 59.215 1.47715
69.9813 59.215 0.957864
5.38318 69.9813 0.0311132
16.1495 69.9813 0.331085
26.9159 69.9813 0.712946
37.6822 69.9813 0.781358
48.4486 69.9813 0.572161
59.215 69.9813 0.361488
69.9813 69.9813 0.361224
5.38318 80.7477 -0.198385
16.1495 80.7477 -0.260717
26.9159 80.7477 -0.183916
37.6822 80.7477 -0.134329
48.4486 80.7477 -0.164982
59.215 80.7477 -0.167454
69.9813 80.7477 -0.0407555
5.38318 91.514 -0.292474
16.1495 91.514 -0.437372
26.9159 91.514 -0.430418
37.6822 91.514 -0.393846
48.4486 91.514 -0.375318
59.215 91.514 -0.308044
69.9813 91.514 -0.12745
5.38318 102.28 -0.302757
16.1495 102.28 -0.452714
26.9159 102.28 -0.431034
37.6822 102.28 -0.386887
48.4486 102.28 -0.354579
59.215 102.28 -0.286833
69.9813 102.28 -0.119228
5.38318 113.047 -0.29603
16.1495 113.047 -0.442437
26.9159 113.047 -0.412451
37.6822 113.047 -0.39217
48.4486 113.047 -0.375268
59.215 113.047 -0.307816
69.9813 113.047 -0.139878
5.38318 123.813 -0.277206
16.1495 123.813 -0.379076
26.9159 123.813 -0.266068
37.6822 123.813 -0.221554
48.4486 123.813 -0.237775
59.215 123.813 -0.226099
69.9813 123.813 -0.115727
5.38318 134.579 -0.199683
16.1495 134.579 -0.225465
26.9159 134.579 -0.0112192
37.6822 134.579 0.10729
48.4486 134.579 -0.0174991
59.215 134.579 -0.101766
69.9813 134.579 -0.0789318
5.38318 145.346 -0.0426261
16.1495 145.346 0.159506
26.9159 145.346 0.871247
37.6822 145.346 1.04054
48.4486 145.346 0.785905
59.215 145.346 0.363249
69.9813 145.346 0.0799064
5.38318 156.112 0.298598
16.1495 156.112 0.709981
26.9159 156.112 1.52687
37.6822 156.112 1.63152
48.4486 156.112 1.36425
59.215 156.112 0.693667
69.9813 156.112 0.30429
5.38318 166.879 0.663941
16.1495 166.879 1.18176
26.9159 166.879 1.78383
37.6822 166.879 1.63759
48.4486 166.879 1.46878
59.215 166.879 0.854683
69.9813 166.879 0.557791
5.38318 177.645 0.810663
16.1495 177.645 1.27426
26.9159 177.645 1.42626
37.6822 177.645 1.02477
48.4486 177.645 1.07019
59.215 177.645 0.812299
69.9813 177.645 0.749356
5.38318 188.411 0.793371
16.1495 188.411 1.13376
26.9159 188.411 0.899898
37.6822 188.411 0.31813
48.4486 188.411 0.458546
59.215 188.411 0.708738
69.9813 188.411 0.784315
5.38318 199.178 0.446289
16.1495 199.178 0.485315
26.9159 199.178 0.0450182
37.6822 199.178 -0.0880356
48.4486 199.178 0.0207271
59.215 199.178 0.62761
69.9813 199.178 0.655863
5.38318 209.944 0.282477
16.1495 209.944 0.282074
26.9159 209.944 -0.0453624
37.6822 209.944 -0.129692
48.4486 209.944 -0.10973
59.215 209.944 0.338395
69.9813 209.944 0.386839
