16 26
0 6 72 40
0 0 72 72
0 0 72 82
0 0 72 144
0 0 72 216
5.38318 5.38318 0.920162
16.1495 5.38318 1.29619
26.9159 5.38318 1.24913
37.6822 5.38318 1.10309
48.4486 5.38318 1.23653
59.215 5.38318 1.21262
69.9813 5.38318 0.908875
5.38318 16.1495 1.52992
16.1495 16.1495 2.26256
26.9159 16.1495 2.20421
37.6822 16.1495 1.89998
48.4486 16.1495 2.02979
59.215 16.1495 2.0588
69.9813 16.1495 1.58016
5.38318 26.9159 1.64752
16.1495 26.9159 2.37488
26.9159 26.9159 2.22167
37.6822 26.9159 1.73742
48.4486 26.9159 1.71867
59.215 26.9159 1.77567
69.9813 26.9159 1.4296
5.38318 37.6822 1.27876
16.1495 37.6822 1.80665
26.9159 37.6822 1.70956
37.6822 37.6822 1.24851
48.4486 37.6822 0.967317
59.215 37.6822 0.972058
69.9813 37.6822 0.814475
5.38318 48.4486 1.14516
16.1495 48.4486 1.59205
26.9159 48.4486 1.50295
37.6822 48.4486 0.911357
48.4486 48.4486 0.509053
59.215 48.4486 0.432973
69.9813 48.4486 0.418148
5.38318 59.215 1.35672
16.1495 59.215 1.95012
26.9159 59.215 1.85935
37.6822 59.215 1.05422
48.4486 59.215 0.414403
59.215 59.215 0.0146471
69.9813 59.215 0.157244
5.38318 69.9813 1.31866
16.1495 69.9813 1.94552
26.9159 69.9813 1.85844
37.6822 69.9813 0.876515
48.4486 69.9813 0.132882
59.215 69.9813 -0.156273
69.9813 69.9813 0.0408202
5.38318 80.7477 0.462585
16.1495 80.7477 0.742164
26.9159 80.7477 0.684193
37.6822 80.7477 -0.0181603
48.4486 80.7477 -0.291946
59.215 80.7477 -0.379787
69.9813 80.7477 -0.12959
5.38318 91.514 -0.34733
16.1495 91.514 -0.542193
26.9159 91.514 -0.593242
37.6822 91.514 -0.704517
48.4486 91.514 -0.762131
59.215 91.514 -0.646528
69.9813 91.514 -0.265794
5.38318 102.28 -0.574723
16.1495 102.28 -0.92587
26.9159 102.28 -1.01961
37.6822 102.28 -1.02102
48.4486 102.28 -0.969778
59.215 102.28 -0.767672
69.9813 102.28 -0.334212
5.38318 113.047 -0.590004
16.1495 113.047 -0.947686
26.9159 113.047 -1.03709
37.6822 113.047 -1.03855
48.4486 113.047 -0.982399
59.215 113.047 -0.776107
69.9813 113.047 -0.338449
5.38318 123.813 -0.579141
16.1495 123.813 -0.928126
26.9159 123.813 -1.01011
37.6822 123.813 -1.01238
48.4486 123.813 -0.959829
59.215 123.813 -0.758603
69.9813 123.813 -0.327778
5.38318 134.579 -0.548525
16.1495 134.579 -0.879355
26.9159 134.579 -0.966537
37.6822 134.579 -0.969891
48.4486 134.579 -0.919853
59.215 134.579 -0.691232
69.9813 134.579 -0.285846
5.38318 145.346 -0.479277
16.1495 145.346 -0.777679
26.9159 145.346 -0.853068
37.6822 145.346 -0.884374
48.4486 145.346 -0.849992
59.215 145.346 -0.609612
69.9813 145.346 -0.236586
5.38318 156.112 -0.250294
16.1495 156.112 -0.431967
26.9159 156.112 -0.547937
37.6822 156.112 -0.674264
48.4486 156.112 -0.718631
59.215 156.112 -0.522392
69.9813 156.112 -0.175634
5.38318 166.879 0.0418937
16.1495 166.879 -0.0140685
26.9159 166.879 -0.217564
37.6822 166.879 -0.52953
48.4486 166.879 -0.689036
59.215 166.879 -0.539382
69.9813 166.879 -0.17687
5.38318 177.645 0.663815
16.1495 177.645 1.00387
26.9159 177.645 0.573754
37.6822 177.645 -0.305723
48.4486 177.645 -0.622445
59.215 177.645 -0.546109
69.9813 177.645 -0.17991
5.38318 188.411 0.692388
16.1495 188.411 0.994354
26.9159 188.411 0.494064
37.6822 188.411 -0.333257
48.4486 188.411 -0.614584
59.215 188.411 -0.510296
69.9813 188.411 -0.147003
5.38318 199.178 0.523124
16.1495 199.178 0.67876
26.9159 199.178 0.173722
37.6822 199.178 -0.344232
48.4486 199.178 -0.506726
59.215 199.178 -0.348225
69.9813 199.178 -0.0310764
5.38318 209.944 0.254619
16.1495 209.944 0.236361
26.9159 209.944 -0.0674755
37.6822 209.944 -0.273723
48.4486 209.944 -0.276955
59.215 209.944 -0.11645
69.9813 209.944 0.243837
