37 37
0 17 72 40
0 1 72 72
0 0 72 82
0 0 72 144
0 0 72 216
5.38318 5.38318 0.271752
16.1495 5.38318 0.538771
26.9159 5.38318 0.97397
37.6822 5.38318 1.07839
48.4486 5.38318 0.932418
59.215 5.38318 0.495933
69.9813 5.38318 0.280852
5.38318 16.1495 0.614901
16.1495 16.1495 1.50737
26.9159 16.1495 2.52562
37.6822 16.1495 2.81424
48.4486 16.1495 2.41728
59.215 16.1495 1.44969
69.9813 16.1495 0.75292
5.38318 26.9159 0.98109
16.1495 26.9159 2.41247
26.9159 26.9159 4.22902
37.6822 26.9159 4.75543
48.4486 26.9159 3.96894
59.215 26.9159 2.21558
69.9813 26.9159 1.00928
5.38318 37.6822 1.40885
16.1495 37.6822 3.22903
26.9159 37.6822 5.39851
37.6822 37.6822 6.00835
48.4486 37.6822 5.06226
59.215 37.6822 2.91304
69.9813 37.6822 1.26463
5.38318 48.4486 1.81492
16.1495 48.4486 3.41856
26.9159 48.4486 4.93637
37.6822 48.4486 5.22453
48.4486 48.4486 4.63023
59.215 48.4486 2.92402
69.9813 48.4486 1.45897
5.38318 59.215 1.8023
16.1495 59.215 2.84468
26.9159 59.215 3.3008
37.6822 59.215 3.22963
48.4486 59.215 3.14149
59.215 59.215 2.39402
69.9813 59.215 1.44741
5.38318 69.9813 1.3799
16.1495 69.9813 2.10751
26.9159 69.9813 2.29337
37.6822 69.9813 2.11443
48.4486 69.9813 2.17438
59.215 69.9813 1.7864
69.9813 69.9813 1.20236
5.38318 80.7477 0.0976832
16.1495 80.7477 0.330914
26.9159 80.7477 0.67544
37.6822 80.7477 0.641046
48.4486 80.7477 0.600143
59.215 80.7477 0.46167
69.9813 80.7477 0.397189
5.38318 91.514 -0.278521
16.1495 91.514 -0.393363
26.9159 91.514 -0.287352
37.6822 91.514 -0.262314
48.4486 91.514 -0.285784
59.215 91.514 -0.250622
69.9813 91.514 -0.118454
5.38318 102.28 -0.295997
16.1495 102.28 -0.451039
26.9159 102.28 -0.424136
37.6822 102.28 -0.415955
48.4486 102.28 -0.405264
59.215 102.28 -0.317826
69.9813 102.28 -0.139778
5.38318 113.047 -0.276806
16.1495 113.047 -0.418141
26.9159 113.047 -0.398535
37.6822 113.047 -0.394501
48.4486 113.047 -0.38148
59.215 113.047 -0.298529
69.9813 113.047 -0.127466
5.38318 123.813 -0.19181
16.1495 123.813 -0.279645
26.9159 123.813 -0.237888
37.6822 123.813 -0.248031
48.4486 123.813 -0.237533
59.215 123.813 -0.178665
69.9813 123.813 -0.0532725
5.38318 134.579 -0.0163577
16.1495 134.579 -0.0204565
26.9159 134.579 0.111181
37.6822 134.579 -0.00505914
48.4486 134.579 0.0451427
59.215 134.579 0.0790011
69.9813 134.579 0.209125
5.38318 145.346 0.347456
16.1495 145.346 0.636108
26.9159 145.346 0.936963
37.6822 145.346 0.792436
48.4486 145.346 0.858905
59.215 145.346 0.705919
69.9813 145.346 0.599131
5.38318 156.112 0.764642
16.1495 156.112 1.45374
26.9159 156.112 2.08165
37.6822 156.112 1.93041
48.4486 156.112 1.96136
59.215 156.112 1.53701
69.9813 156.112 1.08716
5.38318 166.879 1.02804
16.1495 166.879 2.02222
26.9159 166.879 3.03129
37.6822 166.879 2.95002
48.4486 166.879 2.9407
59.215 166.879 2.2017
69.9813 166.879 1.49118
5.38318 177.645 1.1097
16.1495 177.645 2.42634
26.9159 177.645 4.04108
37.6822 177.645 4.22626
48.4486 177.645 4.25746
59.215 177.645 3.05881
69.9813 177.645 1.9157
5.38318 188.411 1.09126
16.1495 188.411 2.37605
26.9159 188.411 4.08716
37.6822 188.411 4.48495
48.4486 188.411 4.54559
59.215 188.411 3.25014
69.9813 188.411 1.95437
5.38318 199.178 0.80349
16.1495 199.178 1.68757
26.9159 199.178 2.87696
37.6822 199.178 3.2045
48.4486 199.178 3.21744
59.215 199.178 2.42403
69.9813 199.178 1.44976
5.38318 209.944 0.474394
16.1495 209.944 0.73946
26.9159 209.944 1.02901
37.6822 209.944 1.025
48.4486 209.944 0.940764
59.215 209.944 0.901416
69.9813 209.944 0.580253
