37 26
0 6 72 40
0 0 72 72
0 0 72 82
0 0 72 144
0 0 72 216
5.38318 5.38318 0.184105
16.1495 5.38318 0.521603
26.9159 5.38318 1.22048
37.6822 5.38318 1.44248
48.4486 5.38318 1.17012
59.215 5.38318 0.659904
69.9813 5.38318 0.23274
5.38318 16.1495 0.287422
16.1495 16.1495 1.07168
26.9159 16.1495 2.17376
37.6822 16.1495 2.59664
48.4486 16.1495 2.08025
59.215 16.1495 1.27857
69.9813 16.1495 0.49392
5.38318 26.9159 0.0789635
16.1495 26.9159 0.924147
26.9159 26.9159 2.20961
37.6822 26.9159 2.91395
48.4486 26.9159 2.32344
59.215 26.9159 1.36083
69.9813 26.9159 0.425916
5.38318 37.6822 0.262135
16.1495 37.6822 1.09549
26.9159 37.6822 2.11591
37.6822 37.6822 2.68302
48.4486 37.6822 2.1343
59.215 37.6822 1.26689
69.9813 37.6822 0.436806
5.38318 48.4486 0.453813
16.1495 48.4486 1.35126
26.9159 48.4486 2.1907
37.6822 48.4486 2.55618
48.4486 48.4486 2.10308
59.215 48.4486 1.26145
69.9813 48.4486 0.551777
5.38318 59.215 0.539689
16.1495 59.215 1.4086
26.9159 59.215 2.13061
37.6822 59.215 2.49576
48.4486 59.215 2.32734
59.215 59.215 1.63865
69.9813 59.215 0.954238
5.38318 69.9813 0.435432
16.1495 69.9813 1.25733
26.9159 69.9813 1.94489
37.6822 69.9813 2.40301
48.4486 69.9813 2.36477
59.215 69.9813 1.76577
69.9813 69.9813 1.06202
5.38318 80.7477 0.0558369
16.1495 80.7477 0.462672
26.9159 80.7477 0.838548
37.6822 80.7477 1.28073
48.4486 80.7477 1.40396
59.215 80.7477 1.21236
69.9813 80.7477 0.828147
5.38318 91.514 -0.216184
16.1495 91.514 -0.277087
26.9159 91.514 -0.249036
37.6822 91.514 -0.167534
48.4486 91.514 -0.108904
59.215 91.514 -0.0229053
69.9813 91.514 0.167769
5.38318 102.28 -0.285689
16.1495 102.28 -0.427709
26.9159 102.28 -0.419748
37.6822 102.28 -0.408866
48.4486 102.28 -0.403034
59.215 102.28 -0.311298
69.9813 102.28 -0.135198
5.38318 113.047 -0.2998
16.1495 113.047 -0.45415
26.9159 113.047 -0.460332
37.6822 113.047 -0.445773
48.4486 113.047 -0.431262
59.215 113.047 -0.345696
69.9813 113.047 -0.154949
5.38318 123.813 -0.298262
16.1495 123.813 -0.451286
26.9159 123.813 -0.455007
37.6822 123.813 -0.44029
48.4486 123.813 -0.425939
59.215 123.813 -0.337244
69.9813 123.813 -0.150468
5.38318 134.579 -0.297765
16.1495 134.579 -0.449993
26.9159 134.579 -0.439287
37.6822 134.579 -0.410825
48.4486 134.579 -0.357973
59.215 134.579 -0.263786
69.9813 134.579 -0.0986403
5.38318 145.346 -0.294562
16.1495 145.346 -0.439256
26.9159 145.346 -0.389235
37.6822 145.346 -0.335563
48.4486 145.346 -0.239812
59.215 145.346 -0.14325
69.9813 145.346 0.0041142
5.38318 156.112 -0.269505
16.1495 156.112 -0.385695
26.9159 156.112 -0.288137
37.6822 156.112 -0.193082
48.4486 156.112 0.0155202
59.215 156.112 0.271835
69.9813 156.112 0.425868
5.38318 166.879 -0.170909
16.1495 166.879 -0.230131
26.9159 166.879 -0.146261
37.6822 166.879 -0.0185249
48.4486 166.879 0.505748
59.215 166.879 0.801589
69.9813 166.879 0.781183
5.38318 177.645 0.0338423
16.1495 177.645 0.0720891
26.9159 177.645 0.0830727
37.6822 177.645 0.289873
48.4486 177.645 0.759591
59.215 177.645 1.15755
69.9813 177.645 0.991494
5.38318 188.411 0.550074
16.1495 188.411 0.718158
26.9159 188.411 0.464344
37.6822 188.411 0.350356
48.4486 188.411 0.547792
59.215 188.411 1.03163
69.9813 188.411 0.913691
5.38318 199.178 0.848924
16.1495 199.178 1.07327
26.9159 199.178 0.646562
37.6822 199.178 0.264797
48.4486 199.178 0.119006
59.215 199.178 0.609577
69.9813 199.178 0.661783
5.38318 209.944 0.749953
16.1495 209.944 0.983847
26.9159 209.944 0.656988
37.6822 209.944 0.273488
48.4486 209.944 0.0849782
59.215 209.944 0.342671
69.9813 209.944 0.401437
