48 37
0 17 72 40
0 1 72 72
0 0 72 82
0 0 72 144
0 0 72 216
5.38318 5.38318 1.16124
16.1495 5.38318 1.75115
26.9159 5.38318 1.92267
37.6822 5.38318 1.62721
48.4486 5.38318 1.36361
59.215 5.38318 1.00697
69.9813 5.38318 0.566751
5.38318 16.1495 1.94188
16.1495 16.1495 3.10267
26.9159 16.1495 3.60522
37.6822 16.1495 3.39443
48.4486 16.1495 3.00788
59.215 16.1495 2.27198
69.9813 16.1495 1.29386
5.38318 26.9159 2.12887
16.1495 26.9159 3.55904
26.9159 26.9159 4.52615
37.6822 26.9159 4.97934
48.4486 26.9159 4.83249
59.215 26.9159 3.74171
69.9813 26.9159 2.04012
5.38318 37.6822 1.73861
16.1495 37.6822 2.93435
26.9159 37.6822 4.11739
37.6822 37.6822 5.14822
48.4486 37.6822 5.38849
59.215 37.6822 4.31052
69.9813 37.6822 2.34507
5.38318 48.4486 1.22817
16.1495 48.4486 2.17522
26.9159 48.4486 3.27778
37.6822 48.4486 4.26985
48.4486 48.4486 4.67118
59.215 48.4486 3.9262
69.9813 48.4486 2.24947
5.38318 59.215 0.822668
16.1495 59.215 1.53206
26.9159 59.215 2.21784
37.6822 59.215 2.43603
48.4486 59.215 2.54414
59.215 59.215 2.35422
69.9813 59.215 1.59429
5.38318 69.9813 0.514007
16.1495 69.9813 1.10174
26.9159 69.9813 1.58271
37.6822 69.9813 1.43412
48.4486 69.9813 1.4235
59.215 69.9813 1.41012
69.9813 69.9813 1.18318
5.38318 80.7477 0.158061
16.1495 80.7477 0.626168
26.9159 80.7477 1.01265
37.6822 80.7477 0.786072
48.4486 80.7477 0.468942
59.215 80.7477 0.533674
69.9813 80.7477 0.62007
5.38318 91.514 -0.162161
16.1495 91.514 -0.132191
26.9159 91.514 0.073746
37.6822 91.514 -0.0611816
48.4486 91.514 -0.192786
59.215 91.514 -0.142534
69.9813 91.514 0.0849517
5.38318 102.28 -0.211381
16.1495 102.28 -0.283177
26.9159 102.28 -0.218264
37.6822 102.28 -0.241937
48.4486 102.28 -0.274978
59.215 102.28 -0.210123
69.9813 102.28 -0.0574774
5.38318 113.047 -0.254375
16.1495 113.047 -0.398546
26.9159 113.047 -0.377919
37.6822 113.047 -0.364569
48.4486 113.047 -0.327195
59.215 113.047 -0.224957
69.9813 113.047 -0.0755226
5.38318 123.813 -0.0314027
16.1495 123.813 -0.0903195
26.9159 123.813 -0.0630768
37.6822 123.813 -0.0678612
48.4486 123.813 -0.00717974
59.215 123.813 0.139092
69.9813 123.813 0.2758
5.38318 134.579 0.786149
16.1495 134.579 0.95395
26.9159 134.579 0.900198
37.6822 134.579 0.776978
48.4486 134.579 1.19407
59.215 134.579 1.28599
69.9813 134.579 1.06196
5.38318 145.346 1.66762
16.1495 145.346 2.24
26.9159 145.346 2.10789
37.6822 145.346 1.82333
48.4486 145.346 2.40343
59.215 145.346 2.56921
69.9813 145.346 1.98493
5.38318 156.112 2.16769
16.1495 156.112 2.95683
26.9159 156.112 2.80734
37.6822 156.112 2.36006
48.4486 156.112 3.03044
59.215 156.112 3.27641
69.9813 156.112 2.54655
5.38318 166.879 1.85293
16.1495 166.879 2.86252
26.9159 166.879 3.15187
37.6822 166.879 2.8357
48.4486 166.879 3.13577
59.215 166.879 3.12416
69.9813 166.879 2.29982
5.38318 177.645 1.27723
16.1495 177.645 2.50114
26.9159 177.645 3.48812
37.6822 177.645 3.50667
48.4486 177.645 3.14011
59.215 177.645 2.47098
69.9813 177.645 1.58285
5.38318 188.411 1.08479
16.1495 188.411 2.50188
26.9159 188.411 3.99598
37.6822 188.411 4.2686
48.4486 188.411 3.66489
59.215 188.411 2.52911
69.9813 188.411 1.46167
5.38318 199.178 0.867544
16.1495 199.178 1.98121
26.9159 199.178 3.1513
37.6822 199.178 3.29598
48.4486 199.178 2.73094
59.215 199.178 1.89989
69.9813 199.178 1.11691
5.38318 209.944 0.393948
16.1495 209.944 0.883365
26.9159 209.944 1.42185
37.6822 209.944 1.38901
48.4486 209.944 1.11045
59.215 209.944 0.902407
69.9813 209.944 0.657434
