37 48
0 28 72 40
0 12 72 72
0 7 72 82
0 0 72 144
0 0 72 216
5.38318 5.38318 0.291398
16.1495 5.38318 0.461159
26.9159 5.38318 0.591276
37.6822 5.38318 0.487481
48.4486 5.38318 0.446064
59.215 5.38318 0.33166
69.9813 5.38318 0.281751
5.38318 16.1495 0.556468
16.1495 16.1495 1.19452
26.9159 16.1495 1.77003
37.6822 16.1495 1.73318
48.4486 16.1495 1.67466
59.215 16.1495 1.17866
69.9813 16.1495 0.842064
5.38318 26.9159 0.62621
16.1495 26.9159 1.6191
26.9159 26.9159 2.70718
37.6822 26.9159 2.80729
48.4486 26.9159 2.64869
59.215 26.9159 1.83343
69.9813 26.9159 1.18418
5.38318 37.6822 0.979981
16.1495 37.6822 2.37782
26.9159 37.6822 3.96242
37.6822 37.6822 4.32657
48.4486 37.6822 4.12596
59.215 37.6822 2.7598
69.9813 37.6822 1.62524
5.38318 48.4486 0.877339
16.1495 48.4486 2.307
26.9159 48.4486 4.07858
37.6822 48.4486 4.62238
48.4486 48.4486 4.35125
59.215 48.4486 2.83382
69.9813 48.4486 1.5903
5.38318 59.215 0.650478
16.1495 59.215 1.78002
26.9159 59.215 3.28126
37.6822 59.215 3.63331
48.4486 59.215 3.26771
59.215 59.215 2.03475
69.9813 59.215 1.08016
5.38318 69.9813 -0.0139453
16.1495 69.9813 0.247145
26.9159 69.9813 0.999711
37.6822 69.9813 1.08214
48.4486 69.9813 0.892948
59.215 69.9813 0.426249
69.9813 69.9813 0.243708
5.38318 80.7477 -0.192495
16.1495 80.7477 -0.262955
26.9159 80.7477 -0.183834
37.6822 80.7477 -0.178159
48.4486 80.7477 -0.18097
59.215 80.7477 -0.196076
69.9813 80.7477 -0.0775282
5.38318 91.514 -0.290674
16.1495 91.514 -0.459033
26.9159 91.514 -0.489792
37.6822 91.514 -0.515935
48.4486 91.514 -0.467288
59.215 91.514 -0.391745
69.9813 91.514 -0.161563
5.38318 102.28 -0.296541
16.1495 102.28 -0.442745
26.9159 102.28 -0.428382
37.6822 102.28 -0.416084
48.4486 102.28 -0.392495
59.215 102.28 -0.32538
69.9813 102.28 -0.139962
5.38318 113.047 -0.283592
16.1495 113.047 -0.413793
26.9159 113.047 -0.379959
37.6822 113.047 -0.358578
48.4486 113.047 -0.352528
59.215 113.047 -0.287163
69.9813 113.047 -0.126372
5.38318 123.813 -0.182533
16.1495 123.813 -0.226048
26.9159 123.813 -0.156223
37.6822 123.813 -0.154031
48.4486 123.813 -0.195929
59.215 123.813 -0.193804
69.9813 123.813 -0.0775281
5.38318 134.579 0.014777
16.1495 134.579 0.371596
26.9159 134.579 0.707569
37.6822 134.579 0.689631
48.4486 134.579 0.374407
59.215 134.579 0.0550507
69.9813 134.579 0.0731962
5.38318 145.346 0.37724
16.1495 145.346 1.13985
26.9159 145.346 1.78163
37.6822 145.346 1.76655
48.4486 145.346 1.32074
59.215 145.346 0.6982
69.9813 145.346 0.389875
5.38318 156.112 0.767832
16.1495 156.112 1.95109
26.9159 156.112 2.76476
37.6822 156.112 2.8091
48.4486 156.112 2.24911
59.215 156.112 1.43252
69.9813 156.112 0.802752
5.38318 166.879 1.09103
16.1495 166.879 2.25504
26.9159 166.879 3.01434
37.6822 166.879 3.07838
48.4486 166.879 2.81757
59.215 166.879 1.99608
69.9813 166.879 1.23715
5.38318 177.645 1.81657
16.1495 177.645 3.03771
26.9159 177.645 3.38744
37.6822 177.645 3.31856
48.4486 177.645 3.4671
59.215 177.645 2.96241
69.9813 177.645 1.97993
5.38318 188.411 2.41029
16.1495 188.411 3.7579
26.9159 188.411 3.86423
37.6822 188.411 3.4481
48.4486 188.411 3.80954
59.215 188.411 3.55165
69.9813 188.411 2.4994
5.38318 199.178 2.26816
16.1495 199.178 3.6367
26.9159 199.178 3.69388
37.6822 199.178 3.24462
48.4486 199.178 3.50302
59.215 199.178 3.30318
69.9813 199.178 2.32288
5.38318 209.944 1.08361
16.1495 209.944 1.63796
26.9159 209.944 1.74967
37.6822 209.944 1.48982
48.4486 209.944 1.65395
59.215 209.944 1.48292
69.9813 209.944 1.09136
