37 177
0 157 72 40
0 141 72 72
0 134 72 82
0 72 72 144
0 0 72 216
5.38318 5.38318 0.289762
16.1495 5.38318 0.395014
26.9159 5.38318 0.519993
37.6822 5.38318 0.504037
48.4486 5.38318 0.380365
59.215 5.38318 0.270779
69.9813 5.38318 0.171659
5.38318 16.1495 0.506527
16.1495 16.1495 0.837099
26.9159 16.1495 1.08838
37.6822 16.1495 1.11066
48.4486 16.1495 0.922714
59.215 16.1495 0.736409
69.9813 16.1495 0.481208
5.38318 26.9159 0.591699
16.1495 26.9159 0.858398
26.9159 26.9159 0.86473
37.6822 26.9159 0.901437
48.4486 26.9159 0.773457
59.215 26.9159 0.748714
69.9813 26.9159 0.526346
5.38318 37.6822 0.833809
16.1495 37.6822 1.03194
26.9159 37.6822 0.758946
37.6822 37.6822 0.69601
48.4486 37.6822 0.716527
59.215 37.6822 0.961042
69.9813 37.6822 0.717894
5.38318 48.4486 0.597877
16.1495 48.4486 0.643524
26.9159 48.4486 0.358181
37.6822 48.4486 0.218873
48.4486 48.4486 0.391913
59.215 48.4486 0.840444
69.9813 48.4486 0.699178
5.38318 59.215 0.0542143
16.1495 59.215 -0.0524861
26.9159 59.215 -0.0444506
37.6822 59.215 -0.058166
48.4486 59.215 0.0976356
59.215 59.215 0.611093
69.9813 59.215 0.525716
5.38318 69.9813 -0.128294
16.1495 69.9813 -0.246511
26.9159 69.9813 -0.200986
37.6822 69.9813 -0.264883
48.4486 69.9813 -0.2256
59.215 69.9813 -0.0491115
69.9813 69.9813 0.10134
5.38318 80.7477 -0.205901
16.1495 80.7477 -0.333736
26.9159 80.7477 -0.326991
37.6822 80.7477 -0.376312
48.4486 80.7477 -0.336767
59.215 80.7477 -0.220166
69.9813 80.7477 -0.066944
5.38318 91.514 -0.274817
16.1495 91.514 -0.420756
26.9159 91.514 -0.453033
37.6822 91.514 -0.489023
48.4486 91.514 -0.479583
59.215 91.514 -0.388021
69.9813 91.514 -0.16798
5.38318 102.28 -0.297184
16.1495 102.28 -0.453394
26.9159 102.28 -0.456153
37.6822 102.28 -0.444353
48.4486 102.28 -0.406036
59.215 102.28 -0.32287
69.9813 102.28 -0.133923
5.38318 113.047 -0.300487
16.1495 113.047 -0.450745
26.9159 113.047 -0.446964
37.6822 113.047 -0.419002
48.4486 113.047 -0.399442
59.215 113.047 -0.315302
69.9813 113.047 -0.142963
5.38318 123.813 -0.297276
16.1495 123.813 -0.432324
26.9159 123.813 -0.391271
37.6822 123.813 -0.341679
48.4486 123.813 -0.342741
59.215 123.813 -0.277772
69.9813 123.813 -0.12997
5.38318 134.579 -0.259856
16.1495 134.579 -0.312378
26.9159 134.579 -0.210745
37.6822 134.579 -0.104385
48.4486 134.579 -0.157266
59.215 134.579 -0.144581
69.9813 134.579 -0.0771153
5.38318 145.346 -0.0829545
16.1495 145.346 0.0583032
26.9159 145.346 0.558942
37.6822 145.346 0.859884
48.4486 145.346 0.614048
59.215 145.346 0.382491
69.9813 145.346 0.201939
5.38318 156.112 0.387913
16.1495 156.112 1.2002
26.9159 156.112 2.06472
37.6822 156.112 2.37562
48.4486 156.112 1.93285
59.215 156.112 1.26011
69.9813 156.112 0.621952
5.38318 166.879 0.995188
16.1495 166.879 2.28861
26.9159 166.879 3.68311
37.6822 166.879 4.04916
48.4486 166.879 3.39557
59.215 166.879 2.1757
69.9813 166.879 1.09423
5.38318 177.645 1.17683
16.1495 177.645 2.74244
26.9159 177.645 4.33323
37.6822 177.645 4.74284
48.4486 177.645 4.05615
59.215 177.645 2.59679
69.9813 177.645 1.32666
5.38318 188.411 1.08372
16.1495 188.411 2.35728
26.9159 188.411 3.55737
37.6822 188.411 3.79261
48.4486 188.411 3.21631
59.215 188.411 2.09703
69.9813 188.411 1.13833
5.38318 199.178 0.58011
16.1495 199.178 1.27334
26.9159 199.178 1.72259
37.6822 199.178 1.6975
48.4486 199.178 1.45924
59.215 199.178 0.99079
69.9813 199.178 0.7591
5.38318 209.944 0.533722
16.1495 209.944 1.05828
26.9159 209.944 1.22106
37.6822 209.944 1.09192
48.4486 209.944 0.886462
59.215 209.944 0.687888
69.9813 209.944 0.605919
