48 188
0 168 72 40
0 144 72 72
0 134 72 82
0 72 72 144
0 0 72 216
5.38318 5.38318 0.262475
16.1495 5.38318 0.435335
26.9159 5.38318 0.705386
37.6822 5.38318 0.75674
48.4486 5.38318 0.709195
59.215 5.38318 0.557677
69.9813 5.38318 0.353522
5.38318 16.1495 0.5447
16.1495 16.1495 1.24013
26.9159 16.1495 1.84694
37.6822 16.1495 2.03163
48.4486 16.1495 1.8718
59.215 16.1495 1.45263
69.9813 16.1495 0.855932
5.38318 26.9159 0.58811
16.1495 26.9159 1.46935
26.9159 26.9159 2.24158
37.6822 26.9159 2.55235
48.4486 26.9159 2.36591
59.215 26.9159 1.79799
69.9813 26.9159 1.08109
5.38318 37.6822 0.918021
16.1495 37.6822 1.93083
26.9159 37.6822 2.92022
37.6822 37.6822 3.24382
48.4486 37.6822 2.93124
59.215 37.6822 2.14
69.9813 37.6822 1.238
5.38318 48.4486 0.723754
16.1495 48.4486 1.5572
26.9159 48.4486 2.53188
37.6822 48.4486 2.76999
48.4486 48.4486 2.48771
59.215 48.4486 1.75115
69.9813 48.4486 0.988447
5.38318 59.215 0.289238
16.1495 59.215 0.796305
26.9159 59.215 1.75318
37.6822 59.215 1.81664
48.4486 59.215 1.32656
59.215 59.215 0.693807
69.9813 59.215 0.357811
5.38318 69.9813 -0.238821
16.1495 69.9813 -0.311511
26.9159 69.9813 -0.116805
37.6822 69.9813 -0.178297
48.4486 69.9813 -0.343665
59.215 69.9813 -0.351746
69.9813 69.9813 -0.18154
5.38318 80.7477 -0.474299
16.1495 80.7477 -0.724576
26.9159 80.7477 -0.68884
37.6822 80.7477 -0.741439
48.4486 80.7477 -0.827288
59.215 80.7477 -0.693016
69.9813 80.7477 -0.340742
5.38318 91.514 -0.557858
16.1495 91.514 -0.893194
26.9159 91.514 -0.965089
37.6822 91.514 -0.991341
48.4486 91.514 -0.960581
59.215 91.514 -0.780503
69.9813 91.514 -0.349545
5.38318 102.28 -0.584143
16.1495 102.28 -0.939482
26.9159 102.28 -1.03157
37.6822 102.28 -1.04319
48.4486 102.28 -0.9926
59.215 102.28 -0.789636
69.9813 102.28 -0.348284
5.38318 113.047 -0.564665
16.1495 113.047 -0.908989
26.9159 113.047 -1.00181
37.6822 113.047 -1.01299
48.4486 113.047 -0.964263
59.215 113.047 -0.761212
69.9813 113.047 -0.327472
5.38318 123.813 -0.46127
16.1495 123.813 -0.750306
26.9159 123.813 -0.843552
37.6822 123.813 -0.915171
48.4486 123.813 -0.901603
59.215 123.813 -0.68834
69.9813 123.813 -0.287567
5.38318 134.579 -0.128083
16.1495 134.579 -0.251595
26.9159 134.579 -0.388479
37.6822 134.579 -0.578446
48.4486 134.579 -0.691133
59.215 134.579 -0.537509
69.9813 134.579 -0.209645
5.38318 145.346 0.869281
16.1495 145.346 1.28372
26.9159 145.346 1.12892
37.6822 145.346 0.559587
48.4486 145.346 -0.0290056
59.215 145.346 -0.0541395
69.9813 145.346 0.0716991
5.38318 156.112 1.68564
16.1495 156.112 2.54091
26.9159 156.112 2.72741
37.6822 156.112 2.42626
48.4486 156.112 1.89514
59.215 156.112 1.3623
69.9813 156.112 0.821122
5.38318 166.879 2.14498
16.1495 166.879 3.32132
26.9159 166.879 4.07136
37.6822 166.879 4.39539
48.4486 166.879 4.12888
59.215 166.879 3.05537
69.9813 166.879 1.63789
5.38318 177.645 1.8252
16.1495 177.645 2.93038
26.9159 177.645 4.16647
37.6822 177.645 5.28433
48.4486 177.645 5.50618
59.215 177.645 4.21562
69.9813 177.645 2.24174
5.38318 188.411 1.30304
16.1495 188.411 2.25135
26.9159 188.411 3.69759
37.6822 188.411 4.99976
48.4486 188.411 5.52073
59.215 188.411 4.36267
69.9813 188.411 2.36779
5.38318 199.178 0.373647
16.1495 199.178 1.01615
26.9159 199.178 2.35195
37.6822 199.178 3.34027
48.4486 199.178 3.86055
59.215 199.178 3.45716
69.9813 199.178 2.01555
5.38318 209.944 -0.0096283
16.1495 209.944 0.498017
26.9159 209.944 1.40759
37.6822 209.944 1.88109
48.4486 209.944 2.23268
59.215 209.944 2.14869
69.9813 209.944 1.39143
