48 156
0 136 72 40
0 120 72 72
0 115 72 82
0 72 72 144
0 0 72 216
5.38318 5.38318 0.662863
16.1495 5.38318 1.1598
26.9159 5.38318 1.47492
37.6822 5.38318 1.42879
48.4486 5.38318 1.29746
59.215 5.38318 0.966588
69.9813 5.38318 0.621716
5.38318 16.1495 1.15103
16.1495 16.1495 2.1896
26.9159 16.1495 2.85697
37.6822 16.1495 2.85268
48.4486 16.1495 2.65413
59.215 16.1495 2.08203
69.9813 16.1495 1.37492
5.38318 26.9159 1.56414
16.1495 26.9159 2.8342
26.9159 26.9159 3.53085
37.6822 26.9159 3.53812
48.4486 26.9159 3.52945
59.215 26.9159 2.90091
69.9813 26.9159 1.98916
5.38318 37.6822 2.13575
16.1495 37.6822 3.48633
26.9159 37.6822 4.03706
37.6822 37.6822 4.06709
48.4486 37.6822 4.53383
59.215 37.6822 4.07737
69.9813 37.6822 2.78632
5.38318 48.4486 2.37618
16.1495 48.4486 3.77973
26.9159 48.4486 4.20788
37.6822 48.4486 4.07056
48.4486 48.4486 4.7544
59.215 48.4486 4.41234
69.9813 48.4486 3.04562
5.38318 59.215 1.70043
16.1495 59.215 2.70899
26.9159 59.215 3.13435
37.6822 59.215 3.04108
48.4486 59.215 3.63774
59.215 59.215 3.38256
69.9813 59.215 2.35079
5.38318 69.9813 -0.0183938
16.1495 69.9813 -0.0420335
26.9159 69.9813 0.0414086
37.6822 69.9813 -0.120366
48.4486 69.9813 0.0245132
59.215 69.9813 0.252889
69.9813 69.9813 0.523194
5.38318 80.7477 -0.492583
16.1495 80.7477 -0.814682
26.9159 80.7477 -0.895877
37.6822 80.7477 -0.972268
48.4486 80.7477 -0.93611
59.215 80.7477 -0.714277
69.9813 80.7477 -0.287502
5.38318 91.514 -0.591013
16.1495 91.514 -0.962444
26.9159 91.514 -1.06108
37.6822 91.514 -1.07269
48.4486 91.514 -1.03377
59.215 91.514 -0.829946
69.9813 91.514 -0.377674
5.38318 102.28 -0.594126
16.1495 102.28 -0.950661
26.9159 102.28 -1.03406
37.6822 102.28 -1.03458
48.4486 102.28 -0.984217
59.215 102.28 -0.781284
69.9813 102.28 -0.340887
5.38318 113.047 -0.583911
16.1495 113.047 -0.920846
26.9159 113.047 -0.986321
37.6822 113.047 -0.96644
48.4486 113.047 -0.920823
59.215 113.047 -0.711315
69.9813 113.047 -0.311224
5.38318 123.813 -0.568163
16.1495 123.813 -0.814909
26.9159 123.813 -0.655718
37.6822 123.813 -0.436659
48.4486 123.813 -0.453256
59.215 123.813 -0.393995
69.9813 123.813 -0.182074
5.38318 134.579 -0.544332
16.1495 134.579 -0.563136
26.9159 134.579 -0.000955453
37.6822 134.579 1.32264
48.4486 134.579 1.25595
59.215 134.579 0.79287
69.9813 134.579 0.421438
5.38318 145.346 -0.489493
16.1495 145.346 -0.1314
26.9159 145.346 2.11519
37.6822 145.346 4.02996
48.4486 145.346 4.0602
59.215 145.346 2.83093
69.9813 145.346 1.43346
5.38318 156.112 -0.339936
16.1495 156.112 0.324711
26.9159 156.112 2.96315
37.6822 156.112 5.40082
48.4486 156.112 5.87669
59.215 156.112 4.41734
69.9813 156.112 2.33511
5.38318 166.879 -0.0841341
16.1495 166.879 0.91049
26.9159 166.879 3.05151
37.6822 166.879 5.03931
48.4486 166.879 5.76611
59.215 166.879 4.67842
69.9813 166.879 2.71683
5.38318 177.645 0.637734
16.1495 177.645 1.65987
26.9159 177.645 2.82722
37.6822 177.645 3.68632
48.4486 177.645 4.24255
59.215 177.645 3.74651
69.9813 177.645 2.44118
5.38318 188.411 1.25132
16.1495 188.411 2.55214
26.9159 188.411 3.72235
37.6822 188.411 3.94271
48.4486 188.411 3.87162
59.215 188.411 3.1378
69.9813 188.411 1.95698
5.38318 199.178 1.49181
16.1495 199.178 2.86422
26.9159 199.178 3.87654
37.6822 199.178 3.94133
48.4486 199.178 3.58662
59.215 199.178 2.83831
69.9813 199.178 1.70591
5.38318 209.944 1.01448
16.1495 209.944 1.90649
26.9159 209.944 2.70463
37.6822 209.944 2.89126
48.4486 209.944 2.75771
59.215 209.944 2.18649
69.9813 209.944 1.28666
