37 48
0 28 72 40
0 12 72 72
0 7 72 82
0 0 72 144
0 0 72 216
5.38318 5.38318 0.271576
16.1495 5.38318 0.44034
26.9159 5.38318 0.751395
37.6822 5.38318 0.617981
48.4486 5.38318 0.632255
59.215 5.38318 0.310008
69.9813 5.38318 0.298069
5.38318 16.1495 0.463908
16.1495 16.1495 1.01977
26.9159 16.1495 1.67707
37.6822 16.1495 1.57478
48.4486 16.1495 1.4395
59.215 16.1495 0.840451
69.9813 16.1495 0.685294
5.38318 26.9159 0.409903
16.1495 26.9159 1.18494
26.9159 26.9159 2.18343
37.6822 26.9159 2.1112
48.4486 26.9159 1.63107
59.215 26.9159 0.747281
69.9813 26.9159 0.577628
5.38318 37.6822 0.723787
16.1495 37.6822 1.86044
26.9159 37.6822 3.08828
37.6822 37.6822 3.15975
48.4486 37.6822 2.43948
59.215 37.6822 1.34897
69.9813 37.6822 0.788963
5.38318 48.4486 1.06557
16.1495 48.4486 2.4917
26.9159 48.4486 3.82133
37.6822 48.4486 3.99034
48.4486 48.4486 3.21648
59.215 48.4486 2.04629
69.9813 48.4486 1.1613
5.38318 59.215 1.10615
16.1495 59.215 2.50925
26.9159 59.215 3.38791
37.6822 59.215 3.48945
48.4486 59.215 2.94275
59.215 59.215 1.91564
69.9813 59.215 1.22203
5.38318 69.9813 0.640413
16.1495 69.9813 1.66321
26.9159 69.9813 2.05951
37.6822 69.9813 2.16258
48.4486 69.9813 1.79046
59.215 69.9813 1.23113
69.9813 69.9813 0.864872
5.38318 80.7477 -0.0552654
16.1495 80.7477 0.335092
26.9159 80.7477 0.525284
37.6822 80.7477 0.629876
48.4486 80.7477 0.305909
59.215 80.7477 0.094045
69.9813 80.7477 0.17337
5.38318 91.514 -0.484593
16.1495 91.514 -0.719647
26.9159 91.514 -0.749707
37.6822 91.514 -0.736429
48.4486 91.514 -0.771209
59.215 91.514 -0.578539
69.9813 91.514 -0.269115
5.38318 102.28 -0.570507
16.1495 102.28 -0.918353
26.9159 102.28 -1.00598
37.6822 102.28 -1.01204
48.4486 102.28 -0.978405
59.215 102.28 -0.772033
69.9813 102.28 -0.353405
5.38318 113.047 -0.586496
16.1495 113.047 -0.940618
26.9159 113.047 -1.02546
37.6822 113.047 -1.02806
48.4486 113.047 -0.974892
59.215 113.047 -0.771017
69.9813 113.047 -0.336924
5.38318 123.813 -0.566529
16.1495 123.813 -0.896133
26.9159 123.813 -0.953177
37.6822 123.813 -0.961447
48.4486 123.813 -0.924239
59.215 123.813 -0.73575
69.9813 123.813 -0.325065
5.38318 134.579 -0.524491
16.1495 134.579 -0.818245
26.9159 134.579 -0.785918
37.6822 134.579 -0.830179
48.4486 134.579 -0.827995
59.215 134.579 -0.670064
69.9813 134.579 -0.303094
5.38318 145.346 -0.421754
16.1495 145.346 -0.596344
26.9159 145.346 -0.445408
37.6822 145.346 -0.511533
48.4486 145.346 -0.576559
59.215 145.346 -0.515756
69.9813 145.346 -0.24158
5.38318 156.112 -0.322196
16.1495 156.112 -0.384508
26.9159 156.112 -0.203611
37.6822 156.112 -0.249402
48.4486 156.112 -0.321447
59.215 156.112 -0.288094
69.9813 156.112 -0.107303
5.38318 166.879 -0.287187
16.1495 166.879 -0.342768
26.9159 166.879 -0.237316
37.6822 166.879 -0.190035
48.4486 166.879 -0.127832
59.215 166.879 -0.00219747
69.9813 166.879 0.254756
5.38318 177.645 -0.327158
16.1495 177.645 -0.466623
26.9159 177.645 -0.448128
37.6822 177.645 -0.211425
48.4486 177.645 0.253193
59.215 177.645 0.781094
69.9813 177.645 0.79536
5.38318 188.411 -0.364888
16.1495 188.411 -0.543811
26.9159 188.411 -0.505644
37.6822 188.411 -0.131692
48.4486 188.411 0.659991
59.215 188.411 1.18813
69.9813 188.411 1.07421
5.38318 199.178 -0.362685
16.1495 199.178 -0.52663
26.9159 199.178 -0.427394
37.6822 199.178 -0.0567002
48.4486 199.178 0.682413
59.215 199.178 1.08636
69.9813 199.178 0.954401
5.38318 209.944 -0.245819
16.1495 209.944 -0.335355
26.9159 209.944 -0.249709
37.6822 209.944 -0.0421102
48.4486 209.944 0.387668
59.215 209.944 0.659168
69.9813 209.944 0.610932
