37 48
0 28 72 40
0 12 72 72
0 7 72 82
0 0 72 144
0 0 72 216
5.38318 5.38318 0.275357
16.1495 5.38318 0.334457
26.9159 5.38318 0.513703
37.6822 5.38318 0.376245
48.4486 5.38318 0.410204
59.215 5.38318 0.350563
69.9813 5.38318 0.274864
5.38318 16.1495 0.443772
16.1495 16.1495 0.943355
26.9159 16.1495 1.66514
37.6822 16.1495 1.53951
48.4486 16.1495 1.60063
59.215 16.1495 1.19426
69.9813 16.1495 0.806715
5.38318 26.9159 0.179423
16.1495 26.9159 0.8087
26.9159 26.9159 2.05225
37.6822 26.9159 2.02212
48.4486 26.9159 2.11443
59.215 26.9159 1.40734
69.9813 26.9159 0.956724
5.38318 37.6822 0.506032
16.1495 37.6822 1.63671
26.9159 37.6822 3.26651
37.6822 37.6822 3.41659
48.4486 37.6822 3.30721
59.215 37.6822 2.17206
69.9813 37.6822 1.30449
5.38318 48.4486 0.498544
16.1495 48.4486 1.66779
26.9159 48.4486 3.22866
37.6822 48.4486 3.53754
48.4486 48.4486 3.37084
59.215 48.4486 2.17867
69.9813 48.4486 1.3144
5.38318 59.215 0.663297
16.1495 59.215 1.53435
26.9159 59.215 2.57847
37.6822 59.215 2.63547
48.4486 59.215 2.49083
59.215 59.215 1.66547
69.9813 59.215 1.13384
5.38318 69.9813 0.0731025
16.1495 69.9813 0.236964
26.9159 69.9813 0.70517
37.6822 69.9813 0.496275
48.4486 69.9813 0.587251
59.215 69.9813 0.456345
69.9813 69.9813 0.623504
5.38318 80.7477 -0.11702
16.1495 80.7477 -0.145855
26.9159 80.7477 0.0773954
37.6822 80.7477 -0.1167
48.4486 80.7477 -0.0396063
59.215 80.7477 -0.057121
69.9813 80.7477 0.359122
5.38318 91.514 -0.300218
16.1495 91.514 -0.44527
26.9159 91.514 -0.31385
37.6822 91.514 -0.310167
48.4486 91.514 -0.218637
59.215 91.514 -0.207813
69.9813 91.514 -0.00109171
5.38318 102.28 -0.298032
16.1495 102.28 -0.424023
26.9159 102.28 -0.328474
37.6822 102.28 -0.315016
48.4486 102.28 -0.311659
59.215 102.28 -0.2802
69.9813 102.28 -0.111005
5.38318 113.047 -0.290541
16.1495 113.047 -0.429351
26.9159 113.047 -0.384225
37.6822 113.047 -0.35887
48.4486 113.047 -0.338951
59.215 113.047 -0.260924
69.9813 113.047 -0.109251
5.38318 123.813 -0.245035
16.1495 123.813 -0.317213
26.9159 123.813 -0.150138
37.6822 123.813 -0.0601648
48.4486 123.813 -0.00845477
59.215 123.813 -0.00983745
69.9813 123.813 0.0893674
5.38318 134.579 -0.125379
16.1495 134.579 -0.0802101
26.9159 134.579 0.540008
37.6822 134.579 0.942011
48.4486 134.579 1.15266
59.215 134.579 0.894466
69.9813 134.579 0.597354
5.38318 145.346 0.18392
16.1495 145.346 0.654197
26.9159 145.346 1.72861
37.6822 145.346 2.36256
48.4486 145.346 2.65017
59.215 145.346 2.13896
69.9813 145.346 1.31628
5.38318 156.112 0.594107
16.1495 156.112 1.37073
26.9159 156.112 2.55193
37.6822 156.112 3.16993
48.4486 156.112 3.47083
59.215 156.112 2.76976
69.9813 156.112 1.71912
5.38318 166.879 0.976987
16.1495 166.879 1.92234
26.9159 166.879 3.03872
37.6822 166.879 3.39773
48.4486 166.879 3.4769
59.215 166.879 2.71982
69.9813 166.879 1.68359
5.38318 177.645 0.908768
16.1495 177.645 1.85318
26.9159 177.645 2.92242
37.6822 177.645 2.98419
48.4486 177.645 2.74277
59.215 177.645 1.97625
69.9813 177.645 1.22621
5.38318 188.411 0.643178
16.1495 188.411 1.54956
26.9159 188.411 2.79835
37.6822 188.411 3.07008
48.4486 188.411 2.75998
59.215 188.411 1.87561
69.9813 188.411 1.0368
5.38318 199.178 0.136263
16.1495 199.178 0.935646
26.9159 199.178 2.3546
37.6822 199.178 3.11023
48.4486 199.178 3.00233
59.215 199.178 2.18306
69.9813 199.178 1.17554
5.38318 209.944 -0.0378721
16.1495 209.944 0.454815
26.9159 209.944 1.52399
37.6822 209.944 2.31574
48.4486 209.944 2.45024
59.215 209.944 1.8738
69.9813 209.944 1.03303
