37 48
0 28 72 40
0 12 72 72
0 7 72 82
0 0 72 144
0 0 72 216
5.38318 5.38318 0.847334
16.1495 5.38318 1.09079
26.9159 5.38318 1.048
37.6822 5.38318 0.963399
48.4486 5.38318 1.24494
59.215 5.38318 1.26723
69.9813 5.38318 0.863486
5.38318 16.1495 1.35529
16.1495 16.1495 1.97128
26.9159 16.1495 2.22929
37.6822 16.1495 2.15449
48.4486 16.1495 2.45866
59.215 16.1495 2.31193
69.9813 16.1495 1.56924
5.38318 26.9159 1.27782
16.1495 26.9159 2.0711
26.9159 26.9159 2.73075
37.6822 26.9159 2.73735
48.4486 26.9159 2.89856
59.215 26.9159 2.47613
69.9813 26.9159 1.60457
5.38318 37.6822 1.09066
16.1495 37.6822 2.22105
26.9159 37.6822 3.66348
37.6822 37.6822 3.97279
48.4486 37.6822 3.76513
59.215 37.6822 2.53769
69.9813 37.6822 1.41844
5.38318 48.4486 1.05878
16.1495 48.4486 2.25942
26.9159 48.4486 3.87879
37.6822 48.4486 4.41217
48.4486 48.4486 4.18991
59.215 48.4486 2.83085
69.9813 48.4486 1.55558
5.38318 59.215 1.08435
16.1495 59.215 2.02799
26.9159 59.215 3.18114
37.6822 59.215 3.45739
48.4486 59.215 3.35012
59.215 59.215 2.50503
69.9813 59.215 1.55436
5.38318 69.9813 0.643825
16.1495 69.9813 0.954876
26.9159 69.9813 1.18154
37.6822 69.9813 1.13555
48.4486 69.9813 1.23539
59.215 69.9813 1.49889
69.9813 69.9813 1.1861
5.38318 80.7477 0.00566995
16.1495 80.7477 -0.0523766
26.9159 80.7477 -0.0628602
37.6822 80.7477 -0.153171
48.4486 80.7477 -0.150938
59.215 80.7477 0.324245
69.9813 80.7477 0.512762
5.38318 91.514 -0.405472
16.1495 91.514 -0.683104
26.9159 91.514 -0.726499
37.6822 91.514 -0.760072
48.4486 91.514 -0.722121
59.215 91.514 -0.447485
69.9813 91.514 -0.149623
5.38318 102.28 -0.563447
16.1495 102.28 -0.917207
26.9159 102.28 -1.00704
37.6822 102.28 -1.01399
48.4486 102.28 -0.967382
59.215 102.28 -0.735339
69.9813 102.28 -0.322481
5.38318 113.047 -0.583992
16.1495 113.047 -0.935318
26.9159 113.047 -1.01587
37.6822 113.047 -1.01327
48.4486 113.047 -0.958256
59.215 113.047 -0.751909
69.9813 113.047 -0.323836
5.38318 123.813 -0.562409
16.1495 123.813 -0.889385
26.9159 123.813 -0.94931
37.6822 123.813 -0.938937
48.4486 123.813 -0.887337
59.215 123.813 -0.662917
69.9813 123.813 -0.276195
5.38318 134.579 -0.507899
16.1495 134.579 -0.783809
26.9159 134.579 -0.760659
37.6822 134.579 -0.735422
48.4486 134.579 -0.683904
59.215 134.579 -0.495239
69.9813 134.579 -0.184685
5.38318 145.346 -0.345209
16.1495 145.346 -0.45906
26.9159 145.346 -0.367308
37.6822 145.346 -0.324148
48.4486 145.346 -0.310553
59.215 145.346 -0.198202
69.9813 145.346 -0.0186578
5.38318 156.112 -0.0698934
16.1495 156.112 0.0553948
26.9159 156.112 0.663327
37.6822 156.112 0.736802
48.4486 156.112 0.754859
59.215 156.112 0.620742
69.9813 156.112 0.526739
5.38318 166.879 0.460536
16.1495 166.879 1.14031
26.9159 166.879 2.06759
37.6822 166.879 2.10795
48.4486 166.879 2.05539
59.215 166.879 1.49283
69.9813 166.879 1.00721
5.38318 177.645 0.902928
16.1495 177.645 1.9492
26.9159 177.645 3.31342
37.6822 177.645 3.40581
48.4486 177.645 3.27636
59.215 177.645 2.11615
69.9813 177.645 1.29856
5.38318 188.411 0.98763
16.1495 188.411 2.27281
26.9159 188.411 3.90538
37.6822 188.411 4.20047
48.4486 188.411 3.97754
59.215 188.411 2.50801
69.9813 188.411 1.46591
5.38318 199.178 0.70015
16.1495 199.178 1.68355
26.9159 199.178 3.02184
37.6822 199.178 3.31232
48.4486 199.178 3.10631
59.215 199.178 1.95341
69.9813 199.178 1.18215
5.38318 209.944 0.2795
16.1495 209.944 0.724106
26.9159 209.944 1.28496
37.6822 209.944 1.35197
48.4486 209.944 1.26236
59.215 209.944 0.883439
69.9813 209.944 0.638549
