48 177
0 157 72 40
0 141 72 72
0 134 72 82
0 72 72 144
0 0 72 216
5.38318 5.38318 0.17111
16.1495 5.38318 0.571347
26.9159 5.38318 1.28935
37.6822 5.38318 1.36619
48.4486 5.38318 0.996287
59.215 5.38318 0.504402
69.9813 5.38318 0.159404
5.38318 16.1495 0.246975
16.1495 16.1495 1.07461
26.9159 16.1495 2.34241
37.6822 16.1495 2.55139
48.4486 16.1495 1.97889
59.215 16.1495 1.1304
69.9813 16.1495 0.429157
5.38318 26.9159 0.015996
16.1495 26.9159 0.84999
26.9159 26.9159 2.37129
37.6822 26.9159 2.8205
48.4486 26.9159 2.30032
59.215 26.9159 1.31227
69.9813 26.9159 0.45717
5.38318 37.6822 0.10926
16.1495 37.6822 0.696187
26.9159 37.6822 1.96703
37.6822 37.6822 2.43821
48.4486 37.6822 2.25071
59.215 37.6822 1.50934
69.9813 37.6822 0.681292
5.38318 48.4486 0.0499244
16.1495 48.4486 0.51971
26.9159 48.4486 1.60109
37.6822 48.4486 2.23621
48.4486 48.4486 2.33895
59.215 48.4486 1.67906
69.9813 48.4486 0.909807
5.38318 59.215 -0.00893624
16.1495 59.215 0.524282
26.9159 59.215 1.61101
37.6822 59.215 2.36038
48.4486 59.215 2.54321
59.215 59.215 1.82466
69.9813 59.215 1.00381
5.38318 69.9813 -0.0715329
16.1495 69.9813 0.301976
26.9159 69.9813 1.18345
37.6822 69.9813 1.87725
48.4486 69.9813 1.98785
59.215 69.9813 1.41854
69.9813 69.9813 0.784534
5.38318 80.7477 -0.180357
16.1495 80.7477 -0.122519
26.9159 80.7477 0.333801
37.6822 80.7477 0.811059
48.4486 80.7477 0.861633
59.215 80.7477 0.539739
69.9813 80.7477 0.324663
5.38318 91.514 -0.258445
16.1495 91.514 -0.363974
26.9159 91.514 -0.303843
37.6822 91.514 -0.308628
48.4486 91.514 -0.308659
59.215 91.514 -0.29665
69.9813 91.514 -0.135913
5.38318 102.28 -0.291107
16.1495 102.28 -0.445269
26.9159 102.28 -0.437855
37.6822 102.28 -0.446287
48.4486 102.28 -0.43197
59.215 102.28 -0.354202
69.9813 102.28 -0.157285
5.38318 113.047 -0.297249
16.1495 113.047 -0.450808
26.9159 113.047 -0.457382
37.6822 113.047 -0.444908
48.4486 113.047 -0.430331
59.215 113.047 -0.335041
69.9813 113.047 -0.146565
5.38318 123.813 -0.292087
16.1495 123.813 -0.443657
26.9159 123.813 -0.421452
37.6822 123.813 -0.402285
48.4486 123.813 -0.371463
59.215 123.813 -0.266114
69.9813 123.813 -0.107306
5.38318 134.579 -0.267386
16.1495 134.579 -0.386737
26.9159 134.579 -0.314793
37.6822 134.579 -0.257683
48.4486 134.579 -0.213041
59.215 134.579 -0.112336
69.9813 134.579 -0.0168363
5.38318 145.346 -0.240442
16.1495 145.346 -0.292756
26.9159 145.346 -0.0606139
37.6822 145.346 0.361774
48.4486 145.346 0.613438
59.215 145.346 0.633632
69.9813 145.346 0.421689
5.38318 156.112 -0.173353
16.1495 156.112 -0.0945762
26.9159 156.112 0.854583
37.6822 156.112 1.7008
48.4486 156.112 1.93015
59.215 156.112 1.54942
69.9813 156.112 0.88961
5.38318 166.879 -0.145874
16.1495 166.879 0.0925191
26.9159 166.879 1.73513
37.6822 166.879 2.93349
48.4486 166.879 3.31354
59.215 166.879 2.53847
69.9813 166.879 1.36135
5.38318 177.645 -0.0391761
16.1495 177.645 0.488247
26.9159 177.645 2.1449
37.6822 177.645 3.38208
48.4486 177.645 3.70189
59.215 177.645 2.77921
69.9813 177.645 1.48197
5.38318 188.411 -0.024142
16.1495 188.411 0.370244
26.9159 188.411 1.7943
37.6822 188.411 2.74789
48.4486 188.411 3.0636
59.215 188.411 2.45928
69.9813 188.411 1.3915
5.38318 199.178 0.187486
16.1495 199.178 0.503322
26.9159 199.178 1.28662
37.6822 199.178 1.4708
48.4486 199.178 1.69158
59.215 199.178 1.53641
69.9813 199.178 1.0633
5.38318 209.944 0.30871
16.1495 209.944 0.589732
26.9159 209.944 1.09105
37.6822 209.944 1.00571
48.4486 209.944 1.17311
59.215 209.944 1.14508
69.9813 209.944 0.861409
