37 177
0 157 72 40
0 141 72 72
0 134 72 82
0 72 72 144
0 0 72 216
5.38318 5.38318 0.788705
16.1495 5.38318 1.54965
26.9159 5.38318 1.98252
37.6822 5.38318 1.79874
48.4486 5.38318 1.19894
59.215 5.38318 0.613834
69.9813 5.38318 0.260553
5.38318 16.1495 1.1987
16.1495 16.1495 2.59579
26.9159 16.1495 3.5498
37.6822 16.1495 3.44856
48.4486 16.1495 2.41878
59.215 16.1495 1.48052
69.9813 16.1495 0.655254
5.38318 26.9159 1.29417
16.1495 26.9159 2.8471
26.9159 26.9159 4.08268
37.6822 26.9159 4.26838
48.4486 26.9159 3.18887
59.215 26.9159 2.02031
69.9813 26.9159 0.932642
5.38318 37.6822 1.39374
16.1495 37.6822 2.59088
26.9159 37.6822 3.61005
37.6822 37.6822 3.98835
48.4486 37.6822 3.4515
59.215 37.6822 2.46762
69.9813 37.6822 1.26563
5.38318 48.4486 1.71206
16.1495 48.4486 2.84078
26.9159 48.4486 3.52538
37.6822 48.4486 3.70421
48.4486 48.4486 3.461
59.215 48.4486 2.68487
69.9813 48.4486 1.57797
5.38318 59.215 1.73458
16.1495 59.215 2.72021
26.9159 59.215 2.95376
37.6822 59.215 2.87434
48.4486 59.215 2.79142
59.215 59.215 2.47036
69.9813 59.215 1.6385
5.38318 69.9813 1.13675
16.1495 69.9813 1.80019
26.9159 69.9813 1.93313
37.6822 69.9813 1.89959
48.4486 69.9813 1.85712
59.215 69.9813 1.80845
69.9813 69.9813 1.25675
5.38318 80.7477 0.242424
16.1495 80.7477 0.410409
26.9159 80.7477 0.336425
37.6822 80.7477 0.297728
48.4486 80.7477 0.0893975
59.215 80.7477 0.379073
69.9813 80.7477 0.365531
5.38318 91.514 -0.226608
16.1495 91.514 -0.335585
26.9159 91.514 -0.341226
37.6822 91.514 -0.316016
48.4486 91.514 -0.362834
59.215 91.514 -0.225642
69.9813 91.514 -0.0954148
5.38318 102.28 -0.299319
16.1495 102.28 -0.458879
26.9159 102.28 -0.453102
37.6822 102.28 -0.456338
48.4486 102.28 -0.454743
59.215 102.28 -0.361257
69.9813 102.28 -0.163955
5.38318 113.047 -0.299461
16.1495 113.047 -0.453499
26.9159 113.047 -0.458998
37.6822 113.047 -0.445663
48.4486 113.047 -0.431203
59.215 113.047 -0.344706
69.9813 113.047 -0.153203
5.38318 123.813 -0.293036
16.1495 123.813 -0.447799
26.9159 123.813 -0.453091
37.6822 123.813 -0.446915
48.4486 123.813 -0.420307
59.215 123.813 -0.316162
69.9813 123.813 -0.133284
5.38318 134.579 -0.230818
16.1495 134.579 -0.344052
26.9159 134.579 -0.303337
37.6822 134.579 -0.287924
48.4486 134.579 -0.260856
59.215 134.579 -0.189112
69.9813 134.579 -0.0613872
5.38318 145.346 -0.0380227
16.1495 145.346 -0.0125378
26.9159 145.346 0.283895
37.6822 145.346 0.423925
48.4486 145.346 0.405533
59.215 145.346 0.324074
69.9813 145.346 0.262067
5.38318 156.112 0.555539
16.1495 156.112 1.12433
26.9159 156.112 1.84201
37.6822 156.112 2.03364
48.4486 156.112 1.82716
59.215 156.112 1.28898
69.9813 156.112 0.752735
5.38318 166.879 1.24745
16.1495 166.879 2.38636
26.9159 166.879 3.55096
37.6822 166.879 3.81902
48.4486 166.879 3.26993
59.215 166.879 2.19372
69.9813 166.879 1.16337
5.38318 177.645 1.56989
16.1495 177.645 3.04961
26.9159 177.645 4.70152
37.6822 177.645 4.98925
48.4486 177.645 4.20597
59.215 177.645 2.64095
69.9813 177.645 1.35479
5.38318 188.411 1.46298
16.1495 188.411 2.87517
26.9159 188.411 4.53099
37.6822 188.411 4.68889
48.4486 188.411 3.74123
59.215 188.411 2.2169
69.9813 188.411 1.10604
5.38318 199.178 0.721248
16.1495 199.178 1.46239
26.9159 199.178 2.45176
37.6822 199.178 2.47273
48.4486 199.178 1.98147
59.215 199.178 1.10569
69.9813 199.178 0.706238
5.38318 209.944 0.337927
16.1495 209.944 0.686653
26.9159 209.944 1.02835
37.6822 209.944 0.991227
48.4486 209.944 0.714862
59.215 209.944 0.526546
69.9813 209.944 0.458125
