48 166
0 146 72 40
0 130 72 72
0 125 72 82
0 72 72 144
0 0 72 216
5.38318 5.38318 0.482194
16.1495 5.38318 0.728872
26.9159 5.38318 0.970997
37.6822 5.38318 0.918753
48.4486 5.38318 1.0037
59.215 5.38318 0.828775
69.9813 5.38318 0.585715
5.38318 16.1495 0.911666
16.1495 16.1495 1.68017
26.9159 16.1495 2.32023
37.6822 16.1495 2.24974
48.4486 16.1495 2.31445
59.215 16.1495 1.84906
69.9813 16.1495 1.25658
5.38318 26.9159 0.929702
16.1495 26.9159 1.977
26.9159 26.9159 3.19303
37.6822 26.9159 3.23991
48.4486 26.9159 3.33977
59.215 26.9159 2.45544
69.9813 26.9159 1.63565
5.38318 37.6822 1.13576
16.1495 37.6822 2.45171
26.9159 37.6822 4.06908
37.6822 37.6822 4.32208
48.4486 37.6822 4.31272
59.215 37.6822 3.01301
69.9813 37.6822 1.86789
5.38318 48.4486 1.03185
16.1495 48.4486 2.23942
26.9159 48.4486 3.88814
37.6822 48.4486 4.23485
48.4486 48.4486 4.17989
59.215 48.4486 2.86727
69.9813 48.4486 1.72457
5.38318 59.215 0.541046
16.1495 59.215 1.10471
26.9159 59.215 2.26219
37.6822 59.215 2.40809
48.4486 59.215 2.37817
59.215 59.215 1.77616
69.9813 59.215 1.10611
5.38318 69.9813 -0.0031372
16.1495 69.9813 -0.0286286
26.9159 69.9813 0.283505
37.6822 69.9813 0.137838
48.4486 69.9813 0.0570171
59.215 69.9813 0.191284
69.9813 69.9813 0.212088
5.38318 80.7477 -0.185009
16.1495 80.7477 -0.312615
26.9159 80.7477 -0.316769
37.6822 80.7477 -0.359789
48.4486 80.7477 -0.345009
59.215 80.7477 -0.215447
69.9813 80.7477 -0.0780347
5.38318 91.514 -0.276619
16.1495 91.514 -0.430564
26.9159 91.514 -0.466239
37.6822 91.514 -0.499085
48.4486 91.514 -0.484584
59.215 91.514 -0.382826
69.9813 91.514 -0.168125
5.38318 102.28 -0.297289
16.1495 102.28 -0.453134
26.9159 102.28 -0.452593
37.6822 102.28 -0.44173
48.4486 102.28 -0.405224
59.215 102.28 -0.323491
69.9813 102.28 -0.13505
5.38318 113.047 -0.298005
16.1495 113.047 -0.452527
26.9159 113.047 -0.456998
37.6822 113.047 -0.437764
48.4486 113.047 -0.408417
59.215 113.047 -0.313862
69.9813 113.047 -0.133985
5.38318 123.813 -0.229095
16.1495 123.813 -0.33861
26.9159 123.813 -0.296909
37.6822 123.813 -0.281927
48.4486 123.813 -0.267949
59.215 123.813 -0.193834
69.9813 123.813 -0.0636685
5.38318 134.579 -0.0145556
16.1495 134.579 0.0212541
26.9159 134.579 0.276125
37.6822 134.579 0.332102
48.4486 134.579 0.335581
59.215 134.579 0.288339
69.9813 134.579 0.298347
5.38318 145.346 0.801963
16.1495 145.346 1.42536
26.9159 145.346 1.75798
37.6822 145.346 1.87603
48.4486 145.346 1.86685
59.215 145.346 1.48259
69.9813 145.346 0.983834
5.38318 156.112 1.67375
16.1495 156.112 2.8876
26.9159 156.112 3.48028
37.6822 156.112 3.65761
48.4486 156.112 3.66927
59.215 156.112 2.85866
69.9813 156.112 1.76755
5.38318 166.879 2.12376
16.1495 166.879 3.69842
26.9159 166.879 4.40647
37.6822 166.879 4.635
48.4486 166.879 4.64575
59.215 166.879 3.67063
69.9813 166.879 2.22445
5.38318 177.645 1.92503
16.1495 177.645 3.34742
26.9159 177.645 4.0942
37.6822 177.645 4.22953
48.4486 177.645 4.0637
59.215 177.645 3.21263
69.9813 177.645 1.93237
5.38318 188.411 1.15899
16.1495 188.411 2.00282
26.9159 188.411 2.51579
37.6822 188.411 2.45906
48.4486 188.411 2.20402
59.215 188.411 1.88882
69.9813 188.411 1.20994
5.38318 199.178 0.706987
16.1495 199.178 1.3143
26.9159 199.178 1.77217
37.6822 199.178 1.73025
48.4486 199.178 1.44584
59.215 199.178 1.32439
69.9813 199.178 0.883972
5.38318 209.944 0.331869
16.1495 209.944 0.638834
26.9159 209.944 0.975719
37.6822 209.944 0.950906
48.4486 209.944 0.864394
59.215 209.944 0.862338
69.9813 209.944 0.637992
