37 188
0 168 72 40
0 144 72 72
0 134 72 82
0 72 72 144
0 0 72 216
5.38318 5.38318 0.271723
16.1495 5.38318 0.404171
26.9159 5.38318 0.586891
37.6822 5.38318 0.556919
48.4486 5.38318 0.46037
59.215 5.38318 0.273085
69.9813 5.38318 0.191456
5.38318 16.1495 0.511026
16.1495 16.1495 0.880223
26.9159 16.1495 1.21088
37.6822 16.1495 1.09044
48.4486 16.1495 1.01856
59.215 16.1495 0.681372
69.9813 16.1495 0.505329
5.38318 26.9159 0.554462
16.1495 26.9159 0.955989
26.9159 26.9159 1.14876
37.6822 26.9159 0.902725
48.4486 26.9159 0.887756
59.215 26.9159 0.574047
69.9813 26.9159 0.549365
5.38318 37.6822 0.764472
16.1495 37.6822 1.16583
26.9159 37.6822 1.13583
37.6822 37.6822 0.729776
48.4486 37.6822 0.801046
59.215 37.6822 0.721617
69.9813 37.6822 0.723006
5.38318 48.4486 0.700149
16.1495 48.4486 0.98864
26.9159 48.4486 0.785928
37.6822 48.4486 0.367354
48.4486 48.4486 0.428967
59.215 48.4486 0.68946
69.9813 48.4486 0.716596
5.38318 59.215 0.35705
16.1495 59.215 0.410965
26.9159 59.215 0.263015
37.6822 59.215 0.102346
48.4486 59.215 0.205421
59.215 59.215 0.635607
69.9813 59.215 0.569692
5.38318 69.9813 -0.0108669
16.1495 69.9813 -0.0532459
26.9159 69.9813 -0.109857
37.6822 69.9813 -0.181401
48.4486 69.9813 -0.181108
59.215 69.9813 0.0227603
69.9813 69.9813 0.178039
5.38318 80.7477 -0.17592
16.1495 80.7477 -0.280844
26.9159 80.7477 -0.306733
37.6822 80.7477 -0.342516
48.4486 80.7477 -0.293675
59.215 80.7477 -0.179656
69.9813 80.7477 -0.0340437
5.38318 91.514 -0.277656
16.1495 91.514 -0.42382
26.9159 91.514 -0.469576
37.6822 91.514 -0.490827
48.4486 91.514 -0.464779
59.215 91.514 -0.374149
69.9813 91.514 -0.155306
5.38318 102.28 -0.297236
16.1495 102.28 -0.457881
26.9159 102.28 -0.472359
37.6822 102.28 -0.459177
48.4486 102.28 -0.410294
59.215 102.28 -0.324167
69.9813 102.28 -0.132202
5.38318 113.047 -0.25872
16.1495 113.047 -0.406221
26.9159 113.047 -0.392639
37.6822 113.047 -0.376825
48.4486 113.047 -0.335928
59.215 113.047 -0.23385
69.9813 113.047 -0.0820774
5.38318 123.813 -0.0305855
16.1495 123.813 -0.0904427
26.9159 123.813 -0.0780196
37.6822 123.813 -0.0843226
48.4486 123.813 -0.0284781
59.215 123.813 0.0932949
69.9813 123.813 0.255079
5.38318 134.579 0.800254
16.1495 134.579 0.968079
26.9159 134.579 0.853722
37.6822 134.579 0.711421
48.4486 134.579 1.09555
59.215 134.579 1.2188
69.9813 134.579 1.01973
5.38318 145.346 1.70203
16.1495 145.346 2.22591
26.9159 145.346 1.99887
37.6822 145.346 1.68774
48.4486 145.346 2.26992
59.215 145.346 2.47539
69.9813 145.346 1.92434
5.38318 156.112 2.17042
16.1495 156.112 2.84874
26.9159 156.112 2.58664
37.6822 156.112 2.12314
48.4486 156.112 2.85521
59.215 156.112 3.12124
69.9813 156.112 2.44787
5.38318 166.879 1.80508
16.1495 166.879 2.5564
26.9159 166.879 2.85651
37.6822 166.879 2.56318
48.4486 166.879 3.02079
59.215 166.879 2.9612
69.9813 166.879 2.17991
5.38318 177.645 1.09652
16.1495 177.645 2.03628
26.9159 177.645 3.27624
37.6822 177.645 3.3558
48.4486 177.645 3.11853
59.215 177.645 2.20301
69.9813 177.645 1.37773
5.38318 188.411 0.946195
16.1495 188.411 2.09178
26.9159 188.411 4.01175
37.6822 188.411 4.36448
48.4486 188.411 3.84716
59.215 188.411 2.37536
69.9813 188.411 1.2907
5.38318 199.178 0.716837
16.1495 199.178 1.76856
26.9159 199.178 3.31664
37.6822 199.178 3.49859
48.4486 199.178 2.95957
59.215 199.178 1.87929
69.9813 199.178 1.10495
5.38318 209.944 0.391235
16.1495 209.944 0.944951
26.9159 209.944 1.56986
37.6822 209.944 1.5
48.4486 209.944 1.2117
59.215 209.944 0.978761
69.9813 209.944 0.746973
