37 177
0 157 72 40
0 141 72 72
0 134 72 82
0 72 72 144
0 0 72 216
5.38318 5.38318 0.359726
16.1495 5.38318 0.495223
26.9159 5.38318 0.640249
37.6822 5.38318 0.555012
48.4486 5.38318 0.629932
59.215 5.38318 0.549947
69.9813 5.38318 0.411482
5.38318 16.1495 0.657107
16.1495 16.1495 1.31547
26.9159 16.1495 1.9495
37.6822 16.1495 1.95868
48.4486 16.1495 2.04621
59.215 16.1495 1.59305
69.9813 16.1495 1.07297
5.38318 26.9159 0.421825
16.1495 26.9159 1.19631
26.9159 26.9159 2.32087
37.6822 26.9159 2.49075
48.4486 26.9159 2.65391
59.215 26.9159 1.98242
69.9813 26.9159 1.38628
5.38318 37.6822 0.634373
16.1495 37.6822 2.00702
26.9159 37.6822 3.75015
37.6822 37.6822 4.15854
48.4486 37.6822 4.23214
59.215 37.6822 2.88828
69.9813 37.6822 1.80303
5.38318 48.4486 0.466792
16.1495 48.4486 1.87574
26.9159 48.4486 3.80845
37.6822 48.4486 4.42018
48.4486 48.4486 4.44908
59.215 48.4486 2.97445
69.9813 48.4486 1.80398
5.38318 59.215 0.373979
16.1495 59.215 1.34283
26.9159 59.215 2.88081
37.6822 59.215 3.27054
48.4486 59.215 3.33493
59.215 59.215 2.32035
69.9813 59.215 1.5112
5.38318 69.9813 -0.0953442
16.1495 69.9813 -0.0671242
26.9159 69.9813 0.628175
37.6822 69.9813 0.616144
48.4486 69.9813 0.799938
59.215 69.9813 0.534479
69.9813 69.9813 0.632402
5.38318 80.7477 -0.178395
16.1495 80.7477 -0.220733
26.9159 80.7477 0.153356
37.6822 80.7477 0.0718517
48.4486 80.7477 0.355635
59.215 80.7477 0.20269
69.9813 80.7477 0.487138
5.38318 91.514 -0.244896
16.1495 91.514 -0.319862
26.9159 91.514 -0.0853449
37.6822 91.514 -0.111196
48.4486 91.514 0.0184892
59.215 91.514 -0.108622
69.9813 91.514 0.152044
5.38318 102.28 -0.255156
16.1495 102.28 -0.339328
26.9159 102.28 -0.224739
37.6822 102.28 -0.21418
48.4486 102.28 -0.18886
59.215 102.28 -0.18415
69.9813 102.28 -0.0398217
5.38318 113.047 -0.270337
16.1495 113.047 -0.392314
26.9159 113.047 -0.370256
37.6822 113.047 -0.349041
48.4486 113.047 -0.349065
59.215 113.047 -0.278941
69.9813 113.047 -0.120185
5.38318 123.813 -0.180583
16.1495 123.813 -0.234906
26.9159 123.813 -0.184395
37.6822 123.813 -0.147921
48.4486 123.813 -0.141295
59.215 123.813 -0.113456
69.9813 123.813 -0.0151682
5.38318 134.579 0.0448017
16.1495 134.579 0.205217
26.9159 134.579 0.482553
37.6822 134.579 0.604762
48.4486 134.579 0.62425
59.215 134.579 0.443505
69.9813 134.579 0.356549
5.38318 145.346 0.615176
16.1495 145.346 1.16921
26.9159 145.346 1.75593
37.6822 145.346 1.91707
48.4486 145.346 1.8896
59.215 145.346 1.3899
69.9813 145.346 0.898483
5.38318 156.112 1.07407
16.1495 156.112 1.97764
26.9159 156.112 2.97198
37.6822 156.112 3.19286
48.4486 156.112 3.04938
59.215 156.112 2.14856
69.9813 156.112 1.27896
5.38318 166.879 1.32583
16.1495 166.879 2.57855
26.9159 166.879 4.10694
37.6822 166.879 4.29893
48.4486 166.879 3.84756
59.215 166.879 2.50667
69.9813 166.879 1.38811
5.38318 177.645 1.16264
16.1495 177.645 2.457
26.9159 177.645 4.23068
37.6822 177.645 4.45456
48.4486 177.645 3.90674
59.215 177.645 2.3946
69.9813 177.645 1.29126
5.38318 188.411 1.11776
16.1495 188.411 2.20531
26.9159 188.411 3.52238
37.6822 188.411 3.43047
48.4486 188.411 2.78815
59.215 188.411 1.46396
69.9813 188.411 0.80876
5.38318 199.178 1.05096
16.1495 199.178 1.59505
26.9159 199.178 1.98154
37.6822 199.178 1.59032
48.4486 199.178 1.28096
59.215 199.178 0.583599
69.9813 199.178 0.605045
5.38318 209.944 0.874941
16.1495 209.944 1.21125
26.9159 209.944 1.2106
37.6822 209.944 0.694371
48.4486 209.944 0.490243
59.215 209.944 0.180791
69.9813 209.944 0.411613
