37 37
0 17 72 40
0 1 72 72
0 0 72 82
0 0 72 144
0 0 72 216
5.38318 5.38318 1.02196
16.1495 5.38318 1.55292
26.9159 5.38318 1.66903
37.6822 5.38318 1.59305
48.4486 5.38318 1.50978
59.215 5.38318 1.19139
69.9813 5.38318 0.750896
5.38318 16.1495 1.77275
16.1495 16.1495 2.96329
26.9159 16.1495 3.43926
37.6822 16.1495 3.46327
48.4486 16.1495 3.19368
59.215 16.1495 2.47883
69.9813 16.1495 1.49052
5.38318 26.9159 1.97921
16.1495 26.9159 3.49615
26.9159 26.9159 4.41634
37.6822 26.9159 4.86652
48.4486 26.9159 4.48848
59.215 26.9159 3.36985
69.9813 26.9159 1.85168
5.38318 37.6822 1.54192
16.1495 37.6822 2.88982
26.9159 37.6822 4.16501
37.6822 37.6822 5.17348
48.4486 37.6822 4.87533
59.215 37.6822 3.61535
69.9813 37.6822 1.84449
5.38318 48.4486 1.21247
16.1495 48.4486 2.19442
26.9159 48.4486 3.21778
37.6822 48.4486 4.11154
48.4486 48.4486 3.98951
59.215 48.4486 3.06051
69.9813 48.4486 1.62793
5.38318 59.215 1.08576
16.1495 59.215 1.8342
26.9159 59.215 2.15321
37.6822 59.215 2.40192
48.4486 59.215 2.27019
59.215 59.215 1.9803
69.9813 59.215 1.28841
5.38318 69.9813 0.939364
16.1495 69.9813 1.55706
26.9159 69.9813 1.58518
37.6822 69.9813 1.49676
48.4486 69.9813 1.24981
59.215 69.9813 1.10361
69.9813 69.9813 0.904515
5.38318 80.7477 0.249964
16.1495 80.7477 0.610434
26.9159 80.7477 0.638393
37.6822 80.7477 0.697071
48.4486 80.7477 0.453592
59.215 80.7477 0.563027
69.9813 80.7477 0.578563
5.38318 91.514 -0.253954
16.1495 91.514 -0.304883
26.9159 91.514 -0.246408
37.6822 91.514 -0.164092
48.4486 91.514 -0.180075
59.215 91.514 -0.11559
69.9813 91.514 0.0881324
5.38318 102.28 -0.298996
16.1495 102.28 -0.407869
26.9159 102.28 -0.324246
37.6822 102.28 -0.229428
48.4486 102.28 -0.191835
59.215 102.28 -0.118083
69.9813 102.28 0.0368977
5.38318 113.047 -0.275726
16.1495 113.047 -0.422517
26.9159 113.047 -0.404117
37.6822 113.047 -0.387315
48.4486 113.047 -0.362374
59.215 113.047 -0.265412
69.9813 113.047 -0.105688
5.38318 123.813 -0.178088
16.1495 123.813 -0.290469
26.9159 123.813 -0.313425
37.6822 123.813 -0.299227
48.4486 123.813 -0.276645
59.215 123.813 -0.148264
69.9813 123.813 -0.0170002
5.38318 134.579 -0.0470981
16.1495 134.579 -0.103341
26.9159 134.579 -0.154367
37.6822 134.579 -0.0894157
48.4486 134.579 -0.0138243
59.215 134.579 0.345221
69.9813 134.579 0.413145
5.38318 145.346 0.0686989
16.1495 145.346 0.105529
26.9159 145.346 -0.0342692
37.6822 145.346 0.216244
48.4486 145.346 0.583423
59.215 145.346 1.07724
69.9813 145.346 0.988877
5.38318 156.112 0.097194
16.1495 156.112 0.309656
26.9159 156.112 0.262412
37.6822 156.112 0.699292
48.4486 156.112 1.25423
59.215 156.112 1.79403
69.9813 156.112 1.46764
5.38318 166.879 -0.0285951
16.1495 166.879 0.131955
26.9159 166.879 0.129743
37.6822 166.879 0.656916
48.4486 166.879 1.28309
59.215 166.879 1.8036
69.9813 166.879 1.52468
5.38318 177.645 -0.0340615
16.1495 177.645 0.0837226
26.9159 177.645 0.079633
37.6822 177.645 0.68349
48.4486 177.645 1.11548
59.215 177.645 1.42356
69.9813 177.645 1.27117
5.38318 188.411 0.318602
16.1495 188.411 0.730911
26.9159 188.411 0.561049
37.6822 188.411 0.868287
48.4486 188.411 0.858462
59.215 188.411 0.970603
69.9813 188.411 0.880352
5.38318 199.178 0.612044
16.1495 199.178 1.12199
26.9159 199.178 0.978862
37.6822 199.178 1.16375
48.4486 199.178 0.895266
59.215 199.178 0.810844
69.9813 199.178 0.652025
5.38318 209.944 0.560478
16.1495 209.944 1.01083
26.9159 209.944 1.00748
37.6822 209.944 1.13022
48.4486 209.944 0.723772
59.215 209.944 0.459888
69.9813 209.944 0.289898
