16 37
0 17 72 40
0 1 72 72
0 0 72 82
0 0 72 144
0 0 72 216
5.38318 5.38318 0.667545
16.1495 5.38318 1.10712
26.9159 5.38318 1.25518
37.6822 5.38318 1.21536
48.4486 5.38318 1.06998
59.215 5.38318 0.892601
69.9813 5.38318 0.58072
5.38318 16.1495 1.39974
16.1495 16.1495 2.22018
26.9159 16.1495 2.38404
37.6822 16.1495 2.23579
48.4486 16.1495 2.11616
59.215 16.1495 1.87664
69.9813 16.1495 1.25641
5.38318 26.9159 2.06203
16.1495 26.9159 2.9462
26.9159 26.9159 2.75339
37.6822 26.9159 2.38775
48.4486 26.9159 2.51458
59.215 26.9159 2.63323
69.9813 26.9159 1.88773
5.38318 37.6822 2.37108
16.1495 37.6822 3.12217
26.9159 37.6822 2.60747
37.6822 37.6822 2.08168
48.4486 37.6822 2.49993
59.215 37.6822 2.84761
69.9813 37.6822 2.16797
5.38318 48.4486 1.83026
16.1495 48.4486 2.41891
26.9159 48.4486 2.14084
37.6822 48.4486 1.87302
48.4486 48.4486 2.40552
59.215 48.4486 2.62706
69.9813 48.4486 2.03107
5.38318 59.215 0.893061
16.1495 59.215 1.41039
26.9159 59.215 1.64683
37.6822 59.215 1.83834
48.4486 59.215 2.31959
59.215 59.215 2.21077
69.9813 59.215 1.65708
5.38318 69.9813 0.47488
16.1495 69.9813 0.809424
26.9159 69.9813 1.30092
37.6822 69.9813 1.55042
48.4486 69.9813 2.08501
59.215 69.9813 1.91258
69.9813 69.9813 1.44629
5.38318 80.7477 0.0645139
16.1495 80.7477 0.100165
26.9159 80.7477 0.46506
37.6822 80.7477 0.431118
48.4486 80.7477 0.800816
59.215 80.7477 0.874315
69.9813 80.7477 0.85927
5.38318 91.514 -0.21591
16.1495 91.514 -0.34852
26.9159 91.514 -0.297523
37.6822 91.514 -0.359746
48.4486 91.514 -0.29419
59.215 91.514 -0.176845
69.9813 91.514 0.0906289
5.38318 102.28 -0.248021
16.1495 102.28 -0.383667
26.9159 102.28 -0.366481
37.6822 102.28 -0.411214
48.4486 102.28 -0.402258
59.215 102.28 -0.293948
69.9813 102.28 -0.0984071
5.38318 113.047 -0.293082
16.1495 113.047 -0.437118
26.9159 113.047 -0.405745
37.6822 113.047 -0.394142
48.4486 113.047 -0.386096
59.215 113.047 -0.313263
69.9813 113.047 -0.139745
5.38318 123.813 -0.263541
16.1495 123.813 -0.33838
26.9159 123.813 -0.204876
37.6822 123.813 -0.13443
48.4486 123.813 -0.153732
59.215 123.813 -0.147181
69.9813 123.813 -0.0734636
5.38318 134.579 -0.201969
16.1495 134.579 -0.152707
26.9159 134.579 0.381749
37.6822 134.579 0.684533
48.4486 134.579 0.566303
59.215 134.579 0.321142
69.9813 134.579 0.15926
5.38318 145.346 -0.098946
16.1495 145.346 0.325444
26.9159 145.346 1.48351
37.6822 145.346 1.99344
48.4486 145.346 1.77698
59.215 145.346 1.1457
69.9813 145.346 0.515805
5.38318 156.112 0.0706783
16.1495 156.112 0.828813
26.9159 156.112 2.20253
37.6822 156.112 2.82553
48.4486 156.112 2.52572
59.215 156.112 1.59072
69.9813 156.112 0.726845
5.38318 166.879 0.389346
16.1495 166.879 1.37792
26.9159 166.879 2.55223
37.6822 166.879 2.98231
48.4486 166.879 2.54023
59.215 166.879 1.62558
69.9813 166.879 0.75026
5.38318 177.645 0.818271
16.1495 177.645 1.84513
26.9159 177.645 2.63693
37.6822 177.645 2.58665
48.4486 177.645 2.04116
59.215 177.645 1.30265
69.9813 177.645 0.663182
5.38318 188.411 1.09964
16.1495 188.411 2.25675
26.9159 188.411 2.80845
37.6822 188.411 2.57916
48.4486 188.411 2.02911
59.215 188.411 1.42024
69.9813 188.411 0.857641
5.38318 199.178 1.12571
16.1495 199.178 2.07479
26.9159 199.178 2.49078
37.6822 199.178 2.35796
48.4486 199.178 2.13052
59.215 199.178 1.66214
69.9813 199.178 1.08799
5.38318 209.944 0.708229
16.1495 209.944 1.23976
26.9159 209.944 1.46764
37.6822 209.944 1.58459
48.4486 209.944 1.70443
59.215 209.944 1.47853
69.9813 209.944 0.993124
