26 177
0 157 72 40
0 141 72 72
0 134 72 82
0 72 72 144
0 0 72 216
5.38318 5.38318 0.27745
16.1495 5.38318 0.519363
26.9159 5.38318 1.08159
37.6822 5.38318 1.04363
48.4486 5.38318 0.876876
59.215 5.38318 0.437796
69.9813 5.38318 0.227895
5.38318 16.1495 0.444942
16.1495 16.1495 1.21072
26.9159 16.1495 2.26785
37.6822 16.1495 2.2796
48.4486 16.1495 1.99954
59.215 16.1495 1.07358
69.9813 16.1495 0.610028
5.38318 26.9159 0.558974
16.1495 26.9159 1.63468
26.9159 26.9159 3.06236
37.6822 26.9159 3.089
48.4486 26.9159 2.64976
59.215 26.9159 1.32619
69.9813 26.9159 0.720409
5.38318 37.6822 0.842452
16.1495 37.6822 2.05283
26.9159 37.6822 3.42172
37.6822 37.6822 3.61224
48.4486 37.6822 3.15887
59.215 37.6822 1.97801
69.9813 37.6822 1.1713
5.38318 48.4486 1.28482
16.1495 48.4486 2.39626
26.9159 48.4486 3.47344
37.6822 48.4486 3.50787
48.4486 48.4486 3.19383
59.215 48.4486 2.30438
69.9813 48.4486 1.50488
5.38318 59.215 1.54658
16.1495 59.215 2.48912
26.9159 59.215 2.8991
37.6822 59.215 2.70956
48.4486 59.215 2.73582
59.215 59.215 2.60851
69.9813 59.215 1.96523
5.38318 69.9813 1.43115
16.1495 69.9813 2.10435
26.9159 69.9813 2.27517
37.6822 69.9813 1.76615
48.4486 69.9813 2.10327
59.215 69.9813 2.32445
69.9813 69.9813 1.9475
5.38318 80.7477 0.363466
16.1495 80.7477 0.425218
26.9159 80.7477 0.656536
37.6822 80.7477 0.342954
48.4486 80.7477 0.754936
59.215 80.7477 1.20837
69.9813 80.7477 1.23869
5.38318 91.514 -0.470524
16.1495 91.514 -0.77999
26.9159 91.514 -0.695714
37.6822 91.514 -0.718433
48.4486 91.514 -0.635967
59.215 91.514 -0.452141
69.9813 91.514 -0.131812
5.38318 102.28 -0.568944
16.1495 102.28 -0.923412
26.9159 102.28 -0.968304
37.6822 102.28 -0.969973
48.4486 102.28 -0.909708
59.215 102.28 -0.703062
69.9813 102.28 -0.303244
5.38318 113.047 -0.574508
16.1495 113.047 -0.919459
26.9159 113.047 -0.990245
37.6822 113.047 -0.986551
48.4486 113.047 -0.930063
59.215 113.047 -0.711784
69.9813 113.047 -0.301195
5.38318 123.813 -0.516026
16.1495 123.813 -0.793202
26.9159 123.813 -0.755285
37.6822 123.813 -0.731365
48.4486 123.813 -0.698424
59.215 123.813 -0.52895
69.9813 123.813 -0.211765
5.38318 134.579 -0.325825
16.1495 134.579 -0.431518
26.9159 134.579 -0.271927
37.6822 134.579 -0.207755
48.4486 134.579 -0.226609
59.215 134.579 -0.194843
69.9813 134.579 -0.0448539
5.38318 145.346 -0.00341467
16.1495 145.346 0.463094
26.9159 145.346 1.25474
37.6822 145.346 1.54633
48.4486 145.346 1.31253
59.215 145.346 0.801932
69.9813 145.346 0.501248
5.38318 156.112 0.736949
16.1495 156.112 1.85857
26.9159 156.112 3.01994
37.6822 156.112 3.38564
48.4486 156.112 2.94171
59.215 156.112 1.96076
69.9813 156.112 1.02846
5.38318 166.879 1.44766
16.1495 166.879 2.88117
26.9159 166.879 4.41154
37.6822 166.879 4.69957
48.4486 166.879 4.02625
59.215 166.879 2.60231
69.9813 166.879 1.41064
5.38318 177.645 1.87843
16.1495 177.645 3.30388
26.9159 177.645 4.72893
37.6822 177.645 4.7013
48.4486 177.645 4.03683
59.215 177.645 2.70749
69.9813 177.645 1.53209
5.38318 188.411 2.12527
16.1495 188.411 3.31883
26.9159 188.411 4.14749
37.6822 188.411 3.68033
48.4486 188.411 3.25711
59.215 188.411 2.4202
69.9813 188.411 1.57018
5.38318 199.178 1.62167
16.1495 199.178 2.22042
26.9159 199.178 2.28038
37.6822 199.178 1.89768
48.4486 199.178 2.05979
59.215 199.178 2.01549
69.9813 199.178 1.52956
5.38318 209.944 0.806592
16.1495 209.944 1.2056
26.9159 209.944 1.16954
37.6822 209.944 1.04272
48.4486 209.944 1.26475
59.215 209.944 1.4074
69.9813 209.944 1.12506
