16 37
0 17 72 40
0 1 72 72
0 0 72 82
0 0 72 144
0 0 72 216
5.38318 5.38318 0.938504
16.1495 5.38318 1.2574
26.9159 5.38318 1.09875
37.6822 5.38318 0.870556
48.4486 5.38318 0.489032
59.215 5.38318 0.420798
69.9813 5.38318 0.240396
5.38318 16.1495 2.25206
16.1495 16.1495 3.09963
26.9159 16.1495 2.66076
37.6822 16.1495 2.1275
48.4486 16.1495 1.42954
59.215 16.1495 1.24152
69.9813 16.1495 0.700159
5.38318 26.9159 3.51387
16.1495 26.9159 4.95696
26.9159 26.9159 4.22839
37.6822 26.9159 3.27601
48.4486 26.9159 2.19121
59.215 26.9159 1.86487
69.9813 26.9159 1.01137
5.38318 37.6822 3.77949
16.1495 37.6822 5.46683
26.9159 37.6822 4.89311
37.6822 37.6822 3.87712
48.4486 37.6822 2.8059
59.215 37.6822 2.36221
69.9813 37.6822 1.30135
5.38318 48.4486 2.49256
16.1495 48.4486 3.82494
26.9159 48.4486 3.75715
37.6822 48.4486 3.21277
48.4486 48.4486 2.55697
59.215 48.4486 2.23797
69.9813 48.4486 1.35851
5.38318 59.215 1.32796
16.1495 59.215 2.15508
26.9159 59.215 2.36672
37.6822 59.215 1.9236
48.4486 59.215 1.62753
59.215 59.215 1.62336
69.9813 59.215 1.19498
5.38318 69.9813 0.538378
16.1495 69.9813 0.892111
26.9159 69.9813 1.21486
37.6822 69.9813 0.85631
48.4486 69.9813 0.875822
59.215 69.9813 1.03975
69.9813 69.9813 0.966533
5.38318 80.7477 0.0248388
16.1495 80.7477 0.139729
26.9159 80.7477 0.482923
37.6822 80.7477 0.148464
48.4486 80.7477 -0.0099025
59.215 80.7477 0.17128
69.9813 80.7477 0.409259
5.38318 91.514 -0.19735
16.1495 91.514 -0.276762
26.9159 91.514 -0.194948
37.6822 91.514 -0.267522
48.4486 91.514 -0.298868
59.215 91.514 -0.229649
69.9813 91.514 -0.0431735
5.38318 102.28 -0.244218
16.1495 102.28 -0.3449
26.9159 102.28 -0.259615
37.6822 102.28 -0.255657
48.4486 102.28 -0.261588
59.215 102.28 -0.211925
69.9813 102.28 -0.0727165
5.38318 113.047 -0.29463
16.1495 113.047 -0.443076
26.9159 113.047 -0.432966
37.6822 113.047 -0.413464
48.4486 113.047 -0.387142
59.215 113.047 -0.297096
69.9813 113.047 -0.125068
5.38318 123.813 -0.29807
16.1495 123.813 -0.444944
26.9159 123.813 -0.412107
37.6822 123.813 -0.347691
48.4486 123.813 -0.267636
59.215 123.813 -0.164966
69.9813 123.813 -0.0307069
5.38318 134.579 -0.294397
16.1495 134.579 -0.429076
26.9159 134.579 -0.319867
37.6822 134.579 -0.163088
48.4486 134.579 0.0935015
59.215 134.579 0.31787
69.9813 134.579 0.400765
5.38318 145.346 -0.253622
16.1495 145.346 -0.337838
26.9159 145.346 -0.15466
37.6822 145.346 0.184221
48.4486 145.346 0.787052
59.215 145.346 1.03721
69.9813 145.346 0.899739
5.38318 156.112 -0.10477
16.1495 156.112 -0.105745
26.9159 156.112 0.344311
37.6822 156.112 0.840965
48.4486 156.112 1.5038
59.215 156.112 1.66409
69.9813 156.112 1.28661
5.38318 166.879 0.365639
16.1495 166.879 0.706207
26.9159 166.879 1.27779
37.6822 166.879 1.52285
48.4486 166.879 1.77651
59.215 166.879 1.787
69.9813 166.879 1.32356
5.38318 177.645 1.05706
16.1495 177.645 1.76132
26.9159 177.645 2.37937
37.6822 177.645 2.42271
48.4486 177.645 2.28549
59.215 177.645 1.93408
69.9813 177.645 1.28095
5.38318 188.411 1.46433
16.1495 188.411 2.4545
26.9159 188.411 3.05128
37.6822 188.411 3.11499
48.4486 188.411 2.98034
59.215 188.411 2.49906
69.9813 188.411 1.6014
5.38318 199.178 1.36387
16.1495 199.178 2.20181
26.9159 199.178 2.6515
37.6822 199.178 2.80654
48.4486 199.178 2.9733
59.215 199.178 2.77682
69.9813 199.178 1.85958
5.38318 209.944 0.583887
16.1495 209.944 0.989736
26.9159 209.944 1.18106
37.6822 209.944 1.45518
48.4486 209.944 1.89627
59.215 209.944 2.14205
69.9813 209.944 1.57371
