37 166
0 146 72 40
0 130 72 72
0 125 72 82
0 72 72 144
0 0 72 216
5.38318 5.38318 -0.0298845
16.1495 5.38318 -0.0220976
26.9159 5.38318 0.36851
37.6822 5.38318 0.633252
48.4486 5.38318 0.607333
59.215 5.38318 0.405783
69.9813 5.38318 0.251768
5.38318 16.1495 -0.0657288
16.1495 16.1495 0.156938
26.9159 16.1495 0.997811
37.6822 16.1495 1.49983
48.4486 16.1495 1.38645
59.215 16.1495 0.97869
69.9813 16.1495 0.599235
5.38318 26.9159 -0.231643
16.1495 26.9159 -0.140366
26.9159 26.9159 0.735121
37.6822 26.9159 1.28986
48.4486 26.9159 1.04206
59.215 26.9159 0.611613
69.9813 26.9159 0.335404
5.38318 37.6822 -0.135911
16.1495 37.6822 0.162536
26.9159 37.6822 1.0507
37.6822 37.6822 1.40182
48.4486 37.6822 0.89371
59.215 37.6822 0.444961
69.9813 37.6822 0.169782
5.38318 48.4486 -0.163369
16.1495 48.4486 0.0215024
26.9159 48.4486 0.756533
37.6822 48.4486 0.962783
48.4486 48.4486 0.30448
59.215 48.4486 -0.0257546
69.9813 48.4486 -0.0402845
5.38318 59.215 -0.294513
16.1495 59.215 -0.31723
26.9159 59.215 -0.122655
37.6822 59.215 0.00722218
48.4486 59.215 -0.204292
59.215 59.215 -0.227382
69.9813 59.215 -0.110384
5.38318 69.9813 -0.468183
16.1495 69.9813 -0.690775
26.9159 69.9813 -0.673984
37.6822 69.9813 -0.632189
48.4486 69.9813 -0.696058
59.215 69.9813 -0.556032
69.9813 69.9813 -0.256361
5.38318 80.7477 -0.550498
16.1495 80.7477 -0.888334
26.9159 80.7477 -0.995221
37.6822 80.7477 -1.01916
48.4486 80.7477 -0.999165
59.215 80.7477 -0.769803
69.9813 80.7477 -0.339165
5.38318 91.514 -0.579106
16.1495 91.514 -0.936809
26.9159 91.514 -1.05107
37.6822 91.514 -1.08578
48.4486 91.514 -1.05533
59.215 91.514 -0.838296
69.9813 91.514 -0.38336
5.38318 102.28 -0.587644
16.1495 102.28 -0.943357
26.9159 102.28 -1.03806
37.6822 102.28 -1.05124
48.4486 102.28 -1.00242
59.215 102.28 -0.796608
69.9813 102.28 -0.351579
5.38318 113.047 -0.565797
16.1495 113.047 -0.900211
26.9159 113.047 -0.966301
37.6822 113.047 -0.967895
48.4486 113.047 -0.919077
59.215 113.047 -0.714667
69.9813 113.047 -0.304475
5.38318 123.813 -0.504592
16.1495 123.813 -0.754109
26.9159 123.813 -0.663987
37.6822 123.813 -0.657375
48.4486 123.813 -0.621488
59.215 123.813 -0.509714
69.9813 123.813 -0.205744
5.38318 134.579 -0.239401
16.1495 134.579 -0.249927
26.9159 134.579 0.0434423
37.6822 134.579 0.0709076
48.4486 134.579 0.022152
59.215 134.579 -0.0791679
69.9813 134.579 0.0498344
5.38318 145.346 0.31098
16.1495 145.346 1.10243
26.9159 145.346 2.07548
37.6822 145.346 2.33873
48.4486 145.346 2.05565
59.215 145.346 1.298
69.9813 145.346 0.740376
5.38318 156.112 1.06094
16.1495 156.112 2.43425
26.9159 156.112 3.54058
37.6822 156.112 3.93817
48.4486 156.112 3.49942
59.215 156.112 2.45507
69.9813 156.112 1.35235
5.38318 166.879 1.51768
16.1495 166.879 3.079
26.9159 166.879 4.19807
37.6822 166.879 4.69664
48.4486 166.879 4.17802
59.215 166.879 3.07337
69.9813 166.879 1.67847
5.38318 177.645 1.49235
16.1495 177.645 2.85505
26.9159 177.645 3.82839
37.6822 177.645 4.19673
48.4486 177.645 3.82534
59.215 177.645 2.87511
69.9813 177.645 1.65964
5.38318 188.411 1.29646
16.1495 188.411 2.49923
26.9159 188.411 3.32689
37.6822 188.411 3.53761
48.4486 188.411 3.14118
59.215 188.411 2.38168
69.9813 188.411 1.43489
5.38318 199.178 0.759434
16.1495 199.178 1.63522
26.9159 199.178 2.11688
37.6822 199.178 2.28964
48.4486 199.178 2.09908
59.215 199.178 1.69705
69.9813 199.178 1.15498
5.38318 209.944 0.451853
16.1495 209.944 1.02355
26.9159 209.944 1.19103
37.6822 209.944 1.33281
48.4486 209.944 1.29061
59.215 209.944 1.17361
69.9813 209.944 0.857179
