37 48
0 28 72 40
0 12 72 72
0 7 72 82
0 0 72 144
0 0 72 216
5.38318 5.38318 1.13801
16.1495 5.38318 1.46455
26.9159 5.38318 1.4891
37.6822 5.38318 1.2726
48.4486 5.38318 0.930825
59.215 5.38318 0.629294
69.9813 5.38318 0.361475
5.38318 16.1495 1.85493
16.1495 16.1495 2.6405
26.9159 16.1495 2.89368
37.6822 16.1495 2.6407
48.4486 16.1495 2.21166
59.215 16.1495 1.63957
69.9813 16.1495 1.00744
5.38318 26.9159 1.8917
16.1495 26.9159 2.94164
26.9159 26.9159 3.50046
37.6822 26.9159 3.46304
48.4486 26.9159 3.1227
59.215 26.9159 2.39607
69.9813 26.9159 1.47004
5.38318 37.6822 1.3878
16.1495 37.6822 2.80288
26.9159 37.6822 4.16746
37.6822 37.6822 4.74419
48.4486 37.6822 4.52281
59.215 37.6822 3.48451
69.9813 37.6822 2.08302
5.38318 48.4486 1.13351
16.1495 48.4486 2.60314
26.9159 48.4486 4.29602
37.6822 48.4486 5.10983
48.4486 48.4486 4.79223
59.215 48.4486 3.58241
69.9813 48.4486 2.04992
5.38318 59.215 1.07698
16.1495 59.215 2.35112
26.9159 59.215 3.6952
37.6822 59.215 4.15005
48.4486 59.215 3.59546
59.215 59.215 2.69123
69.9813 59.215 1.51343
5.38318 69.9813 0.3894
16.1495 69.9813 0.781377
26.9159 69.9813 1.21822
37.6822 69.9813 1.37978
48.4486 69.9813 1.05293
59.215 69.9813 1.13644
69.9813 69.9813 0.706231
5.38318 80.7477 -0.13058
16.1495 80.7477 -0.221106
26.9159 80.7477 -0.155114
37.6822 80.7477 -0.166948
48.4486 80.7477 -0.17743
59.215 80.7477 0.202261
69.9813 80.7477 0.28344
5.38318 91.514 -0.473999
16.1495 91.514 -0.792721
26.9159 91.514 -0.787727
37.6822 91.514 -0.805853
48.4486 91.514 -0.765333
59.215 91.514 -0.475039
69.9813 91.514 -0.198102
5.38318 102.28 -0.56608
16.1495 102.28 -0.921749
26.9159 102.28 -1.00503
37.6822 102.28 -1.00984
48.4486 102.28 -0.957775
59.215 102.28 -0.726305
69.9813 102.28 -0.318743
5.38318 113.047 -0.549133
16.1495 113.047 -0.892914
26.9159 113.047 -0.990325
37.6822 113.047 -0.994599
48.4486 113.047 -0.926397
59.215 113.047 -0.653249
69.9813 113.047 -0.249307
5.38318 123.813 -0.340093
16.1495 123.813 -0.596905
26.9159 123.813 -0.695767
37.6822 123.813 -0.697399
48.4486 123.813 -0.594182
59.215 123.813 -0.276172
69.9813 123.813 0.0441964
5.38318 134.579 0.271682
16.1495 134.579 0.282453
26.9159 134.579 0.255013
37.6822 134.579 0.28718
48.4486 134.579 0.563607
59.215 134.579 1.01078
69.9813 134.579 1.03995
5.38318 145.346 1.4435
16.1495 145.346 2.28233
26.9159 145.346 2.6458
37.6822 145.346 2.6634
48.4486 145.346 2.73402
59.215 145.346 2.82071
69.9813 145.346 2.1097
5.38318 156.112 1.94581
16.1495 156.112 3.40768
26.9159 156.112 4.49257
37.6822 156.112 4.58418
48.4486 156.112 4.34204
59.215 156.112 3.81824
69.9813 156.112 2.6126
5.38318 166.879 1.54573
16.1495 166.879 3.04809
26.9159 166.879 4.65192
37.6822 166.879 4.94544
48.4486 166.879 4.29865
59.215 166.879 3.31489
69.9813 166.879 2.02091
5.38318 177.645 0.507592
16.1495 177.645 1.76998
26.9159 177.645 3.25768
37.6822 177.645 3.51917
48.4486 177.645 2.64401
59.215 177.645 1.44759
69.9813 177.645 0.712392
5.38318 188.411 -0.0871145
16.1495 188.411 0.341123
26.9159 188.411 1.43352
37.6822 188.411 1.62264
48.4486 188.411 0.854831
59.215 188.411 0.105201
69.9813 188.411 -0.0208089
5.38318 199.178 -0.208331
16.1495 199.178 -0.016361
26.9159 199.178 1.07729
37.6822 199.178 1.32113
48.4486 199.178 0.687342
59.215 199.178 -0.0207718
69.9813 199.178 -0.0211231
5.38318 209.944 -0.188427
16.1495 209.944 -0.0321611
26.9159 209.944 0.915296
37.6822 209.944 1.27541
48.4486 209.944 0.913467
59.215 209.944 0.342096
69.9813 209.944 0.158505
