37 37
0 17 72 40
0 1 72 72
0 0 72 82
0 0 72 144
0 0 72 216
5.38318 5.38318 0.850015
16.1495 5.38318 1.2825
26.9159 5.38318 1.36356
37.6822 5.38318 1.30439
48.4486 5.38318 1.10547
59.215 5.38318 0.916674
69.9813 5.38318 0.539962
5.38318 16.1495 1.83907
16.1495 16.1495 2.85321
26.9159 16.1495 3.02858
37.6822 16.1495 2.92992
48.4486 16.1495 2.59204
59.215 16.1495 2.11417
69.9813 16.1495 1.24025
5.38318 26.9159 2.63068
16.1495 26.9159 4.13371
26.9159 26.9159 4.54732
37.6822 26.9159 4.6664
48.4486 26.9159 4.2502
59.215 26.9159 3.36078
69.9813 26.9159 1.84026
5.38318 37.6822 2.65004
16.1495 37.6822 4.17252
26.9159 37.6822 4.88873
37.6822 37.6822 5.39218
48.4486 37.6822 5.17503
59.215 37.6822 4.04005
69.9813 37.6822 2.15462
5.38318 48.4486 1.72447
16.1495 48.4486 2.88337
26.9159 48.4486 3.7762
37.6822 48.4486 4.51199
48.4486 48.4486 4.47063
59.215 48.4486 3.47687
69.9813 48.4486 1.87674
5.38318 59.215 0.874973
16.1495 59.215 1.53212
26.9159 59.215 1.97395
37.6822 59.215 2.25909
48.4486 59.215 2.18465
59.215 59.215 1.81385
69.9813 59.215 1.15838
5.38318 69.9813 0.490713
16.1495 69.9813 0.766019
26.9159 69.9813 0.835792
37.6822 69.9813 0.458545
48.4486 69.9813 0.319044
59.215 69.9813 0.325845
69.9813 69.9813 0.512798
5.38318 80.7477 -0.107371
16.1495 80.7477 -0.227815
26.9159 80.7477 -0.292386
37.6822 80.7477 -0.496555
48.4486 80.7477 -0.539641
59.215 80.7477 -0.386216
69.9813 80.7477 -0.0807894
5.38318 91.514 -0.458184
16.1495 91.514 -0.766364
26.9159 91.514 -0.825556
37.6822 91.514 -0.948733
48.4486 91.514 -0.942085
59.215 91.514 -0.742282
69.9813 91.514 -0.309331
5.38318 102.28 -0.573799
16.1495 102.28 -0.927483
26.9159 102.28 -1.01074
37.6822 102.28 -1.03086
48.4486 102.28 -0.98661
59.215 102.28 -0.787133
69.9813 102.28 -0.347229
5.38318 113.047 -0.582754
16.1495 113.047 -0.929044
26.9159 113.047 -1.00404
37.6822 113.047 -1.00185
48.4486 113.047 -0.952763
59.215 113.047 -0.752901
69.9813 113.047 -0.327697
5.38318 123.813 -0.558418
16.1495 123.813 -0.858485
26.9159 123.813 -0.851607
37.6822 123.813 -0.799584
48.4486 123.813 -0.797657
59.215 123.813 -0.6262
69.9813 123.813 -0.287468
5.38318 134.579 -0.510637
16.1495 134.579 -0.679975
26.9159 134.579 -0.460114
37.6822 134.579 -0.334055
48.4486 134.579 -0.447728
59.215 134.579 -0.418674
69.9813 134.579 -0.220297
5.38318 145.346 -0.384084
16.1495 145.346 -0.306922
26.9159 145.346 0.582243
37.6822 145.346 1.11074
48.4486 145.346 0.451857
59.215 145.346 -0.0631501
69.9813 145.346 -0.113951
5.38318 156.112 -0.264673
16.1495 156.112 -0.0448516
26.9159 156.112 1.47096
37.6822 156.112 1.97704
48.4486 156.112 1.2917
59.215 156.112 0.404154
69.9813 156.112 0.00887723
5.38318 166.879 -0.166632
16.1495 166.879 0.162324
26.9159 166.879 1.47052
37.6822 166.879 1.79521
48.4486 166.879 1.3114
59.215 166.879 0.550242
69.9813 166.879 0.272578
5.38318 177.645 0.0568295
16.1495 177.645 0.390476
26.9159 177.645 0.90133
37.6822 177.645 0.823887
48.4486 177.645 0.688443
59.215 177.645 0.448917
69.9813 177.645 0.509036
5.38318 188.411 0.608184
16.1495 188.411 1.0722
26.9159 188.411 1.1157
37.6822 188.411 0.914043
48.4486 188.411 0.997899
59.215 188.411 1.02279
69.9813 188.411 0.935076
5.38318 199.178 1.17918
16.1495 199.178 1.84945
26.9159 199.178 1.72406
37.6822 199.178 1.60605
48.4486 199.178 1.73894
59.215 199.178 1.83524
69.9813 199.178 1.3433
5.38318 209.944 1.03771
16.1495 209.944 1.63174
26.9159 209.944 1.53278
37.6822 209.944 1.49584
48.4486 209.944 1.72952
59.215 209.944 1.81489
69.9813 209.944 1.2846
