37 166
0 146 72 40
0 130 72 72
0 125 72 82
0 72 72 144
0 0 72 216
5.38318 5.38318 0.826796
16.1495 5.38318 1.22887
26.9159 5.38318 1.38322
37.6822 5.38318 1.3596
48.4486 5.38318 1.4434
59.215 5.38318 1.2486
69.9813 5.38318 0.823483
5.38318 16.1495 1.30449
16.1495 16.1495 2.05992
26.9159 16.1495 2.39215
37.6822 16.1495 2.39644
48.4486 16.1495 2.56617
59.215 16.1495 2.30647
69.9813 16.1495 1.55952
5.38318 26.9159 1.3436
16.1495 26.9159 2.15524
26.9159 26.9159 2.67051
37.6822 26.9159 2.69846
48.4486 26.9159 2.88158
59.215 26.9159 2.6095
69.9813 26.9159 1.79565
5.38318 37.6822 0.955262
16.1495 37.6822 1.6459
26.9159 37.6822 2.26885
37.6822 37.6822 2.4845
48.4486 37.6822 2.56075
59.215 37.6822 2.17059
69.9813 37.6822 1.40773
5.38318 48.4486 0.699025
16.1495 48.4486 1.22869
26.9159 48.4486 1.99213
37.6822 48.4486 2.19491
48.4486 48.4486 2.15185
59.215 48.4486 1.54624
69.9813 48.4486 0.912725
5.38318 59.215 0.450877
16.1495 59.215 0.618568
26.9159 59.215 1.02832
37.6822 59.215 0.860973
48.4486 59.215 1.02138
59.215 59.215 0.660889
69.9813 59.215 0.58318
5.38318 69.9813 -0.00128253
16.1495 69.9813 -0.169595
26.9159 69.9813 -0.128929
37.6822 69.9813 -0.303917
48.4486 69.9813 -0.134779
59.215 69.9813 -0.112006
69.9813 69.9813 0.241159
5.38318 80.7477 -0.291028
16.1495 80.7477 -0.581621
26.9159 80.7477 -0.642049
37.6822 80.7477 -0.755274
48.4486 80.7477 -0.596167
59.215 80.7477 -0.438976
69.9813 80.7477 -0.0992332
5.38318 91.514 -0.530474
16.1495 91.514 -0.882012
26.9159 91.514 -0.996854
37.6822 91.514 -1.0103
48.4486 91.514 -0.926013
59.215 91.514 -0.686628
69.9813 91.514 -0.258926
5.38318 102.28 -0.581047
16.1495 102.28 -0.941527
26.9159 102.28 -1.04515
37.6822 102.28 -1.05288
48.4486 102.28 -0.990024
59.215 102.28 -0.778604
69.9813 102.28 -0.327872
5.38318 113.047 -0.584176
16.1495 113.047 -0.933968
26.9159 113.047 -1.01379
37.6822 113.047 -1.01179
48.4486 113.047 -0.956973
59.215 113.047 -0.753083
69.9813 113.047 -0.32398
5.38318 123.813 -0.56237
16.1495 123.813 -0.885593
26.9159 123.813 -0.937502
37.6822 123.813 -0.928492
48.4486 123.813 -0.883444
59.215 123.813 -0.66574
69.9813 123.813 -0.280384
5.38318 134.579 -0.485279
16.1495 134.579 -0.696262
26.9159 134.579 -0.596833
37.6822 134.579 -0.574691
48.4486 134.579 -0.573364
59.215 134.579 -0.468078
69.9813 134.579 -0.185983
5.38318 145.346 -0.282165
16.1495 145.346 -0.241629
26.9159 145.346 0.289491
37.6822 145.346 0.526731
48.4486 145.346 0.323675
59.215 145.346 -0.0238251
69.9813 145.346 0.0209603
5.38318 156.112 -0.0225639
16.1495 156.112 0.758721
26.9159 156.112 2.07316
37.6822 156.112 2.48994
48.4486 156.112 2.15082
59.215 156.112 1.05202
69.9813 156.112 0.536906
5.38318 166.879 0.222795
16.1495 166.879 1.37296
26.9159 166.879 3.01181
37.6822 166.879 3.83752
48.4486 166.879 3.53402
59.215 166.879 2.04429
69.9813 166.879 0.934338
5.38318 177.645 0.250964
16.1495 177.645 1.26236
26.9159 177.645 2.83402
37.6822 177.645 3.79415
48.4486 177.645 3.64924
59.215 177.645 2.15335
69.9813 177.645 1.06748
5.38318 188.411 0.116529
16.1495 188.411 0.865937
26.9159 188.411 2.06922
37.6822 188.411 2.86585
48.4486 188.411 2.74429
59.215 188.411 1.67412
69.9813 188.411 0.854507
5.38318 199.178 0.0825815
16.1495 199.178 0.695473
26.9159 199.178 1.38951
37.6822 199.178 1.87086
48.4486 199.178 1.75897
59.215 199.178 1.23394
69.9813 199.178 0.797469
5.38318 209.944 0.0801928
16.1495 209.944 0.472406
26.9159 209.944 0.65913
37.6822 209.944 0.958083
48.4486 209.944 0.89341
59.215 209.944 0.902502
69.9813 209.944 0.66662
