37 48
0 28 72 40
0 12 72 72
0 7 72 82
0 0 72 144
0 0 72 216
5.38318 5.38318 1.09827
16.1495 5.38318 1.36968
26.9159 5.38318 1.2687
37.6822 5.38318 1.05955
48.4486 5.38318 0.646541
59.215 5.38318 0.475368
69.9813 5.38318 0.272924
5.38318 16.1495 1.76626
16.1495 16.1495 2.42831
26.9159 16.1495 2.50135
37.6822 16.1495 2.26277
48.4486 16.1495 1.82269
59.215 16.1495 1.43074
69.9813 16.1495 0.903071
5.38318 26.9159 1.78584
16.1495 26.9159 2.72418
26.9159 26.9159 3.12985
37.6822 26.9159 3.07741
48.4486 26.9159 2.70979
59.215 26.9159 2.12887
69.9813 26.9159 1.34878
5.38318 37.6822 1.27037
16.1495 37.6822 2.47701
26.9159 37.6822 3.60816
37.6822 37.6822 4.16398
48.4486 37.6822 4.12283
59.215 37.6822 3.30771
69.9813 37.6822 2.04055
5.38318 48.4486 1.04634
16.1495 48.4486 2.32073
26.9159 48.4486 3.68507
37.6822 48.4486 4.44072
48.4486 48.4486 4.35986
59.215 48.4486 3.40469
69.9813 48.4486 2.01301
5.38318 59.215 1.06219
16.1495 59.215 2.09871
26.9159 59.215 3.04598
37.6822 59.215 3.34758
48.4486 59.215 3.05405
59.215 59.215 2.45955
69.9813 59.215 1.46204
5.38318 69.9813 0.408569
16.1495 69.9813 0.651464
26.9159 69.9813 0.923336
37.6822 69.9813 0.788665
48.4486 69.9813 0.431474
59.215 69.9813 0.553571
69.9813 69.9813 0.429585
5.38318 80.7477 -0.116458
16.1495 80.7477 -0.256685
26.9159 80.7477 -0.2188
37.6822 80.7477 -0.307326
48.4486 80.7477 -0.297224
59.215 80.7477 -0.10753
69.9813 80.7477 0.116626
5.38318 91.514 -0.482583
16.1495 91.514 -0.832109
26.9159 91.514 -0.844831
37.6822 91.514 -0.889544
48.4486 91.514 -0.799225
59.215 91.514 -0.554558
69.9813 91.514 -0.217704
5.38318 102.28 -0.562371
16.1495 102.28 -0.915312
26.9159 102.28 -0.979461
37.6822 102.28 -0.980279
48.4486 102.28 -0.913816
59.215 102.28 -0.686309
69.9813 102.28 -0.290829
5.38318 113.047 -0.577339
16.1495 113.047 -0.921985
26.9159 113.047 -0.999134
37.6822 113.047 -0.992123
48.4486 113.047 -0.939986
59.215 113.047 -0.713868
69.9813 113.047 -0.305562
5.38318 123.813 -0.494138
16.1495 123.813 -0.714124
26.9159 123.813 -0.647153
37.6822 123.813 -0.585041
48.4486 123.813 -0.574918
59.215 123.813 -0.423258
69.9813 123.813 -0.166115
5.38318 134.579 -0.244803
16.1495 134.579 -0.227654
26.9159 134.579 -0.00570454
37.6822 134.579 0.344337
48.4486 134.579 0.231026
59.215 134.579 0.244094
69.9813 134.579 0.280087
5.38318 145.346 0.271665
16.1495 145.346 1.12279
26.9159 145.346 2.00975
37.6822 145.346 2.43831
48.4486 145.346 2.20712
59.215 145.346 1.73836
69.9813 145.346 1.02426
5.38318 156.112 0.615067
16.1495 156.112 1.70751
26.9159 156.112 2.58345
37.6822 156.112 3.05537
48.4486 156.112 2.90227
59.215 156.112 2.35549
69.9813 156.112 1.40825
5.38318 166.879 0.479795
16.1495 166.879 1.29431
26.9159 166.879 2.07272
37.6822 166.879 2.36147
48.4486 166.879 2.26236
59.215 166.879 1.87854
69.9813 166.879 1.21512
5.38318 177.645 -0.0603436
16.1495 177.645 0.0547381
26.9159 177.645 0.584754
37.6822 177.645 0.688377
48.4486 177.645 0.694074
59.215 177.645 0.524327
69.9813 177.645 0.516296
5.38318 188.411 -0.178907
16.1495 188.411 -0.205501
26.9159 188.411 0.00802401
37.6822 188.411 0.0122152
48.4486 188.411 -0.0687586
59.215 188.411 -0.154161
69.9813 188.411 -0.00579182
5.38318 199.178 -0.219575
16.1495 199.178 -0.255206
26.9159 199.178 -0.113078
37.6822 199.178 -0.123395
48.4486 199.178 -0.212332
59.215 199.178 -0.257902
69.9813 199.178 -0.0756411
5.38318 209.944 -0.170905
16.1495 209.944 -0.200647
26.9159 209.944 -0.114892
37.6822 209.944 -0.143757
48.4486 209.944 -0.187361
59.215 209.944 -0.214199
69.9813 209.944 -0.0518059
