48 177
0 157 72 40
0 141 72 72
0 134 72 82
0 72 72 144
0 0 72 216
5.38318 5.38318 -0.0423952
16.1495 5.38318 -0.132992
26.9159 5.38318 -0.101887
37.6822 5.38318 -0.0624971
48.4486 5.38318 0.0245855
59.215 5.38318 0.225517
69.9813 5.38318 0.222048
5.38318 16.1495 -0.162288
16.1495 16.1495 -0.249769
26.9159 16.1495 -0.151241
37.6822 16.1495 -0.0225221
48.4486 16.1495 0.349149
59.215 16.1495 0.702659
69.9813 16.1495 0.650845
5.38318 26.9159 -0.469349
16.1495 26.9159 -0.750856
26.9159 26.9159 -0.646757
37.6822 26.9159 -0.376417
48.4486 26.9159 0.165167
59.215 26.9159 0.957488
69.9813 26.9159 0.9673
5.38318 37.6822 -0.470278
16.1495 37.6822 -0.749135
26.9159 37.6822 -0.606651
37.6822 37.6822 -0.255112
48.4486 37.6822 0.765422
59.215 37.6822 1.51813
69.9813 37.6822 1.33754
5.38318 48.4486 -0.426684
16.1495 48.4486 -0.689164
26.9159 48.4486 -0.580116
37.6822 48.4486 -0.242484
48.4486 48.4486 0.743825
59.215 48.4486 1.46047
69.9813 48.4486 1.28811
5.38318 59.215 -0.43809
16.1495 59.215 -0.697223
26.9159 59.215 -0.671014
37.6822 59.215 -0.511414
48.4486 59.215 -0.205096
59.215 59.215 0.498573
69.9813 59.215 0.71135
5.38318 69.9813 -0.481037
16.1495 69.9813 -0.773598
26.9159 69.9813 -0.815095
37.6822 69.9813 -0.791781
48.4486 69.9813 -0.657177
59.215 69.9813 -0.319697
69.9813 69.9813 -0.0170521
5.38318 80.7477 -0.545442
16.1495 80.7477 -0.876006
26.9159 80.7477 -0.961267
37.6822 80.7477 -0.988065
48.4486 80.7477 -0.960374
59.215 80.7477 -0.698394
69.9813 80.7477 -0.295985
5.38318 91.514 -0.587041
16.1495 91.514 -0.940063
26.9159 91.514 -1.02258
37.6822 91.514 -1.02579
48.4486 91.514 -0.982527
59.215 91.514 -0.782174
69.9813 91.514 -0.347664
5.38318 102.28 -0.583408
16.1495 102.28 -0.935951
26.9159 102.28 -1.02191
37.6822 102.28 -1.0251
48.4486 102.28 -0.971425
59.215 102.28 -0.768873
69.9813 102.28 -0.333528
5.38318 113.047 -0.56292
16.1495 113.047 -0.904405
26.9159 113.047 -0.994532
37.6822 113.047 -1.0022
48.4486 113.047 -0.95418
59.215 113.047 -0.743663
69.9813 113.047 -0.317947
5.38318 123.813 -0.451537
16.1495 123.813 -0.721048
26.9159 123.813 -0.804383
37.6822 123.813 -0.856855
48.4486 123.813 -0.864484
59.215 123.813 -0.640139
69.9813 123.813 -0.263595
5.38318 134.579 -0.13902
16.1495 134.579 -0.222156
26.9159 134.579 -0.299987
37.6822 134.579 -0.371157
48.4486 134.579 -0.475623
59.215 134.579 -0.339829
69.9813 134.579 -0.111338
5.38318 145.346 0.788384
16.1495 145.346 1.30459
26.9159 145.346 1.28262
37.6822 145.346 1.21575
48.4486 145.346 0.804093
59.215 145.346 0.678464
69.9813 145.346 0.508068
5.38318 156.112 1.51694
16.1495 156.112 2.4215
26.9159 156.112 2.82709
37.6822 156.112 3.21316
48.4486 156.112 2.96448
59.215 156.112 2.34423
69.9813 156.112 1.34068
5.38318 166.879 1.93379
16.1495 166.879 3.05649
26.9159 166.879 3.96956
37.6822 166.879 4.97326
48.4486 166.879 4.9335
59.215 166.879 3.77449
69.9813 166.879 2.0055
5.38318 177.645 1.64614
16.1495 177.645 2.67375
26.9159 177.645 3.96975
37.6822 177.645 5.35621
48.4486 177.645 5.5414
59.215 177.645 4.21947
69.9813 177.645 2.18476
5.38318 188.411 1.21468
16.1495 188.411 2.07482
26.9159 188.411 3.42953
37.6822 188.411 4.54024
48.4486 188.411 4.67211
59.215 188.411 3.60593
69.9813 188.411 1.87423
5.38318 199.178 0.27482
16.1495 199.178 0.788495
26.9159 199.178 2.01449
37.6822 199.178 2.69965
48.4486 199.178 2.87775
59.215 199.178 2.47887
69.9813 199.178 1.43103
5.38318 209.944 -0.0381413
16.1495 209.944 0.290344
26.9159 209.944 1.13349
37.6822 209.944 1.48944
48.4486 209.944 1.64823
59.215 209.944 1.51508
69.9813 209.944 0.9972
