37 188
0 168 72 40
0 144 72 72
0 134 72 82
0 72 72 144
0 0 72 216
5.38318 5.38318 0.399656
16.1495 5.38318 0.637207
26.9159 5.38318 0.821765
37.6822 5.38318 0.86094
48.4486 5.38318 0.750961
59.215 5.38318 0.518696
69.9813 5.38318 0.319326
5.38318 16.1495 0.670208
16.1495 16.1495 1.41135
26.9159 16.1495 1.73333
37.6822 16.1495 1.75723
48.4486 16.1495 1.455
59.215 16.1495 1.0388
69.9813 16.1495 0.643656
5.38318 26.9159 0.603725
16.1495 26.9159 1.41696
26.9159 26.9159 1.81237
37.6822 26.9159 1.92963
48.4486 26.9159 1.51668
59.215 26.9159 1.02736
69.9813 26.9159 0.588937
5.38318 37.6822 0.551387
16.1495 37.6822 1.32256
26.9159 37.6822 1.738
37.6822 37.6822 1.87696
48.4486 37.6822 1.41452
59.215 37.6822 0.936797
69.9813 37.6822 0.476653
5.38318 48.4486 0.382754
16.1495 48.4486 1.05902
26.9159 48.4486 1.62138
37.6822 48.4486 1.76858
48.4486 48.4486 1.32967
59.215 48.4486 0.86297
69.9813 48.4486 0.4138
5.38318 59.215 0.371627
16.1495 59.215 1.00612
26.9159 59.215 1.58492
37.6822 59.215 1.4666
48.4486 59.215 0.99767
59.215 59.215 0.560414
69.9813 59.215 0.332761
5.38318 69.9813 0.126201
16.1495 69.9813 0.645715
26.9159 69.9813 1.32007
37.6822 69.9813 1.10288
48.4486 69.9813 0.761838
59.215 69.9813 0.282006
69.9813 69.9813 0.204467
5.38318 80.7477 -0.113461
16.1495 80.7477 -0.0418632
26.9159 80.7477 0.462174
37.6822 80.7477 0.270003
48.4486 80.7477 0.116931
59.215 80.7477 -0.127042
69.9813 80.7477 -0.0272419
5.38318 91.514 -0.242837
16.1495 91.514 -0.329655
26.9159 91.514 -0.231666
37.6822 91.514 -0.259754
48.4486 91.514 -0.273358
59.215 91.514 -0.299085
69.9813 91.514 -0.130714
5.38318 102.28 -0.295278
16.1495 102.28 -0.44932
26.9159 102.28 -0.445606
37.6822 102.28 -0.439701
48.4486 102.28 -0.417491
59.215 102.28 -0.335212
69.9813 102.28 -0.147825
5.38318 113.047 -0.29809
16.1495 113.047 -0.452325
26.9159 113.047 -0.458986
37.6822 113.047 -0.443316
48.4486 113.047 -0.426995
59.215 113.047 -0.334911
69.9813 113.047 -0.149028
5.38318 123.813 -0.245844
16.1495 123.813 -0.363089
26.9159 123.813 -0.32063
37.6822 123.813 -0.312524
48.4486 123.813 -0.299986
59.215 123.813 -0.230014
69.9813 123.813 -0.0893014
5.38318 134.579 -0.110367
16.1495 134.579 -0.128435
26.9159 134.579 -0.0465282
37.6822 134.579 -0.0366946
48.4486 134.579 -0.0479184
59.215 134.579 -0.0159863
69.9813 134.579 0.0759968
5.38318 145.346 0.297279
16.1495 145.346 0.705595
26.9159 145.346 1.08457
37.6822 145.346 1.12186
48.4486 145.346 0.995905
59.215 145.346 0.777024
69.9813 145.346 0.507337
5.38318 156.112 0.843069
16.1495 156.112 1.79405
26.9159 156.112 2.31897
37.6822 156.112 2.36886
48.4486 156.112 2.06731
59.215 156.112 1.58213
69.9813 156.112 0.949514
5.38318 166.879 1.31088
16.1495 166.879 2.62724
26.9159 166.879 3.4889
37.6822 166.879 3.53882
48.4486 166.879 3.05781
59.215 166.879 2.19714
69.9813 166.879 1.274
5.38318 177.645 1.53616
16.1495 177.645 3.08528
26.9159 177.645 4.23506
37.6822 177.645 4.37974
48.4486 177.645 3.72457
59.215 177.645 2.56804
69.9813 177.645 1.42028
5.38318 188.411 1.6196
16.1495 188.411 3.10169
26.9159 188.411 4.40968
37.6822 188.411 4.61428
48.4486 188.411 4.08408
59.215 188.411 2.79575
69.9813 188.411 1.60016
5.38318 199.178 1.47156
16.1495 199.178 2.62664
26.9159 199.178 3.54017
37.6822 199.178 3.7143
48.4486 199.178 3.57455
59.215 199.178 2.72607
69.9813 199.178 1.71138
5.38318 209.944 1.06461
16.1495 209.944 1.87725
26.9159 209.944 2.22596
37.6822 209.944 2.27581
48.4486 209.944 2.45976
59.215 209.944 2.18321
69.9813 209.944 1.54482
