37 166
0 146 72 40
0 130 72 72
0 125 72 82
0 72 72 144
0 0 72 216
5.38318 5.38318 -0.0104593
16.1495 5.38318 -0.0783248
26.9159 5.38318 0.0682475
37.6822 5.38318 -0.0118812
48.4486 5.38318 -0.0403285
59.215 5.38318 -0.0336613
69.9813 5.38318 0.0178006
5.38318 16.1495 -0.0652159
16.1495 16.1495 -0.0836342
26.9159 16.1495 0.167784
37.6822 16.1495 -0.00809236
48.4486 16.1495 -0.0176195
59.215 16.1495 0.121986
69.9813 16.1495 0.284509
5.38318 26.9159 -0.19922
16.1495 26.9159 -0.325965
26.9159 26.9159 -0.341619
37.6822 26.9159 -0.418145
48.4486 26.9159 -0.35333
59.215 26.9159 -0.106993
69.9813 26.9159 0.222786
5.38318 37.6822 0.154742
16.1495 37.6822 0.0720744
26.9159 37.6822 -0.0849381
37.6822 37.6822 -0.195814
48.4486 37.6822 0.0133162
59.215 37.6822 0.718041
69.9813 37.6822 0.814237
5.38318 48.4486 0.79235
16.1495 48.4486 0.970576
26.9159 48.4486 0.763832
37.6822 48.4486 0.553192
48.4486 48.4486 1.20228
59.215 48.4486 1.82354
69.9813 48.4486 1.4655
5.38318 59.215 0.946754
16.1495 59.215 1.18804
26.9159 59.215 1.31536
37.6822 59.215 1.04957
48.4486 59.215 1.7854
59.215 59.215 2.02489
69.9813 59.215 1.59471
5.38318 69.9813 0.366888
16.1495 69.9813 0.487876
26.9159 69.9813 0.912355
37.6822 69.9813 0.813456
48.4486 69.9813 1.37091
59.215 69.9813 1.43662
69.9813 69.9813 1.20079
5.38318 80.7477 -0.23291
16.1495 80.7477 -0.379878
26.9159 80.7477 -0.247894
37.6822 80.7477 -0.321123
48.4486 80.7477 -0.160834
59.215 80.7477 -0.134271
69.9813 80.7477 0.216121
5.38318 91.514 -0.467496
16.1495 91.514 -0.778495
26.9159 91.514 -0.792363
37.6822 91.514 -0.878456
48.4486 91.514 -0.784389
59.215 91.514 -0.605417
69.9813 91.514 -0.208967
5.38318 102.28 -0.54838
16.1495 102.28 -0.895555
26.9159 102.28 -0.99433
37.6822 102.28 -1.02467
48.4486 102.28 -0.963797
59.215 102.28 -0.753993
69.9813 102.28 -0.305498
5.38318 113.047 -0.57673
16.1495 113.047 -0.921388
26.9159 113.047 -0.999858
37.6822 113.047 -1.00234
48.4486 113.047 -0.950779
59.215 113.047 -0.74571
69.9813 113.047 -0.319166
5.38318 123.813 -0.543678
16.1495 123.813 -0.848179
26.9159 123.813 -0.838586
37.6822 123.813 -0.811978
48.4486 123.813 -0.759773
59.215 123.813 -0.582107
69.9813 123.813 -0.243203
5.38318 134.579 -0.405432
16.1495 134.579 -0.549371
26.9159 134.579 -0.360891
37.6822 134.579 -0.294237
48.4486 134.579 -0.292781
59.215 134.579 -0.277833
69.9813 134.579 -0.104273
5.38318 145.346 -0.128334
16.1495 145.346 0.0847935
26.9159 145.346 1.13661
37.6822 145.346 1.55235
48.4486 145.346 1.34452
59.215 145.346 0.743457
69.9813 145.346 0.401872
5.38318 156.112 0.431615
16.1495 156.112 1.5799
26.9159 156.112 3.09242
37.6822 156.112 3.60695
48.4486 156.112 3.08929
59.215 156.112 1.94265
69.9813 156.112 0.896064
5.38318 166.879 0.92643
16.1495 166.879 2.57064
26.9159 166.879 4.51993
37.6822 166.879 5.16598
48.4486 166.879 4.28666
59.215 166.879 2.6304
69.9813 166.879 1.22447
5.38318 177.645 1.01471
16.1495 177.645 2.62516
26.9159 177.645 4.53851
37.6822 177.645 4.97601
48.4486 177.645 3.99736
59.215 177.645 2.38657
69.9813 177.645 1.11273
5.38318 188.411 0.771953
16.1495 188.411 2.05523
26.9159 188.411 3.50443
37.6822 188.411 3.64806
48.4486 188.411 2.78586
59.215 188.411 1.61017
69.9813 188.411 0.779939
5.38318 199.178 0.315224
16.1495 199.178 1.04422
26.9159 199.178 1.75658
37.6822 199.178 1.802
48.4486 199.178 1.39204
59.215 199.178 0.890214
69.9813 199.178 0.678743
5.38318 209.944 0.163806
16.1495 209.944 0.668238
26.9159 209.944 0.929003
37.6822 209.944 0.977412
48.4486 209.944 0.716901
59.215 209.944 0.632112
69.9813 209.944 0.561011
