48 177
0 157 72 40
0 141 72 72
0 134 72 82
0 72 72 144
0 0 72 216
5.38318 5.38318 0.263182
16.1495 5.38318 0.769721
26.9159 5.38318 1.66436
37.6822 5.38318 2.02809
48.4486 5.38318 1.74714
59.215 5.38318 1.18531
69.9813 5.38318 0.609803
5.38318 16.1495 0.419451
16.1495 16.1495 1.45173
26.9159 16.1495 2.96526
37.6822 16.1495 3.57617
48.4486 16.1495 3.11421
59.215 16.1495 2.12085
69.9813 16.1495 1.13273
5.38318 26.9159 0.165786
16.1495 26.9159 1.22327
26.9159 26.9159 3.01511
37.6822 26.9159 3.66793
48.4486 26.9159 3.16529
59.215 26.9159 2.17431
69.9813 26.9159 1.19125
5.38318 37.6822 0.130194
16.1495 37.6822 0.796948
26.9159 37.6822 2.14111
37.6822 37.6822 2.35521
48.4486 37.6822 2.01744
59.215 37.6822 1.40427
69.9813 37.6822 0.885422
5.38318 48.4486 -0.0735644
16.1495 48.4486 -0.0369284
26.9159 48.4486 0.884578
37.6822 48.4486 0.875441
48.4486 48.4486 0.877329
59.215 48.4486 0.728139
69.9813 48.4486 0.645671
5.38318 59.215 -0.231985
16.1495 59.215 -0.367082
26.9159 59.215 -0.136928
37.6822 59.215 -0.201526
48.4486 59.215 -0.129086
59.215 59.215 -0.0537667
69.9813 59.215 0.274819
5.38318 69.9813 -0.362031
16.1495 69.9813 -0.62702
26.9159 69.9813 -0.538143
37.6822 69.9813 -0.618733
48.4486 69.9813 -0.549216
59.215 69.9813 -0.403351
69.9813 69.9813 -0.111262
5.38318 80.7477 -0.418722
16.1495 80.7477 -0.713385
26.9159 80.7477 -0.704848
37.6822 80.7477 -0.751978
48.4486 80.7477 -0.689621
59.215 80.7477 -0.450161
69.9813 80.7477 -0.135702
5.38318 91.514 -0.496887
16.1495 91.514 -0.814151
26.9159 91.514 -0.834015
37.6822 91.514 -0.872838
48.4486 91.514 -0.813107
59.215 91.514 -0.560414
69.9813 91.514 -0.200282
5.38318 102.28 -0.531167
16.1495 102.28 -0.85175
26.9159 102.28 -0.922043
37.6822 102.28 -0.934573
48.4486 102.28 -0.887828
59.215 102.28 -0.644651
69.9813 102.28 -0.253936
5.38318 113.047 -0.582061
16.1495 113.047 -0.930012
26.9159 113.047 -1.01032
37.6822 113.047 -1.00897
48.4486 113.047 -0.954915
59.215 113.047 -0.7475
69.9813 113.047 -0.320317
5.38318 123.813 -0.568853
16.1495 123.813 -0.905782
26.9159 123.813 -0.965911
37.6822 123.813 -0.954526
48.4486 123.813 -0.899541
59.215 123.813 -0.665084
69.9813 123.813 -0.278614
5.38318 134.579 -0.528661
16.1495 134.579 -0.823006
26.9159 134.579 -0.738914
37.6822 134.579 -0.652387
48.4486 134.579 -0.577432
59.215 134.579 -0.389921
69.9813 134.579 -0.133956
5.38318 145.346 -0.375227
16.1495 145.346 -0.511065
26.9159 145.346 -0.218079
37.6822 145.346 -0.0288253
48.4486 145.346 0.121018
59.215 145.346 0.254194
69.9813 145.346 0.300636
5.38318 156.112 -0.0843956
16.1495 156.112 0.126561
26.9159 156.112 1.32371
37.6822 156.112 2.08598
48.4486 156.112 2.27421
59.215 156.112 1.80979
69.9813 156.112 1.07158
5.38318 166.879 0.581384
16.1495 166.879 1.49447
26.9159 166.879 2.9213
37.6822 166.879 3.87154
48.4486 166.879 3.9312
59.215 166.879 2.94011
69.9813 166.879 1.59117
5.38318 177.645 1.26637
16.1495 177.645 2.43694
26.9159 177.645 3.86553
37.6822 177.645 4.973
48.4486 177.645 5.00609
59.215 177.645 3.63167
69.9813 177.645 1.89533
5.38318 188.411 1.46311
16.1495 188.411 2.61679
26.9159 188.411 3.81042
37.6822 188.411 4.60478
48.4486 188.411 4.4123
59.215 188.411 3.14929
69.9813 188.411 1.61027
5.38318 199.178 1.14961
16.1495 199.178 1.85688
26.9159 199.178 2.49016
37.6822 199.178 2.69443
48.4486 199.178 2.67591
59.215 199.178 2.09824
69.9813 199.178 1.24517
5.38318 209.944 0.540416
16.1495 209.944 0.898073
26.9159 209.944 1.17676
37.6822 209.944 1.00108
48.4486 209.944 1.07308
59.215 209.944 0.970532
69.9813 209.944 0.759867
