37 177
0 157 72 40
0 141 72 72
0 134 72 82
0 72 72 144
0 0 72 216
5.38318 5.38318 0.402785
16.1495 5.38318 0.850049
26.9159 5.38318 1.26278
37.6822 5.38318 1.27482
48.4486 5.38318 1.09638
59.215 5.38318 0.75324
69.9813 5.38318 0.440964
5.38318 16.1495 0.709301
16.1495 16.1495 1.64507
26.9159 16.1495 2.53296
37.6822 16.1495 2.67982
48.4486 16.1495 2.3662
59.215 16.1495 1.65093
69.9813 16.1495 0.956823
5.38318 26.9159 0.792488
16.1495 26.9159 1.94044
26.9159 26.9159 3.38603
37.6822 26.9159 3.7379
48.4486 26.9159 3.3326
59.215 26.9159 2.20736
69.9813 26.9159 1.21447
5.38318 37.6822 1.02991
16.1495 37.6822 2.38508
26.9159 37.6822 4.34955
37.6822 37.6822 4.86845
48.4486 37.6822 4.29532
59.215 37.6822 2.67837
69.9813 37.6822 1.37816
5.38318 48.4486 1.00468
16.1495 48.4486 2.46954
26.9159 48.4486 4.8074
37.6822 48.4486 5.46204
48.4486 48.4486 4.66897
59.215 48.4486 2.70896
69.9813 48.4486 1.25119
5.38318 59.215 0.759064
16.1495 59.215 1.97584
26.9159 59.215 4.0294
37.6822 59.215 4.61886
48.4486 59.215 3.7073
59.215 59.215 2.04051
69.9813 59.215 0.766294
5.38318 69.9813 -0.0397182
16.1495 69.9813 0.440738
26.9159 69.9813 1.67228
37.6822 69.9813 1.98322
48.4486 69.9813 1.20526
59.215 69.9813 0.360394
69.9813 69.9813 -0.0467995
5.38318 80.7477 -0.381166
16.1495 80.7477 -0.510415
26.9159 80.7477 -0.39592
37.6822 80.7477 -0.392985
48.4486 80.7477 -0.561483
59.215 80.7477 -0.521591
69.9813 80.7477 -0.289385
5.38318 91.514 -0.527618
16.1495 91.514 -0.843132
26.9159 91.514 -0.937983
37.6822 91.514 -0.983237
48.4486 91.514 -0.978727
59.215 91.514 -0.795366
69.9813 91.514 -0.359165
5.38318 102.28 -0.580054
16.1495 102.28 -0.931006
26.9159 102.28 -1.02083
37.6822 102.28 -1.03793
48.4486 102.28 -0.994388
59.215 102.28 -0.796077
69.9813 102.28 -0.353908
5.38318 113.047 -0.583206
16.1495 113.047 -0.932456
26.9159 113.047 -1.01237
37.6822 113.047 -1.00971
48.4486 113.047 -0.955623
59.215 113.047 -0.750991
69.9813 113.047 -0.324129
5.38318 123.813 -0.563668
16.1495 123.813 -0.887926
26.9159 123.813 -0.941064
37.6822 123.813 -0.928128
48.4486 123.813 -0.880516
59.215 123.813 -0.660207
69.9813 123.813 -0.277916
5.38318 134.579 -0.501781
16.1495 134.579 -0.751098
26.9159 134.579 -0.67837
37.6822 134.579 -0.656899
48.4486 134.579 -0.621432
59.215 134.579 -0.482245
69.9813 134.579 -0.186064
5.38318 145.346 -0.231647
16.1495 145.346 -0.176278
26.9159 145.346 0.380807
37.6822 145.346 0.564017
48.4486 145.346 0.394652
59.215 145.346 0.040765
69.9813 145.346 0.0968773
5.38318 156.112 0.29782
16.1495 156.112 1.20658
26.9159 156.112 2.47106
37.6822 156.112 2.71117
48.4486 156.112 2.33785
59.215 156.112 1.31986
69.9813 156.112 0.69742
5.38318 166.879 1.11966
16.1495 166.879 2.70255
26.9159 166.879 4.6464
37.6822 166.879 5.06988
48.4486 166.879 4.36236
59.215 166.879 2.5532
69.9813 166.879 1.2727
5.38318 177.645 1.2268
16.1495 177.645 2.86019
26.9159 177.645 4.98649
37.6822 177.645 5.48182
48.4486 177.645 4.79866
59.215 177.645 2.86732
69.9813 177.645 1.45462
5.38318 188.411 1.12666
16.1495 188.411 2.41906
26.9159 188.411 4.06689
37.6822 188.411 4.23128
48.4486 188.411 3.6676
59.215 188.411 2.254
69.9813 188.411 1.24875
5.38318 199.178 0.507336
16.1495 199.178 0.963003
26.9159 199.178 1.43775
37.6822 199.178 1.41287
48.4486 199.178 1.39403
59.215 199.178 1.23581
69.9813 199.178 0.953048
5.38318 209.944 0.27838
16.1495 209.944 0.539798
26.9159 209.944 0.59435
37.6822 209.944 0.539561
48.4486 209.944 0.597807
59.215 209.944 0.790509
69.9813 209.944 0.687346
