37 48
0 28 72 40
0 12 72 72
0 7 72 82
0 0 72 144
0 0 72 216
5.38318 5.38318 -0.050713
16.1495 5.38318 -0.0863156
26.9159 5.38318 -0.0163522
37.6822 5.38318 0.0262598
48.4486 5.38318 0.0710047
59.215 5.38318 0.0654201
69.9813 5.38318 0.0821227
5.38318 16.1495 -0.0190582
16.1495 16.1495 0.166334
26.9159 16.1495 0.72254
37.6822 16.1495 0.880834
48.4486 16.1495 0.904829
59.215 16.1495 0.613332
69.9813 16.1495 0.447238
5.38318 26.9159 0.017309
16.1495 26.9159 0.599947
26.9159 26.9159 1.77574
37.6822 26.9159 2.10895
48.4486 26.9159 1.97202
59.215 26.9159 1.15876
69.9813 26.9159 0.642798
5.38318 37.6822 0.575813
16.1495 37.6822 1.78809
26.9159 37.6822 3.58072
37.6822 37.6822 4.13632
48.4486 37.6822 3.74637
59.215 37.6822 2.18826
69.9813 37.6822 1.11748
5.38318 48.4486 0.779221
16.1495 48.4486 2.21652
26.9159 48.4486 4.31697
37.6822 48.4486 4.93233
48.4486 48.4486 4.33955
59.215 48.4486 2.42959
69.9813 48.4486 1.15766
5.38318 59.215 0.521611
16.1495 59.215 1.70488
26.9159 59.215 3.33989
37.6822 59.215 3.75852
48.4486 59.215 3.24447
59.215 59.215 1.74923
69.9813 59.215 0.847997
5.38318 69.9813 -0.0046059
16.1495 69.9813 0.342185
26.9159 69.9813 0.888928
37.6822 69.9813 0.812755
48.4486 69.9813 0.519409
59.215 69.9813 -0.0322443
69.9813 69.9813 0.0080274
5.38318 80.7477 -0.193269
16.1495 80.7477 -0.24011
26.9159 80.7477 -0.227306
37.6822 80.7477 -0.26023
48.4486 80.7477 -0.319674
59.215 80.7477 -0.302961
69.9813 80.7477 -0.134156
5.38318 91.514 -0.274701
16.1495 91.514 -0.425677
26.9159 91.514 -0.457071
37.6822 91.514 -0.493983
48.4486 91.514 -0.485182
59.215 91.514 -0.389199
69.9813 91.514 -0.169852
5.38318 102.28 -0.296453
16.1495 102.28 -0.448631
26.9159 102.28 -0.452994
37.6822 102.28 -0.446894
48.4486 102.28 -0.432032
59.215 102.28 -0.34325
69.9813 102.28 -0.152672
5.38318 113.047 -0.284946
16.1495 113.047 -0.430586
26.9159 113.047 -0.419941
37.6822 113.047 -0.423263
48.4486 113.047 -0.415908
59.215 113.047 -0.330174
69.9813 113.047 -0.146939
5.38318 123.813 -0.2177
16.1495 123.813 -0.326837
26.9159 123.813 -0.300671
37.6822 123.813 -0.317386
48.4486 123.813 -0.321675
59.215 123.813 -0.245263
69.9813 123.813 -0.0982198
5.38318 134.579 -0.106963
16.1495 134.579 -0.158155
26.9159 134.579 -0.130204
37.6822 134.579 -0.17496
48.4486 134.579 -0.17566
59.215 134.579 -0.106731
69.9813 134.579 -0.000970361
5.38318 145.346 0.0101902
16.1495 145.346 0.0628869
26.9159 145.346 0.165676
37.6822 145.346 0.0524039
48.4486 145.346 0.0997598
59.215 145.346 0.229485
69.9813 145.346 0.297577
5.38318 156.112 0.196652
16.1495 156.112 0.580893
26.9159 156.112 1.02712
37.6822 156.112 0.918883
48.4486 156.112 0.96948
59.215 156.112 0.785526
69.9813 156.112 0.64599
5.38318 166.879 0.307123
16.1495 166.879 0.993138
26.9159 166.879 1.98455
37.6822 166.879 1.8653
48.4486 166.879 1.89622
59.215 166.879 1.27491
69.9813 166.879 0.950821
5.38318 177.645 0.526612
16.1495 177.645 1.71963
26.9159 177.645 3.42948
37.6822 177.645 3.45434
48.4486 177.645 3.1888
59.215 177.645 1.92066
69.9813 177.645 1.19429
5.38318 188.411 0.548438
16.1495 188.411 2.0096
26.9159 188.411 4.13541
37.6822 188.411 4.42938
48.4486 188.411 3.98614
59.215 188.411 2.26821
69.9813 188.411 1.31399
5.38318 199.178 0.545559
16.1495 199.178 1.89789
26.9159 199.178 3.80767
37.6822 199.178 4.13622
48.4486 199.178 3.55482
59.215 199.178 1.97644
69.9813 199.178 1.08837
5.38318 209.944 0.193949
16.1495 209.944 0.814262
26.9159 209.944 1.88971
37.6822 209.944 2.00375
48.4486 209.944 1.74201
59.215 209.944 1.04005
69.9813 209.944 0.662143
