37 48
0 28 72 40
0 12 72 72
0 7 72 82
0 0 72 144
0 0 72 216
5.38318 5.38318 0.469406
16.1495 5.38318 0.626677
26.9159 5.38318 0.686355
37.6822 5.38318 0.602113
48.4486 5.38318 0.660044
59.215 5.38318 0.625414
69.9813 5.38318 0.473996
5.38318 16.1495 0.941935
16.1495 16.1495 1.66684
26.9159 16.1495 2.1451
37.6822 16.1495 2.09738
48.4486 16.1495 2.12183
59.215 16.1495 1.74293
69.9813 16.1495 1.17102
5.38318 26.9159 0.985228
16.1495 26.9159 1.9341
26.9159 26.9159 2.78996
37.6822 26.9159 2.83398
48.4486 26.9159 2.85358
59.215 26.9159 2.2744
69.9813 26.9159 1.52517
5.38318 37.6822 1.23713
16.1495 37.6822 2.65146
26.9159 37.6822 4.28276
37.6822 37.6822 4.59139
48.4486 37.6822 4.3946
59.215 37.6822 3.09653
69.9813 37.6822 1.83857
5.38318 48.4486 1.01398
16.1495 48.4486 2.50127
26.9159 48.4486 4.4867
37.6822 48.4486 5.07145
48.4486 48.4486 4.69327
59.215 48.4486 3.10357
69.9813 48.4486 1.6982
5.38318 59.215 0.591873
16.1495 59.215 1.79904
26.9159 59.215 3.49498
37.6822 59.215 3.97596
48.4486 59.215 3.44865
59.215 59.215 2.10008
69.9813 59.215 1.04804
5.38318 69.9813 -0.0456754
16.1495 69.9813 0.204286
26.9159 69.9813 1.07986
37.6822 69.9813 1.27202
48.4486 69.9813 0.843548
59.215 69.9813 0.361297
69.9813 69.9813 0.10914
5.38318 80.7477 -0.203771
16.1495 80.7477 -0.262101
26.9159 80.7477 -0.190643
37.6822 80.7477 -0.170617
48.4486 80.7477 -0.28955
59.215 80.7477 -0.266424
69.9813 80.7477 -0.160202
5.38318 91.514 -0.280792
16.1495 91.514 -0.440605
26.9159 91.514 -0.466213
37.6822 91.514 -0.50033
48.4486 91.514 -0.500156
59.215 91.514 -0.397158
69.9813 91.514 -0.183843
5.38318 102.28 -0.297312
16.1495 102.28 -0.447134
26.9159 102.28 -0.443556
37.6822 102.28 -0.450508
48.4486 102.28 -0.432957
59.215 102.28 -0.350664
69.9813 102.28 -0.153306
5.38318 113.047 -0.293144
16.1495 113.047 -0.440995
26.9159 113.047 -0.417277
37.6822 113.047 -0.378903
48.4486 113.047 -0.333653
59.215 113.047 -0.241689
69.9813 113.047 -0.0929467
5.38318 123.813 -0.241815
16.1495 123.813 -0.337626
26.9159 123.813 -0.231312
37.6822 123.813 -0.123778
48.4486 123.813 -0.0268565
59.215 123.813 0.0667467
69.9813 123.813 0.213864
5.38318 134.579 -0.119251
16.1495 134.579 -0.131382
26.9159 134.579 0.163018
37.6822 134.579 0.585627
48.4486 134.579 1.02755
59.215 134.579 1.04654
69.9813 134.579 0.872829
5.38318 145.346 0.125274
16.1495 145.346 0.403748
26.9159 145.346 1.0383
37.6822 145.346 1.61807
48.4486 145.346 2.23522
59.215 145.346 2.22304
69.9813 145.346 1.65486
5.38318 156.112 0.531647
16.1495 156.112 0.99466
26.9159 156.112 1.59947
37.6822 156.112 1.95947
48.4486 156.112 2.63256
59.215 156.112 2.74798
69.9813 156.112 2.10318
5.38318 166.879 0.902586
16.1495 166.879 1.3862
26.9159 166.879 1.71595
37.6822 166.879 1.76424
48.4486 166.879 2.13866
59.215 166.879 2.36977
69.9813 166.879 1.8776
5.38318 177.645 1.19554
16.1495 177.645 1.6366
26.9159 177.645 1.60348
37.6822 177.645 1.11791
48.4486 177.645 0.915255
59.215 177.645 1.14967
69.9813 177.645 1.01492
5.38318 188.411 1.56053
16.1495 188.411 1.9977
26.9159 188.411 1.65942
37.6822 188.411 0.859403
48.4486 188.411 0.459416
59.215 188.411 0.552208
69.9813 188.411 0.546546
5.38318 199.178 1.80955
16.1495 199.178 2.3231
26.9159 199.178 1.88775
37.6822 199.178 0.907909
48.4486 199.178 0.382912
59.215 199.178 0.318701
69.9813 199.178 0.34413
5.38318 209.944 1.48978
16.1495 209.944 2.00404
26.9159 209.944 1.68572
37.6822 209.944 0.949019
48.4486 209.944 0.446444
59.215 209.944 0.32756
69.9813 209.944 0.309076
