37 188
0 168 72 40
0 144 72 72
0 134 72 82
0 72 72 144
0 0 72 216
5.38318 5.38318 0.357394
16.1495 5.38318 0.797696
26.9159 5.38318 1.33896
37.6822 5.38318 1.49655
48.4486 5.38318 1.40527
59.215 5.38318 0.967088
69.9813 5.38318 0.545792
5.38318 16.1495 0.67541
16.1495 16.1495 1.58159
26.9159 16.1495 2.46553
37.6822 16.1495 2.73168
48.4486 16.1495 2.50718
59.215 16.1495 1.77591
69.9813 16.1495 1.0552
5.38318 26.9159 0.81104
16.1495 26.9159 1.83353
26.9159 26.9159 2.87287
37.6822 26.9159 3.11982
48.4486 26.9159 2.7855
59.215 26.9159 1.9733
69.9813 26.9159 1.18349
5.38318 37.6822 1.07377
16.1495 37.6822 2.03206
26.9159 37.6822 2.73127
37.6822 37.6822 2.7194
48.4486 37.6822 2.34417
59.215 37.6822 1.86402
69.9813 37.6822 1.20537
5.38318 48.4486 0.94084
16.1495 48.4486 1.81219
26.9159 48.4486 2.38206
37.6822 48.4486 2.353
48.4486 48.4486 2.08154
59.215 48.4486 1.75475
69.9813 48.4486 1.18853
5.38318 59.215 0.911675
16.1495 59.215 1.70141
26.9159 59.215 2.08516
37.6822 59.215 1.88225
48.4486 59.215 1.53218
59.215 59.215 1.39777
69.9813 59.215 1.04552
5.38318 69.9813 0.397283
16.1495 69.9813 0.71709
26.9159 69.9813 0.821817
37.6822 69.9813 0.593183
48.4486 69.9813 0.466799
59.215 69.9813 0.621596
69.9813 69.9813 0.626701
5.38318 80.7477 -0.0439573
16.1495 80.7477 -0.0369255
26.9159 80.7477 0.112993
37.6822 80.7477 -0.0504787
48.4486 80.7477 -0.0251605
59.215 80.7477 0.222686
69.9813 80.7477 0.428123
5.38318 91.514 -0.230512
16.1495 91.514 -0.346101
26.9159 91.514 -0.277441
37.6822 91.514 -0.244092
48.4486 91.514 -0.13802
59.215 91.514 0.0682618
69.9813 91.514 0.296276
5.38318 102.28 -0.258679
16.1495 102.28 -0.372932
26.9159 102.28 -0.291131
37.6822 102.28 -0.247815
48.4486 102.28 -0.208903
59.215 102.28 -0.136717
69.9813 102.28 -0.0174528
5.38318 113.047 -0.296684
16.1495 113.047 -0.448337
26.9159 113.047 -0.450951
37.6822 113.047 -0.438246
48.4486 113.047 -0.416482
59.215 113.047 -0.319626
69.9813 113.047 -0.136313
5.38318 123.813 -0.295036
16.1495 123.813 -0.447406
26.9159 123.813 -0.431224
37.6822 123.813 -0.414226
48.4486 123.813 -0.380316
59.215 123.813 -0.286242
69.9813 123.813 -0.115602
5.38318 134.579 -0.276992
16.1495 134.579 -0.412066
26.9159 134.579 -0.374952
37.6822 134.579 -0.343649
48.4486 134.579 -0.296113
59.215 134.579 -0.222144
69.9813 134.579 -0.0766157
5.38318 145.346 -0.257684
16.1495 145.346 -0.361711
26.9159 145.346 -0.257789
37.6822 145.346 -0.202139
48.4486 145.346 -0.151025
59.215 145.346 -0.142838
69.9813 145.346 -0.032127
5.38318 156.112 -0.124314
16.1495 156.112 -0.0571561
26.9159 156.112 0.49123
37.6822 156.112 0.702721
48.4486 156.112 0.558194
59.215 156.112 0.154823
69.9813 156.112 0.111323
5.38318 166.879 0.0966054
16.1495 166.879 0.681322
26.9159 166.879 1.73947
37.6822 166.879 2.0283
48.4486 166.879 1.60801
59.215 166.879 0.743011
69.9813 166.879 0.315724
5.38318 177.645 0.695863
16.1495 177.645 1.91831
26.9159 177.645 3.5292
37.6822 177.645 4.00679
48.4486 177.645 3.10632
59.215 177.645 1.61152
69.9813 177.645 0.628265
5.38318 188.411 0.986226
16.1495 188.411 2.56293
26.9159 188.411 4.58396
37.6822 188.411 5.23538
48.4486 188.411 4.16706
59.215 188.411 2.24497
69.9813 188.411 0.921196
5.38318 199.178 1.02368
16.1495 199.178 2.54177
26.9159 199.178 4.22357
37.6822 199.178 4.75096
48.4486 199.178 3.8445
59.215 199.178 2.13102
69.9813 199.178 0.954539
5.38318 209.944 0.688895
16.1495 209.944 1.52756
26.9159 209.944 2.09778
37.6822 209.944 2.26228
48.4486 209.944 1.96544
59.215 209.944 1.27029
69.9813 209.944 0.719313
