48 37
0 17 72 40
0 1 72 72
0 0 72 82
0 0 72 144
0 0 72 216
5.38318 5.38318 0.366325
16.1495 5.38318 0.832458
26.9159 5.38318 1.32627
37.6822 5.38318 1.46265
48.4486 5.38318 1.36651
59.215 5.38318 0.986491
69.9813 5.38318 0.598438
5.38318 16.1495 0.598765
16.1495 16.1495 1.70563
26.9159 16.1495 2.72006
37.6822 16.1495 3.21733
48.4486 16.1495 3.03682
59.215 16.1495 2.16466
69.9813 16.1495 1.26956
5.38318 26.9159 0.592492
16.1495 26.9159 1.95369
26.9159 26.9159 3.46723
37.6822 26.9159 4.54549
48.4486 26.9159 4.46804
59.215 26.9159 3.2686
69.9813 26.9159 1.8498
5.38318 37.6822 0.658763
16.1495 37.6822 1.97941
26.9159 37.6822 3.53388
37.6822 37.6822 4.87404
48.4486 37.6822 4.90029
59.215 37.6822 3.61018
69.9813 37.6822 1.97098
5.38318 48.4486 0.665288
16.1495 48.4486 1.73882
26.9159 48.4486 2.92914
37.6822 48.4486 3.98354
48.4486 48.4486 4.08588
59.215 48.4486 3.22023
69.9813 48.4486 1.8394
5.38318 59.215 0.770841
16.1495 59.215 1.64396
26.9159 59.215 2.23599
37.6822 59.215 2.56531
48.4486 59.215 2.63849
59.215 59.215 2.29322
69.9813 59.215 1.55431
5.38318 69.9813 0.710821
16.1495 69.9813 1.3284
26.9159 69.9813 1.71109
37.6822 69.9813 1.68814
48.4486 69.9813 1.77251
59.215 69.9813 1.72052
69.9813 69.9813 1.30254
5.38318 80.7477 0.259119
16.1495 80.7477 0.505433
26.9159 80.7477 0.729284
37.6822 80.7477 0.525725
48.4486 80.7477 0.472278
59.215 80.7477 0.561488
69.9813 80.7477 0.593038
5.38318 91.514 -0.175769
16.1495 91.514 -0.278694
26.9159 91.514 -0.250738
37.6822 91.514 -0.30947
48.4486 91.514 -0.295777
59.215 91.514 -0.184359
69.9813 91.514 -0.012174
5.38318 102.28 -0.289039
16.1495 102.28 -0.452687
26.9159 102.28 -0.443449
37.6822 102.28 -0.447671
48.4486 102.28 -0.421917
59.215 102.28 -0.311066
69.9813 102.28 -0.123587
5.38318 113.047 -0.289274
16.1495 113.047 -0.438123
26.9159 113.047 -0.430063
37.6822 113.047 -0.41978
48.4486 113.047 -0.395353
59.215 113.047 -0.299252
69.9813 113.047 -0.124695
5.38318 123.813 -0.153169
16.1495 123.813 -0.195174
26.9159 123.813 -0.11359
37.6822 123.813 -0.0950642
48.4486 123.813 -0.106215
59.215 123.813 -0.0957973
69.9813 123.813 -0.010669
5.38318 134.579 0.191622
16.1495 134.579 0.4926
26.9159 134.579 0.880471
37.6822 134.579 1.01433
48.4486 134.579 0.875131
59.215 134.579 0.570397
69.9813 134.579 0.364216
5.38318 145.346 0.74923
16.1495 145.346 1.66436
26.9159 145.346 2.33503
37.6822 145.346 2.52578
48.4486 145.346 2.28447
59.215 145.346 1.60248
69.9813 145.346 0.929192
5.38318 156.112 1.03017
16.1495 156.112 2.24448
26.9159 156.112 3.23913
37.6822 156.112 3.58295
48.4486 156.112 3.25329
59.215 156.112 2.25634
69.9813 156.112 1.24724
5.38318 166.879 1.00022
16.1495 166.879 2.34733
26.9159 166.879 3.5835
37.6822 166.879 3.96708
48.4486 166.879 3.55867
59.215 166.879 2.39081
69.9813 166.879 1.31804
5.38318 177.645 0.759059
16.1495 177.645 1.96426
26.9159 177.645 3.34986
37.6822 177.645 3.81035
48.4486 177.645 3.45335
59.215 177.645 2.2501
69.9813 177.645 1.22947
5.38318 188.411 0.954667
16.1495 188.411 2.15853
26.9159 188.411 3.83267
37.6822 188.411 4.40392
48.4486 188.411 4.03893
59.215 188.411 2.64414
69.9813 188.411 1.43261
5.38318 199.178 0.975335
16.1495 199.178 2.09739
26.9159 199.178 3.68239
37.6822 199.178 4.25207
48.4486 199.178 3.82767
59.215 199.178 2.67038
69.9813 199.178 1.46451
5.38318 209.944 0.719365
16.1495 209.944 1.33462
26.9159 209.944 2.1025
37.6822 209.944 2.19771
48.4486 209.944 2.01917
59.215 209.944 1.61845
69.9813 209.944 1.03634
