37 37
0 17 72 40
0 1 72 72
0 0 72 82
0 0 72 144
0 0 72 216
5.38318 5.38318 0.358345
16.1495 5.38318 0.719533
26.9159 5.38318 1.19862
37.6822 5.38318 1.2726
48.4486 5.38318 1.08232
59.215 5.38318 0.637233
69.9813 5.38318 0.331669
5.38318 16.1495 0.68042
16.1495 16.1495 1.72082
26.9159 16.1495 2.76757
37.6822 16.1495 3.05009
48.4486 16.1495 2.56229
59.215 16.1495 1.60801
69.9813 16.1495 0.816342
5.38318 26.9159 0.85907
16.1495 26.9159 2.47733
26.9159 26.9159 4.47265
37.6822 26.9159 5.12081
48.4486 26.9159 4.16252
59.215 26.9159 2.32733
69.9813 26.9159 1.00607
5.38318 37.6822 0.951319
16.1495 37.6822 2.76284
26.9159 37.6822 5.25103
37.6822 37.6822 6.12231
48.4486 37.6822 5.001
59.215 37.6822 2.74328
69.9813 37.6822 1.1427
5.38318 48.4486 0.709446
16.1495 48.4486 2.23838
26.9159 48.4486 4.51689
37.6822 48.4486 5.1581
48.4486 48.4486 4.28526
59.215 48.4486 2.3021
69.9813 48.4486 0.935072
5.38318 59.215 0.239044
16.1495 59.215 0.947372
26.9159 59.215 2.37216
37.6822 59.215 2.56438
48.4486 59.215 2.24159
59.215 59.215 1.04321
69.9813 59.215 0.527006
5.38318 69.9813 -0.0746447
16.1495 69.9813 0.272701
26.9159 69.9813 1.34374
37.6822 69.9813 1.41826
48.4486 69.9813 1.1749
59.215 69.9813 0.281012
69.9813 69.9813 0.194197
5.38318 80.7477 -0.28725
16.1495 80.7477 -0.27016
26.9159 80.7477 0.401859
37.6822 80.7477 0.524549
48.4486 80.7477 0.380307
59.215 80.7477 -0.172293
69.9813 80.7477 -0.0514346
5.38318 91.514 -0.499505
16.1495 91.514 -0.716851
26.9159 91.514 -0.565437
37.6822 91.514 -0.554862
48.4486 91.514 -0.55839
59.215 91.514 -0.540509
69.9813 91.514 -0.237352
5.38318 102.28 -0.577481
16.1495 102.28 -0.92359
26.9159 102.28 -0.999822
37.6822 102.28 -1.00638
48.4486 102.28 -0.964096
59.215 102.28 -0.782566
69.9813 102.28 -0.34682
5.38318 113.047 -0.588354
16.1495 113.047 -0.945549
26.9159 113.047 -1.03357
37.6822 113.047 -1.03478
48.4486 113.047 -0.977335
59.215 113.047 -0.770675
69.9813 113.047 -0.333114
5.38318 123.813 -0.575679
16.1495 123.813 -0.918044
26.9159 123.813 -0.992949
37.6822 123.813 -0.990204
48.4486 123.813 -0.937996
59.215 123.813 -0.72062
69.9813 123.813 -0.307148
5.38318 134.579 -0.540368
16.1495 134.579 -0.857263
26.9159 134.579 -0.924744
37.6822 134.579 -0.899918
48.4486 134.579 -0.827553
59.215 134.579 -0.551244
69.9813 134.579 -0.20597
5.38318 145.346 -0.463715
16.1495 145.346 -0.73015
26.9159 145.346 -0.711028
37.6822 145.346 -0.639536
48.4486 145.346 -0.499446
59.215 145.346 -0.21302
69.9813 145.346 0.0389563
5.38318 156.112 -0.323912
16.1495 156.112 -0.528548
26.9159 156.112 -0.471011
37.6822 156.112 -0.271998
48.4486 156.112 0.156269
59.215 156.112 0.936284
69.9813 156.112 0.897409
5.38318 166.879 -0.183663
16.1495 166.879 -0.354175
26.9159 166.879 -0.228558
37.6822 166.879 0.322506
48.4486 166.879 1.5838
59.215 166.879 2.14564
69.9813 166.879 1.65855
5.38318 177.645 -0.0344712
16.1495 177.645 -0.144549
26.9159 177.645 0.135105
37.6822 177.645 1.04134
48.4486 177.645 2.32243
59.215 177.645 2.8098
69.9813 177.645 2.09845
5.38318 188.411 0.206136
16.1495 188.411 0.14831
26.9159 188.411 0.618425
37.6822 188.411 1.27557
48.4486 188.411 2.34034
59.215 188.411 2.61651
69.9813 188.411 1.93504
5.38318 199.178 0.0552061
16.1495 199.178 0.114263
26.9159 199.178 0.632979
37.6822 199.178 1.01195
48.4486 199.178 1.71621
59.215 199.178 1.88729
69.9813 199.178 1.42571
5.38318 209.944 0.0803093
16.1495 209.944 0.271387
26.9159 209.944 0.63186
37.6822 209.944 0.746917
48.4486 209.944 1.04535
59.215 209.944 1.11316
69.9813 209.944 0.864944
