48 188
0 168 72 40
0 144 72 72
0 134 72 82
0 72 72 144
0 0 72 216
5.38318 5.38318 -0.0191141
16.1495 5.38318 -0.170407
26.9159 5.38318 -0.248092
37.6822 5.38318 -0.269727
48.4486 5.38318 -0.245596
59.215 5.38318 -0.083477
69.9813 5.38318 0.0813691
5.38318 16.1495 -0.166748
16.1495 16.1495 -0.280812
26.9159 16.1495 -0.329224
37.6822 16.1495 -0.4036
48.4486 16.1495 -0.381626
59.215 16.1495 -0.109105
69.9813 16.1495 0.258334
5.38318 26.9159 -0.513819
16.1495 26.9159 -0.775897
26.9159 26.9159 -0.839626
37.6822 26.9159 -0.890248
48.4486 26.9159 -0.825978
59.215 26.9159 -0.458303
69.9813 26.9159 -0.0865412
5.38318 37.6822 -0.584501
16.1495 37.6822 -0.852579
26.9159 37.6822 -0.86198
37.6822 37.6822 -0.833509
48.4486 37.6822 -0.745976
59.215 37.6822 -0.436208
69.9813 37.6822 -0.0985612
5.38318 48.4486 -0.579774
16.1495 48.4486 -0.852518
26.9159 48.4486 -0.844225
37.6822 48.4486 -0.772524
48.4486 48.4486 -0.628353
59.215 48.4486 -0.318479
69.9813 48.4486 -0.0136402
5.38318 59.215 -0.391084
16.1495 59.215 -0.563773
26.9159 59.215 -0.552663
37.6822 59.215 -0.482877
48.4486 59.215 -0.342759
59.215 59.215 -0.021692
69.9813 59.215 0.379933
5.38318 69.9813 -0.371541
16.1495 69.9813 -0.543292
26.9159 69.9813 -0.498892
37.6822 69.9813 -0.458406
48.4486 69.9813 -0.362629
59.215 69.9813 -0.0804304
69.9813 69.9813 0.259248
5.38318 80.7477 -0.309581
16.1495 80.7477 -0.420016
26.9159 80.7477 -0.312933
37.6822 80.7477 -0.256555
48.4486 80.7477 -0.209894
59.215 80.7477 -0.0255809
69.9813 80.7477 0.215889
5.38318 91.514 -0.325898
16.1495 91.514 -0.461194
26.9159 91.514 -0.367967
37.6822 91.514 -0.33662
48.4486 91.514 -0.341703
59.215 91.514 -0.241343
69.9813 91.514 -0.0856711
5.38318 102.28 -0.295395
16.1495 102.28 -0.434221
26.9159 102.28 -0.3844
37.6822 102.28 -0.36154
48.4486 102.28 -0.360886
59.215 102.28 -0.282369
69.9813 102.28 -0.119859
5.38318 113.047 -0.266806
16.1495 113.047 -0.41658
26.9159 113.047 -0.41038
37.6822 113.047 -0.424615
48.4486 113.047 -0.422633
59.215 113.047 -0.338145
69.9813 113.047 -0.153245
5.38318 123.813 -0.0827008
16.1495 123.813 -0.14486
26.9159 123.813 -0.154427
37.6822 123.813 -0.269638
48.4486 123.813 -0.366075
59.215 123.813 -0.325438
69.9813 123.813 -0.150984
5.38318 134.579 0.564718
16.1495 134.579 0.737441
26.9159 134.579 0.645805
37.6822 134.579 -0.0106837
48.4486 134.579 -0.243252
59.215 134.579 -0.290719
69.9813 134.579 -0.138377
5.38318 145.346 1.47821
16.1495 145.346 2.11893
26.9159 145.346 2.01335
37.6822 145.346 1.03962
48.4486 145.346 0.258632
59.215 145.346 -0.0844231
69.9813 145.346 -0.0334602
5.38318 156.112 2.21765
16.1495 156.112 3.17556
26.9159 156.112 3.10986
37.6822 156.112 2.11666
48.4486 156.112 1.33418
59.215 156.112 0.661198
69.9813 156.112 0.35209
5.38318 166.879 2.40087
16.1495 166.879 3.53235
26.9159 166.879 3.83722
37.6822 166.879 3.45695
48.4486 166.879 2.88828
59.215 166.879 1.97793
69.9813 166.879 0.99459
5.38318 177.645 1.93681
16.1495 177.645 2.92865
26.9159 177.645 3.69541
37.6822 177.645 4.3586
48.4486 177.645 4.23786
59.215 177.645 3.12433
69.9813 177.645 1.49549
5.38318 188.411 1.40935
16.1495 188.411 2.30544
26.9159 188.411 3.34606
37.6822 188.411 4.39749
48.4486 188.411 4.4358
59.215 188.411 3.34955
69.9813 188.411 1.6249
5.38318 199.178 0.682913
16.1495 199.178 1.33242
26.9159 199.178 2.07802
37.6822 199.178 2.66654
48.4486 199.178 2.60915
59.215 199.178 2.15211
69.9813 199.178 1.1578
5.38318 209.944 0.480419
16.1495 209.944 1.07057
26.9159 209.944 1.36686
37.6822 209.944 1.2542
48.4486 209.944 1.02882
59.215 209.944 0.889478
69.9813 209.944 0.678929
