37 48
0 28 72 40
0 12 72 72
0 7 72 82
0 0 72 144
0 0 72 216
5.38318 5.38318 0.0366848
16.1495 5.38318 0.237202
26.9159 5.38318 0.785961
37.6822 5.38318 1.32975
48.4486 5.38318 1.47608
59.215 5.38318 1.22066
69.9813 5.38318 0.702949
5.38318 16.1495 0.168948
16.1495 16.1495 0.705732
26.9159 16.1495 1.67871
37.6822 16.1495 2.48633
48.4486 16.1495 2.81551
59.215 16.1495 2.36823
69.9813 16.1495 1.37297
5.38318 26.9159 0.295576
16.1495 26.9159 1.05813
26.9159 26.9159 2.12988
37.6822 26.9159 3.09783
48.4486 26.9159 3.53484
59.215 26.9159 3.03938
69.9813 26.9159 1.77888
5.38318 37.6822 0.913508
16.1495 37.6822 1.95098
26.9159 37.6822 2.94495
37.6822 37.6822 3.52085
48.4486 37.6822 3.64766
59.215 37.6822 2.95357
69.9813 37.6822 1.71527
5.38318 48.4486 1.2569
16.1495 48.4486 2.50783
26.9159 48.4486 3.60556
37.6822 48.4486 3.94918
48.4486 48.4486 3.77643
59.215 48.4486 2.88327
69.9813 48.4486 1.59691
5.38318 59.215 1.24698
16.1495 59.215 2.35294
26.9159 59.215 3.47151
37.6822 59.215 3.9246
48.4486 59.215 3.90144
59.215 59.215 3.13587
69.9813 59.215 1.75749
5.38318 69.9813 0.81839
16.1495 69.9813 1.42188
26.9159 69.9813 2.19553
37.6822 69.9813 2.53243
48.4486 69.9813 2.61591
59.215 69.9813 2.28994
69.9813 69.9813 1.31619
5.38318 80.7477 0.168766
16.1495 80.7477 0.239562
26.9159 80.7477 0.563229
37.6822 80.7477 0.581045
48.4486 80.7477 0.512456
59.215 80.7477 0.636285
69.9813 80.7477 0.411558
5.38318 91.514 -0.200849
16.1495 91.514 -0.289604
26.9159 91.514 -0.235942
37.6822 91.514 -0.233576
48.4486 91.514 -0.279757
59.215 91.514 -0.199273
69.9813 91.514 -0.098539
5.38318 102.28 -0.288988
16.1495 102.28 -0.436532
26.9159 102.28 -0.440747
37.6822 102.28 -0.442522
48.4486 102.28 -0.441007
59.215 102.28 -0.341162
69.9813 102.28 -0.155691
5.38318 113.047 -0.301335
16.1495 113.047 -0.456742
26.9159 113.047 -0.463438
37.6822 113.047 -0.445829
48.4486 113.047 -0.427348
59.215 113.047 -0.330048
69.9813 113.047 -0.145077
5.38318 123.813 -0.292383
16.1495 123.813 -0.398699
26.9159 123.813 -0.296795
37.6822 123.813 -0.207345
48.4486 123.813 -0.202362
59.215 123.813 -0.17333
69.9813 123.813 -0.0830155
5.38318 134.579 -0.260764
16.1495 134.579 -0.257744
26.9159 134.579 -0.0165159
37.6822 134.579 0.429195
48.4486 134.579 0.477952
59.215 134.579 0.304422
69.9813 134.579 0.198249
5.38318 145.346 -0.191799
16.1495 145.346 -0.00680824
26.9159 145.346 1.02937
37.6822 145.346 1.88688
48.4486 145.346 1.9746
59.215 145.346 1.42423
69.9813 145.346 0.752779
5.38318 156.112 -0.0692293
16.1495 156.112 0.509988
26.9159 156.112 1.78532
37.6822 156.112 2.89047
48.4486 156.112 3.15708
59.215 156.112 2.42399
69.9813 156.112 1.31876
5.38318 166.879 0.186189
16.1495 166.879 0.894896
26.9159 166.879 2.18663
37.6822 166.879 3.3783
48.4486 166.879 3.85688
59.215 166.879 3.13065
69.9813 166.879 1.74798
5.38318 177.645 0.720775
16.1495 177.645 1.60425
26.9159 177.645 2.54347
37.6822 177.645 3.32513
48.4486 177.645 3.66829
59.215 177.645 3.09517
69.9813 177.645 1.78605
5.38318 188.411 1.05256
16.1495 188.411 2.08785
26.9159 188.411 3.0871
37.6822 188.411 3.52893
48.4486 188.411 3.63571
59.215 188.411 2.92952
69.9813 188.411 1.66983
5.38318 199.178 1.18333
16.1495 199.178 2.28699
26.9159 199.178 3.23478
37.6822 199.178 3.54416
48.4486 199.178 3.46329
59.215 199.178 2.8183
69.9813 199.178 1.58311
5.38318 209.944 0.731182
16.1495 209.944 1.40312
26.9159 209.944 2.20815
37.6822 209.944 2.66681
48.4486 209.944 2.85075
59.215 209.944 2.4519
69.9813 209.944 1.41727
