37 177
0 157 72 40
0 141 72 72
0 134 72 82
0 72 72 144
0 0 72 216
5.38318 5.38318 0.147257
16.1495 5.38318 0.397403
26.9159 5.38318 0.942097
37.6822 5.38318 1.05666
48.4486 5.38318 0.714999
59.215 5.38318 0.339351
69.9813 5.38318 0.117318
5.38318 16.1495 0.115187
16.1495 16.1495 0.735835
26.9159 16.1495 1.80647
37.6822 16.1495 2.08835
48.4486 16.1495 1.57937
59.215 16.1495 0.914176
69.9813 16.1495 0.36541
5.38318 26.9159 -0.0738655
16.1495 26.9159 0.542308
26.9159 26.9159 2.0476
37.6822 26.9159 2.42827
48.4486 26.9159 1.79886
59.215 26.9159 0.946689
69.9813 26.9159 0.262
5.38318 37.6822 -0.0985454
16.1495 37.6822 0.358503
26.9159 37.6822 1.77758
37.6822 37.6822 2.09366
48.4486 37.6822 1.6624
59.215 37.6822 1.11321
69.9813 37.6822 0.436151
5.38318 48.4486 -0.093856
16.1495 48.4486 0.0414698
26.9159 48.4486 1.21398
37.6822 48.4486 1.50297
48.4486 48.4486 1.36803
59.215 48.4486 1.19553
69.9813 48.4486 0.634793
5.38318 59.215 -0.037873
16.1495 59.215 0.041724
26.9159 59.215 0.914389
37.6822 59.215 1.12982
48.4486 59.215 1.13011
59.215 59.215 1.15869
69.9813 59.215 0.742596
5.38318 69.9813 -0.0235411
16.1495 69.9813 -0.0224974
26.9159 69.9813 0.542314
37.6822 69.9813 0.556684
48.4486 69.9813 0.534151
59.215 69.9813 0.618959
69.9813 69.9813 0.456492
5.38318 80.7477 -0.0162206
16.1495 80.7477 -0.0151736
26.9159 80.7477 0.178029
37.6822 80.7477 -0.0386874
48.4486 80.7477 -0.150299
59.215 80.7477 -0.079239
69.9813 80.7477 0.0128446
5.38318 91.514 -0.118991
16.1495 91.514 -0.211055
26.9159 91.514 -0.217889
37.6822 91.514 -0.341107
48.4486 91.514 -0.388435
59.215 91.514 -0.305233
69.9813 91.514 -0.122042
5.38318 102.28 -0.233026
16.1495 102.28 -0.354347
26.9159 102.28 -0.339684
37.6822 102.28 -0.362659
48.4486 102.28 -0.364237
59.215 102.28 -0.288565
69.9813 102.28 -0.122496
5.38318 113.047 -0.292129
16.1495 113.047 -0.437412
26.9159 113.047 -0.409787
37.6822 113.047 -0.395211
48.4486 113.047 -0.380755
59.215 113.047 -0.307115
69.9813 113.047 -0.137527
5.38318 123.813 -0.186148
16.1495 123.813 -0.236131
26.9159 123.813 -0.123156
37.6822 123.813 -0.0881569
48.4486 123.813 -0.112095
59.215 123.813 -0.112508
69.9813 123.813 -0.0326082
5.38318 134.579 -0.0328899
16.1495 134.579 0.122148
26.9159 134.579 0.578989
37.6822 134.579 0.75762
48.4486 134.579 0.615273
59.215 134.579 0.386495
69.9813 134.579 0.276093
5.38318 145.346 0.518017
16.1495 145.346 1.27964
26.9159 145.346 1.95844
37.6822 145.346 2.22334
48.4486 145.346 1.90216
59.215 145.346 1.32353
69.9813 145.346 0.767956
5.38318 156.112 0.922163
16.1495 156.112 2.15034
26.9159 156.112 3.10182
37.6822 156.112 3.45136
48.4486 156.112 2.98622
59.215 156.112 2.00636
69.9813 156.112 1.10723
5.38318 166.879 1.3673
16.1495 166.879 3.13576
26.9159 166.879 4.49681
37.6822 166.879 4.80786
48.4486 166.879 4.08474
59.215 166.879 2.61398
69.9813 166.879 1.36577
5.38318 177.645 1.40355
16.1495 177.645 3.28044
26.9159 177.645 4.83496
37.6822 177.645 5.18244
48.4486 177.645 4.48008
59.215 177.645 2.80713
69.9813 177.645 1.46653
5.38318 188.411 1.49479
16.1495 188.411 3.22868
26.9159 188.411 4.67831
37.6822 188.411 4.99014
48.4486 188.411 4.42073
59.215 188.411 2.83585
69.9813 188.411 1.53198
5.38318 199.178 1.38888
16.1495 199.178 2.47847
26.9159 199.178 3.05899
37.6822 199.178 3.11176
48.4486 199.178 3.02568
59.215 199.178 2.26145
69.9813 199.178 1.44356
5.38318 209.944 1.02634
16.1495 209.944 1.64384
26.9159 209.944 1.74195
37.6822 209.944 1.63721
48.4486 209.944 1.76707
59.215 209.944 1.50411
69.9813 209.944 1.07822
