37 48
0 28 72 40
0 12 72 72
0 7 72 82
0 0 72 144
0 0 72 216
5.38318 5.38318 0.291398
16.1495 5.38318 0.461159
26.9159 5.38318 0.591276
37.6822 5.38318 0.487481
48.4486 5.38318 0.446064
59.215 5.38318 0.33166
69.9813 5.38318 0.281751
5.38318 16.1495 0.556468
16.1495 16.1495 1.19452
26.9159 16.1495 1.77003
37.6822 16.1495 1.73318
48.4486 16.1495 1.67466
59.215 16.1495 1.17866
69.9813 16.1495 0.842064
5.38318 26.9159 0.62621
16.1495 26.9159 1.6191
26.9159 26.9159 2.70718
37.6822 26.9159 2.80729
48.4486 26.9159 2.64869
59.215 26.9159 1.83343
69.9813 26.9159 1.18418
5.38318 37.6822 0.979981
16.1495 37.6822 2.37782
26.9159 37.6822 3.96242
37.6822 37.6822 4.32657
48.4486 37.6822 4.12596
59.215 37.6822 2.7598
69.9813 37.6822 1.62524
5.38318 48.4486 0.877339
16.1495 48.4486 2.307
26.9159 48.4486 4.07858
37.6822 48.4486 4.62238
48.4486 48.4486 4.35125
59.215 48.4486 2.83382
69.9813 48.4486 1.5903
5.38318 59.215 0.650478
16.1495 59.215 1.78002
26.9159 59.215 3.28126
37.6822 59.215 3.63331
48.4486 59.215 3.26771
59.215 59.215 2.03475
69.9813 59.215 1.08016
5.38318 69.9813 -0.0139455
16.1495 69.9813 0.247144
26.9159 69.9813 0.999711
37.6822 69.9813 1.08214
48.4486 69.9813 0.892949
59.215 69.9813 0.426251
69.9813 69.9813 0.24371
5.38318 80.7477 -0.192495
16.1495 80.7477 -0.262955
26.9159 80.7477 -0.183834
37.6822 80.7477 -0.178159
48.4486 80.7477 -0.180969
59.215 80.7477 -0.196075
69.9813 80.7477 -0.0775278
5.38318 91.514 -0.290675
16.1495 91.514 -0.459033
26.9159 91.514 -0.489792
37.6822 91.514 -0.515934
48.4486 91.514 -0.467288
59.215 91.514 -0.391745
69.9813 91.514 -0.161563
5.38318 102.28 -0.296296
16.1495 102.28 -0.442427
26.9159 102.28 -0.429763
37.6822 102.28 -0.418737
48.4486 102.28 -0.396426
59.215 102.28 -0.328311
69.9813 102.28 -0.141503
5.38318 113.047 -0.292914
16.1495 113.047 -0.435778
26.9159 113.047 -0.40823
37.6822 113.047 -0.383165
48.4486 113.047 -0.367844
59.215 113.047 -0.294455
69.9813 113.047 -0.130582
5.38318 123.813 -0.270841
16.1495 123.813 -0.383164
26.9159 123.813 -0.292183
37.6822 123.813 -0.241794
48.4486 123.813 -0.208829
59.215 123.813 -0.155573
69.9813 123.813 -0.0488449
5.38318 134.579 -0.182373
16.1495 134.579 -0.193898
26.9159 134.579 0.0212065
37.6822 134.579 0.263389
48.4486 134.579 0.332109
59.215 134.579 0.269041
69.9813 134.579 0.238537
5.38318 145.346 -0.0757208
16.1495 145.346 0.0569752
26.9159 145.346 0.809841
37.6822 145.346 1.28323
48.4486 145.346 1.48169
59.215 145.346 1.19815
69.9813 145.346 0.767587
5.38318 156.112 0.160905
16.1495 156.112 0.676414
26.9159 156.112 1.74393
37.6822 156.112 2.42117
48.4486 156.112 2.6222
59.215 156.112 2.10275
69.9813 156.112 1.26994
5.38318 166.879 0.430891
16.1495 166.879 1.20738
26.9159 166.879 2.48958
37.6822 166.879 3.53987
48.4486 166.879 3.8822
59.215 166.879 3.06253
69.9813 166.879 1.76542
5.38318 177.645 0.771333
16.1495 177.645 1.67489
26.9159 177.645 3.01435
37.6822 177.645 4.26516
48.4486 177.645 4.60951
59.215 177.645 3.61791
69.9813 177.645 1.98496
5.38318 188.411 1.11403
16.1495 188.411 2.09673
26.9159 188.411 3.28297
37.6822 188.411 4.26603
48.4486 188.411 4.37091
59.215 188.411 3.36242
69.9813 188.411 1.80975
5.38318 199.178 1.06473
16.1495 199.178 1.78279
26.9159 199.178 2.3277
37.6822 199.178 2.62156
48.4486 199.178 2.5484
59.215 199.178 2.1501
69.9813 199.178 1.26668
5.38318 209.944 0.650371
16.1495 209.944 1.06954
26.9159 209.944 1.29038
37.6822 209.944 1.17807
48.4486 209.944 1.1114
59.215 209.944 1.04051
69.9813 209.944 0.751205
