37 26
0 6 72 40
0 0 72 72
0 0 72 82
0 0 72 144
0 0 72 216
5.38318 5.38318 0.862851
16.1495 5.38318 1.51226
26.9159 5.38318 1.8602
37.6822 5.38318 1.89161
48.4486 5.38318 1.71946
59.215 5.38318 1.24758
69.9813 5.38318 0.731671
5.38318 16.1495 1.51153
16.1495 16.1495 2.8091
26.9159 16.1495 3.58199
37.6822 16.1495 3.83883
48.4486 16.1495 3.55249
59.215 16.1495 2.58755
69.9813 16.1495 1.47519
5.38318 26.9159 1.75659
16.1495 26.9159 3.32813
26.9159 26.9159 4.42255
37.6822 26.9159 4.87613
48.4486 26.9159 4.5243
59.215 26.9159 3.40957
69.9813 26.9159 1.92323
5.38318 37.6822 1.62518
16.1495 37.6822 3.05506
26.9159 37.6822 4.19745
37.6822 37.6822 4.63515
48.4486 37.6822 4.27899
59.215 37.6822 3.25976
69.9813 37.6822 1.86516
5.38318 48.4486 1.27561
16.1495 48.4486 2.45381
26.9159 48.4486 3.42674
37.6822 48.4486 3.67057
48.4486 48.4486 3.31369
59.215 48.4486 2.56632
69.9813 48.4486 1.53853
5.38318 59.215 0.714697
16.1495 59.215 1.53175
26.9159 59.215 2.05811
37.6822 59.215 2.11819
48.4486 59.215 1.87073
59.215 59.215 1.57893
69.9813 59.215 1.08306
5.38318 69.9813 0.364388
16.1495 69.9813 0.851186
26.9159 69.9813 1.04605
37.6822 69.9813 1.10549
48.4486 69.9813 1.01873
59.215 69.9813 1.03131
69.9813 69.9813 0.81765
5.38318 80.7477 -0.174658
16.1495 80.7477 -0.239418
26.9159 80.7477 -0.25947
37.6822 80.7477 -0.28468
48.4486 80.7477 -0.289177
59.215 80.7477 -0.12947
69.9813 80.7477 0.10619
5.38318 91.514 -0.492591
16.1495 91.514 -0.793178
26.9159 91.514 -0.876256
37.6822 91.514 -0.914477
48.4486 91.514 -0.899319
59.215 91.514 -0.658612
69.9813 91.514 -0.274017
5.38318 102.28 -0.578313
16.1495 102.28 -0.933603
26.9159 102.28 -1.02545
37.6822 102.28 -1.03513
48.4486 102.28 -0.986494
59.215 102.28 -0.78647
69.9813 102.28 -0.343464
5.38318 113.047 -0.580672
16.1495 113.047 -0.933504
26.9159 113.047 -1.02203
37.6822 113.047 -1.02304
48.4486 113.047 -0.966521
59.215 113.047 -0.752333
69.9813 113.047 -0.321773
5.38318 123.813 -0.474104
16.1495 123.813 -0.78181
26.9159 123.813 -0.839604
37.6822 123.813 -0.822003
48.4486 123.813 -0.721099
59.215 123.813 -0.483371
69.9813 123.813 -0.162643
5.38318 134.579 -0.119868
16.1495 134.579 -0.256398
26.9159 134.579 -0.338198
37.6822 134.579 -0.253113
48.4486 134.579 -0.127473
59.215 134.579 0.0401146
69.9813 134.579 0.314663
5.38318 145.346 1.05671
16.1495 145.346 1.42509
26.9159 145.346 1.27088
37.6822 145.346 1.56458
48.4486 145.346 1.86345
59.215 145.346 1.69802
69.9813 145.346 1.16929
5.38318 156.112 1.76274
16.1495 156.112 2.50616
26.9159 156.112 2.50098
37.6822 156.112 2.82271
48.4486 156.112 3.03923
59.215 156.112 2.6107
69.9813 156.112 1.62037
5.38318 166.879 1.61986
16.1495 166.879 2.42587
26.9159 166.879 2.73904
37.6822 166.879 3.03379
48.4486 166.879 3.06941
59.215 166.879 2.48061
69.9813 166.879 1.49976
5.38318 177.645 0.557114
16.1495 177.645 1.18302
26.9159 177.645 1.96214
37.6822 177.645 2.3462
48.4486 177.645 2.17247
59.215 177.645 1.57154
69.9813 177.645 0.915397
5.38318 188.411 -0.105536
16.1495 188.411 0.257249
26.9159 188.411 1.36169
37.6822 188.411 1.83044
48.4486 188.411 1.53441
59.215 188.411 0.93588
69.9813 188.411 0.569493
5.38318 199.178 -0.254692
16.1495 199.178 -0.138782
26.9159 199.178 0.929769
37.6822 199.178 1.60079
48.4486 199.178 1.58323
59.215 199.178 1.07585
69.9813 199.178 0.72657
5.38318 209.944 -0.216605
16.1495 209.944 -0.130306
26.9159 209.944 0.733754
37.6822 209.944 1.29426
48.4486 209.944 1.3883
59.215 209.944 0.994127
69.9813 209.944 0.680238
