37 37
0 17 72 40
0 1 72 72
0 0 72 82
0 0 72 144
0 0 72 216
5.38318 5.38318 0.514491
16.1495 5.38318 0.85897
26.9159 5.38318 1.08588
37.6822 5.38318 1.11831
48.4486 5.38318 0.944027
59.215 5.38318 0.732961
69.9813 5.38318 0.42491
5.38318 16.1495 0.97071
16.1495 16.1495 1.90624
26.9159 16.1495 2.48057
37.6822 16.1495 2.64129
48.4486 16.1495 2.31625
59.215 16.1495 1.79848
69.9813 16.1495 1.04098
5.38318 26.9159 1.14648
16.1495 26.9159 2.51473
26.9159 26.9159 3.42455
37.6822 26.9159 3.62285
48.4486 26.9159 2.99241
59.215 26.9159 2.28133
69.9813 26.9159 1.2808
5.38318 37.6822 1.34521
16.1495 37.6822 2.99859
26.9159 37.6822 4.30948
37.6822 37.6822 4.61107
48.4486 37.6822 3.83424
59.215 37.6822 2.8395
69.9813 37.6822 1.62742
5.38318 48.4486 1.24942
16.1495 48.4486 2.86184
26.9159 48.4486 4.18401
37.6822 48.4486 4.38994
48.4486 48.4486 3.49517
59.215 48.4486 2.53459
69.9813 48.4486 1.45559
5.38318 59.215 0.937516
16.1495 59.215 2.08057
26.9159 59.215 2.97973
37.6822 59.215 3.02694
48.4486 59.215 2.52804
59.215 59.215 2.0795
69.9813 59.215 1.36797
5.38318 69.9813 0.622942
16.1495 69.9813 1.34727
26.9159 69.9813 1.78501
37.6822 69.9813 1.69253
48.4486 69.9813 1.3565
59.215 69.9813 1.44084
69.9813 69.9813 1.11539
5.38318 80.7477 -0.0176758
16.1495 80.7477 0.0936922
26.9159 80.7477 0.271608
37.6822 80.7477 0.168542
48.4486 80.7477 0.141638
59.215 80.7477 0.56247
69.9813 80.7477 0.642915
5.38318 91.514 -0.452574
16.1495 91.514 -0.737456
26.9159 91.514 -0.794822
37.6822 91.514 -0.816824
48.4486 91.514 -0.801929
59.215 91.514 -0.52405
69.9813 91.514 -0.191853
5.38318 102.28 -0.581245
16.1495 102.28 -0.941146
26.9159 102.28 -1.0394
37.6822 102.28 -1.03936
48.4486 102.28 -0.988778
59.215 102.28 -0.758273
69.9813 102.28 -0.32506
5.38318 113.047 -0.588344
16.1495 113.047 -0.943533
26.9159 113.047 -1.03119
37.6822 113.047 -1.03086
48.4486 113.047 -0.974932
59.215 113.047 -0.768492
69.9813 113.047 -0.331229
5.38318 123.813 -0.579107
16.1495 123.813 -0.928059
26.9159 123.813 -1.01004
37.6822 123.813 -1.01231
48.4486 123.813 -0.959746
59.215 123.813 -0.758455
69.9813 123.813 -0.327709
5.38318 134.579 -0.548524
16.1495 134.579 -0.879355
26.9159 134.579 -0.966537
37.6822 134.579 -0.969891
48.4486 134.579 -0.919853
59.215 134.579 -0.691232
69.9813 134.579 -0.285846
5.38318 145.346 -0.479277
16.1495 145.346 -0.777679
26.9159 145.346 -0.853067
37.6822 145.346 -0.884374
48.4486 145.346 -0.849991
59.215 145.346 -0.609612
69.9813 145.346 -0.236586
5.38318 156.112 -0.250294
16.1495 156.112 -0.431968
26.9159 156.112 -0.547937
37.6822 156.112 -0.674264
48.4486 156.112 -0.718631
59.215 156.112 -0.522392
69.9813 156.112 -0.175634
5.38318 166.879 0.0418935
16.1495 166.879 -0.0140689
26.9159 166.879 -0.217564
37.6822 166.879 -0.52953
48.4486 166.879 -0.689035
59.215 166.879 -0.539383
69.9813 166.879 -0.17687
5.38318 177.645 0.663815
16.1495 177.645 1.00387
26.9159 177.645 0.573754
37.6822 177.645 -0.305723
48.4486 177.645 -0.622445
59.215 177.645 -0.546109
69.9813 177.645 -0.17991
5.38318 188.411 0.692388
16.1495 188.411 0.994354
26.9159 188.411 0.494064
37.6822 188.411 -0.333257
48.4486 188.411 -0.614584
59.215 188.411 -0.510296
69.9813 188.411 -0.147003
5.38318 199.178 0.523122
16.1495 199.178 0.678759
26.9159 199.178 0.173722
37.6822 199.178 -0.344232
48.4486 199.178 -0.506726
59.215 199.178 -0.348224
69.9813 199.178 -0.0310762
5.38318 209.944 0.254619
16.1495 209.944 0.236361
26.9159 209.944 -0.0674755
37.6822 209.944 -0.273723
48.4486 209.944 -0.276955
59.215 209.944 -0.11645
69.9813 209.944 0.243837
