37 37
0 17 72 40
0 1 72 72
0 0 72 82
0 0 72 144
0 0 72 216
5.38318 5.38318 0.356679
16.1495 5.38318 0.611894
26.9159 5.38318 0.945242
37.6822 5.38318 0.970534
48.4486 5.38318 0.933843
59.215 5.38318 0.593225
69.9813 5.38318 0.388352
5.38318 16.1495 0.818456
16.1495 16.1495 1.69939
26.9159 16.1495 2.43853
37.6822 16.1495 2.46329
48.4486 16.1495 2.25637
59.215 16.1495 1.52867
69.9813 16.1495 0.956484
5.38318 26.9159 1.04179
16.1495 26.9159 2.44752
26.9159 26.9159 3.91446
37.6822 26.9159 4.12353
48.4486 26.9159 3.70324
59.215 26.9159 2.31201
69.9813 26.9159 1.30219
5.38318 37.6822 1.26723
16.1495 37.6822 3.00333
26.9159 37.6822 4.92265
37.6822 37.6822 5.31675
48.4486 37.6822 4.70486
59.215 37.6822 2.89142
69.9813 37.6822 1.52325
5.38318 48.4486 0.952968
16.1495 48.4486 2.49294
26.9159 48.4486 4.32177
37.6822 48.4486 4.83965
48.4486 48.4486 4.24395
59.215 48.4486 2.59989
69.9813 48.4486 1.29747
5.38318 59.215 0.332382
16.1495 59.215 1.10604
26.9159 59.215 2.26548
37.6822 59.215 2.60075
48.4486 59.215 2.23942
59.215 59.215 1.44787
69.9813 59.215 0.681567
5.38318 69.9813 -0.0951604
16.1495 69.9813 -0.0239963
26.9159 69.9813 0.412854
37.6822 69.9813 0.730035
48.4486 69.9813 0.42377
59.215 69.9813 0.363531
69.9813 69.9813 0.0913132
5.38318 80.7477 -0.20396
16.1495 80.7477 -0.264342
26.9159 80.7477 -0.218077
37.6822 80.7477 -0.134292
48.4486 80.7477 -0.220234
59.215 80.7477 -0.148858
69.9813 80.7477 -0.105043
5.38318 91.514 -0.269898
16.1495 91.514 -0.401659
26.9159 91.514 -0.40736
37.6822 91.514 -0.398453
48.4486 91.514 -0.409331
59.215 91.514 -0.332201
69.9813 91.514 -0.159161
5.38318 102.28 -0.291215
16.1495 102.28 -0.436564
26.9159 102.28 -0.429941
37.6822 102.28 -0.4181
48.4486 102.28 -0.402601
59.215 102.28 -0.319996
69.9813 102.28 -0.141898
5.38318 113.047 -0.295881
16.1495 113.047 -0.44514
26.9159 113.047 -0.434578
37.6822 113.047 -0.410377
48.4486 113.047 -0.380573
59.215 113.047 -0.278625
69.9813 113.047 -0.116167
5.38318 123.813 -0.279261
16.1495 123.813 -0.387615
26.9159 123.813 -0.273549
37.6822 123.813 -0.158633
48.4486 123.813 -0.0893274
59.215 123.813 -0.00867765
69.9813 123.813 0.130052
5.38318 134.579 -0.196191
16.1495 134.579 -0.217859
26.9159 134.579 0.0231128
37.6822 134.579 0.495767
48.4486 134.579 0.79814
59.215 134.579 0.872343
69.9813 134.579 0.676657
5.38318 145.346 -0.0626495
16.1495 145.346 0.112315
26.9159 145.346 0.87885
37.6822 145.346 1.64311
48.4486 145.346 2.10357
59.215 145.346 2.09176
69.9813 145.346 1.42311
5.38318 156.112 0.318572
16.1495 156.112 0.776341
26.9159 156.112 1.62042
37.6822 156.112 2.20457
48.4486 156.112 2.71949
59.215 156.112 2.66817
69.9813 156.112 1.85436
5.38318 166.879 0.789081
16.1495 166.879 1.36221
26.9159 166.879 2.04644
37.6822 166.879 2.3446
48.4486 166.879 2.69789
59.215 166.879 2.5377
69.9813 166.879 1.75673
5.38318 177.645 1.02625
16.1495 177.645 1.58034
26.9159 177.645 2.08492
37.6822 177.645 1.86543
48.4486 177.645 1.93602
59.215 177.645 1.71658
69.9813 177.645 1.26129
5.38318 188.411 0.978569
16.1495 188.411 1.40548
26.9159 188.411 1.87765
37.6822 188.411 1.3162
48.4486 188.411 1.4408
59.215 188.411 1.25206
69.9813 188.411 1.05912
5.38318 199.178 0.35947
16.1495 199.178 0.531993
26.9159 199.178 0.952821
37.6822 199.178 0.644888
48.4486 199.178 0.875391
59.215 199.178 0.856563
69.9813 199.178 0.819434
5.38318 209.944 -0.0215494
16.1495 209.944 -0.0277859
26.9159 209.944 0.169641
37.6822 209.944 -0.0476995
48.4486 209.944 0.127078
59.215 209.944 0.194579
69.9813 209.944 0.38555
