37 199
0 176 72 40
0 144 72 72
0 134 72 82
0 72 72 144
0 0 72 216
5.38318 5.38318 0.0828743
16.1495 5.38318 0.276905
26.9159 5.38318 0.846839
37.6822 5.38318 1.41844
48.4486 5.38318 1.60506
59.215 5.38318 1.34807
69.9813 5.38318 0.773282
5.38318 16.1495 0.224399
16.1495 16.1495 0.787351
26.9159 16.1495 1.75222
37.6822 16.1495 2.60521
48.4486 16.1495 2.99334
59.215 16.1495 2.56881
69.9813 16.1495 1.48991
5.38318 26.9159 0.320413
16.1495 26.9159 1.01771
26.9159 26.9159 2.04646
37.6822 26.9159 3.03312
48.4486 26.9159 3.56519
59.215 26.9159 3.15291
69.9813 26.9159 1.88866
5.38318 37.6822 0.919026
16.1495 37.6822 1.93107
26.9159 37.6822 2.90173
37.6822 37.6822 3.57123
48.4486 37.6822 3.73871
59.215 37.6822 3.07117
69.9813 37.6822 1.79631
5.38318 48.4486 1.26209
16.1495 48.4486 2.50932
26.9159 48.4486 3.63632
37.6822 48.4486 4.07575
48.4486 48.4486 3.90812
59.215 48.4486 2.95026
69.9813 48.4486 1.63329
5.38318 59.215 1.24887
16.1495 59.215 2.36629
26.9159 59.215 3.51784
37.6822 59.215 4.01737
48.4486 59.215 3.94152
59.215 59.215 3.10435
69.9813 59.215 1.71877
5.38318 69.9813 0.80745
16.1495 69.9813 1.42705
26.9159 69.9813 2.22173
37.6822 69.9813 2.59883
48.4486 69.9813 2.65767
59.215 69.9813 2.29396
69.9813 69.9813 1.31019
5.38318 80.7477 0.1481
16.1495 80.7477 0.230031
26.9159 80.7477 0.551872
37.6822 80.7477 0.594001
48.4486 80.7477 0.502627
59.215 80.7477 0.616436
69.9813 80.7477 0.393855
5.38318 91.514 -0.202323
16.1495 91.514 -0.288908
26.9159 91.514 -0.239154
37.6822 91.514 -0.23114
48.4486 91.514 -0.280963
59.215 91.514 -0.199777
69.9813 91.514 -0.0998014
5.38318 102.28 -0.289495
16.1495 102.28 -0.437504
26.9159 102.28 -0.442715
37.6822 102.28 -0.443022
48.4486 102.28 -0.441956
59.215 102.28 -0.341396
69.9813 102.28 -0.156205
5.38318 113.047 -0.299148
16.1495 113.047 -0.452003
26.9159 113.047 -0.453116
37.6822 113.047 -0.429905
48.4486 113.047 -0.399773
59.215 113.047 -0.302567
69.9813 113.047 -0.129293
5.38318 123.813 -0.29855
16.1495 123.813 -0.435095
26.9159 123.813 -0.355477
37.6822 123.813 -0.245011
48.4486 123.813 -0.154404
59.215 123.813 -0.0839966
69.9813 123.813 0.0249173
5.38318 134.579 -0.296906
16.1495 134.579 -0.392288
26.9159 134.579 -0.20067
37.6822 134.579 0.216326
48.4486 134.579 0.656374
59.215 134.579 0.671409
69.9813 134.579 0.523749
5.38318 145.346 -0.250319
16.1495 145.346 -0.232047
26.9159 145.346 0.24554
37.6822 145.346 1.31308
48.4486 145.346 1.93193
59.215 145.346 1.81828
69.9813 145.346 1.17394
5.38318 156.112 -0.105151
16.1495 156.112 0.080215
26.9159 156.112 0.951527
37.6822 156.112 2.06386
48.4486 156.112 2.77108
59.215 156.112 2.50479
69.9813 156.112 1.58238
5.38318 166.879 0.313651
16.1495 166.879 0.966774
26.9159 166.879 1.8401
37.6822 166.879 2.58856
48.4486 166.879 2.94132
59.215 166.879 2.52871
69.9813 166.879 1.54665
5.38318 177.645 0.8942
16.1495 177.645 1.94702
26.9159 177.645 2.84296
37.6822 177.645 3.01001
48.4486 177.645 2.67852
59.215 177.645 1.92062
69.9813 177.645 1.09885
5.38318 188.411 1.21486
16.1495 188.411 2.58573
26.9159 188.411 3.66974
37.6822 188.411 3.68056
48.4486 188.411 3.08286
59.215 188.411 2.04664
69.9813 188.411 1.10002
5.38318 199.178 1.24156
16.1495 199.178 2.6125
26.9159 199.178 3.88644
37.6822 199.178 4.24761
48.4486 199.178 3.91292
59.215 199.178 2.81987
69.9813 199.178 1.51184
5.38318 209.944 0.713085
16.1495 209.944 1.60506
26.9159 209.944 2.81888
37.6822 209.944 3.55311
48.4486 209.944 3.68618
59.215 209.944 2.84841
69.9813 209.944 1.55013
