26 177
0 157 72 40
0 141 72 72
0 134 72 82
0 72 72 144
0 0 72 216
5.38318 5.38318 0.381572
16.1495 5.38318 0.768822
26.9159 5.38318 1.19387
37.6822 5.38318 1.17594
48.4486 5.38318 1.01176
59.215 5.38318 0.503277
69.9813 5.38318 0.305768
5.38318 16.1495 0.590216
16.1495 16.1495 1.62999
26.9159 16.1495 2.62048
37.6822 16.1495 2.77478
48.4486 16.1495 2.46243
59.215 16.1495 1.4602
69.9813 16.1495 0.836296
5.38318 26.9159 0.629129
16.1495 26.9159 2.10621
26.9159 26.9159 3.86364
37.6822 26.9159 4.44634
48.4486 26.9159 3.97626
59.215 26.9159 2.27494
69.9813 26.9159 1.16759
5.38318 37.6822 0.622794
16.1495 37.6822 2.09978
26.9159 37.6822 4.02453
37.6822 37.6822 4.8761
48.4486 37.6822 4.41322
59.215 37.6822 2.60991
69.9813 37.6822 1.28236
5.38318 48.4486 0.596674
16.1495 48.4486 1.82599
26.9159 48.4486 3.25372
37.6822 48.4486 3.84429
48.4486 48.4486 3.35474
59.215 48.4486 2.07561
69.9813 48.4486 1.0566
5.38318 59.215 0.471027
16.1495 59.215 1.0748
26.9159 59.215 1.50341
37.6822 59.215 1.49106
48.4486 59.215 1.16446
59.215 59.215 0.954321
69.9813 59.215 0.708974
5.38318 69.9813 0.25029
16.1495 69.9813 0.60672
26.9159 69.9813 0.701696
37.6822 69.9813 0.570794
48.4486 69.9813 0.29134
59.215 69.9813 0.581415
69.9813 69.9813 0.518971
5.38318 80.7477 -0.133336
16.1495 80.7477 -0.10181
26.9159 80.7477 0.0787455
37.6822 80.7477 0.0506693
48.4486 80.7477 0.0544023
59.215 80.7477 0.360127
69.9813 80.7477 0.437661
5.38318 91.514 -0.317952
16.1495 91.514 -0.423212
26.9159 91.514 -0.28687
37.6822 91.514 -0.219511
48.4486 91.514 -0.182139
59.215 91.514 -0.0889016
69.9813 91.514 0.0563684
5.38318 102.28 -0.298332
16.1495 102.28 -0.394147
26.9159 102.28 -0.258939
37.6822 102.28 -0.189511
48.4486 102.28 -0.17653
59.215 102.28 -0.136995
69.9813 102.28 -0.0373659
5.38318 113.047 -0.267477
16.1495 113.047 -0.410849
26.9159 113.047 -0.391032
37.6822 113.047 -0.391186
48.4486 113.047 -0.387558
59.215 113.047 -0.307831
69.9813 113.047 -0.137251
5.38318 123.813 -0.147377
16.1495 123.813 -0.209446
26.9159 123.813 -0.146901
37.6822 123.813 -0.139584
48.4486 123.813 -0.1785
59.215 123.813 -0.156527
69.9813 123.813 -0.0649816
5.38318 134.579 0.0507803
16.1495 134.579 0.133664
26.9159 134.579 0.449959
37.6822 134.579 0.539765
48.4486 134.579 0.417742
59.215 134.579 0.308709
69.9813 134.579 0.226748
5.38318 145.346 0.777884
16.1495 145.346 1.34767
26.9159 145.346 1.85267
37.6822 145.346 1.88335
48.4486 145.346 1.67886
59.215 145.346 1.28421
69.9813 145.346 0.781792
5.38318 156.112 1.63246
16.1495 156.112 2.56122
26.9159 156.112 3.0438
37.6822 156.112 2.81008
48.4486 156.112 2.50793
59.215 156.112 1.92888
69.9813 156.112 1.20823
5.38318 166.879 2.8903
16.1495 166.879 4.35238
26.9159 166.879 4.68116
37.6822 166.879 3.70613
48.4486 166.879 3.00964
59.215 166.879 2.14061
69.9813 166.879 1.3682
5.38318 177.645 3.51475
16.1495 177.645 5.2514
26.9159 177.645 5.47591
37.6822 177.645 3.95908
48.4486 177.645 2.86547
59.215 177.645 1.80196
69.9813 177.645 1.15833
5.38318 188.411 3.17014
16.1495 188.411 4.69101
26.9159 188.411 5.00172
37.6822 188.411 3.62185
48.4486 188.411 2.56669
59.215 188.411 1.38327
69.9813 188.411 0.793295
5.38318 199.178 1.42227
16.1495 199.178 2.07256
26.9159 199.178 2.65307
37.6822 199.178 2.10382
48.4486 199.178 1.7464
59.215 199.178 0.852861
69.9813 199.178 0.501852
5.38318 209.944 0.565842
16.1495 209.944 0.757979
26.9159 209.944 1.22052
37.6822 209.944 0.927555
48.4486 209.944 0.866064
59.215 209.944 0.386373
69.9813 209.944 0.253183
