26 166
0 146 72 40
0 130 72 72
0 125 72 82
0 72 72 144
0 0 72 216
5.38318 5.38318 0.559621
16.1495 5.38318 1.00432
26.9159 5.38318 1.24209
37.6822 5.38318 1.22214
48.4486 5.38318 1.08542
59.215 5.38318 0.894021
69.9813 5.38318 0.612601
5.38318 16.1495 1.16173
16.1495 16.1495 1.99669
26.9159 16.1495 2.33964
37.6822 16.1495 2.28642
48.4486 16.1495 2.18263
59.215 16.1495 1.92919
69.9813 16.1495 1.36274
5.38318 26.9159 1.76094
16.1495 26.9159 2.71688
26.9159 26.9159 2.80791
37.6822 26.9159 2.63548
48.4486 26.9159 2.79389
59.215 26.9159 2.90374
69.9813 26.9159 2.14048
5.38318 37.6822 2.03498
16.1495 37.6822 2.92778
26.9159 37.6822 2.73838
37.6822 37.6822 2.3986
48.4486 37.6822 2.88094
59.215 37.6822 3.24329
69.9813 37.6822 2.51442
5.38318 48.4486 1.67972
16.1495 48.4486 2.36273
26.9159 48.4486 2.27302
37.6822 48.4486 2.08277
48.4486 48.4486 2.69387
59.215 48.4486 2.92922
69.9813 48.4486 2.27531
5.38318 59.215 0.835747
16.1495 59.215 1.41164
26.9159 59.215 1.75839
37.6822 59.215 1.90182
48.4486 59.215 2.33668
59.215 59.215 2.21458
69.9813 59.215 1.67996
5.38318 69.9813 0.418433
16.1495 69.9813 0.792074
26.9159 69.9813 1.37685
37.6822 69.9813 1.63348
48.4486 69.9813 2.0943
59.215 69.9813 1.91206
69.9813 69.9813 1.45259
5.38318 80.7477 0.0474526
16.1495 80.7477 0.166022
26.9159 80.7477 0.66533
37.6822 80.7477 0.717718
48.4486 80.7477 1.10255
59.215 80.7477 1.10512
69.9813 80.7477 0.961709
5.38318 91.514 -0.188557
16.1495 91.514 -0.296954
26.9159 91.514 -0.209782
37.6822 91.514 -0.253809
48.4486 91.514 -0.1689
59.215 91.514 -0.0667978
69.9813 91.514 0.233171
5.38318 102.28 -0.231919
16.1495 102.28 -0.359315
26.9159 102.28 -0.337896
37.6822 102.28 -0.383505
48.4486 102.28 -0.354596
59.215 102.28 -0.245031
69.9813 102.28 -0.060748
5.38318 113.047 -0.270587
16.1495 113.047 -0.408461
26.9159 113.047 -0.392301
37.6822 113.047 -0.400256
48.4486 113.047 -0.404196
59.215 113.047 -0.32587
69.9813 113.047 -0.147024
5.38318 123.813 -0.134291
16.1495 123.813 -0.161475
26.9159 123.813 -0.128729
37.6822 123.813 -0.173756
48.4486 123.813 -0.261571
59.215 123.813 -0.260707
69.9813 123.813 -0.123673
5.38318 134.579 0.292787
16.1495 134.579 0.60452
26.9159 134.579 0.822031
37.6822 134.579 0.567148
48.4486 134.579 0.121901
59.215 134.579 -0.0907439
69.9813 134.579 -0.0438117
5.38318 145.346 1.05495
16.1495 145.346 1.98344
26.9159 145.346 2.39018
37.6822 145.346 1.92217
48.4486 145.346 1.16422
59.215 145.346 0.480272
69.9813 145.346 0.298619
5.38318 156.112 1.70067
16.1495 156.112 3.23612
26.9159 156.112 3.98721
37.6822 156.112 3.24436
48.4486 156.112 2.21118
59.215 156.112 1.30097
69.9813 156.112 0.810941
5.38318 166.879 1.96849
16.1495 166.879 3.85675
26.9159 166.879 4.7668
37.6822 166.879 4.04576
48.4486 166.879 3.00804
59.215 166.879 2.11291
69.9813 166.879 1.38541
5.38318 177.645 1.80781
16.1495 177.645 3.5264
26.9159 177.645 4.32309
37.6822 177.645 3.91117
48.4486 177.645 3.29629
59.215 177.645 2.61676
69.9813 177.645 1.77194
5.38318 188.411 1.37868
16.1495 188.411 2.61295
26.9159 188.411 3.25781
37.6822 188.411 3.17501
48.4486 188.411 2.94662
59.215 188.411 2.50962
69.9813 188.411 1.71358
5.38318 199.178 0.977903
16.1495 199.178 2.0334
26.9159 199.178 2.59791
37.6822 199.178 2.5863
48.4486 199.178 2.23746
59.215 199.178 1.8093
69.9813 199.178 1.24241
5.38318 209.944 0.410562
16.1495 209.944 0.91917
26.9159 209.944 1.3008
37.6822 209.944 1.27984
48.4486 209.944 1.13549
59.215 209.944 0.848603
69.9813 209.944 0.670061
