37 48
0 28 72 40
0 12 72 72
0 7 72 82
0 0 72 144
0 0 72 216
5.38318 5.38318 0.394051
16.1495 5.38318 0.698957
26.9159 5.38318 1.11196
37.6822 5.38318 1.07884
48.4486 5.38318 0.911588
59.215 5.38318 0.628968
69.9813 5.38318 0.389266
5.38318 16.1495 0.649782
16.1495 16.1495 1.47534
26.9159 16.1495 2.45624
37.6822 16.1495 2.45411
48.4486 16.1495 2.2027
59.215 16.1495 1.52795
69.9813 16.1495 0.954375
5.38318 26.9159 0.710234
16.1495 26.9159 1.94717
26.9159 26.9159 3.63401
37.6822 26.9159 3.86292
48.4486 26.9159 3.40977
59.215 26.9159 2.19381
69.9813 26.9159 1.30675
5.38318 37.6822 0.980037
16.1495 37.6822 2.64035
26.9159 37.6822 5.10362
37.6822 37.6822 5.60733
48.4486 37.6822 4.86319
59.215 37.6822 2.89341
69.9813 37.6822 1.57328
5.38318 48.4486 1.04686
16.1495 48.4486 2.99063
26.9159 48.4486 6.01003
37.6822 48.4486 6.88157
48.4486 48.4486 5.78288
59.215 48.4486 3.30239
69.9813 48.4486 1.62012
5.38318 59.215 0.846336
16.1495 59.215 2.39613
26.9159 59.215 4.99564
37.6822 59.215 5.82085
48.4486 59.215 4.75445
59.215 59.215 2.6828
69.9813 59.215 1.20877
5.38318 69.9813 0.104195
16.1495 69.9813 0.847704
26.9159 69.9813 2.35112
37.6822 69.9813 2.78018
48.4486 69.9813 2.08777
59.215 69.9813 1.12175
69.9813 69.9813 0.394009
5.38318 80.7477 -0.156787
16.1495 80.7477 -0.146576
26.9159 80.7477 0.155614
37.6822 80.7477 0.287557
48.4486 80.7477 -0.0881171
59.215 80.7477 -0.132209
69.9813 80.7477 -0.107872
5.38318 91.514 -0.248376
16.1495 91.514 -0.378478
26.9159 91.514 -0.393869
37.6822 91.514 -0.449482
48.4486 91.514 -0.48944
59.215 91.514 -0.387235
69.9813 91.514 -0.181627
5.38318 102.28 -0.277803
16.1495 102.28 -0.405533
26.9159 102.28 -0.396059
37.6822 102.28 -0.417558
48.4486 102.28 -0.415667
59.215 102.28 -0.336495
69.9813 102.28 -0.142702
5.38318 113.047 -0.292401
16.1495 113.047 -0.436096
26.9159 113.047 -0.422602
37.6822 113.047 -0.40356
48.4486 113.047 -0.395498
59.215 113.047 -0.312848
69.9813 113.047 -0.140904
5.38318 123.813 -0.218715
16.1495 123.813 -0.298684
26.9159 123.813 -0.252477
37.6822 123.813 -0.224051
48.4486 123.813 -0.239961
59.215 123.813 -0.199509
69.9813 123.813 -0.0792816
5.38318 134.579 -0.0781874
16.1495 134.579 -0.0476348
26.9159 134.579 0.0637209
37.6822 134.579 0.171571
48.4486 134.579 -0.00521923
59.215 134.579 -0.0165639
69.9813 134.579 0.0575991
5.38318 145.346 0.316984
16.1495 145.346 0.732752
26.9159 145.346 1.01515
37.6822 145.346 1.15639
48.4486 145.346 0.86914
59.215 145.346 0.65751
69.9813 145.346 0.425401
5.38318 156.112 0.65784
16.1495 156.112 1.3014
26.9159 156.112 1.65355
37.6822 156.112 1.74802
48.4486 156.112 1.4196
59.215 156.112 1.17564
69.9813 156.112 0.695428
5.38318 166.879 0.822142
16.1495 166.879 1.41739
26.9159 166.879 1.70043
37.6822 166.879 1.69747
48.4486 166.879 1.50721
59.215 166.879 1.40256
69.9813 166.879 0.901072
5.38318 177.645 0.550822
16.1495 177.645 0.848396
26.9159 177.645 1.0354
37.6822 177.645 0.940661
48.4486 177.645 1.02649
59.215 177.645 1.22074
69.9813 177.645 0.933837
5.38318 188.411 0.292971
16.1495 188.411 0.36509
26.9159 188.411 0.407658
37.6822 188.411 0.292413
48.4486 188.411 0.641446
59.215 188.411 0.998255
69.9813 188.411 0.926777
5.38318 199.178 0.261191
16.1495 199.178 0.353653
26.9159 199.178 0.395322
37.6822 199.178 0.397408
48.4486 199.178 0.606859
59.215 199.178 0.895055
69.9813 199.178 0.801604
5.38318 209.944 0.238287
16.1495 209.944 0.390937
26.9159 209.944 0.394799
37.6822 209.944 0.386341
48.4486 209.944 0.406176
59.215 209.944 0.51798
69.9813 209.944 0.446125
