37 37
0 17 72 40
0 1 72 72
0 0 72 82
0 0 72 144
0 0 72 216
5.38318 5.38318 0.581028
16.1495 5.38318 1.00953
26.9159 5.38318 1.47941
37.6822 5.38318 1.38422
48.4486 5.38318 1.18576
59.215 5.38318 0.746654
69.9813 5.38318 0.437057
5.38318 16.1495 0.999393
16.1495 16.1495 2.03072
26.9159 16.1495 3.04803
37.6822 16.1495 2.9628
48.4486 16.1495 2.64282
59.215 16.1495 1.77433
69.9813 16.1495 1.07155
5.38318 26.9159 1.13237
16.1495 26.9159 2.52591
26.9159 26.9159 4.24063
37.6822 26.9159 4.35229
48.4486 26.9159 3.79879
59.215 26.9159 2.31306
69.9813 26.9159 1.24112
5.38318 37.6822 1.2263
16.1495 37.6822 2.68075
26.9159 37.6822 4.61753
37.6822 37.6822 4.98839
48.4486 37.6822 4.41896
59.215 37.6822 2.77659
69.9813 37.6822 1.41849
5.38318 48.4486 1.36378
16.1495 48.4486 2.70944
26.9159 48.4486 4.29065
37.6822 48.4486 4.64542
48.4486 48.4486 4.01833
59.215 48.4486 2.65529
69.9813 48.4486 1.33145
5.38318 59.215 1.12923
16.1495 59.215 1.96473
26.9159 59.215 2.55185
37.6822 59.215 2.64304
48.4486 59.215 2.36338
59.215 59.215 1.99368
69.9813 59.215 1.20044
5.38318 69.9813 0.760635
16.1495 69.9813 1.32949
26.9159 69.9813 1.45936
37.6822 69.9813 1.58011
48.4486 69.9813 1.46151
59.215 69.9813 1.57928
69.9813 69.9813 1.06982
5.38318 80.7477 0.103556
16.1495 80.7477 0.411903
26.9159 80.7477 0.545877
37.6822 80.7477 0.694491
48.4486 80.7477 0.748159
59.215 80.7477 0.974419
69.9813 80.7477 0.776444
5.38318 91.514 -0.2583
16.1495 91.514 -0.322249
26.9159 91.514 -0.242276
37.6822 91.514 -0.150164
48.4486 91.514 -0.12502
59.215 91.514 0.017769
69.9813 91.514 0.179764
5.38318 102.28 -0.303356
16.1495 102.28 -0.423192
26.9159 102.28 -0.353029
37.6822 102.28 -0.301336
48.4486 102.28 -0.31177
59.215 102.28 -0.248256
69.9813 102.28 -0.110888
5.38318 113.047 -0.296183
16.1495 113.047 -0.443947
26.9159 113.047 -0.428111
37.6822 113.047 -0.416962
48.4486 113.047 -0.402052
59.215 113.047 -0.321161
69.9813 113.047 -0.143822
5.38318 123.813 -0.246869
16.1495 123.813 -0.356569
26.9159 123.813 -0.284907
37.6822 123.813 -0.297519
48.4486 123.813 -0.319167
59.215 123.813 -0.290488
69.9813 123.813 -0.139714
5.38318 134.579 -0.170135
16.1495 134.579 -0.201633
26.9159 134.579 -0.0488691
37.6822 134.579 -0.0637921
48.4486 134.579 -0.13695
59.215 134.579 -0.199881
69.9813 134.579 -0.113015
5.38318 145.346 -0.0426236
16.1495 145.346 0.146025
26.9159 145.346 0.773058
37.6822 145.346 0.805026
48.4486 145.346 0.446039
59.215 145.346 -0.00694341
69.9813 145.346 -0.0586113
5.38318 156.112 0.0247193
16.1495 156.112 0.44265
26.9159 156.112 1.27504
37.6822 156.112 1.4592
48.4486 156.112 0.97854
59.215 156.112 0.393121
69.9813 156.112 0.0637636
5.38318 166.879 0.0453491
16.1495 166.879 0.55749
26.9159 166.879 1.59227
37.6822 166.879 1.83486
48.4486 166.879 1.45805
59.215 166.879 0.816693
69.9813 166.879 0.318491
5.38318 177.645 0.0264732
16.1495 177.645 0.373963
26.9159 177.645 1.2457
37.6822 177.645 1.54344
48.4486 177.645 1.51564
59.215 177.645 1.04055
69.9813 177.645 0.593866
5.38318 188.411 0.0502864
16.1495 188.411 0.330037
26.9159 188.411 1.0941
37.6822 188.411 1.33223
48.4486 188.411 1.5909
59.215 188.411 1.18075
69.9813 188.411 0.840132
5.38318 199.178 0.135611
16.1495 199.178 0.157991
26.9159 199.178 0.599496
37.6822 199.178 0.619158
48.4486 199.178 1.14362
59.215 199.178 0.982785
69.9813 199.178 0.946246
5.38318 209.944 0.18355
16.1495 209.944 0.20056
26.9159 209.944 0.39511
37.6822 209.944 0.328067
48.4486 209.944 0.765071
59.215 209.944 0.750602
69.9813 209.944 0.740228
