37 37
0 17 72 40
0 1 72 72
0 0 72 82
0 0 72 144
0 0 72 216
5.38318 5.38318 0.513019
16.1495 5.38318 1.1933
26.9159 5.38318 1.71353
37.6822 5.38318 1.88906
48.4486 5.38318 1.56836
59.215 5.38318 0.951495
69.9813 5.38318 0.476877
5.38318 16.1495 0.925262
16.1495 16.1495 2.43753
26.9159 16.1495 3.77636
37.6822 16.1495 4.26093
48.4486 16.1495 3.54717
59.215 16.1495 2.08759
69.9813 16.1495 1.03315
5.38318 26.9159 1.04373
16.1495 26.9159 3.01445
26.9159 26.9159 5.12804
37.6822 26.9159 6.06562
48.4486 26.9159 5.19569
59.215 26.9159 3.04824
69.9813 26.9159 1.40012
5.38318 37.6822 1.09811
16.1495 37.6822 2.98005
26.9159 37.6822 5.15513
37.6822 37.6822 6.0907
48.4486 37.6822 5.33676
59.215 37.6822 3.19248
69.9813 37.6822 1.47901
5.38318 48.4486 1.06594
16.1495 48.4486 2.31051
26.9159 48.4486 3.62362
37.6822 48.4486 4.17086
48.4486 48.4486 3.99926
59.215 48.4486 2.71897
69.9813 48.4486 1.51781
5.38318 59.215 1.07601
16.1495 59.215 1.91795
26.9159 59.215 2.33431
37.6822 59.215 2.4334
48.4486 59.215 2.68488
59.215 59.215 2.23304
69.9813 59.215 1.56007
5.38318 69.9813 0.960241
16.1495 69.9813 1.638
26.9159 69.9813 1.86733
37.6822 69.9813 2.03342
48.4486 69.9813 2.46589
59.215 69.9813 2.25893
69.9813 69.9813 1.62397
5.38318 80.7477 0.29597
16.1495 80.7477 0.69535
26.9159 80.7477 0.855789
37.6822 80.7477 0.904657
48.4486 80.7477 1.07026
59.215 80.7477 1.05444
69.9813 80.7477 0.87756
5.38318 91.514 -0.230144
16.1495 91.514 -0.286837
26.9159 91.514 -0.23497
37.6822 91.514 -0.175139
48.4486 91.514 -0.165913
59.215 91.514 -0.0828288
69.9813 91.514 0.0735361
5.38318 102.28 -0.302284
16.1495 102.28 -0.437379
26.9159 102.28 -0.392028
37.6822 102.28 -0.349302
48.4486 102.28 -0.355339
59.215 102.28 -0.275613
69.9813 102.28 -0.124882
5.38318 113.047 -0.292573
16.1495 113.047 -0.43966
26.9159 113.047 -0.427941
37.6822 113.047 -0.420822
48.4486 113.047 -0.407485
59.215 113.047 -0.322243
69.9813 113.047 -0.141075
5.38318 123.813 -0.240431
16.1495 123.813 -0.358955
26.9159 123.813 -0.334929
37.6822 123.813 -0.346867
48.4486 123.813 -0.354145
59.215 123.813 -0.275532
69.9813 123.813 -0.114979
5.38318 134.579 -0.131986
16.1495 134.579 -0.17028
26.9159 134.579 -0.116677
37.6822 134.579 -0.151234
48.4486 134.579 -0.185978
59.215 134.579 -0.141928
69.9813 134.579 -0.0427157
5.38318 145.346 -0.0016482
16.1495 145.346 0.154948
26.9159 145.346 0.399912
37.6822 145.346 0.38007
48.4486 145.346 0.309556
59.215 145.346 0.318545
69.9813 145.346 0.275775
5.38318 156.112 0.292137
16.1495 156.112 0.840385
26.9159 156.112 1.46968
37.6822 156.112 1.53431
48.4486 156.112 1.42123
59.215 156.112 1.06342
69.9813 156.112 0.682742
5.38318 166.879 0.50647
16.1495 166.879 1.35305
26.9159 166.879 2.31617
37.6822 166.879 2.42506
48.4486 166.879 2.3465
59.215 166.879 1.7438
69.9813 166.879 1.07806
5.38318 177.645 0.761717
16.1495 177.645 1.87204
26.9159 177.645 3.19008
37.6822 177.645 3.36748
48.4486 177.645 3.21545
59.215 177.645 2.14549
69.9813 177.645 1.28147
5.38318 188.411 0.891186
16.1495 188.411 2.01191
26.9159 188.411 3.49472
37.6822 188.411 3.70559
48.4486 188.411 3.44264
59.215 188.411 2.15863
69.9813 188.411 1.24826
5.38318 199.178 0.867909
16.1495 199.178 1.8052
26.9159 199.178 3.06788
37.6822 199.178 3.23727
48.4486 199.178 2.73906
59.215 199.178 1.56969
69.9813 199.178 0.831252
5.38318 209.944 0.504881
16.1495 209.944 0.960223
26.9159 209.944 1.57618
37.6822 209.944 1.56959
48.4486 209.944 1.21324
59.215 209.944 0.643039
69.9813 209.944 0.340723
