48 166
0 146 72 40
0 130 72 72
0 125 72 82
0 72 72 144
0 0 72 216
5.38318 5.38318 0.22702
16.1495 5.38318 0.505058
26.9159 5.38318 1.23712
37.6822 5.38318 1.67892
48.4486 5.38318 1.70697
59.215 5.38318 1.44537
69.9813 5.38318 0.798256
5.38318 16.1495 0.355301
16.1495 16.1495 1.15672
26.9159 16.1495 2.51931
37.6822 16.1495 3.20131
48.4486 16.1495 3.04993
59.215 16.1495 2.37846
69.9813 16.1495 1.31272
5.38318 26.9159 0.128805
16.1495 26.9159 1.09681
26.9159 26.9159 3.03453
37.6822 26.9159 3.8407
48.4486 26.9159 3.36536
59.215 26.9159 2.38238
69.9813 26.9159 1.26079
5.38318 37.6822 0.163549
16.1495 37.6822 1.31081
26.9159 37.6822 3.37721
37.6822 37.6822 4.04729
48.4486 37.6822 3.27916
59.215 37.6822 1.98629
69.9813 37.6822 0.929993
5.38318 48.4486 -0.0566372
16.1495 48.4486 0.865817
26.9159 48.4486 2.83279
37.6822 48.4486 3.63487
48.4486 48.4486 3.1574
59.215 48.4486 2.10038
69.9813 48.4486 1.11688
5.38318 59.215 -0.284178
16.1495 59.215 0.310789
26.9159 59.215 2.35744
37.6822 59.215 3.66123
48.4486 59.215 3.57589
59.215 59.215 2.82739
69.9813 59.215 1.63526
5.38318 69.9813 -0.467645
16.1495 69.9813 -0.282638
26.9159 69.9813 1.07398
37.6822 69.9813 2.76339
48.4486 69.9813 2.99962
59.215 69.9813 2.77716
69.9813 69.9813 1.67553
5.38318 80.7477 -0.552125
16.1495 80.7477 -0.666509
26.9159 80.7477 -0.296161
37.6822 80.7477 1.04943
48.4486 80.7477 1.3451
59.215 80.7477 1.57595
69.9813 80.7477 0.97984
5.38318 91.514 -0.58169
16.1495 91.514 -0.872762
26.9159 91.514 -0.882334
37.6822 91.514 -0.653836
48.4486 91.514 -0.632097
59.215 91.514 -0.380411
69.9813 91.514 -0.162073
5.38318 102.28 -0.585135
16.1495 102.28 -0.934513
26.9159 102.28 -1.02271
37.6822 102.28 -1.02332
48.4486 102.28 -0.993155
59.215 102.28 -0.797002
69.9813 102.28 -0.371262
5.38318 113.047 -0.57511
16.1495 113.047 -0.915667
26.9159 113.047 -0.988124
37.6822 113.047 -0.985957
48.4486 113.047 -0.938578
59.215 113.047 -0.722963
69.9813 113.047 -0.311379
5.38318 123.813 -0.5329
16.1495 123.813 -0.820749
26.9159 123.813 -0.716887
37.6822 123.813 -0.645805
48.4486 123.813 -0.57087
59.215 123.813 -0.426344
69.9813 123.813 -0.157625
5.38318 134.579 -0.343552
16.1495 134.579 -0.392613
26.9159 134.579 0.00459407
37.6822 134.579 0.438438
48.4486 134.579 0.604045
59.215 134.579 0.402247
69.9813 134.579 0.411018
5.38318 145.346 -0.0823014
16.1495 145.346 0.516841
26.9159 145.346 2.158
37.6822 145.346 2.89563
48.4486 145.346 2.99662
59.215 145.346 2.21885
69.9813 145.346 1.35106
5.38318 156.112 0.349229
16.1495 156.112 1.68619
26.9159 156.112 3.68178
37.6822 156.112 4.63133
48.4486 156.112 4.70821
59.215 156.112 3.45249
69.9813 156.112 2.07152
5.38318 166.879 0.439569
16.1495 166.879 1.93563
26.9159 166.879 3.8924
37.6822 166.879 4.84041
48.4486 166.879 4.85684
59.215 166.879 3.59716
69.9813 166.879 2.20031
5.38318 177.645 0.312847
16.1495 177.645 1.45611
26.9159 177.645 2.95899
37.6822 177.645 3.43185
48.4486 177.645 3.26239
59.215 177.645 2.41057
69.9813 177.645 1.56369
5.38318 188.411 0.213578
16.1495 188.411 1.05944
26.9159 188.411 2.13739
37.6822 188.411 2.42565
48.4486 188.411 2.06712
59.215 188.411 1.62126
69.9813 188.411 1.04231
5.38318 199.178 0.0855068
16.1495 199.178 0.998008
26.9159 199.178 1.85314
37.6822 199.178 2.18122
48.4486 199.178 1.66052
59.215 199.178 1.34108
69.9813 199.178 0.732542
5.38318 209.944 0.0469745
16.1495 209.944 0.803204
26.9159 209.944 1.32975
37.6822 209.944 1.60115
48.4486 209.944 1.12746
59.215 209.944 0.924059
69.9813 209.944 0.487413
