37 26
0 6 72 40
0 0 72 72
0 0 72 82
0 0 72 144
0 0 72 216
5.38318 5.38318 0.569954
16.1495 5.38318 1.07268
26.9159 5.38318 1.60196
37.6822 5.38318 1.83309
48.4486 5.38318 1.71584
59.215 5.38318 1.17722
69.9813 5.38318 0.681955
5.38318 16.1495 1.02117
16.1495 16.1495 2.09517
26.9159 16.1495 3.2572
37.6822 16.1495 3.79552
48.4486 16.1495 3.54242
59.215 16.1495 2.43706
69.9813 16.1495 1.37385
5.38318 26.9159 1.48898
16.1495 26.9159 2.88687
26.9159 26.9159 4.54848
37.6822 26.9159 5.08728
48.4486 26.9159 4.65649
59.215 26.9159 3.1113
69.9813 26.9159 1.71611
5.38318 37.6822 1.69283
16.1495 37.6822 3.05011
26.9159 37.6822 4.48442
37.6822 37.6822 4.70305
48.4486 37.6822 4.09788
59.215 37.6822 2.74907
69.9813 37.6822 1.50811
5.38318 48.4486 1.59073
16.1495 48.4486 2.46482
26.9159 48.4486 3.1546
37.6822 48.4486 2.89844
48.4486 48.4486 2.55626
59.215 48.4486 1.87254
69.9813 48.4486 1.20545
5.38318 59.215 0.817365
16.1495 59.215 1.06515
26.9159 59.215 0.988221
37.6822 59.215 0.784474
48.4486 59.215 0.882879
59.215 59.215 1.16319
69.9813 59.215 0.976735
5.38318 69.9813 -0.0836888
16.1495 69.9813 -0.205772
26.9159 69.9813 -0.280608
37.6822 69.9813 -0.247267
48.4486 69.9813 -0.0022763
59.215 69.9813 0.729969
69.9813 69.9813 0.821936
5.38318 80.7477 -0.366803
16.1495 80.7477 -0.615259
26.9159 80.7477 -0.638473
37.6822 80.7477 -0.611683
48.4486 80.7477 -0.45064
59.215 80.7477 -0.161428
69.9813 80.7477 0.214643
5.38318 91.514 -0.571863
16.1495 91.514 -0.930677
26.9159 91.514 -1.00036
37.6822 91.514 -0.997781
48.4486 91.514 -0.916857
59.215 91.514 -0.64301
69.9813 91.514 -0.250303
5.38318 102.28 -0.595077
16.1495 102.28 -0.950436
26.9159 102.28 -1.01637
37.6822 102.28 -1.00639
48.4486 102.28 -0.946416
59.215 102.28 -0.723163
69.9813 102.28 -0.310115
5.38318 113.047 -0.543918
16.1495 113.047 -0.864969
26.9159 113.047 -0.931598
37.6822 113.047 -0.934681
48.4486 113.047 -0.888965
59.215 113.047 -0.658058
69.9813 113.047 -0.269376
5.38318 123.813 -0.390606
16.1495 123.813 -0.570199
26.9159 123.813 -0.49259
37.6822 123.813 -0.505943
48.4486 123.813 -0.49234
59.215 123.813 -0.360975
69.9813 123.813 -0.112286
5.38318 134.579 -0.0592641
16.1495 134.579 -9.22343e-05
26.9159 134.579 0.520884
37.6822 134.579 0.383882
48.4486 134.579 0.321625
59.215 134.579 0.288681
69.9813 134.579 0.408823
5.38318 145.346 0.821687
16.1495 145.346 1.72221
26.9159 145.346 2.44467
37.6822 145.346 2.33927
48.4486 145.346 2.23095
59.215 145.346 1.84805
69.9813 145.346 1.29236
5.38318 156.112 1.72242
16.1495 156.112 2.93689
26.9159 156.112 3.52017
37.6822 156.112 3.33629
48.4486 156.112 3.32833
59.215 156.112 2.8708
69.9813 156.112 1.99624
5.38318 166.879 2.68498
16.1495 166.879 4.03203
26.9159 166.879 4.0741
37.6822 166.879 3.67973
48.4486 166.879 3.98275
59.215 166.879 3.86675
69.9813 166.879 2.76635
5.38318 177.645 2.95767
16.1495 177.645 4.15662
26.9159 177.645 3.6683
37.6822 177.645 3.06684
48.4486 177.645 3.63833
59.215 177.645 4.0559
69.9813 177.645 3.07777
5.38318 188.411 2.67451
16.1495 188.411 3.67602
26.9159 188.411 3.21899
37.6822 188.411 2.71917
48.4486 188.411 3.38639
59.215 188.411 3.90876
69.9813 188.411 3.01453
5.38318 199.178 1.20602
16.1495 199.178 1.86478
26.9159 199.178 1.99848
37.6822 199.178 1.87044
48.4486 199.178 2.23629
59.215 199.178 2.33814
69.9813 199.178 1.85704
5.38318 209.944 0.56187
16.1495 209.944 0.968423
26.9159 209.944 1.30938
37.6822 209.944 1.28333
48.4486 209.944 1.46028
59.215 209.944 1.28015
69.9813 209.944 1.01589
