26 26
0 6 72 40
0 0 72 72
0 0 72 82
0 0 72 144
0 0 72 216
5.38318 5.38318 1.24647
16.1495 5.38318 1.74686
26.9159 5.38318 1.83808
37.6822 5.38318 1.71782
48.4486 5.38318 1.75414
59.215 5.38318 1.41406
69.9813 5.38318 0.904553
5.38318 16.1495 2.28364
16.1495 16.1495 3.38778
26.9159 16.1495 3.63408
37.6822 16.1495 3.42209
48.4486 16.1495 3.4357
59.215 16.1495 2.7888
69.9813 16.1495 1.7595
5.38318 26.9159 2.74698
16.1495 26.9159 4.25092
26.9159 26.9159 4.61928
37.6822 26.9159 4.39428
48.4486 26.9159 4.23734
59.215 26.9159 3.42792
69.9813 26.9159 2.10714
5.38318 37.6822 2.30463
16.1495 37.6822 3.64671
26.9159 37.6822 4.1211
37.6822 37.6822 3.97998
48.4486 37.6822 3.65387
59.215 37.6822 2.92315
69.9813 37.6822 1.73667
5.38318 48.4486 1.55868
16.1495 48.4486 2.53843
26.9159 48.4486 3.03017
37.6822 48.4486 2.86524
48.4486 48.4486 2.48904
59.215 48.4486 2.03584
69.9813 48.4486 1.23822
5.38318 59.215 1.20762
16.1495 59.215 2.0949
26.9159 59.215 2.63814
37.6822 59.215 2.46686
48.4486 59.215 2.09659
59.215 59.215 1.71821
69.9813 59.215 1.08625
5.38318 69.9813 0.828539
16.1495 69.9813 1.51308
26.9159 69.9813 2.06729
37.6822 69.9813 1.91768
48.4486 69.9813 1.7181
59.215 69.9813 1.44739
69.9813 69.9813 0.964469
5.38318 80.7477 0.216938
16.1495 80.7477 0.459577
26.9159 80.7477 0.765698
37.6822 80.7477 0.574416
48.4486 80.7477 0.489473
59.215 80.7477 0.4661
69.9813 80.7477 0.438168
5.38318 91.514 -0.172573
16.1495 91.514 -0.248071
26.9159 91.514 -0.19476
37.6822 91.514 -0.227247
48.4486 91.514 -0.207853
59.215 91.514 -0.152953
69.9813 91.514 -0.00436154
5.38318 102.28 -0.27934
16.1495 102.28 -0.426151
26.9159 102.28 -0.408541
37.6822 102.28 -0.420269
48.4486 102.28 -0.416773
59.215 102.28 -0.328968
69.9813 102.28 -0.145655
5.38318 113.047 -0.29117
16.1495 113.047 -0.439447
26.9159 113.047 -0.42706
37.6822 113.047 -0.425572
48.4486 113.047 -0.415481
59.215 113.047 -0.331109
69.9813 113.047 -0.147112
5.38318 123.813 -0.219853
16.1495 123.813 -0.335454
26.9159 123.813 -0.293165
37.6822 123.813 -0.299788
48.4486 123.813 -0.308553
59.215 123.813 -0.250029
69.9813 123.813 -0.107112
5.38318 134.579 -0.0259222
16.1495 134.579 -0.0489202
26.9159 134.579 0.0302685
37.6822 134.579 -0.0406927
48.4486 134.579 -0.122129
59.215 134.579 -0.106789
69.9813 134.579 -0.034436
5.38318 145.346 0.433454
16.1495 145.346 0.697082
26.9159 145.346 0.887516
37.6822 145.346 0.790711
48.4486 145.346 0.524132
59.215 145.346 0.459041
69.9813 145.346 0.289108
5.38318 156.112 1.29024
16.1495 156.112 2.14424
26.9159 156.112 2.37752
37.6822 156.112 2.07413
48.4486 156.112 1.42865
59.215 156.112 1.10595
69.9813 156.112 0.631447
5.38318 166.879 1.88798
16.1495 166.879 3.21653
26.9159 166.879 3.48061
37.6822 166.879 2.98868
48.4486 166.879 2.19276
59.215 166.879 1.65035
69.9813 166.879 0.974937
5.38318 177.645 2.44545
16.1495 177.645 4.28156
26.9159 177.645 4.61838
37.6822 177.645 3.70289
48.4486 177.645 2.536
59.215 177.645 1.79888
69.9813 177.645 1.08569
5.38318 188.411 2.17345
16.1495 188.411 3.93118
26.9159 188.411 4.30277
37.6822 188.411 3.28937
48.4486 188.411 2.00134
59.215 188.411 1.26686
69.9813 188.411 0.814701
5.38318 199.178 1.14922
16.1495 199.178 2.10897
26.9159 199.178 2.40049
37.6822 199.178 1.8193
48.4486 199.178 0.901274
59.215 199.178 0.638116
69.9813 199.178 0.471901
5.38318 209.944 0.0336697
16.1495 209.944 0.190535
26.9159 209.944 0.394591
37.6822 209.944 0.229867
48.4486 209.944 -0.0766341
59.215 209.944 -0.0029618
69.9813 209.944 0.0920085
