59 37
0 17 72 40
0 1 72 72
0 0 72 82
0 0 72 144
0 0 72 216
5.38318 5.38318 0.80378
16.1495 5.38318 1.31032
26.9159 5.38318 1.445
37.6822 5.38318 1.39372
48.4486 5.38318 1.32869
59.215 5.38318 1.18057
69.9813 5.38318 0.815852
5.38318 16.1495 1.65122
16.1495 16.1495 2.6542
26.9159 16.1495 2.81244
37.6822 16.1495 2.67567
48.4486 16.1495 2.61354
59.215 16.1495 2.39303
69.9813 16.1495 1.67903
5.38318 26.9159 2.36548
16.1495 26.9159 3.59783
26.9159 26.9159 3.43222
37.6822 26.9159 3.14525
48.4486 26.9159 3.32729
59.215 26.9159 3.51832
69.9813 26.9159 2.5672
5.38318 37.6822 2.67036
16.1495 37.6822 3.89856
26.9159 37.6822 3.50785
37.6822 37.6822 3.10508
48.4486 37.6822 3.50231
59.215 37.6822 4.01197
69.9813 37.6822 3.00771
5.38318 48.4486 2.21148
16.1495 48.4486 3.24594
26.9159 48.4486 3.06496
37.6822 48.4486 2.84665
48.4486 48.4486 3.381
59.215 48.4486 3.88907
69.9813 48.4486 2.90961
5.38318 59.215 1.0923
16.1495 59.215 1.83442
26.9159 59.215 2.18827
37.6822 59.215 2.18942
48.4486 59.215 2.38233
59.215 59.215 2.40538
69.9813 59.215 1.77656
5.38318 69.9813 0.652157
16.1495 69.9813 1.17184
26.9159 69.9813 1.77629
37.6822 69.9813 1.69236
48.4486 69.9813 1.80277
59.215 69.9813 1.51964
69.9813 69.9813 1.18862
5.38318 80.7477 0.267541
16.1495 80.7477 0.483158
26.9159 80.7477 0.90381
37.6822 80.7477 0.693316
48.4486 80.7477 0.790702
59.215 80.7477 0.648753
69.9813 80.7477 0.693322
5.38318 91.514 -0.122108
16.1495 91.514 -0.2068
26.9159 91.514 -0.126702
37.6822 91.514 -0.243616
48.4486 91.514 -0.187891
59.215 91.514 -0.123066
69.9813 91.514 0.191228
5.38318 102.28 -0.218704
16.1495 102.28 -0.353564
26.9159 102.28 -0.349318
37.6822 102.28 -0.42257
48.4486 102.28 -0.394938
59.215 102.28 -0.28641
69.9813 102.28 -0.0818056
5.38318 113.047 -0.292515
16.1495 113.047 -0.442373
26.9159 113.047 -0.439755
37.6822 113.047 -0.435283
48.4486 113.047 -0.424754
59.215 113.047 -0.337623
69.9813 113.047 -0.149381
5.38318 123.813 -0.26583
16.1495 123.813 -0.408738
26.9159 123.813 -0.378429
37.6822 123.813 -0.373435
48.4486 123.813 -0.35915
59.215 123.813 -0.279807
69.9813 123.813 -0.117442
5.38318 134.579 -0.158193
16.1495 134.579 -0.237913
26.9159 134.579 -0.188252
37.6822 134.579 -0.202338
48.4486 134.579 -0.223167
59.215 134.579 -0.173167
69.9813 134.579 -0.0634785
5.38318 145.346 -0.0097259
16.1495 145.346 0.0360786
26.9159 145.346 0.227343
37.6822 145.346 0.256517
48.4486 145.346 0.108469
59.215 145.346 0.154292
69.9813 145.346 0.153238
5.38318 156.112 0.640255
16.1495 156.112 1.1827
26.9159 156.112 1.41171
37.6822 156.112 1.22573
48.4486 156.112 0.781707
59.215 156.112 0.60019
69.9813 156.112 0.373665
5.38318 166.879 1.18784
16.1495 166.879 2.17857
26.9159 166.879 2.453
37.6822 166.879 2.11205
48.4486 166.879 1.43638
59.215 166.879 0.982011
69.9813 166.879 0.582851
5.38318 177.645 1.75356
16.1495 177.645 3.20213
26.9159 177.645 3.51143
37.6822 177.645 2.69979
48.4486 177.645 1.62276
59.215 177.645 0.939795
69.9813 177.645 0.567151
5.38318 188.411 1.68209
16.1495 188.411 3.14842
26.9159 188.411 3.49571
37.6822 188.411 2.5582
48.4486 188.411 1.32662
59.215 188.411 0.606199
69.9813 188.411 0.390251
5.38318 199.178 1.02665
16.1495 199.178 1.85464
26.9159 199.178 2.10032
37.6822 199.178 1.43681
48.4486 199.178 0.481597
59.215 199.178 0.13664
69.9813 199.178 0.192906
5.38318 209.944 0.165951
16.1495 209.944 0.287171
26.9159 209.944 0.450998
37.6822 209.944 0.138402
48.4486 209.944 -0.0507368
59.215 209.944 -0.0277087
69.9813 209.944 0.126829
