48 188
0 168 72 40
0 144 72 72
0 134 72 82
0 72 72 144
0 0 72 216
5.38318 5.38318 0.295569
16.1495 5.38318 0.585395
26.9159 5.38318 1.04773
37.6822 5.38318 1.16226
48.4486 5.38318 1.14365
59.215 5.38318 0.813859
69.9813 5.38318 0.522652
5.38318 16.1495 0.274196
16.1495 16.1495 0.861901
26.9159 16.1495 1.79051
37.6822 16.1495 2.06644
48.4486 16.1495 2.08884
59.215 16.1495 1.608
69.9813 16.1495 1.04147
5.38318 26.9159 -0.0679963
16.1495 26.9159 0.36744
26.9159 26.9159 1.57131
37.6822 26.9159 2.04771
48.4486 26.9159 2.21003
59.215 26.9159 1.7709
69.9813 26.9159 1.159
5.38318 37.6822 -0.141075
16.1495 37.6822 0.202429
26.9159 37.6822 1.46934
37.6822 37.6822 1.79473
48.4486 37.6822 1.79836
59.215 37.6822 1.3872
69.9813 37.6822 0.922109
5.38318 48.4486 -0.0853233
16.1495 48.4486 0.50432
26.9159 48.4486 1.7935
37.6822 48.4486 1.73365
48.4486 48.4486 1.23235
59.215 48.4486 0.506514
69.9813 48.4486 0.33575
5.38318 59.215 -0.0709946
16.1495 59.215 0.661074
26.9159 59.215 1.89049
37.6822 59.215 1.61909
48.4486 59.215 0.712498
59.215 59.215 -0.193487
69.9813 59.215 -0.127198
5.38318 69.9813 -0.179778
16.1495 69.9813 0.0665154
26.9159 69.9813 1.05531
37.6822 69.9813 0.731497
48.4486 69.9813 -0.0713045
59.215 69.9813 -0.448616
69.9813 69.9813 -0.239453
5.38318 80.7477 -0.364121
16.1495 80.7477 -0.43608
26.9159 80.7477 -0.246163
37.6822 80.7477 -0.369007
48.4486 80.7477 -0.567921
59.215 80.7477 -0.658679
69.9813 80.7477 -0.32117
5.38318 91.514 -0.516936
16.1495 91.514 -0.811844
26.9159 91.514 -0.845841
37.6822 91.514 -0.945146
48.4486 91.514 -0.967149
59.215 91.514 -0.826698
69.9813 91.514 -0.387066
5.38318 102.28 -0.572935
16.1495 102.28 -0.916645
26.9159 102.28 -1.00485
37.6822 102.28 -1.02793
48.4486 102.28 -1.00047
59.215 102.28 -0.805772
69.9813 102.28 -0.368923
5.38318 113.047 -0.56107
16.1495 113.047 -0.891371
26.9159 113.047 -0.956756
37.6822 113.047 -0.955092
48.4486 113.047 -0.907857
59.215 113.047 -0.693498
69.9813 113.047 -0.294489
5.38318 123.813 -0.452946
16.1495 123.813 -0.659424
26.9159 123.813 -0.55565
37.6822 123.813 -0.554297
48.4486 123.813 -0.538142
59.215 123.813 -0.443937
69.9813 123.813 -0.166571
5.38318 134.579 -0.156405
16.1495 134.579 -0.134209
26.9159 134.579 0.314197
37.6822 134.579 0.218085
48.4486 134.579 0.162876
59.215 134.579 -0.000680113
69.9813 134.579 0.231747
5.38318 145.346 0.554369
16.1495 145.346 1.29932
26.9159 145.346 2.22183
37.6822 145.346 2.10147
48.4486 145.346 1.91644
59.215 145.346 1.26633
69.9813 145.346 0.905879
5.38318 156.112 1.20888
16.1495 156.112 2.2665
26.9159 156.112 3.10274
37.6822 156.112 3.00228
48.4486 156.112 2.87799
59.215 156.112 2.25757
69.9813 156.112 1.55307
5.38318 166.879 1.65507
16.1495 166.879 2.80328
26.9159 166.879 3.46241
37.6822 166.879 3.31335
48.4486 166.879 3.39145
59.215 166.879 2.91513
69.9813 166.879 2.06332
5.38318 177.645 1.92976
16.1495 177.645 2.97665
26.9159 177.645 3.35008
37.6822 177.645 3.31224
48.4486 177.645 3.89166
59.215 177.645 3.70641
69.9813 177.645 2.61909
5.38318 188.411 2.00208
16.1495 188.411 3.1072
26.9159 188.411 3.52601
37.6822 188.411 3.51372
48.4486 188.411 4.2182
59.215 188.411 3.99435
69.9813 188.411 2.74728
5.38318 199.178 1.62459
16.1495 199.178 2.48924
26.9159 199.178 2.89163
37.6822 199.178 2.90859
48.4486 199.178 3.55615
59.215 199.178 3.26048
69.9813 199.178 2.19988
5.38318 209.944 0.814245
16.1495 209.944 1.24474
26.9159 209.944 1.45353
37.6822 209.944 1.34965
48.4486 209.944 1.65053
59.215 209.944 1.43977
69.9813 209.944 1.02402
