37 26
0 6 72 40
0 0 72 72
0 0 72 82
0 0 72 144
0 0 72 216
5.38318 5.38318 0.569954
16.1495 5.38318 1.07268
26.9159 5.38318 1.60196
37.6822 5.38318 1.83309
48.4486 5.38318 1.71584
59.215 5.38318 1.17722
69.9813 5.38318 0.681955
5.38318 16.1495 1.02117
16.1495 16.1495 2.09517
26.9159 16.1495 3.2572
37.6822 16.1495 3.79552
48.4486 16.1495 3.54242
59.215 16.1495 2.43706
69.9813 16.1495 1.37385
5.38318 26.9159 1.48898
16.1495 26.9159 2.88687
26.9159 26.9159 4.54848
37.6822 26.9159 5.08728
48.4486 26.9159 4.65649
59.215 26.9159 3.1113
69.9813 26.9159 1.71611
5.38318 37.6822 1.69283
16.1495 37.6822 3.05011
26.9159 37.6822 4.48442
37.6822 37.6822 4.70305
48.4486 37.6822 4.09788
59.215 37.6822 2.74907
69.9813 37.6822 1.50811
5.38318 48.4486 1.59073
16.1495 48.4486 2.46482
26.9159 48.4486 3.1546
37.6822 48.4486 2.89844
48.4486 48.4486 2.55626
59.215 48.4486 1.87254
69.9813 48.4486 1.20545
5.38318 59.215 0.817367
16.1495 59.215 1.06515
26.9159 59.215 0.988221
37.6822 59.215 0.784474
48.4486 59.215 0.882879
59.215 59.215 1.16318
69.9813 59.215 0.976735
5.38318 69.9813 -0.0836885
16.1495 69.9813 -0.205772
26.9159 69.9813 -0.280608
37.6822 69.9813 -0.247267
48.4486 69.9813 -0.00227602
59.215 69.9813 0.729971
69.9813 69.9813 0.821936
5.38318 80.7477 -0.366803
16.1495 80.7477 -0.615259
26.9159 80.7477 -0.638473
37.6822 80.7477 -0.611682
48.4486 80.7477 -0.450639
59.215 80.7477 -0.161427
69.9813 80.7477 0.214642
5.38318 91.514 -0.571862
16.1495 91.514 -0.930677
26.9159 91.514 -1.00036
37.6822 91.514 -0.997781
48.4486 91.514 -0.916856
59.215 91.514 -0.64301
69.9813 91.514 -0.250303
5.38318 102.28 -0.599295
16.1495 102.28 -0.958208
26.9159 102.28 -1.02596
37.6822 102.28 -1.01557
48.4486 102.28 -0.954092
59.215 102.28 -0.730786
69.9813 102.28 -0.31358
5.38318 113.047 -0.584047
16.1495 113.047 -0.934753
26.9159 113.047 -1.00987
37.6822 113.047 -0.993676
48.4486 113.047 -0.918401
59.215 113.047 -0.662814
69.9813 113.047 -0.261969
5.38318 123.813 -0.541463
16.1495 123.813 -0.856653
26.9159 123.813 -0.87038
37.6822 123.813 -0.756902
48.4486 123.813 -0.534656
59.215 123.813 -0.248524
69.9813 123.813 0.0643699
5.38318 134.579 -0.395545
16.1495 134.579 -0.6014
26.9159 134.579 -0.493265
37.6822 134.579 -0.228141
48.4486 134.579 0.537372
59.215 134.579 1.05878
69.9813 134.579 1.07386
5.38318 145.346 -0.106396
16.1495 145.346 -0.0946568
26.9159 145.346 0.32163
37.6822 145.346 1.17269
48.4486 145.346 2.41001
59.215 145.346 2.72496
69.9813 145.346 2.11575
5.38318 156.112 0.479568
16.1495 156.112 0.925558
26.9159 156.112 1.29267
37.6822 156.112 1.88059
48.4486 156.112 2.93556
59.215 156.112 3.30144
69.9813 156.112 2.56298
5.38318 166.879 0.88419
16.1495 166.879 1.36979
26.9159 166.879 1.49714
37.6822 166.879 1.45563
48.4486 166.879 2.08896
59.215 166.879 2.40681
69.9813 166.879 1.91399
5.38318 177.645 0.897058
16.1495 177.645 1.08762
26.9159 177.645 0.88999
37.6822 177.645 0.080321
48.4486 177.645 -0.0923322
59.215 177.645 0.257562
69.9813 177.645 0.542482
5.38318 188.411 1.01961
16.1495 188.411 1.04871
26.9159 188.411 0.512631
37.6822 188.411 -0.333948
48.4486 188.411 -0.555878
59.215 188.411 -0.387947
69.9813 188.411 -0.0889337
5.38318 199.178 1.24095
16.1495 199.178 1.4138
26.9159 199.178 0.818046
37.6822 199.178 -0.311156
48.4486 199.178 -0.591097
59.215 199.178 -0.486911
69.9813 199.178 -0.169662
5.38318 209.944 1.15918
16.1495 209.944 1.47083
26.9159 209.944 1.13652
37.6822 209.944 -0.00707863
48.4486 209.944 -0.270928
59.215 209.944 -0.248665
69.9813 209.944 -0.0405397
