37 166
0 146 72 40
0 130 72 72
0 125 72 82
0 72 72 144
0 0 72 216
5.38318 5.38318 0.295897
16.1495 5.38318 0.439631
26.9159 5.38318 0.480474
37.6822 5.38318 0.3615
48.4486 5.38318 0.187572
59.215 5.38318 0.131612
69.9813 5.38318 0.135822
5.38318 16.1495 0.33003
16.1495 16.1495 0.672923
26.9159 16.1495 0.833312
37.6822 16.1495 0.71371
48.4486 16.1495 0.447787
59.215 16.1495 0.443097
69.9813 16.1495 0.422744
5.38318 26.9159 -0.115775
16.1495 26.9159 -0.106079
26.9159 26.9159 -0.0576124
37.6822 26.9159 -0.0779615
48.4486 26.9159 -0.172208
59.215 26.9159 -0.00644853
69.9813 26.9159 0.214554
5.38318 37.6822 -0.280782
16.1495 37.6822 -0.430565
26.9159 37.6822 -0.391682
37.6822 37.6822 -0.326035
48.4486 37.6822 -0.233984
59.215 37.6822 0.169393
69.9813 37.6822 0.382957
5.38318 48.4486 -0.369863
16.1495 48.4486 -0.616127
26.9159 48.4486 -0.551763
37.6822 48.4486 -0.467918
48.4486 48.4486 -0.295903
59.215 48.4486 0.0449104
69.9813 48.4486 0.330918
5.38318 59.215 -0.403911
16.1495 59.215 -0.670899
26.9159 59.215 -0.62699
37.6822 59.215 -0.570414
48.4486 59.215 -0.469176
59.215 59.215 -0.249646
69.9813 59.215 -0.0203224
5.38318 69.9813 -0.460886
16.1495 69.9813 -0.755213
26.9159 69.9813 -0.762472
37.6822 69.9813 -0.776658
48.4486 69.9813 -0.7402
59.215 69.9813 -0.57684
69.9813 69.9813 -0.23537
5.38318 80.7477 -0.530114
16.1495 80.7477 -0.870079
26.9159 80.7477 -0.958888
37.6822 80.7477 -1.01217
48.4486 80.7477 -0.971434
59.215 80.7477 -0.74335
69.9813 80.7477 -0.313731
5.38318 91.514 -0.569565
16.1495 91.514 -0.925584
26.9159 91.514 -1.05877
37.6822 91.514 -1.097
48.4486 91.514 -1.05015
59.215 91.514 -0.827072
69.9813 91.514 -0.355155
5.38318 102.28 -0.586788
16.1495 102.28 -0.946446
26.9159 102.28 -1.05432
37.6822 102.28 -1.06978
48.4486 102.28 -1.01661
59.215 102.28 -0.797725
69.9813 102.28 -0.345627
5.38318 113.047 -0.586893
16.1495 113.047 -0.939171
26.9159 113.047 -1.02265
37.6822 113.047 -1.02152
48.4486 113.047 -0.96728
59.215 113.047 -0.764201
69.9813 113.047 -0.330656
5.38318 123.813 -0.572234
16.1495 123.813 -0.903052
26.9159 123.813 -0.967371
37.6822 123.813 -0.960739
48.4486 123.813 -0.915307
59.215 123.813 -0.702595
69.9813 123.813 -0.300141
5.38318 134.579 -0.510772
16.1495 134.579 -0.74876
26.9159 134.579 -0.649327
37.6822 134.579 -0.621572
48.4486 134.579 -0.655208
59.215 134.579 -0.512698
69.9813 134.579 -0.229204
5.38318 145.346 -0.344885
16.1495 145.346 -0.389836
26.9159 145.346 -0.0647321
37.6822 145.346 -0.0259873
48.4486 145.346 -0.180339
59.215 145.346 -0.181747
69.9813 145.346 -0.0858189
5.38318 156.112 -0.0849117
16.1495 156.112 0.333593
26.9159 156.112 1.57925
37.6822 156.112 1.67313
48.4486 156.112 0.974348
59.215 156.112 0.505428
69.9813 156.112 0.178341
5.38318 166.879 0.0951498
16.1495 166.879 0.848956
26.9159 166.879 2.28678
37.6822 166.879 2.3428
48.4486 166.879 1.77692
59.215 166.879 1.14105
69.9813 166.879 0.57344
5.38318 177.645 0.292082
16.1495 177.645 0.949414
26.9159 177.645 2.19895
37.6822 177.645 2.1201
48.4486 177.645 1.65421
59.215 177.645 1.16967
69.9813 177.645 0.651628
5.38318 188.411 0.19546
16.1495 188.411 0.640706
26.9159 188.411 1.70944
37.6822 188.411 1.55423
48.4486 188.411 1.23363
59.215 188.411 0.913078
69.9813 188.411 0.601739
5.38318 199.178 -0.0392918
16.1495 199.178 0.223817
26.9159 199.178 1.20518
37.6822 199.178 1.11163
48.4486 199.178 0.79334
59.215 199.178 0.512142
69.9813 199.178 0.36728
5.38318 209.944 -0.136145
16.1495 209.944 -0.0813432
26.9159 209.944 0.560352
37.6822 209.944 0.603758
48.4486 209.944 0.484353
59.215 209.944 0.34361
69.9813 209.944 0.314938
