37 26
0 6 72 40
0 0 72 72
0 0 72 82
0 0 72 144
0 0 72 216
5.38318 5.38318 0.156706
16.1495 5.38318 0.394191
26.9159 5.38318 1.08832
37.6822 5.38318 1.33802
48.4486 5.38318 1.22055
59.215 5.38318 0.77799
69.9813 5.38318 0.336807
5.38318 16.1495 0.330683
16.1495 16.1495 0.875632
26.9159 16.1495 2.08758
37.6822 16.1495 2.59511
48.4486 16.1495 2.46234
59.215 16.1495 1.67874
69.9813 16.1495 0.842593
5.38318 26.9159 0.454901
16.1495 26.9159 1.11974
26.9159 26.9159 2.56645
37.6822 26.9159 3.23213
48.4486 26.9159 3.13763
59.215 26.9159 2.12781
69.9813 26.9159 1.10475
5.38318 37.6822 0.977822
16.1495 37.6822 1.51955
26.9159 37.6822 2.34619
37.6822 37.6822 2.60384
48.4486 37.6822 2.55928
59.215 37.6822 1.98801
69.9813 37.6822 1.20613
5.38318 48.4486 1.12053
16.1495 48.4486 1.42822
26.9159 48.4486 1.71063
37.6822 48.4486 1.473
48.4486 48.4486 1.58114
59.215 48.4486 1.49355
69.9813 48.4486 1.14733
5.38318 59.215 0.898185
16.1495 59.215 1.07782
26.9159 59.215 1.1361
37.6822 59.215 0.727748
48.4486 59.215 0.795605
59.215 59.215 1.01491
69.9813 59.215 0.935222
5.38318 69.9813 0.0462591
16.1495 69.9813 -0.0305253
26.9159 69.9813 0.111587
37.6822 69.9813 -0.00646293
48.4486 69.9813 0.289421
59.215 69.9813 0.607993
69.9813 69.9813 0.666706
5.38318 80.7477 -0.117157
16.1495 80.7477 -0.170983
26.9159 80.7477 -0.0986717
37.6822 80.7477 -0.0932389
48.4486 80.7477 -0.00468672
59.215 80.7477 0.318923
69.9813 80.7477 0.478693
5.38318 91.514 -0.203239
16.1495 91.514 -0.28679
26.9159 91.514 -0.216865
37.6822 91.514 -0.197565
48.4486 91.514 -0.132316
59.215 91.514 0.0228982
69.9813 91.514 0.272087
5.38318 102.28 -0.205978
16.1495 102.28 -0.2755
26.9159 102.28 -0.197857
37.6822 102.28 -0.184885
48.4486 102.28 -0.173965
59.215 102.28 -0.109906
69.9813 102.28 0.0369054
5.38318 113.047 -0.291277
16.1495 113.047 -0.437502
26.9159 113.047 -0.417062
37.6822 113.047 -0.397599
48.4486 113.047 -0.387445
59.215 113.047 -0.303973
69.9813 113.047 -0.133625
5.38318 123.813 -0.243416
16.1495 123.813 -0.368957
26.9159 123.813 -0.313196
37.6822 123.813 -0.28187
48.4486 123.813 -0.277837
59.215 123.813 -0.217548
69.9813 123.813 -0.086753
5.38318 134.579 -0.133319
16.1495 134.579 -0.178824
26.9159 134.579 -0.0471176
37.6822 134.579 -0.0129062
48.4486 134.579 -0.0449601
59.215 134.579 -0.0508355
69.9813 134.579 0.0311486
5.38318 145.346 0.125422
16.1495 145.346 0.336447
26.9159 145.346 0.729836
37.6822 145.346 0.802142
48.4486 145.346 0.649019
59.215 145.346 0.444999
69.9813 145.346 0.316207
5.38318 156.112 0.384811
16.1495 156.112 0.80783
26.9159 156.112 1.32168
37.6822 156.112 1.38546
48.4486 156.112 1.25194
59.215 156.112 0.899456
69.9813 156.112 0.531612
5.38318 166.879 0.438004
16.1495 166.879 0.920353
26.9159 166.879 1.47465
37.6822 166.879 1.45612
48.4486 166.879 1.39901
59.215 166.879 1.02442
69.9813 166.879 0.642065
5.38318 177.645 0.0618159
16.1495 177.645 0.39283
26.9159 177.645 0.990384
37.6822 177.645 0.998121
48.4486 177.645 1.22072
59.215 177.645 1.04115
69.9813 177.645 0.776614
5.38318 188.411 -0.017478
16.1495 188.411 0.152678
26.9159 188.411 0.725964
37.6822 188.411 0.752984
48.4486 188.411 1.07187
59.215 188.411 1.07326
69.9813 188.411 0.875507
5.38318 199.178 -0.0186942
16.1495 199.178 0.00226944
26.9159 199.178 0.448601
37.6822 199.178 0.455246
48.4486 199.178 0.745327
59.215 199.178 0.91075
69.9813 199.178 0.796221
5.38318 209.944 0.121085
16.1495 209.944 0.226254
26.9159 209.944 0.397203
37.6822 209.944 0.255026
48.4486 209.944 0.319048
59.215 209.944 0.466736
69.9813 209.944 0.448101
