37 177
0 157 72 40
0 141 72 72
0 134 72 82
0 72 72 144
0 0 72 216
5.38318 5.38318 0.328903
16.1495 5.38318 0.690046
26.9159 5.38318 1.32015
37.6822 5.38318 1.6151
48.4486 5.38318 1.60117
59.215 5.38318 1.3487
69.9813 5.38318 0.866922
5.38318 16.1495 0.604599
16.1495 16.1495 1.33911
26.9159 16.1495 2.34228
37.6822 16.1495 2.7566
48.4486 16.1495 2.6992
59.215 16.1495 2.2641
69.9813 16.1495 1.44469
5.38318 26.9159 0.557842
16.1495 26.9159 1.18124
26.9159 26.9159 2.26158
37.6822 26.9159 2.50926
48.4486 26.9159 2.42951
59.215 26.9159 2.10765
69.9813 26.9159 1.42208
5.38318 37.6822 0.638707
16.1495 37.6822 1.02441
26.9159 37.6822 1.63974
37.6822 37.6822 1.35863
48.4486 37.6822 1.17906
59.215 37.6822 1.08274
69.9813 37.6822 0.8423
5.38318 48.4486 0.301336
16.1495 48.4486 0.265537
26.9159 48.4486 0.729276
37.6822 48.4486 0.213248
48.4486 48.4486 0.323466
59.215 48.4486 0.460061
69.9813 48.4486 0.57314
5.38318 59.215 -0.15496
16.1495 59.215 -0.32333
26.9159 59.215 -0.230086
37.6822 59.215 -0.370119
48.4486 59.215 -0.265609
59.215 59.215 -0.115679
69.9813 59.215 0.246359
5.38318 69.9813 -0.36886
16.1495 69.9813 -0.675093
26.9159 69.9813 -0.638783
37.6822 69.9813 -0.715635
48.4486 69.9813 -0.583671
59.215 69.9813 -0.388083
69.9813 69.9813 -0.0821438
5.38318 80.7477 -0.41792
16.1495 80.7477 -0.71506
26.9159 80.7477 -0.703717
37.6822 80.7477 -0.749534
48.4486 80.7477 -0.670712
59.215 80.7477 -0.430342
69.9813 80.7477 -0.117986
5.38318 91.514 -0.49721
16.1495 91.514 -0.813353
26.9159 91.514 -0.831471
37.6822 91.514 -0.868555
48.4486 91.514 -0.807561
59.215 91.514 -0.554543
69.9813 91.514 -0.19641
5.38318 102.28 -0.531145
16.1495 102.28 -0.851102
26.9159 102.28 -0.920764
37.6822 102.28 -0.932631
48.4486 102.28 -0.88549
59.215 102.28 -0.640345
69.9813 102.28 -0.250989
5.38318 113.047 -0.578693
16.1495 113.047 -0.924956
26.9159 113.047 -1.00722
37.6822 113.047 -1.00822
48.4486 113.047 -0.955476
59.215 113.047 -0.749619
69.9813 113.047 -0.320361
5.38318 123.813 -0.559783
16.1495 123.813 -0.892198
26.9159 123.813 -0.953933
37.6822 123.813 -0.951449
48.4486 123.813 -0.893925
59.215 123.813 -0.668033
69.9813 123.813 -0.276725
5.38318 134.579 -0.473438
16.1495 134.579 -0.710068
26.9159 134.579 -0.629946
37.6822 134.579 -0.621989
48.4486 134.579 -0.559935
59.215 134.579 -0.436638
69.9813 134.579 -0.151387
5.38318 145.346 -0.229254
16.1495 145.346 -0.227003
26.9159 145.346 0.100388
37.6822 145.346 0.320313
48.4486 145.346 0.306124
59.215 145.346 0.11303
69.9813 145.346 0.211208
5.38318 156.112 0.275076
16.1495 156.112 1.03044
26.9159 156.112 2.10313
37.6822 156.112 2.56866
48.4486 156.112 2.3126
59.215 156.112 1.49358
69.9813 156.112 0.849369
5.38318 166.879 0.879852
16.1495 166.879 2.34091
26.9159 166.879 3.87847
37.6822 166.879 4.56762
48.4486 166.879 3.91478
59.215 166.879 2.561
69.9813 166.879 1.30014
5.38318 177.645 1.21935
16.1495 177.645 2.84972
26.9159 177.645 4.75878
37.6822 177.645 5.47911
48.4486 177.645 4.60678
59.215 177.645 2.89096
69.9813 177.645 1.41855
5.38318 188.411 1.11615
16.1495 188.411 2.613
26.9159 188.411 4.42258
37.6822 188.411 4.88797
48.4486 188.411 3.89188
59.215 188.411 2.34246
69.9813 188.411 1.05898
5.38318 199.178 0.611293
16.1495 199.178 1.51158
26.9159 199.178 2.4821
37.6822 199.178 2.63637
48.4486 199.178 2.10017
59.215 199.178 1.25434
69.9813 199.178 0.781639
5.38318 209.944 0.266614
16.1495 209.944 0.683884
26.9159 209.944 0.980062
37.6822 209.944 1.03708
48.4486 209.944 0.761914
59.215 209.944 0.620625
69.9813 209.944 0.525916
