37 48
0 28 72 40
0 12 72 72
0 7 72 82
0 0 72 144
0 0 72 216
5.38318 5.38318 0.687869
16.1495 5.38318 1.24985
26.9159 5.38318 1.74297
37.6822 5.38318 1.90639
48.4486 5.38318 1.75985
59.215 5.38318 1.29517
69.9813 5.38318 0.685833
5.38318 16.1495 1.09078
16.1495 16.1495 2.20522
26.9159 16.1495 3.17582
37.6822 16.1495 3.60455
48.4486 16.1495 3.34067
59.215 16.1495 2.41692
69.9813 16.1495 1.28741
5.38318 26.9159 1.26965
16.1495 26.9159 2.60554
26.9159 26.9159 3.84129
37.6822 26.9159 4.4387
48.4486 26.9159 4.17277
59.215 26.9159 3.13871
69.9813 26.9159 1.73846
5.38318 37.6822 1.20016
16.1495 37.6822 2.50323
26.9159 37.6822 4.01117
37.6822 37.6822 4.60296
48.4486 37.6822 4.13025
59.215 37.6822 2.9473
69.9813 37.6822 1.57829
5.38318 48.4486 1.07488
16.1495 48.4486 2.26982
26.9159 48.4486 4.07526
37.6822 48.4486 4.71475
48.4486 48.4486 4.05402
59.215 48.4486 2.72231
69.9813 48.4486 1.37612
5.38318 59.215 0.443943
16.1495 59.215 1.33018
26.9159 59.215 3.04136
37.6822 59.215 3.42321
48.4486 59.215 2.59034
59.215 59.215 1.37331
69.9813 59.215 0.44241
5.38318 69.9813 -0.148241
16.1495 69.9813 -0.136244
26.9159 69.9813 0.698087
37.6822 69.9813 0.633013
48.4486 69.9813 -0.0609907
59.215 69.9813 -0.201675
69.9813 69.9813 -0.144589
5.38318 80.7477 -0.40983
16.1495 80.7477 -0.635277
26.9159 80.7477 -0.560332
37.6822 80.7477 -0.611863
48.4486 80.7477 -0.760336
59.215 80.7477 -0.607211
69.9813 80.7477 -0.313865
5.38318 91.514 -0.549465
16.1495 91.514 -0.894363
26.9159 91.514 -0.974781
37.6822 91.514 -1.0102
48.4486 91.514 -0.99285
59.215 91.514 -0.788843
69.9813 91.514 -0.355904
5.38318 102.28 -0.58214
16.1495 102.28 -0.942975
26.9159 102.28 -1.02867
37.6822 102.28 -1.03699
48.4486 102.28 -0.988907
59.215 102.28 -0.785851
69.9813 102.28 -0.351654
5.38318 113.047 -0.583391
16.1495 113.047 -0.932482
26.9159 113.047 -1.01142
37.6822 113.047 -1.01189
48.4486 113.047 -0.960382
59.215 113.047 -0.760988
69.9813 113.047 -0.330479
5.38318 123.813 -0.555231
16.1495 123.813 -0.865744
26.9159 123.813 -0.895122
37.6822 123.813 -0.901099
48.4486 123.813 -0.886191
59.215 123.813 -0.703876
69.9813 123.813 -0.31502
5.38318 134.579 -0.4991
16.1495 134.579 -0.693398
26.9159 134.579 -0.541462
37.6822 134.579 -0.543214
48.4486 134.579 -0.628365
59.215 134.579 -0.575826
69.9813 134.579 -0.276477
5.38318 145.346 -0.338491
16.1495 145.346 -0.283648
26.9159 145.346 0.328179
37.6822 145.346 0.433306
48.4486 145.346 -0.0924235
59.215 145.346 -0.312696
69.9813 145.346 -0.189142
5.38318 156.112 -0.105953
16.1495 156.112 0.521388
26.9159 156.112 1.61217
37.6822 156.112 1.79097
48.4486 156.112 0.930723
59.215 156.112 -0.00149562
69.9813 156.112 -0.072288
5.38318 166.879 0.510389
16.1495 166.879 1.59877
26.9159 166.879 2.57128
37.6822 166.879 2.84747
48.4486 166.879 2.01687
59.215 166.879 0.893189
69.9813 166.879 0.345517
5.38318 177.645 1.41806
16.1495 177.645 2.56874
26.9159 177.645 3.06143
37.6822 177.645 3.11308
48.4486 177.645 2.28347
59.215 177.645 1.3705
69.9813 177.645 0.684767
5.38318 188.411 1.99041
16.1495 188.411 3.23111
26.9159 188.411 3.4691
37.6822 188.411 3.26811
48.4486 188.411 2.45734
59.215 188.411 1.83938
69.9813 188.411 1.0436
5.38318 199.178 1.63802
16.1495 199.178 2.56175
26.9159 199.178 2.63505
37.6822 199.178 2.27854
48.4486 199.178 1.67246
59.215 199.178 1.66024
69.9813 199.178 1.14901
5.38318 209.944 0.684834
16.1495 209.944 1.22774
26.9159 209.944 1.39448
37.6822 209.944 1.35192
48.4486 209.944 1.13518
59.215 209.944 1.35153
69.9813 209.944 0.991212
