37 177
0 157 72 40
0 141 72 72
0 134 72 82
0 72 72 144
0 0 72 216
5.38318 5.38318 0.260162
16.1495 5.38318 0.574755
26.9159 5.38318 1.39589
37.6822 5.38318 1.84987
48.4486 5.38318 1.95675
59.215 5.38318 1.47307
69.9813 5.38318 0.832252
5.38318 16.1495 0.305587
16.1495 16.1495 1.12697
26.9159 16.1495 2.79362
37.6822 16.1495 3.95145
48.4486 16.1495 4.17627
59.215 16.1495 3.12259
69.9813 16.1495 1.70123
5.38318 26.9159 0.0386799
16.1495 26.9159 1.08791
26.9159 26.9159 3.36497
37.6822 26.9159 5.14356
48.4486 26.9159 5.43457
59.215 26.9159 4.08838
69.9813 26.9159 2.14654
5.38318 37.6822 0.0979721
16.1495 37.6822 1.12858
26.9159 37.6822 3.24389
37.6822 37.6822 4.85409
48.4486 37.6822 4.87193
59.215 37.6822 3.55941
69.9813 37.6822 1.81323
5.38318 48.4486 0.150546
16.1495 48.4486 0.753443
26.9159 48.4486 2.15539
37.6822 48.4486 2.82344
48.4486 48.4486 2.7803
59.215 48.4486 2.18645
69.9813 48.4486 1.32551
5.38318 59.215 0.363694
16.1495 59.215 0.672153
26.9159 59.215 1.33337
37.6822 59.215 1.16461
48.4486 59.215 1.18676
59.215 59.215 1.11346
69.9813 59.215 0.994782
5.38318 69.9813 0.0751315
16.1495 69.9813 0.0233971
26.9159 69.9813 0.444224
37.6822 69.9813 0.0361091
48.4486 69.9813 0.399921
59.215 69.9813 0.769324
69.9813 69.9813 0.934216
5.38318 80.7477 -0.279069
16.1495 80.7477 -0.473304
26.9159 80.7477 -0.401685
37.6822 80.7477 -0.504859
48.4486 80.7477 -0.36027
59.215 80.7477 -0.136651
69.9813 80.7477 0.365326
5.38318 91.514 -0.542173
16.1495 91.514 -0.89709
26.9159 91.514 -0.97356
37.6822 91.514 -0.989137
48.4486 91.514 -0.893433
59.215 91.514 -0.63998
69.9813 91.514 -0.220088
5.38318 102.28 -0.581995
16.1495 102.28 -0.932526
26.9159 102.28 -1.00619
37.6822 102.28 -0.9997
48.4486 102.28 -0.947216
59.215 102.28 -0.74316
69.9813 102.28 -0.325129
5.38318 113.047 -0.584221
16.1495 113.047 -0.934009
26.9159 113.047 -1.01203
37.6822 113.047 -1.00841
48.4486 113.047 -0.953788
59.215 113.047 -0.751135
69.9813 113.047 -0.324377
5.38318 123.813 -0.566408
16.1495 123.813 -0.893821
26.9159 123.813 -0.949909
37.6822 123.813 -0.935294
48.4486 123.813 -0.883897
59.215 123.813 -0.661637
69.9813 123.813 -0.276665
5.38318 134.579 -0.507036
16.1495 134.579 -0.766685
26.9159 134.579 -0.702252
37.6822 134.579 -0.669473
48.4486 134.579 -0.627293
59.215 134.579 -0.478702
69.9813 134.579 -0.181679
5.38318 145.346 -0.252868
16.1495 145.346 -0.213566
26.9159 145.346 0.23406
37.6822 145.346 0.450412
48.4486 145.346 0.252195
59.215 145.346 -0.0167389
69.9813 145.346 0.0384558
5.38318 156.112 0.214297
16.1495 156.112 1.10743
26.9159 156.112 2.31665
37.6822 156.112 2.58623
48.4486 156.112 2.15797
59.215 156.112 1.16895
69.9813 156.112 0.575951
5.38318 166.879 0.992444
16.1495 166.879 2.6258
26.9159 166.879 4.47263
37.6822 166.879 4.92437
48.4486 166.879 4.03284
59.215 166.879 2.30184
69.9813 166.879 1.02592
5.38318 177.645 1.14455
16.1495 177.645 2.9401
26.9159 177.645 5.07306
37.6822 177.645 5.70607
48.4486 177.645 4.7736
59.215 177.645 2.78483
69.9813 177.645 1.29603
5.38318 188.411 1.1389
16.1495 188.411 2.76872
26.9159 188.411 4.59523
37.6822 188.411 5.12362
48.4486 188.411 4.20642
59.215 188.411 2.55012
69.9813 188.411 1.24469
5.38318 199.178 0.901652
16.1495 199.178 2.10097
26.9159 199.178 3.0159
37.6822 199.178 3.47515
48.4486 199.178 3.04269
59.215 199.178 2.33372
69.9813 199.178 1.34741
5.38318 209.944 0.733475
16.1495 209.944 1.68845
26.9159 209.944 2.26259
37.6822 209.944 2.69402
48.4486 209.944 2.45572
59.215 209.944 2.01408
69.9813 209.944 1.17219
