37 177
0 157 72 40
0 141 72 72
0 134 72 82
0 72 72 144
0 0 72 216
5.38318 5.38318 0.341285
16.1495 5.38318 0.796843
26.9159 5.38318 1.3054
37.6822 5.38318 1.4859
48.4486 5.38318 1.36459
59.215 5.38318 0.993554
69.9813 5.38318 0.572118
5.38318 16.1495 0.566756
16.1495 16.1495 1.70362
26.9159 16.1495 2.73318
37.6822 16.1495 3.27881
48.4486 16.1495 3.037
59.215 16.1495 2.16682
69.9813 16.1495 1.24766
5.38318 26.9159 0.590206
16.1495 26.9159 2.14235
26.9159 26.9159 3.76625
37.6822 26.9159 4.89577
48.4486 26.9159 4.60517
59.215 26.9159 3.28089
69.9813 26.9159 1.80328
5.38318 37.6822 0.654007
16.1495 37.6822 2.22255
26.9159 37.6822 3.88737
37.6822 37.6822 5.14801
48.4486 37.6822 4.8661
59.215 37.6822 3.46897
69.9813 37.6822 1.88031
5.38318 48.4486 0.677873
16.1495 48.4486 1.99106
26.9159 48.4486 3.21419
37.6822 48.4486 4.0277
48.4486 48.4486 3.7701
59.215 48.4486 2.8427
69.9813 48.4486 1.63189
5.38318 59.215 0.744157
16.1495 59.215 1.64073
26.9159 59.215 2.13024
37.6822 59.215 2.17218
48.4486 59.215 2.01429
59.215 59.215 1.801
69.9813 59.215 1.2832
5.38318 69.9813 0.693667
16.1495 69.9813 1.30588
26.9159 69.9813 1.6317
37.6822 69.9813 1.43924
48.4486 69.9813 1.41469
59.215 69.9813 1.49578
69.9813 69.9813 1.17507
5.38318 80.7477 0.25405
16.1495 80.7477 0.521983
26.9159 80.7477 0.764729
37.6822 80.7477 0.537009
48.4486 80.7477 0.428596
59.215 80.7477 0.564582
69.9813 80.7477 0.587489
5.38318 91.514 -0.173918
16.1495 91.514 -0.270874
26.9159 91.514 -0.238756
37.6822 91.514 -0.291676
48.4486 91.514 -0.278365
59.215 91.514 -0.153442
69.9813 91.514 0.0356398
5.38318 102.28 -0.290429
16.1495 102.28 -0.4519
26.9159 102.28 -0.434694
37.6822 102.28 -0.4304
48.4486 102.28 -0.403993
59.215 102.28 -0.298587
69.9813 102.28 -0.118745
5.38318 113.047 -0.300905
16.1495 113.047 -0.457608
26.9159 113.047 -0.471097
37.6822 113.047 -0.45428
48.4486 113.047 -0.435415
59.215 113.047 -0.334842
69.9813 113.047 -0.144152
5.38318 123.813 -0.283917
16.1495 123.813 -0.424338
26.9159 123.813 -0.388431
37.6822 123.813 -0.356387
48.4486 123.813 -0.325241
59.215 123.813 -0.250531
69.9813 123.813 -0.0980605
5.38318 134.579 -0.178759
16.1495 134.579 -0.202421
26.9159 134.579 -0.0900781
37.6822 134.579 -0.00525393
48.4486 134.579 -0.0113285
59.215 134.579 -0.0161945
69.9813 134.579 0.073609
5.38318 145.346 -0.00750975
16.1495 145.346 0.379964
26.9159 145.346 0.986493
37.6822 145.346 1.34221
48.4486 145.346 1.2132
59.215 145.346 0.814236
69.9813 145.346 0.503191
5.38318 156.112 0.571265
16.1495 156.112 1.61438
26.9159 156.112 2.65809
37.6822 156.112 3.12416
48.4486 156.112 2.73108
59.215 156.112 1.85
69.9813 156.112 1.00145
5.38318 166.879 1.15327
16.1495 166.879 2.68451
26.9159 166.879 4.22448
37.6822 166.879 4.75124
48.4486 166.879 4.03447
59.215 166.879 2.58935
69.9813 166.879 1.30952
5.38318 177.645 1.53644
16.1495 177.645 3.4792
26.9159 177.645 5.30747
37.6822 177.645 5.83411
48.4486 177.645 4.97273
59.215 177.645 3.24461
69.9813 177.645 1.62861
5.38318 188.411 1.90401
16.1495 188.411 3.85366
26.9159 188.411 5.39133
37.6822 188.411 5.67309
48.4486 188.411 4.77615
59.215 188.411 3.17215
69.9813 188.411 1.5998
5.38318 199.178 1.80501
16.1495 199.178 3.16422
26.9159 199.178 3.8154
37.6822 199.178 3.94674
48.4486 199.178 3.58311
59.215 199.178 2.84007
69.9813 199.178 1.64594
5.38318 209.944 1.49715
16.1495 209.944 2.34527
26.9159 209.944 2.305
37.6822 209.944 2.1656
48.4486 209.944 2.02799
59.215 209.944 1.85619
69.9813 209.944 1.18429
