37 166
0 146 72 40
0 130 72 72
0 125 72 82
0 72 72 144
0 0 72 216
5.38318 5.38318 0.109179
16.1495 5.38318 0.132066
26.9159 5.38318 0.288397
37.6822 5.38318 0.297284
48.4486 5.38318 0.258392
59.215 5.38318 0.187106
69.9813 5.38318 0.162808
5.38318 16.1495 0.166004
16.1495 16.1495 0.352414
26.9159 16.1495 0.691054
37.6822 16.1495 0.666715
48.4486 16.1495 0.676998
59.215 16.1495 0.507838
69.9813 16.1495 0.437304
5.38318 26.9159 0.0205937
16.1495 26.9159 0.20297
26.9159 26.9159 0.567872
37.6822 26.9159 0.553463
48.4486 26.9159 0.634001
59.215 26.9159 0.426812
69.9813 26.9159 0.446812
5.38318 37.6822 0.261882
16.1495 37.6822 0.548408
26.9159 37.6822 0.80009
37.6822 37.6822 0.680238
48.4486 37.6822 0.790953
59.215 37.6822 0.597454
69.9813 37.6822 0.580047
5.38318 48.4486 0.417366
16.1495 48.4486 0.727861
26.9159 48.4486 0.855772
37.6822 48.4486 0.699699
48.4486 48.4486 0.720605
59.215 48.4486 0.611593
69.9813 48.4486 0.564232
5.38318 59.215 0.343988
16.1495 59.215 0.598009
26.9159 59.215 0.712086
37.6822 59.215 0.616158
48.4486 59.215 0.527218
59.215 59.215 0.476678
69.9813 59.215 0.391167
5.38318 69.9813 0.142365
16.1495 69.9813 0.274312
26.9159 69.9813 0.335328
37.6822 69.9813 0.161554
48.4486 69.9813 -0.0090483
59.215 69.9813 0.000885218
69.9813 69.9813 0.0861722
5.38318 80.7477 -0.110917
16.1495 80.7477 -0.141519
26.9159 80.7477 -0.138277
37.6822 80.7477 -0.188455
48.4486 80.7477 -0.216012
59.215 80.7477 -0.186077
69.9813 80.7477 -0.0689011
5.38318 91.514 -0.250323
16.1495 91.514 -0.375123
26.9159 91.514 -0.394916
37.6822 91.514 -0.426387
48.4486 91.514 -0.419946
59.215 91.514 -0.349125
69.9813 91.514 -0.15154
5.38318 102.28 -0.293028
16.1495 102.28 -0.44459
26.9159 102.28 -0.453495
37.6822 102.28 -0.446611
48.4486 102.28 -0.419163
59.215 102.28 -0.332121
69.9813 102.28 -0.143575
5.38318 113.047 -0.28508
16.1495 113.047 -0.418397
26.9159 113.047 -0.366143
37.6822 113.047 -0.335024
48.4486 113.047 -0.318769
59.215 113.047 -0.252923
69.9813 113.047 -0.109384
5.38318 123.813 -0.19635
16.1495 123.813 -0.233949
26.9159 123.813 -0.0743637
37.6822 123.813 -0.0126548
48.4486 123.813 -0.000635356
59.215 123.813 -0.0326701
69.9813 123.813 0.0506163
5.38318 134.579 -0.0396761
16.1495 134.579 0.207016
26.9159 134.579 0.842349
37.6822 134.579 1.11825
48.4486 134.579 1.05202
59.215 134.579 0.631551
69.9813 134.579 0.396769
5.38318 145.346 0.34421
16.1495 145.346 1.03255
26.9159 145.346 2.07186
37.6822 145.346 2.49463
48.4486 145.346 2.39882
59.215 145.346 1.61648
69.9813 145.346 0.916309
5.38318 156.112 0.738584
16.1495 156.112 1.81775
26.9159 156.112 2.95193
37.6822 156.112 3.46881
48.4486 156.112 3.17397
59.215 156.112 2.08519
69.9813 156.112 1.10068
5.38318 166.879 1.26511
16.1495 166.879 2.44328
26.9159 166.879 3.45492
37.6822 166.879 3.87327
48.4486 166.879 3.52214
59.215 166.879 2.3552
69.9813 166.879 1.23583
5.38318 177.645 1.7761
16.1495 177.645 3.0182
26.9159 177.645 3.57903
37.6822 177.645 3.62871
48.4486 177.645 3.16946
59.215 177.645 2.21759
69.9813 177.645 1.20949
5.38318 188.411 2.13313
16.1495 188.411 3.39282
26.9159 188.411 3.73462
37.6822 188.411 3.53974
48.4486 188.411 3.23459
59.215 188.411 2.49632
69.9813 188.411 1.50615
5.38318 199.178 1.64025
16.1495 199.178 2.66689
26.9159 199.178 3.10115
37.6822 199.178 2.88591
48.4486 199.178 2.98018
59.215 199.178 2.72982
69.9813 199.178 1.89346
5.38318 209.944 0.738531
16.1495 209.944 1.36424
26.9159 209.944 1.82882
37.6822 209.944 1.8916
48.4486 209.944 2.2541
59.215 209.944 2.36258
69.9813 209.944 1.78625
