48 166
0 146 72 40
0 130 72 72
0 125 72 82
0 72 72 144
0 0 72 216
5.38318 5.38318 0.217114
16.1495 5.38318 0.55179
26.9159 5.38318 1.09168
37.6822 5.38318 1.21957
48.4486 5.38318 0.926356
59.215 5.38318 0.451166
69.9813 5.38318 0.168739
5.38318 16.1495 0.345533
16.1495 16.1495 1.06275
26.9159 16.1495 1.94279
37.6822 16.1495 2.10832
48.4486 16.1495 1.64771
59.215 16.1495 0.849074
69.9813 16.1495 0.36894
5.38318 26.9159 0.102177
16.1495 26.9159 0.769329
26.9159 26.9159 1.64441
37.6822 26.9159 1.99215
48.4486 26.9159 1.4986
59.215 26.9159 0.655031
69.9813 26.9159 0.167054
5.38318 37.6822 0.330706
16.1495 37.6822 1.06767
26.9159 37.6822 1.7718
37.6822 37.6822 1.99006
48.4486 37.6822 1.50668
59.215 37.6822 0.745995
69.9813 37.6822 0.277934
5.38318 48.4486 0.575122
16.1495 48.4486 1.51223
26.9159 48.4486 2.18118
37.6822 48.4486 2.32387
48.4486 48.4486 1.86636
59.215 48.4486 1.03926
69.9813 48.4486 0.491131
5.38318 59.215 0.757563
16.1495 59.215 1.75317
26.9159 59.215 2.45693
37.6822 59.215 2.71971
48.4486 59.215 2.41259
59.215 59.215 1.6959
69.9813 59.215 0.992487
5.38318 69.9813 0.593256
16.1495 69.9813 1.48609
26.9159 69.9813 2.12459
37.6822 69.9813 2.49672
48.4486 69.9813 2.41707
59.215 69.9813 1.87523
69.9813 69.9813 1.17299
5.38318 80.7477 0.179268
16.1495 80.7477 0.61045
26.9159 80.7477 0.937242
37.6822 80.7477 1.3688
48.4486 80.7477 1.54909
59.215 80.7477 1.45103
69.9813 80.7477 1.0151
5.38318 91.514 -0.1979
16.1495 91.514 -0.246083
26.9159 91.514 -0.226782
37.6822 91.514 -0.122891
48.4486 91.514 0.0187932
59.215 91.514 0.281346
69.9813 91.514 0.375492
5.38318 102.28 -0.28248
16.1495 102.28 -0.423532
26.9159 102.28 -0.41122
37.6822 102.28 -0.384999
48.4486 102.28 -0.360727
59.215 102.28 -0.257006
69.9813 102.28 -0.0998934
5.38318 113.047 -0.294556
16.1495 113.047 -0.448692
26.9159 113.047 -0.442754
37.6822 113.047 -0.436045
48.4486 113.047 -0.414773
59.215 113.047 -0.323486
69.9813 113.047 -0.141724
5.38318 123.813 -0.249023
16.1495 123.813 -0.387274
26.9159 123.813 -0.335048
37.6822 123.813 -0.307196
48.4486 123.813 -0.258912
59.215 123.813 -0.169119
69.9813 123.813 -0.0432275
5.38318 134.579 -0.15823
16.1495 134.579 -0.239702
26.9159 134.579 -0.138605
37.6822 134.579 -0.058382
48.4486 134.579 0.164232
59.215 134.579 0.27126
69.9813 134.579 0.340043
5.38318 145.346 -0.0335407
16.1495 145.346 -0.01971
26.9159 145.346 0.451136
37.6822 145.346 0.803612
48.4486 145.346 1.36499
59.215 145.346 1.35304
69.9813 145.346 1.02305
5.38318 156.112 0.257276
16.1495 156.112 0.541416
26.9159 156.112 1.17697
37.6822 156.112 1.69287
48.4486 156.112 2.40223
59.215 156.112 2.31245
69.9813 156.112 1.70387
5.38318 166.879 0.328584
16.1495 166.879 0.722006
26.9159 166.879 1.51992
37.6822 166.879 2.19726
48.4486 166.879 3.15889
59.215 166.879 3.04263
69.9813 166.879 2.1981
5.38318 177.645 0.2332
16.1495 177.645 0.622762
26.9159 177.645 1.34458
37.6822 177.645 2.1471
48.4486 177.645 3.10148
59.215 177.645 2.93991
69.9813 177.645 2.10955
5.38318 188.411 0.145163
16.1495 188.411 0.493603
26.9159 188.411 1.09419
37.6822 188.411 1.8296
48.4486 188.411 2.57305
59.215 188.411 2.3517
69.9813 188.411 1.67347
5.38318 199.178 0.288326
16.1495 199.178 0.620299
26.9159 199.178 0.869265
37.6822 199.178 1.3451
48.4486 199.178 1.76381
59.215 199.178 1.66584
69.9813 199.178 1.24142
5.38318 209.944 0.299789
16.1495 209.944 0.518512
26.9159 209.944 0.588444
37.6822 209.944 0.747418
48.4486 209.944 0.934388
59.215 209.944 0.920991
69.9813 209.944 0.730364
