37 177
0 157 72 40
0 141 72 72
0 134 72 82
0 72 72 144
0 0 72 216
5.38318 5.38318 0.799326
16.1495 5.38318 1.18251
26.9159 5.38318 1.42551
37.6822 5.38318 1.44437
48.4486 5.38318 1.42796
59.215 5.38318 1.07411
69.9813 5.38318 0.680638
5.38318 16.1495 1.30904
16.1495 16.1495 2.10023
26.9159 16.1495 2.46833
37.6822 16.1495 2.50537
48.4486 16.1495 2.53876
59.215 16.1495 2.08903
69.9813 16.1495 1.36053
5.38318 26.9159 1.45438
16.1495 26.9159 2.35761
26.9159 26.9159 2.62635
37.6822 26.9159 2.56916
48.4486 26.9159 2.65311
59.215 26.9159 2.38612
69.9813 26.9159 1.61832
5.38318 37.6822 1.00593
16.1495 37.6822 1.59403
26.9159 37.6822 1.68167
37.6822 37.6822 1.68021
48.4486 37.6822 1.94693
59.215 37.6822 2.18437
69.9813 37.6822 1.60102
5.38318 48.4486 0.287037
16.1495 48.4486 0.562697
26.9159 48.4486 0.686874
37.6822 48.4486 0.846661
48.4486 48.4486 1.24588
59.215 48.4486 1.75974
69.9813 48.4486 1.3807
5.38318 59.215 -0.0364757
16.1495 59.215 -0.0141066
26.9159 59.215 0.299532
37.6822 59.215 0.456213
48.4486 59.215 0.714164
59.215 59.215 0.992051
69.9813 59.215 0.876704
5.38318 69.9813 -0.201827
16.1495 69.9813 -0.289952
26.9159 69.9813 -0.171569
37.6822 69.9813 -0.23728
48.4486 69.9813 -0.287284
59.215 69.9813 -0.275049
69.9813 69.9813 -0.0823648
5.38318 80.7477 -0.395187
16.1495 80.7477 -0.605175
26.9159 80.7477 -0.561847
37.6822 80.7477 -0.642852
48.4486 80.7477 -0.682276
59.215 80.7477 -0.59918
69.9813 80.7477 -0.264554
5.38318 91.514 -0.525031
16.1495 91.514 -0.842551
26.9159 91.514 -0.923283
37.6822 91.514 -0.96842
48.4486 91.514 -0.952065
59.215 91.514 -0.783581
69.9813 91.514 -0.350506
5.38318 102.28 -0.572671
16.1495 102.28 -0.919479
26.9159 102.28 -1.01089
37.6822 102.28 -1.02623
48.4486 102.28 -0.983434
59.215 102.28 -0.788047
69.9813 102.28 -0.347639
5.38318 113.047 -0.578357
16.1495 113.047 -0.921819
26.9159 113.047 -0.99902
37.6822 113.047 -0.994359
48.4486 113.047 -0.944998
59.215 113.047 -0.736045
69.9813 113.047 -0.318944
5.38318 123.813 -0.529472
16.1495 123.813 -0.822314
26.9159 123.813 -0.831134
37.6822 123.813 -0.822406
48.4486 123.813 -0.802896
59.215 123.813 -0.603746
69.9813 123.813 -0.249928
5.38318 134.579 -0.405567
16.1495 134.579 -0.542833
26.9159 134.579 -0.454917
37.6822 134.579 -0.426489
48.4486 134.579 -0.474838
59.215 134.579 -0.387318
69.9813 134.579 -0.147307
5.38318 145.346 -0.103112
16.1495 145.346 0.21599
26.9159 145.346 0.899777
37.6822 145.346 0.920724
48.4486 145.346 0.465184
59.215 145.346 -0.0058478
69.9813 145.346 0.059505
5.38318 156.112 0.394345
16.1495 156.112 1.41666
26.9159 156.112 2.5123
37.6822 156.112 2.57224
48.4486 156.112 2.03571
59.215 156.112 1.00778
69.9813 156.112 0.545603
5.38318 166.879 1.00697
16.1495 166.879 2.49088
26.9159 166.879 4.05376
37.6822 166.879 4.1653
48.4486 166.879 3.29354
59.215 166.879 1.8295
69.9813 166.879 0.817138
5.38318 177.645 1.09236
16.1495 177.645 2.70956
26.9159 177.645 4.60028
37.6822 177.645 4.93375
48.4486 177.645 4.05317
59.215 177.645 2.33999
69.9813 177.645 1.10664
5.38318 188.411 1.12793
16.1495 188.411 2.6985
26.9159 188.411 4.45292
37.6822 188.411 4.93225
48.4486 188.411 3.93703
59.215 188.411 2.34192
69.9813 188.411 1.02752
5.38318 199.178 0.882633
16.1495 199.178 1.95356
26.9159 199.178 2.92591
37.6822 199.178 3.15293
48.4486 199.178 2.51352
59.215 199.178 1.71274
69.9813 199.178 0.897414
5.38318 209.944 0.578211
16.1495 209.944 1.14875
26.9159 209.944 1.32309
37.6822 209.944 1.39979
48.4486 209.944 1.07938
59.215 209.944 1.00401
69.9813 209.944 0.638788
