48 26
0 6 72 40
0 0 72 72
0 0 72 82
0 0 72 144
0 0 72 216
5.38318 5.38318 0.214906
16.1495 5.38318 0.599761
26.9159 5.38318 1.47443
37.6822 5.38318 1.84876
48.4486 5.38318 1.89874
59.215 5.38318 1.3398
69.9813 5.38318 0.732641
5.38318 16.1495 0.316167
16.1495 16.1495 1.2825
26.9159 16.1495 3.04025
37.6822 16.1495 4.00972
48.4486 16.1495 4.0804
59.215 16.1495 2.81158
69.9813 16.1495 1.47253
5.38318 26.9159 0.108504
16.1495 26.9159 1.25292
26.9159 26.9159 3.62346
37.6822 26.9159 5.27381
48.4486 26.9159 5.5656
59.215 26.9159 3.96048
69.9813 26.9159 2.03019
5.38318 37.6822 0.28658
16.1495 37.6822 1.33637
26.9159 37.6822 3.45372
37.6822 37.6822 4.97837
48.4486 37.6822 5.17223
59.215 37.6822 3.72017
69.9813 37.6822 1.88689
5.38318 48.4486 0.385586
16.1495 48.4486 0.95575
26.9159 48.4486 2.26675
37.6822 48.4486 2.91026
48.4486 48.4486 3.05989
59.215 48.4486 2.4286
69.9813 48.4486 1.41199
5.38318 59.215 0.620108
16.1495 59.215 1.01213
26.9159 59.215 1.67438
37.6822 59.215 1.49965
48.4486 59.215 1.62072
59.215 59.215 1.40798
69.9813 59.215 1.1213
5.38318 69.9813 0.524137
16.1495 69.9813 0.744461
26.9159 69.9813 1.2095
37.6822 69.9813 0.888465
48.4486 69.9813 1.14432
59.215 69.9813 1.10394
69.9813 69.9813 1.04516
5.38318 80.7477 0.0365102
16.1495 80.7477 0.0635511
26.9159 80.7477 0.567526
37.6822 80.7477 0.412875
48.4486 80.7477 0.684359
59.215 80.7477 0.653499
69.9813 80.7477 0.71264
5.38318 91.514 -0.248328
16.1495 91.514 -0.376326
26.9159 91.514 -0.265297
37.6822 91.514 -0.223075
48.4486 91.514 -0.125262
59.215 91.514 -0.0517907
69.9813 91.514 0.204332
5.38318 102.28 -0.293136
16.1495 102.28 -0.416166
26.9159 102.28 -0.320561
37.6822 102.28 -0.270114
48.4486 102.28 -0.243644
59.215 102.28 -0.188996
69.9813 102.28 -0.0560416
5.38318 113.047 -0.299213
16.1495 113.047 -0.449117
26.9159 113.047 -0.435446
37.6822 113.047 -0.402924
48.4486 113.047 -0.361929
59.215 113.047 -0.264085
69.9813 113.047 -0.103554
5.38318 123.813 -0.297317
16.1495 123.813 -0.443012
26.9159 123.813 -0.395359
37.6822 123.813 -0.305725
48.4486 123.813 -0.193045
59.215 123.813 -0.0917939
69.9813 123.813 0.0571445
5.38318 134.579 -0.284562
16.1495 134.579 -0.404486
26.9159 134.579 -0.282057
37.6822 134.579 -0.0857129
48.4486 134.579 0.355109
59.215 134.579 0.553863
69.9813 134.579 0.570602
5.38318 145.346 -0.226215
16.1495 145.346 -0.291083
26.9159 145.346 -0.0955756
37.6822 145.346 0.466899
48.4486 145.346 1.23834
59.215 145.346 1.46659
69.9813 145.346 1.17739
5.38318 156.112 -0.14182
16.1495 156.112 -0.145071
26.9159 156.112 0.206768
37.6822 156.112 0.829401
48.4486 156.112 1.67165
59.215 156.112 1.92367
69.9813 156.112 1.51335
5.38318 166.879 -0.0629498
16.1495 166.879 -0.00512609
26.9159 166.879 0.553246
37.6822 166.879 1.00815
48.4486 166.879 1.67186
59.215 166.879 1.83128
69.9813 166.879 1.40941
5.38318 177.645 0.0529423
16.1495 177.645 0.330124
26.9159 177.645 0.871156
37.6822 177.645 1.04751
48.4486 177.645 1.3091
59.215 177.645 1.23037
69.9813 177.645 0.922315
5.38318 188.411 0.217932
16.1495 188.411 0.599958
26.9159 188.411 1.19645
37.6822 188.411 1.23308
48.4486 188.411 1.26853
59.215 188.411 1.02148
69.9813 188.411 0.776879
5.38318 199.178 0.339026
16.1495 199.178 0.878574
26.9159 199.178 1.58232
37.6822 199.178 1.60879
48.4486 199.178 1.42979
59.215 199.178 1.03576
69.9813 199.178 0.727827
5.38318 209.944 0.283421
16.1495 209.944 0.878268
26.9159 209.944 1.46124
37.6822 209.944 1.54235
48.4486 209.944 1.2673
59.215 209.944 0.834313
69.9813 209.944 0.503301
