48 177
0 157 72 40
0 141 72 72
0 134 72 82
0 72 72 144
0 0 72 216
5.38318 5.38318 0.0550985
16.1495 5.38318 0.32501
26.9159 5.38318 0.986048
37.6822 5.38318 1.51617
48.4486 5.38318 1.52108
59.215 5.38318 1.20153
69.9813 5.38318 0.635151
5.38318 16.1495 0.169633
16.1495 16.1495 0.82491
26.9159 16.1495 1.88822
37.6822 16.1495 2.74995
48.4486 16.1495 2.83705
59.215 16.1495 2.28281
69.9813 16.1495 1.24166
5.38318 26.9159 0.284148
16.1495 26.9159 1.13369
26.9159 26.9159 2.34874
37.6822 26.9159 3.38837
48.4486 26.9159 3.61054
59.215 26.9159 2.9609
69.9813 26.9159 1.63226
5.38318 37.6822 0.859463
16.1495 37.6822 1.89533
26.9159 37.6822 2.91342
37.6822 37.6822 3.59688
48.4486 37.6822 3.68951
59.215 37.6822 2.97125
69.9813 37.6822 1.67391
5.38318 48.4486 1.20428
16.1495 48.4486 2.38087
26.9159 48.4486 3.46041
37.6822 48.4486 3.92685
48.4486 48.4486 3.83157
59.215 48.4486 2.92672
69.9813 48.4486 1.59148
5.38318 59.215 1.22258
16.1495 59.215 2.2812
26.9159 59.215 3.34007
37.6822 59.215 3.7816
48.4486 59.215 3.75994
59.215 59.215 3.03354
69.9813 59.215 1.68898
5.38318 69.9813 0.81764
16.1495 69.9813 1.41425
26.9159 69.9813 2.16612
37.6822 69.9813 2.49892
48.4486 69.9813 2.54854
59.215 69.9813 2.22846
69.9813 69.9813 1.26149
5.38318 80.7477 0.169919
16.1495 80.7477 0.240027
26.9159 80.7477 0.554732
37.6822 80.7477 0.559952
48.4486 80.7477 0.464829
59.215 80.7477 0.600963
69.9813 80.7477 0.384356
5.38318 91.514 -0.200716
16.1495 91.514 -0.289273
26.9159 91.514 -0.240939
37.6822 91.514 -0.23588
48.4486 91.514 -0.284569
59.215 91.514 -0.197787
69.9813 91.514 -0.0992684
5.38318 102.28 -0.289019
16.1495 102.28 -0.436805
26.9159 102.28 -0.44252
37.6822 102.28 -0.443732
48.4486 102.28 -0.442639
59.215 102.28 -0.341647
69.9813 102.28 -0.15638
5.38318 113.047 -0.296424
16.1495 113.047 -0.446425
26.9159 113.047 -0.441375
37.6822 113.047 -0.428743
48.4486 113.047 -0.409783
59.215 113.047 -0.320041
69.9813 113.047 -0.14194
5.38318 123.813 -0.279189
16.1495 123.813 -0.412501
26.9159 123.813 -0.365949
37.6822 123.813 -0.344504
48.4486 123.813 -0.295841
59.215 123.813 -0.213177
69.9813 123.813 -0.0687296
5.38318 134.579 -0.195913
16.1495 134.579 -0.245843
26.9159 134.579 -0.150183
37.6822 134.579 -0.119753
48.4486 134.579 -0.0482159
59.215 134.579 -0.0195731
69.9813 134.579 0.160641
5.38318 145.346 -0.0622043
16.1495 145.346 0.127006
26.9159 145.346 0.565994
37.6822 145.346 0.795699
48.4486 145.346 1.01128
59.215 145.346 0.827631
69.9813 145.346 0.671949
5.38318 156.112 0.269811
16.1495 156.112 1.05294
26.9159 156.112 1.86236
37.6822 156.112 2.34304
48.4486 156.112 2.4585
59.215 156.112 1.89963
69.9813 156.112 1.23806
5.38318 166.879 0.527346
16.1495 166.879 1.74725
26.9159 166.879 3.07995
37.6822 166.879 4.10301
48.4486 166.879 4.23775
59.215 166.879 3.18529
69.9813 166.879 1.8527
5.38318 177.645 0.888364
16.1495 177.645 2.24096
26.9159 177.645 3.79207
37.6822 177.645 5.07366
48.4486 177.645 5.19786
59.215 177.645 3.95755
69.9813 177.645 2.2271
5.38318 188.411 1.29979
16.1495 188.411 2.57871
26.9159 188.411 3.77192
37.6822 188.411 4.661
48.4486 188.411 4.68291
59.215 188.411 3.61784
69.9813 188.411 2.05863
5.38318 199.178 1.87935
16.1495 199.178 3.13337
26.9159 199.178 3.24204
37.6822 199.178 2.83508
48.4486 199.178 2.42872
59.215 199.178 1.9527
69.9813 199.178 1.32764
5.38318 209.944 1.78064
16.1495 209.944 2.87375
26.9159 209.944 2.70145
37.6822 209.944 1.792
48.4486 209.944 1.23579
59.215 209.944 0.927206
69.9813 209.944 0.741194
