37 177
0 157 72 40
0 141 72 72
0 134 72 82
0 72 72 144
0 0 72 216
5.38318 5.38318 0.359063
16.1495 5.38318 0.598605
26.9159 5.38318 0.916689
37.6822 5.38318 1.0289
48.4486 5.38318 1.0387
59.215 5.38318 0.764054
69.9813 5.38318 0.473898
5.38318 16.1495 0.627938
16.1495 16.1495 1.32029
26.9159 16.1495 2.0431
37.6822 16.1495 2.29742
48.4486 16.1495 2.31574
59.215 16.1495 1.72525
69.9813 16.1495 1.0345
5.38318 26.9159 0.612402
16.1495 26.9159 1.50053
26.9159 26.9159 2.54408
37.6822 26.9159 2.95267
48.4486 26.9159 2.94195
59.215 26.9159 2.12625
69.9813 26.9159 1.25487
5.38318 37.6822 0.789819
16.1495 37.6822 1.7996
26.9159 37.6822 3.08238
37.6822 37.6822 3.44806
48.4486 37.6822 3.26487
59.215 37.6822 2.25371
69.9813 37.6822 1.30802
5.38318 48.4486 0.727208
16.1495 48.4486 1.64773
26.9159 48.4486 2.807
37.6822 48.4486 3.00951
48.4486 48.4486 2.66569
59.215 48.4486 1.76364
69.9813 48.4486 0.977207
5.38318 59.215 0.371826
16.1495 59.215 0.988608
26.9159 59.215 1.99171
37.6822 59.215 1.98839
48.4486 59.215 1.51035
59.215 59.215 0.755271
69.9813 59.215 0.398398
5.38318 69.9813 -0.165134
16.1495 69.9813 -0.177819
26.9159 69.9813 0.159712
37.6822 69.9813 -0.0653306
48.4486 69.9813 -0.27777
59.215 69.9813 -0.335443
69.9813 69.9813 -0.173164
5.38318 80.7477 -0.438925
16.1495 80.7477 -0.665557
26.9159 80.7477 -0.609886
37.6822 80.7477 -0.70699
48.4486 80.7477 -0.786388
59.215 80.7477 -0.688368
69.9813 80.7477 -0.333784
5.38318 91.514 -0.548817
16.1495 91.514 -0.887182
26.9159 91.514 -0.974482
37.6822 91.514 -1.02113
48.4486 91.514 -0.994711
59.215 91.514 -0.811579
69.9813 91.514 -0.364794
5.38318 102.28 -0.582791
16.1495 102.28 -0.93707
26.9159 102.28 -1.02925
37.6822 102.28 -1.04283
48.4486 102.28 -0.995958
59.215 102.28 -0.793914
69.9813 102.28 -0.351441
5.38318 113.047 -0.584241
16.1495 113.047 -0.934828
26.9159 113.047 -1.01625
37.6822 113.047 -1.01526
48.4486 113.047 -0.961643
59.215 113.047 -0.758892
69.9813 113.047 -0.32818
5.38318 123.813 -0.570933
16.1495 123.813 -0.904927
26.9159 123.813 -0.966397
37.6822 123.813 -0.952773
48.4486 123.813 -0.902204
59.215 123.813 -0.683342
69.9813 123.813 -0.290015
5.38318 134.579 -0.518322
16.1495 134.579 -0.803075
26.9159 134.579 -0.771742
37.6822 134.579 -0.735794
48.4486 134.579 -0.691952
59.215 134.579 -0.506626
69.9813 134.579 -0.189327
5.38318 145.346 -0.264788
16.1495 145.346 -0.280972
26.9159 145.346 -0.0534954
37.6822 145.346 0.057427
48.4486 145.346 -0.0428369
59.215 145.346 -0.060514
69.9813 145.346 0.0528969
5.38318 156.112 0.244569
16.1495 156.112 0.984971
26.9159 156.112 2.0091
37.6822 156.112 2.30491
48.4486 156.112 1.95131
59.215 156.112 1.27673
69.9813 156.112 0.748857
5.38318 166.879 1.1205
16.1495 166.879 2.60836
26.9159 166.879 4.24905
37.6822 166.879 4.68389
48.4486 166.879 3.91799
59.215 166.879 2.45037
69.9813 166.879 1.24219
5.38318 177.645 1.32317
16.1495 177.645 3.04766
26.9159 177.645 5.15945
37.6822 177.645 5.8162
48.4486 177.645 5.04328
59.215 177.645 3.13118
69.9813 177.645 1.5264
5.38318 188.411 1.22064
16.1495 188.411 2.70868
26.9159 188.411 4.54515
37.6822 188.411 5.04832
48.4486 188.411 4.37391
59.215 188.411 2.69399
69.9813 188.411 1.33005
5.38318 199.178 0.585239
16.1495 199.178 1.26697
26.9159 199.178 2.14119
37.6822 199.178 2.29229
48.4486 199.178 2.13733
59.215 199.178 1.49393
69.9813 199.178 0.916869
5.38318 209.944 0.265012
16.1495 209.944 0.579883
26.9159 209.944 0.816377
37.6822 209.944 0.770812
48.4486 209.944 0.695315
59.215 209.944 0.604472
69.9813 209.944 0.540713
