26 188
0 168 72 40
0 144 72 72
0 134 72 82
0 72 72 144
0 0 72 216
5.38318 5.38318 -0.0208323
16.1495 5.38318 -0.0463322
26.9159 5.38318 0.119773
37.6822 5.38318 0.146902
48.4486 5.38318 0.182962
59.215 5.38318 0.050292
69.9813 5.38318 0.086861
5.38318 16.1495 0.0477128
16.1495 16.1495 0.356951
26.9159 16.1495 0.953959
37.6822 16.1495 1.06374
48.4486 16.1495 0.870138
59.215 16.1495 0.459082
69.9813 16.1495 0.334718
5.38318 26.9159 -0.00710797
16.1495 26.9159 0.569073
26.9159 26.9159 1.56213
37.6822 26.9159 1.77904
48.4486 26.9159 1.3579
59.215 26.9159 0.573284
69.9813 26.9159 0.290054
5.38318 37.6822 0.611633
16.1495 37.6822 1.70179
26.9159 37.6822 2.91941
37.6822 37.6822 3.26506
48.4486 37.6822 2.49646
59.215 37.6822 1.3678
69.9813 37.6822 0.572331
5.38318 48.4486 0.915501
16.1495 48.4486 2.22376
26.9159 48.4486 3.50072
37.6822 48.4486 3.89949
48.4486 48.4486 3.14746
59.215 48.4486 1.8533
69.9813 48.4486 0.88518
5.38318 59.215 1.08539
16.1495 59.215 2.36257
26.9159 59.215 3.2534
37.6822 59.215 3.54566
48.4486 59.215 3.0128
59.215 59.215 1.9569
69.9813 59.215 1.07379
5.38318 69.9813 0.845806
16.1495 69.9813 1.85298
26.9159 69.9813 2.22161
37.6822 69.9813 2.32537
48.4486 69.9813 2.03918
59.215 69.9813 1.49816
69.9813 69.9813 0.951758
5.38318 80.7477 0.385467
16.1495 80.7477 1.06918
26.9159 80.7477 1.35485
37.6822 80.7477 1.47313
48.4486 80.7477 1.15307
59.215 80.7477 0.855332
69.9813 80.7477 0.565773
5.38318 91.514 -0.192251
16.1495 91.514 -0.16422
26.9159 91.514 -0.0754554
37.6822 91.514 -0.0125696
48.4486 91.514 -0.153116
59.215 91.514 -0.128006
69.9813 91.514 -0.0650241
5.38318 102.28 -0.295937
16.1495 102.28 -0.430934
26.9159 102.28 -0.396904
37.6822 102.28 -0.378446
48.4486 102.28 -0.427824
59.215 102.28 -0.336684
69.9813 102.28 -0.174761
5.38318 113.047 -0.286711
16.1495 113.047 -0.424116
26.9159 113.047 -0.397693
37.6822 113.047 -0.379976
48.4486 113.047 -0.373691
59.215 113.047 -0.295911
69.9813 113.047 -0.128983
5.38318 123.813 -0.182947
16.1495 123.813 -0.230211
26.9159 123.813 -0.159843
37.6822 123.813 -0.159894
48.4486 123.813 -0.20337
59.215 123.813 -0.198443
69.9813 123.813 -0.0804977
5.38318 134.579 -0.000158809
16.1495 134.579 0.316672
26.9159 134.579 0.650772
37.6822 134.579 0.61476
48.4486 134.579 0.318214
59.215 134.579 0.0304074
69.9813 134.579 0.075643
5.38318 145.346 0.370621
16.1495 145.346 1.04057
26.9159 145.346 1.70167
37.6822 145.346 1.64453
48.4486 145.346 1.21473
59.215 145.346 0.65534
69.9813 145.346 0.388957
5.38318 156.112 0.836259
16.1495 156.112 1.96138
26.9159 156.112 2.74747
37.6822 156.112 2.70421
48.4486 156.112 2.19579
59.215 156.112 1.48861
69.9813 156.112 0.895567
5.38318 166.879 1.34014
16.1495 166.879 2.53886
26.9159 166.879 3.24511
37.6822 166.879 3.2047
48.4486 166.879 3.0126
59.215 166.879 2.29412
69.9813 166.879 1.47384
5.38318 177.645 2.4522
16.1495 177.645 3.93255
26.9159 177.645 4.16899
37.6822 177.645 3.95873
48.4486 177.645 4.1933
59.215 177.645 3.76946
69.9813 177.645 2.54362
5.38318 188.411 3.11031
16.1495 188.411 4.92499
26.9159 188.411 4.97617
37.6822 188.411 4.46963
48.4486 188.411 4.96677
59.215 188.411 4.68783
69.9813 188.411 3.28465
5.38318 199.178 2.78985
16.1495 199.178 4.51853
26.9159 199.178 4.62472
37.6822 199.178 4.14688
48.4486 199.178 4.57072
59.215 199.178 4.29042
69.9813 199.178 3.03771
5.38318 209.944 1.22137
16.1495 209.944 1.94895
26.9159 209.944 2.16877
37.6822 209.944 1.96766
48.4486 209.944 2.27752
59.215 209.944 2.04113
69.9813 209.944 1.52503
