37 26
0 6 72 40
0 0 72 72
0 0 72 82
0 0 72 144
0 0 72 216
5.38318 5.38318 0.896109
16.1495 5.38318 1.49073
26.9159 5.38318 1.97947
37.6822 5.38318 2.09216
48.4486 5.38318 1.95947
59.215 5.38318 1.38666
69.9813 5.38318 0.79989
5.38318 16.1495 1.31961
16.1495 16.1495 2.40562
26.9159 16.1495 3.36851
37.6822 16.1495 3.65207
48.4486 16.1495 3.40405
59.215 16.1495 2.40634
69.9813 16.1495 1.37018
5.38318 26.9159 1.20375
16.1495 26.9159 2.44299
26.9159 26.9159 3.70997
37.6822 26.9159 4.16313
48.4486 26.9159 3.72018
59.215 26.9159 2.48356
69.9813 26.9159 1.30722
5.38318 37.6822 0.64023
16.1495 37.6822 1.54989
26.9159 37.6822 2.54684
37.6822 37.6822 2.87092
48.4486 37.6822 2.42551
59.215 37.6822 1.51264
69.9813 37.6822 0.744814
5.38318 48.4486 0.229879
16.1495 48.4486 0.848232
26.9159 48.4486 1.74042
37.6822 48.4486 2.07229
48.4486 48.4486 1.71645
59.215 48.4486 0.953003
69.9813 48.4486 0.417312
5.38318 59.215 0.038412
16.1495 59.215 0.681534
26.9159 59.215 1.85193
37.6822 59.215 2.33457
48.4486 59.215 1.98851
59.215 59.215 1.08021
69.9813 59.215 0.413355
5.38318 69.9813 -0.0778825
16.1495 69.9813 0.413914
26.9159 69.9813 1.75601
37.6822 69.9813 2.30725
48.4486 69.9813 2.00053
59.215 69.9813 1.00975
69.9813 69.9813 0.326243
5.38318 80.7477 -0.190574
16.1495 80.7477 -0.0905277
26.9159 80.7477 0.788652
37.6822 80.7477 1.2267
48.4486 80.7477 0.984543
59.215 80.7477 0.325895
69.9813 80.7477 -0.00739918
5.38318 91.514 -0.271784
16.1495 91.514 -0.364241
26.9159 91.514 -0.233277
37.6822 91.514 -0.192514
48.4486 91.514 -0.222852
59.215 91.514 -0.262729
69.9813 91.514 -0.144652
5.38318 102.28 -0.293051
16.1495 102.28 -0.442384
26.9159 102.28 -0.433937
37.6822 102.28 -0.43544
48.4486 102.28 -0.454155
59.215 102.28 -0.377123
69.9813 102.28 -0.184296
5.38318 113.047 -0.300007
16.1495 113.047 -0.453492
26.9159 113.047 -0.459958
37.6822 113.047 -0.443203
48.4486 113.047 -0.427357
59.215 113.047 -0.337214
69.9813 113.047 -0.149588
5.38318 123.813 -0.293701
16.1495 123.813 -0.432792
26.9159 123.813 -0.382137
37.6822 123.813 -0.336972
48.4486 123.813 -0.311556
59.215 123.813 -0.24337
69.9813 123.813 -0.101044
5.38318 134.579 -0.278006
16.1495 134.579 -0.363318
26.9159 134.579 -0.222337
37.6822 134.579 -0.0892886
48.4486 134.579 -0.0436349
59.215 134.579 -0.0146164
69.9813 134.579 0.0436457
5.38318 145.346 -0.195214
16.1495 145.346 -0.184884
26.9159 145.346 0.241635
37.6822 145.346 0.759014
48.4486 145.346 0.864382
59.215 145.346 0.707785
69.9813 145.346 0.414913
5.38318 156.112 -0.0736081
16.1495 156.112 0.0972923
26.9159 156.112 0.891668
37.6822 156.112 1.62528
48.4486 156.112 1.7187
59.215 156.112 1.37042
69.9813 156.112 0.738665
5.38318 166.879 0.23549
16.1495 166.879 0.689599
26.9159 166.879 1.46924
37.6822 166.879 1.98375
48.4486 166.879 1.95361
59.215 166.879 1.50557
69.9813 166.879 0.804218
5.38318 177.645 0.483438
16.1495 177.645 1.15217
26.9159 177.645 1.6703
37.6822 177.645 1.80263
48.4486 177.645 1.51068
59.215 177.645 1.1175
69.9813 177.645 0.595184
5.38318 188.411 0.598249
16.1495 188.411 1.32583
26.9159 188.411 1.63568
37.6822 188.411 1.50796
48.4486 188.411 0.965932
59.215 188.411 0.695938
69.9813 188.411 0.391953
5.38318 199.178 0.372974
16.1495 199.178 0.9445
26.9159 199.178 1.1634
37.6822 199.178 1.21248
48.4486 199.178 0.849192
59.215 199.178 0.702746
69.9813 199.178 0.422369
5.38318 209.944 0.103458
16.1495 209.944 0.43394
26.9159 209.944 0.589174
37.6822 209.944 0.753119
48.4486 209.944 0.630366
59.215 209.944 0.581387
69.9813 209.944 0.375952
