37 188
0 168 72 40
0 144 72 72
0 134 72 82
0 72 72 144
0 0 72 216
5.38318 5.38318 0.307627
16.1495 5.38318 0.595506
26.9159 5.38318 1.3598
37.6822 5.38318 1.74763
48.4486 5.38318 1.7298
59.215 5.38318 1.24143
69.9813 5.38318 0.676146
5.38318 16.1495 0.650302
16.1495 16.1495 1.46346
26.9159 16.1495 2.83009
37.6822 16.1495 3.73055
48.4486 16.1495 3.71215
59.215 16.1495 2.63576
69.9813 16.1495 1.39568
5.38318 26.9159 1.09152
16.1495 26.9159 2.14145
26.9159 26.9159 3.86112
37.6822 26.9159 5.11823
48.4486 26.9159 5.09254
59.215 26.9159 3.61355
69.9813 26.9159 1.82678
5.38318 37.6822 1.5348
16.1495 37.6822 2.63903
26.9159 37.6822 4.01796
37.6822 37.6822 4.90952
48.4486 37.6822 4.78253
59.215 37.6822 3.37524
69.9813 37.6822 1.73284
5.38318 48.4486 1.58958
16.1495 48.4486 2.4374
26.9159 48.4486 3.16442
37.6822 48.4486 3.23443
48.4486 48.4486 2.89867
59.215 48.4486 2.06407
69.9813 48.4486 1.10515
5.38318 59.215 0.964366
16.1495 59.215 1.36086
26.9159 59.215 1.58603
37.6822 59.215 1.1723
48.4486 59.215 0.95458
59.215 59.215 0.845969
69.9813 59.215 0.694909
5.38318 69.9813 0.0801596
16.1495 69.9813 0.0430038
26.9159 69.9813 0.0867182
37.6822 69.9813 -0.147452
48.4486 69.9813 -0.224983
59.215 69.9813 -0.0260289
69.9813 69.9813 0.255122
5.38318 80.7477 -0.30132
16.1495 80.7477 -0.509346
26.9159 80.7477 -0.56952
37.6822 80.7477 -0.604987
48.4486 80.7477 -0.553795
59.215 80.7477 -0.240487
69.9813 80.7477 0.0784148
5.38318 91.514 -0.534733
16.1495 91.514 -0.859181
26.9159 91.514 -0.950627
37.6822 91.514 -0.922988
48.4486 91.514 -0.860364
59.215 91.514 -0.570917
69.9813 91.514 -0.207864
5.38318 102.28 -0.567206
16.1495 102.28 -0.899503
26.9159 102.28 -0.975205
37.6822 102.28 -0.959154
48.4486 102.28 -0.905024
59.215 102.28 -0.667226
69.9813 102.28 -0.27265
5.38318 113.047 -0.570936
16.1495 113.047 -0.912604
26.9159 113.047 -0.982311
37.6822 113.047 -0.979954
48.4486 113.047 -0.922786
59.215 113.047 -0.705675
69.9813 113.047 -0.295643
5.38318 123.813 -0.524804
16.1495 123.813 -0.824963
26.9159 123.813 -0.774627
37.6822 123.813 -0.766973
48.4486 123.813 -0.685745
59.215 123.813 -0.522575
69.9813 123.813 -0.193233
5.38318 134.579 -0.296439
16.1495 134.579 -0.377544
26.9159 134.579 -0.181778
37.6822 134.579 -0.164082
48.4486 134.579 -0.132684
59.215 134.579 -0.124651
69.9813 134.579 0.0601732
5.38318 145.346 -0.00351963
16.1495 145.346 0.580756
26.9159 145.346 1.38796
37.6822 145.346 1.60656
48.4486 145.346 1.4915
59.215 145.346 0.997845
69.9813 145.346 0.690476
5.38318 156.112 0.715382
16.1495 156.112 2.11697
26.9159 156.112 3.23829
37.6822 156.112 3.64167
48.4486 156.112 3.21802
59.215 156.112 2.26582
69.9813 156.112 1.3055
5.38318 166.879 1.20183
16.1495 166.879 2.96836
26.9159 166.879 4.52731
37.6822 166.879 5.06493
48.4486 166.879 4.31362
59.215 166.879 2.85772
69.9813 166.879 1.53239
5.38318 177.645 1.47147
16.1495 177.645 3.40312
26.9159 177.645 5.21484
37.6822 177.645 5.75563
48.4486 177.645 4.93741
59.215 177.645 3.25495
69.9813 177.645 1.71994
5.38318 188.411 1.94335
16.1495 188.411 3.92903
26.9159 188.411 5.52042
37.6822 188.411 5.80309
48.4486 188.411 5.00173
59.215 188.411 3.41055
69.9813 188.411 1.87693
5.38318 199.178 2.36845
16.1495 199.178 4.10165
26.9159 199.178 4.73555
37.6822 199.178 4.78098
48.4486 199.178 4.5717
59.215 199.178 3.96023
69.9813 199.178 2.53213
5.38318 209.944 2.07182
16.1495 209.944 3.40499
26.9159 209.944 3.40312
37.6822 209.944 3.16925
48.4486 209.944 3.25754
59.215 209.944 3.26207
69.9813 209.944 2.24106
