37 37
0 17 72 40
0 1 72 72
0 0 72 82
0 0 72 144
0 0 72 216
5.38318 5.38318 0.802369
16.1495 5.38318 1.19195
26.9159 5.38318 1.43124
37.6822 5.38318 1.33809
48.4486 5.38318 1.12421
59.215 5.38318 0.902798
69.9813 5.38318 0.538926
5.38318 16.1495 1.43358
16.1495 16.1495 2.55436
26.9159 16.1495 3.17874
37.6822 16.1495 2.91393
48.4486 16.1495 2.37135
59.215 16.1495 1.76869
69.9813 16.1495 1.04787
5.38318 26.9159 1.68455
16.1495 26.9159 3.22904
26.9159 26.9159 4.34017
37.6822 26.9159 4.13764
48.4486 26.9159 3.36121
59.215 26.9159 2.26425
69.9813 26.9159 1.21196
5.38318 37.6822 1.56717
16.1495 37.6822 3.21319
26.9159 37.6822 4.62614
37.6822 37.6822 4.66635
48.4486 37.6822 3.81248
59.215 37.6822 2.34258
69.9813 37.6822 1.16466
5.38318 48.4486 1.05525
16.1495 48.4486 2.30175
26.9159 48.4486 3.66751
37.6822 48.4486 3.93503
48.4486 48.4486 3.35493
59.215 48.4486 2.06909
69.9813 48.4486 1.03393
5.38318 59.215 0.618565
16.1495 59.215 1.39371
26.9159 59.215 2.12721
37.6822 59.215 2.16081
48.4486 59.215 1.90097
59.215 59.215 1.26809
69.9813 59.215 0.799537
5.38318 69.9813 0.435162
16.1495 69.9813 1.024
26.9159 69.9813 1.50703
37.6822 69.9813 1.49198
48.4486 69.9813 1.32853
59.215 69.9813 1.01108
69.9813 69.9813 0.727098
5.38318 80.7477 0.0616537
16.1495 80.7477 0.389265
26.9159 80.7477 0.719101
37.6822 80.7477 0.690149
48.4486 80.7477 0.621758
59.215 80.7477 0.505645
69.9813 80.7477 0.441535
5.38318 91.514 -0.192632
16.1495 91.514 -0.245962
26.9159 91.514 -0.21409
37.6822 91.514 -0.203952
48.4486 91.514 -0.201835
59.215 91.514 -0.132679
69.9813 91.514 0.00276048
5.38318 102.28 -0.277367
16.1495 102.28 -0.418341
26.9159 102.28 -0.416652
37.6822 102.28 -0.412626
48.4486 102.28 -0.409886
59.215 102.28 -0.314381
69.9813 102.28 -0.136466
5.38318 113.047 -0.299258
16.1495 113.047 -0.452403
26.9159 113.047 -0.457459
37.6822 113.047 -0.440789
48.4486 113.047 -0.425913
59.215 113.047 -0.33176
69.9813 113.047 -0.147366
5.38318 123.813 -0.272634
16.1495 123.813 -0.406521
26.9159 123.813 -0.38256
37.6822 123.813 -0.374181
48.4486 123.813 -0.370488
59.215 123.813 -0.284049
69.9813 123.813 -0.121617
5.38318 134.579 -0.200083
16.1495 134.579 -0.299904
26.9159 134.579 -0.265106
37.6822 134.579 -0.262201
48.4486 134.579 -0.267092
59.215 134.579 -0.176681
69.9813 134.579 -0.0537267
5.38318 145.346 -0.0688915
16.1495 145.346 -0.107723
26.9159 145.346 -0.0259747
37.6822 145.346 -0.0335489
48.4486 145.346 -0.0579677
59.215 145.346 0.0717853
69.9813 145.346 0.204726
5.38318 156.112 0.117125
16.1495 156.112 0.0801168
26.9159 156.112 0.316301
37.6822 156.112 0.222145
48.4486 156.112 0.228504
59.215 156.112 0.513648
69.9813 156.112 0.490965
5.38318 166.879 0.458946
16.1495 166.879 0.660589
26.9159 166.879 0.976859
37.6822 166.879 0.725433
48.4486 166.879 0.676442
59.215 166.879 0.858157
69.9813 166.879 0.72812
5.38318 177.645 0.589941
16.1495 177.645 0.90943
26.9159 177.645 1.29099
37.6822 177.645 0.952652
48.4486 177.645 0.825714
59.215 177.645 0.90869
69.9813 177.645 0.756871
5.38318 188.411 0.64253
16.1495 188.411 1.07285
26.9159 188.411 1.50869
37.6822 188.411 1.13748
48.4486 188.411 0.851231
59.215 188.411 0.671247
69.9813 188.411 0.573964
5.38318 199.178 0.194167
16.1495 199.178 0.375431
26.9159 199.178 0.814998
37.6822 199.178 0.580585
48.4486 199.178 0.446092
59.215 199.178 0.296096
69.9813 199.178 0.417247
5.38318 209.944 0.144028
16.1495 209.944 0.326402
26.9159 209.944 0.667892
37.6822 209.944 0.456052
48.4486 209.944 0.321161
59.215 209.944 0.123784
69.9813 209.944 0.27917
