48 188
0 168 72 40
0 144 72 72
0 134 72 82
0 72 72 144
0 0 72 216
5.38318 5.38318 0.732348
16.1495 5.38318 1.57435
26.9159 5.38318 2.08366
37.6822 5.38318 1.73644
48.4486 5.38318 0.945956
59.215 5.38318 0.25386
69.9813 5.38318 0.0371864
5.38318 16.1495 1.09729
16.1495 16.1495 2.61429
26.9159 16.1495 3.55605
37.6822 16.1495 3.02125
48.4486 16.1495 1.80824
59.215 16.1495 0.527625
69.9813 16.1495 0.212643
5.38318 26.9159 1.19835
16.1495 26.9159 2.73873
26.9159 26.9159 3.6739
37.6822 26.9159 3.10827
48.4486 26.9159 1.70856
59.215 26.9159 0.273972
69.9813 26.9159 0.0150663
5.38318 37.6822 1.0397
16.1495 37.6822 2.17768
26.9159 37.6822 2.86817
37.6822 37.6822 2.43523
48.4486 37.6822 1.48914
59.215 37.6822 0.518975
69.9813 37.6822 0.379078
5.38318 48.4486 0.964643
16.1495 48.4486 2.01487
26.9159 48.4486 2.6264
37.6822 48.4486 2.41184
48.4486 48.4486 1.84765
59.215 48.4486 1.14271
69.9813 48.4486 0.770356
5.38318 59.215 0.637445
16.1495 59.215 1.42796
26.9159 59.215 1.95104
37.6822 59.215 1.77707
48.4486 59.215 1.57109
59.215 59.215 1.25623
69.9813 59.215 0.909942
5.38318 69.9813 0.333473
16.1495 69.9813 0.814695
26.9159 69.9813 1.0356
37.6822 69.9813 0.877905
48.4486 69.9813 0.792174
59.215 69.9813 0.853806
69.9813 69.9813 0.71969
5.38318 80.7477 -0.138633
16.1495 80.7477 -0.177875
26.9159 80.7477 -0.25887
37.6822 80.7477 -0.385471
48.4486 80.7477 -0.430203
59.215 80.7477 -0.249057
69.9813 80.7477 -0.0021078
5.38318 91.514 -0.468401
16.1495 91.514 -0.747771
26.9159 91.514 -0.888246
37.6822 91.514 -0.977571
48.4486 91.514 -0.949467
59.215 91.514 -0.707254
69.9813 91.514 -0.279996
5.38318 102.28 -0.577813
16.1495 102.28 -0.93539
26.9159 102.28 -1.03789
37.6822 102.28 -1.06084
48.4486 102.28 -1.00581
59.215 102.28 -0.792833
69.9813 102.28 -0.341836
5.38318 113.047 -0.568563
16.1495 113.047 -0.914856
26.9159 113.047 -1.00674
37.6822 113.047 -1.01654
48.4486 113.047 -0.967595
59.215 113.047 -0.766937
69.9813 113.047 -0.331006
5.38318 123.813 -0.461477
16.1495 123.813 -0.750557
26.9159 123.813 -0.843657
37.6822 123.813 -0.915234
48.4486 123.813 -0.901679
59.215 123.813 -0.688522
69.9813 123.813 -0.287674
5.38318 134.579 -0.128084
16.1495 134.579 -0.251595
26.9159 134.579 -0.388479
37.6822 134.579 -0.578446
48.4486 134.579 -0.691133
59.215 134.579 -0.537509
69.9813 134.579 -0.209644
5.38318 145.346 0.869281
16.1495 145.346 1.28372
26.9159 145.346 1.12892
37.6822 145.346 0.559588
48.4486 145.346 -0.0290057
59.215 145.346 -0.0541395
69.9813 145.346 0.0716989
5.38318 156.112 1.68564
16.1495 156.112 2.54091
26.9159 156.112 2.72741
37.6822 156.112 2.42626
48.4486 156.112 1.89514
59.215 156.112 1.3623
69.9813 156.112 0.821122
5.38318 166.879 2.14499
16.1495 166.879 3.32132
26.9159 166.879 4.07136
37.6822 166.879 4.39539
48.4486 166.879 4.12888
59.215 166.879 3.05537
69.9813 166.879 1.63789
5.38318 177.645 1.82519
16.1495 177.645 2.93038
26.9159 177.645 4.16647
37.6822 177.645 5.28433
48.4486 177.645 5.50618
59.215 177.645 4.21562
69.9813 177.645 2.24174
5.38318 188.411 1.30304
16.1495 188.411 2.25135
26.9159 188.411 3.6976
37.6822 188.411 4.99976
48.4486 188.411 5.52073
59.215 188.411 4.36267
69.9813 188.411 2.36779
5.38318 199.178 0.373646
16.1495 199.178 1.01615
26.9159 199.178 2.35195
37.6822 199.178 3.34026
48.4486 199.178 3.86055
59.215 199.178 3.45716
69.9813 199.178 2.01555
5.38318 209.944 -0.0096283
16.1495 209.944 0.498017
26.9159 209.944 1.40759
37.6822 209.944 1.88109
48.4486 209.944 2.23268
59.215 209.944 2.14869
69.9813 209.944 1.39143
