37 37
0 17 72 40
0 1 72 72
0 0 72 82
0 0 72 144
0 0 72 216
5.38318 5.38318 0.520364
16.1495 5.38318 0.886495
26.9159 5.38318 1.27578
37.6822 5.38318 1.39038
48.4486 5.38318 1.24463
59.215 5.38318 0.889343
69.9813 5.38318 0.506936
5.38318 16.1495 1.08512
16.1495 16.1495 2.04538
26.9159 16.1495 3.02302
37.6822 16.1495 3.27646
48.4486 16.1495 2.90467
59.215 16.1495 1.97621
69.9813 16.1495 1.09152
5.38318 26.9159 1.551
16.1495 26.9159 3.10433
26.9159 26.9159 4.81021
37.6822 26.9159 5.1546
48.4486 26.9159 4.34573
59.215 26.9159 2.80428
69.9813 26.9159 1.43688
5.38318 37.6822 1.70189
16.1495 37.6822 3.49806
26.9159 37.6822 5.55616
37.6822 37.6822 5.86524
48.4486 37.6822 4.83852
59.215 37.6822 2.97205
69.9813 37.6822 1.4825
5.38318 48.4486 1.43141
16.1495 48.4486 2.91993
26.9159 48.4486 4.54519
37.6822 48.4486 4.61151
48.4486 48.4486 3.65099
59.215 48.4486 2.20507
69.9813 48.4486 1.12694
5.38318 59.215 0.778082
16.1495 59.215 1.51036
26.9159 59.215 2.22719
37.6822 59.215 2.22706
48.4486 59.215 1.84616
59.215 59.215 1.30897
69.9813 59.215 0.90599
5.38318 69.9813 0.486696
16.1495 69.9813 0.892378
26.9159 69.9813 1.0741
37.6822 69.9813 1.00779
48.4486 69.9813 0.885809
59.215 69.9813 0.848582
69.9813 69.9813 0.763277
5.38318 80.7477 -0.00585181
16.1495 80.7477 0.0361309
26.9159 80.7477 0.0422568
37.6822 80.7477 -0.0454158
48.4486 80.7477 -0.0318214
59.215 80.7477 0.138321
69.9813 80.7477 0.383188
5.38318 91.514 -0.260935
16.1495 91.514 -0.396026
26.9159 91.514 -0.417366
37.6822 91.514 -0.421188
48.4486 91.514 -0.411725
59.215 91.514 -0.278924
69.9813 91.514 -0.0862086
5.38318 102.28 -0.305958
16.1495 102.28 -0.465748
26.9159 102.28 -0.45451
37.6822 102.28 -0.432396
48.4486 102.28 -0.433326
59.215 102.28 -0.339987
69.9813 102.28 -0.160761
5.38318 113.047 -0.301061
16.1495 113.047 -0.455156
26.9159 113.047 -0.461548
37.6822 113.047 -0.444319
48.4486 113.047 -0.429604
59.215 113.047 -0.339841
69.9813 113.047 -0.151932
5.38318 123.813 -0.299433
16.1495 123.813 -0.453571
26.9159 123.813 -0.457682
37.6822 123.813 -0.441992
48.4486 123.813 -0.426073
59.215 123.813 -0.336973
69.9813 123.813 -0.150565
5.38318 134.579 -0.294794
16.1495 134.579 -0.443553
26.9159 134.579 -0.410229
37.6822 134.579 -0.381455
48.4486 134.579 -0.352766
59.215 134.579 -0.272221
69.9813 134.579 -0.113825
5.38318 145.346 -0.217586
16.1495 145.346 -0.301223
26.9159 145.346 -0.150967
37.6822 145.346 -0.0587262
48.4486 145.346 -0.021727
59.215 145.346 -0.0122847
69.9813 145.346 0.0652913
5.38318 156.112 -0.00854444
16.1495 156.112 0.136872
26.9159 156.112 0.808447
37.6822 156.112 1.27765
48.4486 156.112 1.36111
59.215 156.112 1.01258
69.9813 156.112 0.577291
5.38318 166.879 0.654196
16.1495 166.879 1.2938
26.9159 166.879 2.26629
37.6822 166.879 3.09681
48.4486 166.879 3.17463
59.215 166.879 2.36022
69.9813 166.879 1.21762
5.38318 177.645 1.27476
16.1495 177.645 2.19732
26.9159 177.645 3.40402
37.6822 177.645 4.5209
48.4486 177.645 4.57381
59.215 177.645 3.39464
69.9813 177.645 1.67834
5.38318 188.411 1.48984
16.1495 188.411 2.49922
26.9159 188.411 3.56102
37.6822 188.411 4.45062
48.4486 188.411 4.39933
59.215 188.411 3.26877
69.9813 188.411 1.62794
5.38318 199.178 1.02032
16.1495 199.178 1.70462
26.9159 199.178 2.27705
37.6822 199.178 2.52416
48.4486 199.178 2.35465
59.215 199.178 1.87895
69.9813 199.178 1.04141
5.38318 209.944 0.328026
16.1495 209.944 0.690373
26.9159 209.944 1.06444
37.6822 209.944 0.976398
48.4486 209.944 0.905517
59.215 209.944 0.810796
69.9813 209.944 0.607245
