37 188
0 168 72 40
0 144 72 72
0 134 72 82
0 72 72 144
0 0 72 216
5.38318 5.38318 0.451493
16.1495 5.38318 0.553385
26.9159 5.38318 0.533052
37.6822 5.38318 0.481992
48.4486 5.38318 0.480431
59.215 5.38318 0.501785
69.9813 5.38318 0.384898
5.38318 16.1495 0.809362
16.1495 16.1495 1.25915
26.9159 16.1495 1.28334
37.6822 16.1495 1.2209
48.4486 16.1495 1.20228
59.215 16.1495 1.24488
69.9813 16.1495 0.913878
5.38318 26.9159 0.877659
16.1495 26.9159 1.34254
26.9159 26.9159 1.36097
37.6822 26.9159 1.15285
48.4486 26.9159 1.09172
59.215 26.9159 1.22495
69.9813 26.9159 0.971239
5.38318 37.6822 0.61277
16.1495 37.6822 0.945131
26.9159 37.6822 1.08644
37.6822 37.6822 0.947788
48.4486 37.6822 0.82556
59.215 37.6822 0.935337
69.9813 37.6822 0.767548
5.38318 48.4486 -0.0155768
16.1495 48.4486 -0.067681
26.9159 48.4486 0.0406498
37.6822 48.4486 -0.128211
48.4486 48.4486 -0.267011
59.215 48.4486 -0.266014
69.9813 48.4486 -0.0854879
5.38318 59.215 -0.360932
16.1495 59.215 -0.600869
26.9159 59.215 -0.575786
37.6822 59.215 -0.637591
48.4486 59.215 -0.699322
59.215 59.215 -0.581979
69.9813 59.215 -0.268425
5.38318 69.9813 -0.517633
16.1495 69.9813 -0.842196
26.9159 69.9813 -0.899226
37.6822 69.9813 -0.91944
48.4486 69.9813 -0.952779
59.215 69.9813 -0.733399
69.9813 69.9813 -0.341902
5.38318 80.7477 -0.578398
16.1495 80.7477 -0.936793
26.9159 80.7477 -1.04899
37.6822 80.7477 -1.05114
48.4486 80.7477 -1.02851
59.215 80.7477 -0.81335
69.9813 80.7477 -0.372689
5.38318 91.514 -0.591862
16.1495 91.514 -0.950922
26.9159 91.514 -1.04743
37.6822 91.514 -1.04917
48.4486 91.514 -0.999696
59.215 91.514 -0.79201
69.9813 91.514 -0.347872
5.38318 102.28 -0.584655
16.1495 102.28 -0.935072
26.9159 102.28 -1.01685
37.6822 102.28 -1.01752
48.4486 102.28 -0.964127
59.215 102.28 -0.763371
69.9813 102.28 -0.329786
5.38318 113.047 -0.568033
16.1495 113.047 -0.902165
26.9159 113.047 -0.963322
37.6822 113.047 -0.958034
48.4486 113.047 -0.904923
59.215 113.047 -0.687374
69.9813 113.047 -0.289747
5.38318 123.813 -0.503524
16.1495 123.813 -0.743336
26.9159 123.813 -0.653412
37.6822 123.813 -0.590048
48.4486 123.813 -0.551841
59.215 123.813 -0.408381
69.9813 123.813 -0.150464
5.38318 134.579 -0.257265
16.1495 134.579 -0.324981
26.9159 134.579 -0.108036
37.6822 134.579 -0.00234164
48.4486 134.579 0.033722
59.215 134.579 0.172788
69.9813 134.579 0.277423
5.38318 145.346 0.215769
16.1495 145.346 0.764597
26.9159 145.346 1.48243
37.6822 145.346 1.98405
48.4486 145.346 1.92474
59.215 145.346 1.6513
69.9813 145.346 1.0463
5.38318 156.112 0.933766
16.1495 156.112 1.91601
26.9159 156.112 2.6371
37.6822 156.112 3.04705
48.4486 156.112 3.00196
59.215 156.112 2.59166
69.9813 156.112 1.61509
5.38318 166.879 1.29203
16.1495 166.879 2.45966
26.9159 166.879 3.33621
37.6822 166.879 3.72025
48.4486 166.879 3.60391
59.215 166.879 2.96618
69.9813 166.879 1.8311
5.38318 177.645 1.26591
16.1495 177.645 2.40888
26.9159 177.645 3.53666
37.6822 177.645 3.71408
48.4486 177.645 3.35947
59.215 177.645 2.50173
69.9813 177.645 1.5058
5.38318 188.411 0.987596
16.1495 188.411 2.16579
26.9159 188.411 3.62735
37.6822 188.411 3.85422
48.4486 188.411 3.17497
59.215 188.411 2.01299
69.9813 188.411 1.04316
5.38318 199.178 0.595997
16.1495 199.178 1.5561
26.9159 199.178 2.86148
37.6822 199.178 3.00806
48.4486 199.178 2.30146
59.215 199.178 1.20454
69.9813 199.178 0.549433
5.38318 209.944 0.207431
16.1495 209.944 0.698398
26.9159 209.944 1.37288
37.6822 209.944 1.42442
48.4486 209.944 1.0035
59.215 209.944 0.443178
69.9813 209.944 0.224166
