37 59
0 39 72 40
0 23 72 72
0 18 72 82
0 0 72 144
0 0 72 216
5.38318 5.38318 0.641315
16.1495 5.38318 1.27032
26.9159 5.38318 1.66088
37.6822 5.38318 1.49311
48.4486 5.38318 1.0299
59.215 5.38318 0.576938
69.9813 5.38318 0.324161
5.38318 16.1495 1.03787
16.1495 16.1495 2.15555
26.9159 16.1495 2.95073
37.6822 16.1495 2.75675
48.4486 16.1495 2.22564
59.215 16.1495 1.52507
69.9813 16.1495 0.999663
5.38318 26.9159 1.04241
16.1495 26.9159 2.27065
26.9159 26.9159 3.19232
37.6822 26.9159 3.19266
48.4486 26.9159 2.87098
59.215 26.9159 2.25892
69.9813 26.9159 1.50709
5.38318 37.6822 1.12022
16.1495 37.6822 2.20253
26.9159 37.6822 3.04841
37.6822 37.6822 3.38121
48.4486 37.6822 3.58017
59.215 37.6822 3.13038
69.9813 37.6822 2.11715
5.38318 48.4486 1.42323
16.1495 48.4486 2.71118
26.9159 48.4486 3.58853
37.6822 48.4486 4.1354
48.4486 48.4486 4.27008
59.215 48.4486 3.55129
69.9813 48.4486 2.24451
5.38318 59.215 1.46431
16.1495 59.215 2.97734
26.9159 59.215 4.14186
37.6822 59.215 4.6841
48.4486 59.215 4.22228
59.215 59.215 2.96787
69.9813 59.215 1.65577
5.38318 69.9813 1.10267
16.1495 69.9813 2.47876
26.9159 69.9813 3.79977
37.6822 69.9813 4.05749
48.4486 69.9813 3.13599
59.215 69.9813 1.68964
69.9813 69.9813 0.698232
5.38318 80.7477 -0.0274638
16.1495 80.7477 0.65423
26.9159 80.7477 1.70334
37.6822 80.7477 1.77638
48.4486 80.7477 0.844462
59.215 80.7477 -0.0958786
69.9813 80.7477 -0.16157
5.38318 91.514 -0.484167
16.1495 91.514 -0.727312
26.9159 91.514 -0.694146
37.6822 91.514 -0.772803
48.4486 91.514 -0.866721
59.215 91.514 -0.750467
69.9813 91.514 -0.362037
5.38318 102.28 -0.576029
16.1495 102.28 -0.923503
26.9159 102.28 -1.01044
37.6822 102.28 -1.03242
48.4486 102.28 -1.00176
59.215 102.28 -0.799148
69.9813 102.28 -0.363209
5.38318 113.047 -0.572083
16.1495 113.047 -0.912459
26.9159 113.047 -0.9807
37.6822 113.047 -0.977491
48.4486 113.047 -0.923202
59.215 113.047 -0.706157
69.9813 113.047 -0.299238
5.38318 123.813 -0.517868
16.1495 123.813 -0.785193
26.9159 123.813 -0.718781
37.6822 123.813 -0.664454
48.4486 123.813 -0.624851
59.215 123.813 -0.462961
69.9813 123.813 -0.178465
5.38318 134.579 -0.308688
16.1495 134.579 -0.409996
26.9159 134.579 -0.246483
37.6822 134.579 -0.15216
48.4486 134.579 -0.14341
59.215 134.579 -0.044566
69.9813 134.579 0.103782
5.38318 145.346 0.0628616
16.1495 145.346 0.522793
26.9159 145.346 1.16829
37.6822 145.346 1.60974
48.4486 145.346 1.50848
59.215 145.346 1.30282
69.9813 145.346 0.830911
5.38318 156.112 0.840508
16.1495 156.112 1.75934
26.9159 156.112 2.47586
37.6822 156.112 2.82036
48.4486 156.112 2.72442
59.215 156.112 2.30243
69.9813 156.112 1.43357
5.38318 166.879 1.3583
16.1495 166.879 2.65962
26.9159 166.879 3.66271
37.6822 166.879 4.01627
48.4486 166.879 3.74843
59.215 166.879 2.93043
69.9813 166.879 1.77917
5.38318 177.645 1.47323
16.1495 177.645 2.92181
26.9159 177.645 4.29487
37.6822 177.645 4.43624
48.4486 177.645 3.94546
59.215 177.645 2.79066
69.9813 177.645 1.65626
5.38318 188.411 1.15541
16.1495 188.411 2.64924
26.9159 188.411 4.2983
37.6822 188.411 4.52984
48.4486 188.411 3.76083
59.215 188.411 2.35283
69.9813 188.411 1.29157
5.38318 199.178 0.521372
16.1495 199.178 1.61287
26.9159 199.178 3.03259
37.6822 199.178 3.11507
48.4486 199.178 2.51666
59.215 199.178 1.26797
69.9813 199.178 0.660841
5.38318 209.944 -0.00788543
16.1495 209.944 0.425199
26.9159 209.944 1.21639
37.6822 209.944 1.28311
48.4486 209.944 0.933333
59.215 209.944 0.36002
69.9813 209.944 0.211041
