37 177
0 157 72 40
0 141 72 72
0 134 72 82
0 72 72 144
0 0 72 216
5.38318 5.38318 0.295883
16.1495 5.38318 0.458066
26.9159 5.38318 0.667204
37.6822 5.38318 0.653277
48.4486 5.38318 0.530048
59.215 5.38318 0.311934
69.9813 5.38318 0.2035
5.38318 16.1495 0.572379
16.1495 16.1495 0.99241
26.9159 16.1495 1.3711
37.6822 16.1495 1.26677
48.4486 16.1495 1.15498
59.215 16.1495 0.756412
69.9813 16.1495 0.532416
5.38318 26.9159 0.670808
16.1495 26.9159 1.15701
26.9159 26.9159 1.39435
37.6822 26.9159 1.13629
48.4486 26.9159 1.04958
59.215 26.9159 0.657143
69.9813 26.9159 0.581889
5.38318 37.6822 0.921502
16.1495 37.6822 1.42127
26.9159 37.6822 1.406
37.6822 37.6822 0.944709
48.4486 37.6822 0.933005
59.215 37.6822 0.793248
69.9813 37.6822 0.765319
5.38318 48.4486 0.85667
16.1495 48.4486 1.24019
26.9159 48.4486 1.04581
37.6822 48.4486 0.574546
48.4486 48.4486 0.578695
59.215 48.4486 0.780354
69.9813 48.4486 0.776992
5.38318 59.215 0.474724
16.1495 59.215 0.625762
26.9159 59.215 0.476901
37.6822 59.215 0.279644
48.4486 59.215 0.3735
59.215 59.215 0.747209
69.9813 59.215 0.644465
5.38318 69.9813 0.0433548
16.1495 69.9813 -0.00118419
26.9159 69.9813 -0.0399612
37.6822 69.9813 -0.108416
48.4486 69.9813 -0.0981168
59.215 69.9813 0.174655
69.9813 69.9813 0.27754
5.38318 80.7477 -0.165773
16.1495 80.7477 -0.259968
26.9159 80.7477 -0.275632
37.6822 80.7477 -0.304549
48.4486 80.7477 -0.251175
59.215 80.7477 -0.146709
69.9813 80.7477 -0.00982008
5.38318 91.514 -0.280605
16.1495 91.514 -0.424765
26.9159 91.514 -0.461944
37.6822 91.514 -0.474215
48.4486 91.514 -0.445915
59.215 91.514 -0.36109
69.9813 91.514 -0.149366
5.38318 102.28 -0.298373
16.1495 102.28 -0.459582
26.9159 102.28 -0.472375
37.6822 102.28 -0.457467
48.4486 102.28 -0.410444
59.215 102.28 -0.325091
69.9813 102.28 -0.134191
5.38318 113.047 -0.28672
16.1495 113.047 -0.433549
26.9159 113.047 -0.420656
37.6822 113.047 -0.410028
48.4486 113.047 -0.394019
59.215 113.047 -0.311249
69.9813 113.047 -0.138087
5.38318 123.813 -0.208603
16.1495 123.813 -0.308596
26.9159 123.813 -0.246983
37.6822 123.813 -0.236343
48.4486 123.813 -0.234608
59.215 123.813 -0.188043
69.9813 123.813 -0.0691905
5.38318 134.579 -0.0371588
16.1495 134.579 -0.033636
26.9159 134.579 0.224803
37.6822 134.579 0.265716
48.4486 134.579 0.185406
59.215 134.579 0.128056
69.9813 134.579 0.179733
5.38318 145.346 0.402362
16.1495 145.346 0.874022
26.9159 145.346 1.56757
37.6822 145.346 1.74926
48.4486 145.346 1.58432
59.215 145.346 1.072
69.9813 145.346 0.687644
5.38318 156.112 0.854124
16.1495 156.112 1.85744
26.9159 156.112 2.98674
37.6822 156.112 3.22371
48.4486 156.112 2.90486
59.215 156.112 1.95231
69.9813 156.112 1.13069
5.38318 166.879 1.17581
16.1495 166.879 2.64108
26.9159 166.879 4.58652
37.6822 166.879 5.00862
48.4486 166.879 4.46102
59.215 166.879 2.79232
69.9813 166.879 1.48786
5.38318 177.645 1.17273
16.1495 177.645 2.72947
26.9159 177.645 5.0719
37.6822 177.645 5.47939
48.4486 177.645 4.85716
59.215 177.645 2.92558
69.9813 177.645 1.52785
5.38318 188.411 1.09378
16.1495 188.411 2.50103
26.9159 188.411 4.52251
37.6822 188.411 4.67488
48.4486 188.411 4.07961
59.215 188.411 2.33549
69.9813 188.411 1.30915
5.38318 199.178 0.850098
16.1495 199.178 1.58983
26.9159 199.178 2.57112
37.6822 199.178 2.21375
48.4486 199.178 2.04476
59.215 199.178 0.962986
69.9813 199.178 0.84765
5.38318 209.944 0.541471
16.1495 209.944 0.976826
26.9159 209.944 1.34009
37.6822 209.944 0.86227
48.4486 209.944 0.7878
59.215 209.944 0.264454
69.9813 209.944 0.552757
