37 177
0 157 72 40
0 141 72 72
0 134 72 82
0 72 72 144
0 0 72 216
5.38318 5.38318 0.276421
16.1495 5.38318 0.634951
26.9159 5.38318 1.19743
37.6822 5.38318 1.34819
48.4486 5.38318 1.21476
59.215 5.38318 0.675464
69.9813 5.38318 0.370969
5.38318 16.1495 0.496737
16.1495 16.1495 1.44084
26.9159 16.1495 2.64194
37.6822 16.1495 2.97425
48.4486 16.1495 2.70858
59.215 16.1495 1.63249
69.9813 16.1495 0.911265
5.38318 26.9159 0.792728
16.1495 26.9159 2.16249
26.9159 26.9159 3.92859
37.6822 26.9159 4.45406
48.4486 26.9159 4.02113
59.215 26.9159 2.35949
69.9813 26.9159 1.22901
5.38318 37.6822 1.08435
16.1495 37.6822 2.41623
26.9159 37.6822 4.12682
37.6822 37.6822 4.70438
48.4486 37.6822 4.26777
59.215 37.6822 2.65012
69.9813 37.6822 1.40379
5.38318 48.4486 1.36882
16.1495 48.4486 2.39153
26.9159 48.4486 3.39901
37.6822 48.4486 3.50926
48.4486 48.4486 3.15107
59.215 48.4486 2.24437
69.9813 48.4486 1.34274
5.38318 59.215 0.931586
16.1495 59.215 1.28739
26.9159 59.215 1.39731
37.6822 59.215 1.19795
48.4486 59.215 1.1721
59.215 59.215 1.33702
69.9813 59.215 1.16163
5.38318 69.9813 0.494857
16.1495 69.9813 0.61593
26.9159 69.9813 0.554607
37.6822 69.9813 0.262336
48.4486 69.9813 0.336321
59.215 69.9813 0.863238
69.9813 69.9813 0.929755
5.38318 80.7477 -0.141586
16.1495 80.7477 -0.223723
26.9159 80.7477 -0.174694
37.6822 80.7477 -0.221907
48.4486 80.7477 -0.156004
59.215 80.7477 0.104015
69.9813 80.7477 0.436305
5.38318 91.514 -0.337993
16.1495 91.514 -0.454507
26.9159 91.514 -0.384531
37.6822 91.514 -0.339871
48.4486 91.514 -0.326993
59.215 91.514 -0.237851
69.9813 91.514 -0.0581182
5.38318 102.28 -0.310767
16.1495 102.28 -0.429017
26.9159 102.28 -0.348567
37.6822 102.28 -0.311253
48.4486 102.28 -0.324241
59.215 102.28 -0.275553
69.9813 102.28 -0.124594
5.38318 113.047 -0.301286
16.1495 113.047 -0.45597
26.9159 113.047 -0.458415
37.6822 113.047 -0.44114
48.4486 113.047 -0.424582
59.215 113.047 -0.334283
69.9813 113.047 -0.148416
5.38318 123.813 -0.29741
16.1495 123.813 -0.454247
26.9159 123.813 -0.46513
37.6822 123.813 -0.451583
48.4486 123.813 -0.43062
59.215 123.813 -0.329579
69.9813 123.813 -0.142266
5.38318 134.579 -0.245653
16.1495 134.579 -0.368887
26.9159 134.579 -0.331213
37.6822 134.579 -0.326402
48.4486 134.579 -0.287054
59.215 134.579 -0.218133
69.9813 134.579 -0.0754643
5.38318 145.346 -0.0830899
16.1495 145.346 -0.072889
26.9159 145.346 0.116393
37.6822 145.346 0.207
48.4486 145.346 0.2638
59.215 145.346 0.149495
69.9813 145.346 0.192598
5.38318 156.112 0.571952
16.1495 156.112 1.10275
26.9159 156.112 1.72654
37.6822 156.112 1.85388
48.4486 156.112 1.78557
59.215 156.112 1.22922
69.9813 156.112 0.739739
5.38318 166.879 1.44678
16.1495 166.879 2.61883
26.9159 166.879 3.64399
37.6822 166.879 3.92817
48.4486 166.879 3.58705
59.215 166.879 2.42346
69.9813 166.879 1.30574
5.38318 177.645 2.05433
16.1495 177.645 3.64439
26.9159 177.645 5.02422
37.6822 177.645 5.34652
48.4486 177.645 4.8658
59.215 177.645 3.33493
69.9813 177.645 1.76571
5.38318 188.411 2.07636
16.1495 188.411 3.57803
26.9159 188.411 4.79327
37.6822 188.411 4.94453
48.4486 188.411 4.36543
59.215 188.411 3.03021
69.9813 188.411 1.61045
5.38318 199.178 1.16917
16.1495 199.178 2.00585
26.9159 199.178 2.65947
37.6822 199.178 2.60623
48.4486 199.178 2.18348
59.215 199.178 1.65148
69.9813 199.178 0.968573
5.38318 209.944 0.441135
16.1495 209.944 0.754217
26.9159 209.944 0.990745
37.6822 209.944 0.888359
48.4486 209.944 0.59418
59.215 209.944 0.495874
69.9813 209.944 0.343062
