48 177
0 157 72 40
0 141 72 72
0 134 72 82
0 72 72 144
0 0 72 216
5.38318 5.38318 0.368133
16.1495 5.38318 0.574268
26.9159 5.38318 0.745407
37.6822 5.38318 0.667834
48.4486 5.38318 0.572922
59.215 5.38318 0.419981
69.9813 5.38318 0.284103
5.38318 16.1495 0.716438
16.1495 16.1495 1.37203
26.9159 16.1495 1.99315
37.6822 16.1495 1.97121
48.4486 16.1495 1.82202
59.215 16.1495 1.28067
69.9813 16.1495 0.81521
5.38318 26.9159 0.834491
16.1495 26.9159 1.89821
26.9159 26.9159 3.03029
37.6822 26.9159 3.05149
48.4486 26.9159 2.75957
59.215 26.9159 1.64643
69.9813 26.9159 0.982993
5.38318 37.6822 1.02385
16.1495 37.6822 2.50054
26.9159 37.6822 4.38524
37.6822 37.6822 4.67324
48.4486 37.6822 4.25557
59.215 37.6822 2.52355
69.9813 37.6822 1.3714
5.38318 48.4486 0.703566
16.1495 48.4486 2.24264
26.9159 48.4486 4.35503
37.6822 48.4486 4.84853
48.4486 48.4486 4.33232
59.215 48.4486 2.37138
69.9813 48.4486 1.18566
5.38318 59.215 -0.0135867
16.1495 59.215 0.935559
26.9159 59.215 2.81958
37.6822 59.215 3.20122
48.4486 59.215 2.75185
59.215 59.215 1.16513
69.9813 59.215 0.470167
5.38318 69.9813 -0.367021
16.1495 69.9813 -0.411863
26.9159 69.9813 -0.0387159
37.6822 69.9813 0.0109828
48.4486 69.9813 -0.226007
59.215 69.9813 -0.416161
69.9813 69.9813 -0.242839
5.38318 80.7477 -0.529814
16.1495 80.7477 -0.831446
26.9159 80.7477 -0.804129
37.6822 80.7477 -0.841862
48.4486 80.7477 -0.873842
59.215 80.7477 -0.750543
69.9813 80.7477 -0.354225
5.38318 91.514 -0.585439
16.1495 91.514 -0.950738
26.9159 91.514 -1.06726
37.6822 91.514 -1.102
48.4486 91.514 -1.05464
59.215 91.514 -0.841555
69.9813 91.514 -0.375556
5.38318 102.28 -0.591167
16.1495 102.28 -0.95
26.9159 102.28 -1.04853
37.6822 102.28 -1.05835
48.4486 102.28 -1.00599
59.215 102.28 -0.79585
69.9813 102.28 -0.349277
5.38318 113.047 -0.581249
16.1495 113.047 -0.92678
26.9159 113.047 -1.00333
37.6822 113.047 -1.00033
48.4486 113.047 -0.946763
59.215 113.047 -0.736074
69.9813 113.047 -0.314608
5.38318 123.813 -0.562646
16.1495 123.813 -0.888744
26.9159 123.813 -0.931937
37.6822 123.813 -0.899664
48.4486 123.813 -0.812055
59.215 123.813 -0.585225
69.9813 123.813 -0.226678
5.38318 134.579 -0.516351
16.1495 134.579 -0.787762
26.9159 134.579 -0.640615
37.6822 134.579 -0.55513
48.4486 134.579 -0.425357
59.215 134.579 -0.279529
69.9813 134.579 -0.0348528
5.38318 145.346 -0.362943
16.1495 145.346 -0.467014
26.9159 145.346 -0.072747
37.6822 145.346 0.353937
48.4486 145.346 0.867765
59.215 145.346 0.782656
69.9813 145.346 0.692265
5.38318 156.112 -0.0712167
16.1495 156.112 0.18002
26.9159 156.112 1.42543
37.6822 156.112 2.26052
48.4486 156.112 2.70986
59.215 156.112 2.17073
69.9813 156.112 1.40167
5.38318 166.879 0.568749
16.1495 166.879 1.49729
26.9159 166.879 2.92624
37.6822 166.879 4.033
48.4486 166.879 4.41728
59.215 166.879 3.39985
69.9813 166.879 1.9336
5.38318 177.645 1.2927
16.1495 177.645 2.40515
26.9159 177.645 3.69979
37.6822 177.645 4.80253
48.4486 177.645 4.92409
59.215 177.645 3.75214
69.9813 177.645 2.01896
5.38318 188.411 1.42911
16.1495 188.411 2.49453
26.9159 188.411 3.5668
37.6822 188.411 4.304
48.4486 188.411 4.04129
59.215 188.411 3.01797
69.9813 188.411 1.53809
5.38318 199.178 1.03952
16.1495 199.178 1.65935
26.9159 199.178 2.11748
37.6822 199.178 2.16101
48.4486 199.178 1.94972
59.215 199.178 1.61225
69.9813 199.178 0.95863
5.38318 209.944 0.342091
16.1495 209.944 0.612001
26.9159 209.944 0.849565
37.6822 209.944 0.677889
48.4486 209.944 0.589698
59.215 209.944 0.573445
69.9813 209.944 0.502049
