48 37
0 17 72 40
0 1 72 72
0 0 72 82
0 0 72 144
0 0 72 216
5.38318 5.38318 1.10365
16.1495 5.38318 1.56235
26.9159 5.38318 1.65066
37.6822 5.38318 1.3485
48.4486 5.38318 1.1917
59.215 5.38318 0.898798
69.9813 5.38318 0.558653
5.38318 16.1495 1.83622
16.1495 16.1495 2.81097
26.9159 16.1495 3.16345
37.6822 16.1495 2.95188
48.4486 16.1495 2.77915
59.215 16.1495 2.16161
69.9813 16.1495 1.29657
5.38318 26.9159 2.00265
16.1495 26.9159 3.27862
26.9159 26.9159 4.15482
37.6822 26.9159 4.57079
48.4486 26.9159 4.5792
59.215 26.9159 3.49517
69.9813 26.9159 1.95602
5.38318 37.6822 1.64962
16.1495 37.6822 2.85198
26.9159 37.6822 4.08137
37.6822 37.6822 5.11522
48.4486 37.6822 5.37188
59.215 37.6822 4.11795
69.9813 37.6822 2.23459
5.38318 48.4486 1.23018
16.1495 48.4486 2.27134
26.9159 48.4486 3.47487
37.6822 48.4486 4.40762
48.4486 48.4486 4.64942
59.215 48.4486 3.60458
69.9813 48.4486 2.02221
5.38318 59.215 0.867149
16.1495 59.215 1.67844
26.9159 59.215 2.35794
37.6822 59.215 2.46741
48.4486 59.215 2.44975
59.215 59.215 2.07019
69.9813 59.215 1.40749
5.38318 69.9813 0.611401
16.1495 69.9813 1.29642
26.9159 69.9813 1.74359
37.6822 69.9813 1.50503
48.4486 69.9813 1.34701
59.215 69.9813 1.14662
69.9813 69.9813 1.02029
5.38318 80.7477 0.208873
16.1495 80.7477 0.749852
26.9159 80.7477 1.11817
37.6822 80.7477 0.854934
48.4486 80.7477 0.450069
59.215 80.7477 0.384422
69.9813 80.7477 0.552025
5.38318 91.514 -0.158607
16.1495 91.514 -0.112908
26.9159 91.514 0.159836
37.6822 91.514 -0.0209016
48.4486 91.514 -0.171913
59.215 91.514 -0.14917
69.9813 91.514 0.0694348
5.38318 102.28 -0.21909
16.1495 102.28 -0.293973
26.9159 102.28 -0.224399
37.6822 102.28 -0.24632
48.4486 102.28 -0.277949
59.215 102.28 -0.21459
69.9813 102.28 -0.0603782
5.38318 113.047 -0.293482
16.1495 113.047 -0.438231
26.9159 113.047 -0.410985
37.6822 113.047 -0.403146
48.4486 113.047 -0.398332
59.215 113.047 -0.323117
69.9813 113.047 -0.144978
5.38318 123.813 -0.215528
16.1495 123.813 -0.302647
26.9159 123.813 -0.208814
37.6822 123.813 -0.238293
48.4486 123.813 -0.279816
59.215 123.813 -0.280335
69.9813 123.813 -0.135474
5.38318 134.579 -0.0902511
16.1495 134.579 -0.0758856
26.9159 134.579 0.227069
37.6822 134.579 0.0526425
48.4486 134.579 -0.0790599
59.215 134.579 -0.198949
69.9813 134.579 -0.105979
5.38318 145.346 0.277684
16.1495 145.346 0.720091
26.9159 145.346 1.27936
37.6822 145.346 1.05475
48.4486 145.346 0.637795
59.215 145.346 0.00846982
69.9813 145.346 -0.0161142
5.38318 156.112 0.400987
16.1495 156.112 1.05066
26.9159 156.112 1.6233
37.6822 156.112 1.53145
48.4486 156.112 1.01597
59.215 156.112 0.450605
69.9813 156.112 0.251432
5.38318 166.879 0.329684
16.1495 166.879 0.89367
26.9159 166.879 1.27352
37.6822 166.879 1.45145
48.4486 166.879 1.18096
59.215 166.879 0.93867
69.9813 166.879 0.631143
5.38318 177.645 -0.11562
16.1495 177.645 -0.0785919
26.9159 177.645 -0.0406718
37.6822 177.645 0.621289
48.4486 177.645 1.07335
59.215 177.645 1.47276
69.9813 177.645 1.16176
5.38318 188.411 -0.243882
16.1495 188.411 -0.287513
26.9159 188.411 -0.288424
37.6822 188.411 0.338897
48.4486 188.411 1.25207
59.215 188.411 1.89968
69.9813 188.411 1.53474
5.38318 199.178 -0.289274
16.1495 199.178 -0.335989
26.9159 199.178 -0.291823
37.6822 199.178 0.270841
48.4486 199.178 1.30753
59.215 199.178 1.93087
69.9813 199.178 1.6158
5.38318 209.944 -0.175187
16.1495 209.944 -0.153484
26.9159 209.944 -0.109748
37.6822 209.944 0.334714
48.4486 209.944 1.0187
59.215 209.944 1.41067
69.9813 209.944 1.2126
