37 166
0 146 72 40
0 130 72 72
0 125 72 82
0 72 72 144
0 0 72 216
5.38318 5.38318 0.652935
16.1495 5.38318 1.15818
26.9159 5.38318 1.51376
37.6822 5.38318 1.60034
48.4486 5.38318 1.47759
59.215 5.38318 1.11476
69.9813 5.38318 0.618331
5.38318 16.1495 1.04227
16.1495 16.1495 2.03845
26.9159 16.1495 2.79075
37.6822 16.1495 3.07341
48.4486 16.1495 2.8499
59.215 16.1495 2.10089
69.9813 16.1495 1.17784
5.38318 26.9159 1.12709
16.1495 26.9159 2.28977
26.9159 26.9159 3.31405
37.6822 26.9159 3.76382
48.4486 26.9159 3.522
59.215 26.9159 2.63703
69.9813 26.9159 1.5112
5.38318 37.6822 1.02536
16.1495 37.6822 2.18641
26.9159 37.6822 3.64006
37.6822 37.6822 4.13938
48.4486 37.6822 3.68534
59.215 37.6822 2.54871
69.9813 37.6822 1.39119
5.38318 48.4486 0.84366
16.1495 48.4486 1.98723
26.9159 48.4486 3.81391
37.6822 48.4486 4.38648
48.4486 48.4486 3.70791
59.215 48.4486 2.35065
69.9813 48.4486 1.14599
5.38318 59.215 0.15631
16.1495 59.215 0.91189
26.9159 59.215 2.74202
37.6822 59.215 3.14719
48.4486 59.215 2.4066
59.215 59.215 1.18578
69.9813 59.215 0.344588
5.38318 69.9813 -0.247942
16.1495 69.9813 -0.320618
26.9159 69.9813 0.211855
37.6822 69.9813 0.255445
48.4486 69.9813 -0.193062
59.215 69.9813 -0.245037
69.9813 69.9813 -0.168665
5.38318 80.7477 -0.482548
16.1495 80.7477 -0.76347
26.9159 80.7477 -0.729439
37.6822 80.7477 -0.748548
48.4486 80.7477 -0.843469
59.215 80.7477 -0.645608
69.9813 80.7477 -0.323047
5.38318 91.514 -0.56685
16.1495 91.514 -0.931947
26.9159 91.514 -1.03097
37.6822 91.514 -1.06011
48.4486 91.514 -1.0249
59.215 91.514 -0.807564
69.9813 91.514 -0.359455
5.38318 102.28 -0.582961
16.1495 102.28 -0.946047
26.9159 102.28 -1.03485
37.6822 102.28 -1.04274
48.4486 102.28 -0.990671
59.215 102.28 -0.7861
69.9813 102.28 -0.349782
5.38318 113.047 -0.568183
16.1495 113.047 -0.917294
26.9159 113.047 -1.00441
37.6822 113.047 -1.00759
48.4486 113.047 -0.949198
59.215 113.047 -0.732077
69.9813 113.047 -0.310186
5.38318 123.813 -0.36244
16.1495 123.813 -0.607802
26.9159 123.813 -0.668186
37.6822 123.813 -0.638016
48.4486 123.813 -0.546735
59.215 123.813 -0.363133
69.9813 123.813 -0.0970366
5.38318 134.579 0.472774
16.1495 134.579 0.49854
26.9159 134.579 0.204047
37.6822 134.579 0.453792
48.4486 134.579 0.672839
59.215 134.579 0.701112
69.9813 134.579 0.613255
5.38318 145.346 2.20591
16.1495 145.346 2.9785
26.9159 145.346 2.81097
37.6822 145.346 3.01864
48.4486 145.346 3.22279
59.215 145.346 2.64074
69.9813 145.346 1.61672
5.38318 156.112 3.24403
16.1495 156.112 4.45118
26.9159 156.112 4.32342
37.6822 156.112 4.5111
48.4486 156.112 4.62553
59.215 156.112 3.70485
69.9813 156.112 2.13519
5.38318 166.879 3.01017
16.1495 166.879 4.43936
26.9159 166.879 4.88865
37.6822 166.879 4.95926
48.4486 166.879 4.6916
59.215 166.879 3.4326
69.9813 166.879 1.8914
5.38318 177.645 1.36488
16.1495 177.645 2.66326
26.9159 177.645 3.83734
37.6822 177.645 4.15072
48.4486 177.645 3.48905
59.215 177.645 2.31146
69.9813 177.645 1.2071
5.38318 188.411 0.340786
16.1495 188.411 1.49778
26.9159 188.411 3.14277
37.6822 188.411 3.79667
48.4486 188.411 3.14658
59.215 188.411 1.96238
69.9813 188.411 0.898863
5.38318 199.178 -0.0942031
16.1495 199.178 0.599204
26.9159 199.178 2.34986
37.6822 199.178 3.31767
48.4486 199.178 3.08379
59.215 199.178 2.15108
69.9813 199.178 1.14585
5.38318 209.944 -0.147499
16.1495 209.944 0.217746
26.9159 209.944 1.60804
37.6822 209.944 2.50247
48.4486 209.944 2.44604
59.215 209.944 1.75604
69.9813 209.944 0.949092
