37 37
0 17 72 40
0 1 72 72
0 0 72 82
0 0 72 144
0 0 72 216
5.38318 5.38318 0.79267
16.1495 5.38318 1.41479
26.9159 5.38318 1.77281
37.6822 5.38318 1.80673
48.4486 5.38318 1.48786
59.215 5.38318 1.06999
69.9813 5.38318 0.567441
5.38318 16.1495 1.29382
16.1495 16.1495 2.71806
26.9159 16.1495 3.67389
37.6822 16.1495 3.82618
48.4486 16.1495 3.20029
59.215 16.1495 2.22384
69.9813 16.1495 1.21576
5.38318 26.9159 1.5205
16.1495 26.9159 3.4863
26.9159 26.9159 4.9771
37.6822 26.9159 5.20803
48.4486 26.9159 4.24331
59.215 26.9159 2.82055
69.9813 26.9159 1.49619
5.38318 37.6822 1.46858
16.1495 37.6822 3.46888
26.9159 37.6822 5.07846
37.6822 37.6822 5.38433
48.4486 37.6822 4.43718
59.215 37.6822 2.93211
69.9813 37.6822 1.59039
5.38318 48.4486 1.66951
16.1495 48.4486 3.2669
26.9159 48.4486 4.25868
37.6822 48.4486 4.19172
48.4486 48.4486 3.62141
59.215 48.4486 2.59188
69.9813 48.4486 1.58091
5.38318 59.215 1.7744
16.1495 59.215 2.89128
26.9159 59.215 3.10821
37.6822 59.215 2.8517
48.4486 59.215 2.74458
59.215 59.215 2.4694
69.9813 59.215 1.72568
5.38318 69.9813 1.62027
16.1495 69.9813 2.39128
26.9159 69.9813 2.39124
37.6822 69.9813 1.88848
48.4486 69.9813 1.99281
59.215 69.9813 1.99234
69.9813 69.9813 1.51901
5.38318 80.7477 0.358077
16.1495 80.7477 0.495646
26.9159 80.7477 0.61228
37.6822 80.7477 0.386094
48.4486 80.7477 0.524087
59.215 80.7477 0.733888
69.9813 80.7477 0.747881
5.38318 91.514 -0.397386
16.1495 91.514 -0.665438
26.9159 91.514 -0.66475
37.6822 91.514 -0.730295
48.4486 91.514 -0.712938
59.215 91.514 -0.523204
69.9813 91.514 -0.204691
5.38318 102.28 -0.55249
16.1495 102.28 -0.895991
26.9159 102.28 -0.970982
37.6822 102.28 -0.990059
48.4486 102.28 -0.941931
59.215 102.28 -0.732436
69.9813 102.28 -0.314148
5.38318 113.047 -0.574105
16.1495 113.047 -0.915184
26.9159 113.047 -0.989379
37.6822 113.047 -0.987932
48.4486 113.047 -0.938065
59.215 113.047 -0.729171
69.9813 113.047 -0.313003
5.38318 123.813 -0.545456
16.1495 123.813 -0.846964
26.9159 123.813 -0.852839
37.6822 123.813 -0.809236
48.4486 123.813 -0.761481
59.215 123.813 -0.567716
69.9813 123.813 -0.231996
5.38318 134.579 -0.423039
16.1495 134.579 -0.581357
26.9159 134.579 -0.450641
37.6822 134.579 -0.351565
48.4486 134.579 -0.34501
59.215 134.579 -0.265711
69.9813 134.579 -0.0761909
5.38318 145.346 -0.188239
16.1495 145.346 -0.0990756
26.9159 145.346 0.684813
37.6822 145.346 1.15942
48.4486 145.346 1.08926
59.215 145.346 0.677939
69.9813 145.346 0.488566
5.38318 156.112 0.399333
16.1495 156.112 1.23431
26.9159 156.112 2.61186
37.6822 156.112 3.10673
48.4486 156.112 2.84698
59.215 156.112 1.8467
69.9813 156.112 1.01883
5.38318 166.879 1.01151
16.1495 166.879 2.37219
26.9159 166.879 4.2499
37.6822 166.879 4.82462
48.4486 166.879 4.28472
59.215 166.879 2.62032
69.9813 166.879 1.37359
5.38318 177.645 1.27447
16.1495 177.645 2.78291
26.9159 177.645 4.71451
37.6822 177.645 5.11746
48.4486 177.645 4.39863
59.215 177.645 2.647
69.9813 177.645 1.35567
5.38318 188.411 1.10662
16.1495 188.411 2.38072
26.9159 188.411 3.78272
37.6822 188.411 3.87636
48.4486 188.411 3.19608
59.215 188.411 1.91698
69.9813 188.411 1.01661
5.38318 199.178 0.541375
16.1495 199.178 1.12987
26.9159 199.178 1.63612
37.6822 199.178 1.35562
48.4486 199.178 0.985048
59.215 199.178 0.461061
69.9813 199.178 0.448973
5.38318 209.944 0.150657
16.1495 209.944 0.449944
26.9159 209.944 0.512643
37.6822 209.944 0.150175
48.4486 209.944 -0.0454162
59.215 209.944 -0.0900603
69.9813 209.944 0.173965
