37 177
0 157 72 40
0 141 72 72
0 134 72 82
0 72 72 144
0 0 72 216
5.38318 5.38318 0.527552
16.1495 5.38318 0.591893
26.9159 5.38318 0.631426
37.6822 5.38318 0.534719
48.4486 5.38318 0.41881
59.215 5.38318 0.355793
69.9813 5.38318 0.226744
5.38318 16.1495 0.668826
16.1495 16.1495 0.98872
26.9159 16.1495 1.21293
37.6822 16.1495 1.06675
48.4486 16.1495 1.04476
59.215 16.1495 0.984489
69.9813 16.1495 0.653632
5.38318 26.9159 0.26897
16.1495 26.9159 0.351161
26.9159 26.9159 0.697017
37.6822 26.9159 0.511583
48.4486 26.9159 0.825588
59.215 26.9159 0.888227
69.9813 26.9159 0.707017
5.38318 37.6822 -0.165239
16.1495 37.6822 -0.201893
26.9159 37.6822 0.266193
37.6822 37.6822 0.484999
48.4486 37.6822 1.21325
59.215 37.6822 1.3718
69.9813 37.6822 1.10565
5.38318 48.4486 -0.197796
16.1495 48.4486 -0.255945
26.9159 48.4486 0.137246
37.6822 48.4486 0.434942
48.4486 48.4486 1.23201
59.215 48.4486 1.37428
69.9813 48.4486 1.13734
5.38318 59.215 -0.148605
16.1495 59.215 -0.184162
26.9159 59.215 0.132847
37.6822 59.215 0.341719
48.4486 59.215 0.948921
59.215 59.215 1.15121
69.9813 59.215 0.983295
5.38318 69.9813 -0.141455
16.1495 69.9813 -0.188432
26.9159 69.9813 -0.0630129
37.6822 69.9813 -0.107785
48.4486 69.9813 -0.0164698
59.215 69.9813 0.13488
69.9813 69.9813 0.272725
5.38318 80.7477 -0.200723
16.1495 80.7477 -0.288419
26.9159 80.7477 -0.257453
37.6822 80.7477 -0.2909
48.4486 80.7477 -0.265282
59.215 80.7477 -0.184609
69.9813 80.7477 -0.0434764
5.38318 91.514 -0.266791
16.1495 91.514 -0.407262
26.9159 91.514 -0.420598
37.6822 91.514 -0.433078
48.4486 91.514 -0.444731
59.215 91.514 -0.343863
69.9813 91.514 -0.161592
5.38318 102.28 -0.284072
16.1495 102.28 -0.42997
26.9159 102.28 -0.436733
37.6822 102.28 -0.425912
48.4486 102.28 -0.435589
59.215 102.28 -0.338185
69.9813 102.28 -0.160937
5.38318 113.047 -0.290537
16.1495 113.047 -0.439606
26.9159 113.047 -0.442249
37.6822 113.047 -0.434774
48.4486 113.047 -0.420489
59.215 113.047 -0.32578
69.9813 113.047 -0.143128
5.38318 123.813 -0.23301
16.1495 123.813 -0.345244
26.9159 123.813 -0.33242
37.6822 123.813 -0.350956
48.4486 123.813 -0.342809
59.215 123.813 -0.271781
69.9813 123.813 -0.104515
5.38318 134.579 -0.127612
16.1495 134.579 -0.146296
26.9159 134.579 -0.106548
37.6822 134.579 -0.132628
48.4486 134.579 -0.14369
59.215 134.579 -0.13861
69.9813 134.579 -0.0230738
5.38318 145.346 0.135167
16.1495 145.346 0.542314
26.9159 145.346 0.899562
37.6822 145.346 0.918001
48.4486 145.346 0.740888
59.215 145.346 0.353816
69.9813 145.346 0.2799
5.38318 156.112 0.542798
16.1495 156.112 1.46625
26.9159 156.112 2.25897
37.6822 156.112 2.39143
48.4486 156.112 2.01298
59.215 156.112 1.1367
69.9813 156.112 0.629431
5.38318 166.879 0.971743
16.1495 166.879 2.33586
26.9159 166.879 3.88119
37.6822 166.879 4.19137
48.4486 166.879 3.47491
59.215 166.879 1.89597
69.9813 166.879 0.923809
5.38318 177.645 1.09
16.1495 177.645 2.67228
26.9159 177.645 4.74134
37.6822 177.645 5.17771
48.4486 177.645 4.35576
59.215 177.645 2.36088
69.9813 177.645 1.09471
5.38318 188.411 1.18222
16.1495 188.411 2.69568
26.9159 188.411 4.55404
37.6822 188.411 4.87602
48.4486 188.411 3.97686
59.215 188.411 2.19562
69.9813 188.411 1.01994
5.38318 199.178 1.00624
16.1495 199.178 1.93516
26.9159 199.178 2.82409
37.6822 199.178 2.87111
48.4486 199.178 2.33782
59.215 199.178 1.4546
69.9813 199.178 0.801907
5.38318 209.944 0.821508
16.1495 209.944 1.43347
26.9159 209.944 1.56969
37.6822 209.944 1.44433
48.4486 209.944 1.09233
59.215 209.944 0.899894
69.9813 209.944 0.600904
