48 177
0 157 72 40
0 141 72 72
0 134 72 82
0 72 72 144
0 0 72 216
5.38318 5.38318 1.13134
16.1495 5.38318 1.42568
26.9159 5.38318 1.52016
37.6822 5.38318 1.6344
48.4486 5.38318 1.73262
59.215 5.38318 1.38139
69.9813 5.38318 0.820231
5.38318 16.1495 1.68691
16.1495 16.1495 2.31681
26.9159 16.1495 2.56207
37.6822 16.1495 2.75978
48.4486 16.1495 3.00074
59.215 16.1495 2.48495
69.9813 16.1495 1.50964
5.38318 26.9159 1.32763
16.1495 26.9159 2.01577
26.9159 26.9159 2.4624
37.6822 26.9159 2.76685
48.4486 26.9159 2.99843
59.215 26.9159 2.44245
69.9813 26.9159 1.50002
5.38318 37.6822 0.60418
16.1495 37.6822 1.2563
26.9159 37.6822 1.9332
37.6822 37.6822 2.37802
48.4486 37.6822 2.56009
59.215 37.6822 2.09576
69.9813 37.6822 1.33614
5.38318 48.4486 0.327693
16.1495 48.4486 0.923353
26.9159 48.4486 1.82327
37.6822 48.4486 2.45892
48.4486 48.4486 2.6825
59.215 48.4486 2.25792
69.9813 48.4486 1.42828
5.38318 59.215 0.0912316
16.1495 59.215 0.620924
26.9159 59.215 1.77505
37.6822 59.215 2.59215
48.4486 59.215 2.86873
59.215 59.215 2.34588
69.9813 59.215 1.44416
5.38318 69.9813 -0.108445
16.1495 69.9813 0.0934187
26.9159 69.9813 1.26094
37.6822 69.9813 2.00078
48.4486 69.9813 2.07781
59.215 69.9813 1.5564
69.9813 69.9813 0.90473
5.38318 80.7477 -0.239742
16.1495 80.7477 -0.267307
26.9159 80.7477 0.131936
37.6822 80.7477 0.502154
48.4486 80.7477 0.377717
59.215 80.7477 -0.000487794
69.9813 80.7477 -0.00799451
5.38318 91.514 -0.293178
16.1495 91.514 -0.425821
26.9159 91.514 -0.322301
37.6822 91.514 -0.31907
48.4486 91.514 -0.341816
59.215 91.514 -0.350605
69.9813 91.514 -0.183451
5.38318 102.28 -0.296309
16.1495 102.28 -0.455336
26.9159 102.28 -0.462107
37.6822 102.28 -0.470139
48.4486 102.28 -0.461823
59.215 102.28 -0.379879
69.9813 102.28 -0.176155
5.38318 113.047 -0.29326
16.1495 113.047 -0.43861
26.9159 113.047 -0.426237
37.6822 113.047 -0.415311
48.4486 113.047 -0.408969
59.215 113.047 -0.323439
69.9813 113.047 -0.146245
5.38318 123.813 -0.246713
16.1495 123.813 -0.349666
26.9159 123.813 -0.288553
37.6822 123.813 -0.28063
48.4486 123.813 -0.299695
59.215 123.813 -0.235601
69.9813 123.813 -0.099821
5.38318 134.579 -0.17195
16.1495 134.579 -0.17448
26.9159 134.579 0.0200119
37.6822 134.579 0.167814
48.4486 134.579 0.090471
59.215 134.579 0.0904731
69.9813 134.579 0.140883
5.38318 145.346 -0.0575441
16.1495 145.346 0.163876
26.9159 145.346 0.953084
37.6822 145.346 1.34421
48.4486 145.346 1.47405
59.215 145.346 1.22053
69.9813 145.346 0.829133
5.38318 156.112 0.0335007
16.1495 156.112 0.691415
26.9159 156.112 2.16026
37.6822 156.112 3.00328
48.4486 156.112 3.29276
59.215 156.112 2.62837
69.9813 156.112 1.62453
5.38318 166.879 0.249355
16.1495 166.879 1.14467
26.9159 166.879 3.05562
37.6822 166.879 4.45427
48.4486 166.879 5.11786
59.215 166.879 4.07955
69.9813 166.879 2.48868
5.38318 177.645 0.403658
16.1495 177.645 1.37817
26.9159 177.645 3.24151
37.6822 177.645 4.80529
48.4486 177.645 5.52732
59.215 177.645 4.50288
69.9813 177.645 2.70805
5.38318 188.411 0.649217
16.1495 188.411 1.66452
26.9159 188.411 3.0353
37.6822 188.411 4.07411
48.4486 188.411 4.52104
59.215 188.411 3.65525
69.9813 188.411 2.26905
5.38318 199.178 0.660906
16.1495 199.178 1.43069
26.9159 199.178 2.03406
37.6822 199.178 2.15654
48.4486 199.178 2.20104
59.215 199.178 1.88628
69.9813 199.178 1.38433
5.38318 209.944 0.583836
16.1495 209.944 1.14038
26.9159 209.944 1.43278
37.6822 209.944 1.31231
48.4486 209.944 1.32844
59.215 209.944 1.26434
69.9813 209.944 1.07636
