37 48
0 28 72 40
0 12 72 72
0 7 72 82
0 0 72 144
0 0 72 216
5.38318 5.38318 0.421362
16.1495 5.38318 0.629783
26.9159 5.38318 0.796809
37.6822 5.38318 0.840897
48.4486 5.38318 0.765931
59.215 5.38318 0.599211
69.9813 5.38318 0.375039
5.38318 16.1495 0.6211
16.1495 16.1495 1.31492
26.9159 16.1495 1.68554
37.6822 16.1495 1.8739
48.4486 16.1495 1.61789
59.215 16.1495 1.27256
69.9813 16.1495 0.776396
5.38318 26.9159 0.417454
16.1495 26.9159 1.10417
26.9159 26.9159 1.53164
37.6822 26.9159 1.95929
48.4486 26.9159 1.63805
59.215 26.9159 1.29016
69.9813 26.9159 0.730723
5.38318 37.6822 0.400762
16.1495 37.6822 1.14099
26.9159 37.6822 1.7317
37.6822 37.6822 2.13855
48.4486 37.6822 1.75531
59.215 37.6822 1.2825
69.9813 37.6822 0.619816
5.38318 48.4486 0.424858
16.1495 48.4486 1.24769
26.9159 48.4486 1.96226
37.6822 48.4486 2.18773
48.4486 48.4486 1.72267
59.215 48.4486 1.1234
69.9813 48.4486 0.50936
5.38318 59.215 0.543991
16.1495 59.215 1.38887
26.9159 59.215 2.07699
37.6822 59.215 1.93476
48.4486 59.215 1.39608
59.215 59.215 0.790134
69.9813 59.215 0.42085
5.38318 69.9813 0.312358
16.1495 69.9813 1.08471
26.9159 69.9813 1.86119
37.6822 69.9813 1.62961
48.4486 69.9813 1.13804
59.215 69.9813 0.489472
69.9813 69.9813 0.300897
5.38318 80.7477 -0.0430337
16.1495 80.7477 0.22852
26.9159 80.7477 0.844214
37.6822 80.7477 0.61215
48.4486 80.7477 0.370723
59.215 80.7477 -0.0638702
69.9813 80.7477 0.0312128
5.38318 91.514 -0.231523
16.1495 91.514 -0.300956
26.9159 91.514 -0.180672
37.6822 91.514 -0.212793
48.4486 91.514 -0.22884
59.215 91.514 -0.283497
69.9813 91.514 -0.119581
5.38318 102.28 -0.29787
16.1495 102.28 -0.456934
26.9159 102.28 -0.448708
37.6822 102.28 -0.441893
48.4486 102.28 -0.409102
59.215 102.28 -0.329379
69.9813 102.28 -0.142221
5.38318 113.047 -0.294078
16.1495 113.047 -0.44
26.9159 113.047 -0.422413
37.6822 113.047 -0.413421
48.4486 113.047 -0.406794
59.215 113.047 -0.328672
69.9813 113.047 -0.150455
5.38318 123.813 -0.21554
16.1495 123.813 -0.302661
26.9159 123.813 -0.208854
37.6822 123.813 -0.238317
48.4486 123.813 -0.279827
59.215 123.813 -0.280331
69.9813 123.813 -0.135464
5.38318 134.579 -0.0902504
16.1495 134.579 -0.0758853
26.9159 134.579 0.227069
37.6822 134.579 0.0526423
48.4486 134.579 -0.0790604
59.215 134.579 -0.198948
69.9813 134.579 -0.105979
5.38318 145.346 0.277684
16.1495 145.346 0.720091
26.9159 145.346 1.27936
37.6822 145.346 1.05475
48.4486 145.346 0.637796
59.215 145.346 0.00847132
69.9813 145.346 -0.0161145
5.38318 156.112 0.400987
16.1495 156.112 1.05066
26.9159 156.112 1.6233
37.6822 156.112 1.53145
48.4486 156.112 1.01597
59.215 156.112 0.450606
69.9813 156.112 0.251431
5.38318 166.879 0.329684
16.1495 166.879 0.893671
26.9159 166.879 1.27352
37.6822 166.879 1.45145
48.4486 166.879 1.18096
59.215 166.879 0.93867
69.9813 166.879 0.631143
5.38318 177.645 -0.115619
16.1495 177.645 -0.0785919
26.9159 177.645 -0.0406719
37.6822 177.645 0.621291
48.4486 177.645 1.07335
59.215 177.645 1.47276
69.9813 177.645 1.16176
5.38318 188.411 -0.243882
16.1495 188.411 -0.287514
26.9159 188.411 -0.288425
37.6822 188.411 0.338897
48.4486 188.411 1.25207
59.215 188.411 1.89968
69.9813 188.411 1.53474
5.38318 199.178 -0.289274
16.1495 199.178 -0.335989
26.9159 199.178 -0.291823
37.6822 199.178 0.27084
48.4486 199.178 1.30752
59.215 199.178 1.93087
69.9813 199.178 1.6158
5.38318 209.944 -0.175187
16.1495 209.944 -0.153484
26.9159 209.944 -0.109748
37.6822 209.944 0.334714
48.4486 209.944 1.0187
59.215 209.944 1.41067
69.9813 209.944 1.2126
