26 166
0 146 72 40
0 130 72 72
0 125 72 82
0 72 72 144
0 0 72 216
5.38318 5.38318 0.420566
16.1495 5.38318 0.815751
26.9159 5.38318 1.37082
37.6822 5.38318 1.49753
48.4486 5.38318 1.48957
59.215 5.38318 1.02501
69.9813 5.38318 0.61844
5.38318 16.1495 0.721329
16.1495 16.1495 1.5699
26.9159 16.1495 2.44472
37.6822 16.1495 2.72996
48.4486 16.1495 2.74517
59.215 16.1495 2.05723
69.9813 16.1495 1.25739
5.38318 26.9159 0.798146
16.1495 26.9159 1.75378
26.9159 26.9159 2.66499
37.6822 26.9159 2.94213
48.4486 26.9159 2.85573
59.215 26.9159 2.16483
69.9813 26.9159 1.3171
5.38318 37.6822 0.86166
16.1495 37.6822 1.83336
26.9159 37.6822 2.32925
37.6822 37.6822 2.31658
48.4486 37.6822 1.87765
59.215 37.6822 1.4714
69.9813 37.6822 0.963998
5.38318 48.4486 0.660508
16.1495 48.4486 1.5612
26.9159 48.4486 1.81726
37.6822 48.4486 1.71507
48.4486 48.4486 1.06117
59.215 48.4486 0.814122
69.9813 48.4486 0.539302
5.38318 59.215 0.115575
16.1495 59.215 0.802724
26.9159 59.215 1.1909
37.6822 59.215 1.52032
48.4486 59.215 1.07638
59.215 59.215 0.9443
69.9813 59.215 0.545325
5.38318 69.9813 -0.154115
16.1495 69.9813 -0.0499169
26.9159 69.9813 0.123791
37.6822 69.9813 0.487073
48.4486 69.9813 0.190229
59.215 69.9813 0.337476
69.9813 69.9813 0.187025
5.38318 80.7477 -0.25443
16.1495 80.7477 -0.34092
26.9159 80.7477 -0.337325
37.6822 80.7477 -0.290459
48.4486 80.7477 -0.299746
59.215 80.7477 -0.168268
69.9813 80.7477 -0.0567406
5.38318 91.514 -0.28464
16.1495 91.514 -0.415968
26.9159 91.514 -0.452537
37.6822 91.514 -0.471852
48.4486 91.514 -0.493982
59.215 91.514 -0.389888
69.9813 91.514 -0.182585
5.38318 102.28 -0.290269
16.1495 102.28 -0.430315
26.9159 102.28 -0.432714
37.6822 102.28 -0.438101
48.4486 102.28 -0.423812
59.215 102.28 -0.341056
69.9813 102.28 -0.146635
5.38318 113.047 -0.291498
16.1495 113.047 -0.44001
26.9159 113.047 -0.437655
37.6822 113.047 -0.429191
48.4486 113.047 -0.416054
59.215 113.047 -0.327789
69.9813 113.047 -0.147478
5.38318 123.813 -0.187445
16.1495 123.813 -0.259102
26.9159 123.813 -0.232629
37.6822 123.813 -0.275089
48.4486 123.813 -0.331219
59.215 123.813 -0.300471
69.9813 123.813 -0.141645
5.38318 134.579 0.0298532
16.1495 134.579 0.254518
26.9159 134.579 0.454159
37.6822 134.579 0.229861
48.4486 134.579 -0.0916752
59.215 134.579 -0.180482
69.9813 134.579 -0.0982275
5.38318 145.346 0.672159
16.1495 145.346 1.50108
26.9159 145.346 1.90367
37.6822 145.346 1.55494
48.4486 145.346 0.84789
59.215 145.346 0.261648
69.9813 145.346 0.123923
5.38318 156.112 1.27051
16.1495 156.112 2.60401
26.9159 156.112 3.32013
37.6822 156.112 2.80058
48.4486 156.112 1.88461
59.215 156.112 1.025
69.9813 156.112 0.561815
5.38318 166.879 1.58992
16.1495 166.879 3.23068
26.9159 166.879 4.03332
37.6822 166.879 3.62349
48.4486 166.879 2.74981
59.215 166.879 1.95356
69.9813 166.879 1.19011
5.38318 177.645 1.77707
16.1495 177.645 3.21429
26.9159 177.645 3.72942
37.6822 177.645 3.49281
48.4486 177.645 3.05052
59.215 177.645 2.59168
69.9813 177.645 1.68879
5.38318 188.411 1.66273
16.1495 188.411 2.87058
26.9159 188.411 3.10007
37.6822 188.411 3.06255
48.4486 188.411 2.93905
59.215 188.411 2.796
69.9813 188.411 1.88295
5.38318 199.178 1.38394
16.1495 199.178 2.47962
26.9159 199.178 2.74877
37.6822 199.178 2.73346
48.4486 199.178 2.52884
59.215 199.178 2.36787
69.9813 199.178 1.62312
5.38318 209.944 0.610303
16.1495 209.944 1.23176
26.9159 209.944 1.48911
37.6822 209.944 1.56262
48.4486 209.944 1.46982
59.215 209.944 1.37344
69.9813 209.944 0.997984
