16 177
0 157 72 40
0 141 72 72
0 134 72 82
0 72 72 144
0 0 72 216
5.38318 5.38318 0.632272
16.1495 5.38318 1.17821
26.9159 5.38318 1.57631
37.6822 5.38318 1.58025
48.4486 5.38318 1.32507
59.215 5.38318 0.892135
69.9813 5.38318 0.496741
5.38318 16.1495 1.08479
16.1495 16.1495 2.32923
26.9159 16.1495 3.31146
37.6822 16.1495 3.33545
48.4486 16.1495 2.80768
59.215 16.1495 1.84789
69.9813 16.1495 1.04429
5.38318 26.9159 1.33726
16.1495 26.9159 3.06723
26.9159 26.9159 4.57756
37.6822 26.9159 4.63926
48.4486 26.9159 3.83829
59.215 26.9159 2.39702
69.9813 26.9159 1.28225
5.38318 37.6822 1.51645
16.1495 37.6822 3.33165
26.9159 37.6822 4.95984
37.6822 37.6822 5.13483
48.4486 37.6822 4.36475
59.215 37.6822 2.70374
69.9813 37.6822 1.4058
5.38318 48.4486 1.80416
16.1495 48.4486 3.33921
26.9159 48.4486 4.41066
37.6822 48.4486 4.42162
48.4486 48.4486 4.01227
59.215 48.4486 2.67887
69.9813 48.4486 1.49914
5.38318 59.215 1.73313
16.1495 59.215 2.7455
26.9159 59.215 3.11355
37.6822 59.215 2.98022
48.4486 59.215 3.00401
59.215 59.215 2.33331
69.9813 59.215 1.48828
5.38318 69.9813 1.26554
16.1495 69.9813 1.97077
26.9159 69.9813 2.16258
37.6822 69.9813 1.99052
48.4486 69.9813 2.08043
59.215 69.9813 1.70683
69.9813 69.9813 1.18534
5.38318 80.7477 0.027373
16.1495 80.7477 0.217402
26.9159 80.7477 0.522547
37.6822 80.7477 0.515884
48.4486 80.7477 0.568046
59.215 80.7477 0.484689
69.9813 80.7477 0.440802
5.38318 91.514 -0.296165
16.1495 91.514 -0.418812
26.9159 91.514 -0.313035
37.6822 91.514 -0.276291
48.4486 91.514 -0.288238
59.215 91.514 -0.246558
69.9813 91.514 -0.114927
5.38318 102.28 -0.300869
16.1495 102.28 -0.455484
26.9159 102.28 -0.430365
37.6822 102.28 -0.419914
48.4486 102.28 -0.409031
59.215 102.28 -0.319958
69.9813 102.28 -0.140622
5.38318 113.047 -0.299868
16.1495 113.047 -0.45392
26.9159 113.047 -0.458149
37.6822 113.047 -0.441525
48.4486 113.047 -0.424765
59.215 113.047 -0.333262
69.9813 113.047 -0.14698
5.38318 123.813 -0.295888
16.1495 123.813 -0.45333
26.9159 123.813 -0.461194
37.6822 123.813 -0.452355
48.4486 123.813 -0.423688
59.215 123.813 -0.312555
69.9813 123.813 -0.129993
5.38318 134.579 -0.179257
16.1495 134.579 -0.28212
26.9159 134.579 -0.291377
37.6822 134.579 -0.304438
48.4486 134.579 -0.31111
59.215 134.579 -0.20032
69.9813 134.579 -0.0736895
5.38318 145.346 0.286093
16.1495 145.346 0.406448
26.9159 145.346 0.374872
37.6822 145.346 0.317826
48.4486 145.346 0.178655
59.215 145.346 0.27218
69.9813 145.346 0.241008
5.38318 156.112 1.64125
16.1495 156.112 2.30883
26.9159 156.112 2.1899
37.6822 156.112 1.96459
48.4486 156.112 1.66387
59.215 156.112 1.36147
69.9813 156.112 0.78355
5.38318 166.879 3.13635
16.1495 166.879 4.44376
26.9159 166.879 4.27327
37.6822 166.879 3.92244
48.4486 166.879 3.39992
59.215 166.879 2.58553
69.9813 166.879 1.35697
5.38318 177.645 3.83093
16.1495 177.645 5.51013
26.9159 177.645 5.50045
37.6822 177.645 5.31053
48.4486 177.645 4.78655
59.215 177.645 3.62039
69.9813 177.645 1.77584
5.38318 188.411 3.06431
16.1495 188.411 4.58601
26.9159 188.411 4.9568
37.6822 188.411 5.11131
48.4486 188.411 4.62473
59.215 188.411 3.46536
69.9813 188.411 1.70228
5.38318 199.178 1.3175
16.1495 199.178 2.20773
26.9159 199.178 2.68783
37.6822 199.178 2.88879
48.4486 199.178 2.62079
59.215 199.178 2.07996
69.9813 199.178 1.13536
5.38318 209.944 0.547342
16.1495 209.944 1.04089
26.9159 209.944 1.28673
37.6822 209.944 1.11251
48.4486 209.944 0.941941
59.215 209.944 0.803215
69.9813 209.944 0.636913
