48 37
0 17 72 40
0 1 72 72
0 0 72 82
0 0 72 144
0 0 72 216
5.38318 5.38318 0.363443
16.1495 5.38318 0.753212
26.9159 5.38318 1.12867
37.6822 5.38318 1.23717
48.4486 5.38318 1.30493
59.215 5.38318 1.13253
69.9813 5.38318 0.753973
5.38318 16.1495 0.716946
16.1495 16.1495 1.5698
26.9159 16.1495 2.27772
37.6822 16.1495 2.56366
48.4486 16.1495 2.66673
59.215 16.1495 2.28161
69.9813 16.1495 1.48454
5.38318 26.9159 0.997302
16.1495 26.9159 2.0541
26.9159 26.9159 3.23232
37.6822 26.9159 3.85446
48.4486 26.9159 3.96052
59.215 26.9159 3.29007
69.9813 26.9159 2.00141
5.38318 37.6822 1.28486
16.1495 37.6822 2.37203
26.9159 37.6822 3.66073
37.6822 37.6822 4.45668
48.4486 37.6822 4.4701
59.215 37.6822 3.53508
69.9813 37.6822 1.96467
5.38318 48.4486 1.39116
16.1495 48.4486 2.34177
26.9159 48.4486 3.51149
37.6822 48.4486 4.20864
48.4486 48.4486 4.19993
59.215 48.4486 3.20046
69.9813 48.4486 1.71321
5.38318 59.215 1.0176
16.1495 59.215 1.63115
26.9159 59.215 2.29468
37.6822 59.215 2.63865
48.4486 59.215 2.59219
59.215 59.215 2.03749
69.9813 59.215 1.14455
5.38318 69.9813 0.340876
16.1495 69.9813 0.640696
26.9159 69.9813 1.10686
37.6822 69.9813 1.22367
48.4486 69.9813 1.22169
59.215 69.9813 1.05024
69.9813 69.9813 0.735046
5.38318 80.7477 -0.125448
16.1495 80.7477 -0.115545
26.9159 80.7477 0.158433
37.6822 80.7477 0.359242
48.4486 80.7477 0.363442
59.215 80.7477 0.421121
69.9813 80.7477 0.385564
5.38318 91.514 -0.296418
16.1495 91.514 -0.40657
26.9159 91.514 -0.293622
37.6822 91.514 -0.226946
48.4486 91.514 -0.220668
59.215 91.514 -0.159286
69.9813 91.514 -0.0351827
5.38318 102.28 -0.304294
16.1495 102.28 -0.436961
26.9159 102.28 -0.351459
37.6822 102.28 -0.299455
48.4486 102.28 -0.285663
59.215 102.28 -0.226774
69.9813 102.28 -0.0833965
5.38318 113.047 -0.296682
16.1495 113.047 -0.440852
26.9159 113.047 -0.413419
37.6822 113.047 -0.383295
48.4486 113.047 -0.366741
59.215 113.047 -0.290007
69.9813 113.047 -0.125856
5.38318 123.813 -0.280792
16.1495 123.813 -0.369697
26.9159 123.813 -0.257181
37.6822 123.813 -0.158886
48.4486 123.813 -0.150631
59.215 123.813 -0.118353
69.9813 123.813 -0.0415369
5.38318 134.579 -0.204793
16.1495 134.579 -0.185494
26.9159 134.579 0.125924
37.6822 134.579 0.507903
48.4486 134.579 0.497641
59.215 134.579 0.39741
69.9813 134.579 0.260205
5.38318 145.346 -0.0776769
16.1495 145.346 0.196199
26.9159 145.346 0.961692
37.6822 145.346 1.54852
48.4486 145.346 1.53958
59.215 145.346 1.18316
69.9813 145.346 0.665285
5.38318 156.112 0.272521
16.1495 156.112 0.862099
26.9159 156.112 1.78615
37.6822 156.112 2.23798
48.4486 156.112 2.1322
59.215 156.112 1.61788
69.9813 156.112 0.891471
5.38318 166.879 0.710948
16.1495 166.879 1.66179
26.9159 166.879 2.44797
37.6822 166.879 2.61646
48.4486 166.879 2.23401
59.215 166.879 1.62129
69.9813 166.879 0.884253
5.38318 177.645 1.14389
16.1495 177.645 2.44033
26.9159 177.645 3.32005
37.6822 177.645 3.07817
48.4486 177.645 2.22226
59.215 177.645 1.38309
69.9813 177.645 0.743261
5.38318 188.411 1.2498
16.1495 188.411 2.79136
26.9159 188.411 3.82925
37.6822 188.411 3.49197
48.4486 188.411 2.28744
59.215 188.411 1.27463
69.9813 188.411 0.631714
5.38318 199.178 0.980067
16.1495 199.178 2.28066
26.9159 199.178 3.30185
37.6822 199.178 3.07999
48.4486 199.178 2.04365
59.215 199.178 1.18232
69.9813 199.178 0.544825
5.38318 209.944 0.475324
16.1495 209.944 1.10592
26.9159 209.944 1.57347
37.6822 209.944 1.44004
48.4486 209.944 0.84863
59.215 209.944 0.664168
69.9813 209.944 0.361203
