37 37
0 17 72 40
0 1 72 72
0 0 72 82
0 0 72 144
0 0 72 216
5.38318 5.38318 0.510898
16.1495 5.38318 0.858489
26.9159 5.38318 1.4736
37.6822 5.38318 1.66001
48.4486 5.38318 1.38894
59.215 5.38318 0.97519
69.9813 5.38318 0.482582
5.38318 16.1495 1.03614
16.1495 16.1495 1.96364
26.9159 16.1495 3.44009
37.6822 16.1495 3.90694
48.4486 16.1495 3.32182
59.215 16.1495 2.15382
69.9813 16.1495 1.05699
5.38318 26.9159 1.63253
16.1495 26.9159 3.27017
26.9159 26.9159 5.68595
37.6822 26.9159 6.30313
48.4486 26.9159 5.11583
59.215 26.9159 3.10553
69.9813 26.9159 1.40593
5.38318 37.6822 1.7504
16.1495 37.6822 3.81022
26.9159 37.6822 6.62984
37.6822 37.6822 7.14956
48.4486 37.6822 5.83457
59.215 37.6822 3.34425
69.9813 37.6822 1.46059
5.38318 48.4486 1.48203
16.1495 48.4486 3.28274
26.9159 48.4486 5.44426
37.6822 48.4486 5.75858
48.4486 48.4486 4.47895
59.215 48.4486 2.49018
69.9813 48.4486 1.11471
5.38318 59.215 0.7271
16.1495 59.215 1.7321
26.9159 59.215 2.72512
37.6822 59.215 2.87877
48.4486 59.215 2.4246
59.215 59.215 1.56197
69.9813 59.215 0.924209
5.38318 69.9813 0.327808
16.1495 69.9813 0.829097
26.9159 69.9813 1.12543
37.6822 69.9813 1.2113
48.4486 69.9813 1.044
59.215 69.9813 0.838527
69.9813 69.9813 0.679937
5.38318 80.7477 -0.0947143
16.1495 80.7477 -0.0130346
26.9159 80.7477 0.161788
37.6822 80.7477 0.293088
48.4486 80.7477 0.336481
59.215 80.7477 0.346163
69.9813 80.7477 0.42664
5.38318 91.514 -0.283211
16.1495 91.514 -0.367706
26.9159 91.514 -0.343954
37.6822 91.514 -0.296018
48.4486 91.514 -0.29453
59.215 91.514 -0.216215
69.9813 91.514 -0.0562672
5.38318 102.28 -0.30758
16.1495 102.28 -0.443741
26.9159 102.28 -0.409279
37.6822 102.28 -0.373599
48.4486 102.28 -0.378198
59.215 102.28 -0.304245
69.9813 102.28 -0.135962
5.38318 113.047 -0.298103
16.1495 113.047 -0.448178
26.9159 113.047 -0.448115
37.6822 113.047 -0.434995
48.4486 113.047 -0.421648
59.215 113.047 -0.329322
69.9813 113.047 -0.145668
5.38318 123.813 -0.273434
16.1495 123.813 -0.406543
26.9159 123.813 -0.365246
37.6822 123.813 -0.360535
48.4486 123.813 -0.357064
59.215 123.813 -0.271228
69.9813 123.813 -0.113338
5.38318 134.579 -0.184982
16.1495 134.579 -0.23186
26.9159 134.579 -0.121413
37.6822 134.579 -0.0939351
48.4486 134.579 -0.120275
59.215 134.579 -0.0736574
69.9813 134.579 -0.0100305
5.38318 145.346 -0.0231206
16.1495 145.346 0.25032
26.9159 145.346 0.73905
37.6822 145.346 0.922405
48.4486 145.346 0.804808
59.215 145.346 0.66824
69.9813 145.346 0.432342
5.38318 156.112 0.314805
16.1495 156.112 1.11275
26.9159 156.112 2.05719
37.6822 156.112 2.47373
48.4486 156.112 2.26349
59.215 156.112 1.72692
69.9813 156.112 0.997956
5.38318 166.879 0.618175
16.1495 166.879 1.88657
26.9159 166.879 3.06528
37.6822 166.879 3.79781
48.4486 166.879 3.56326
59.215 166.879 2.59584
69.9813 166.879 1.47927
5.38318 177.645 0.717128
16.1495 177.645 2.04153
26.9159 177.645 3.31976
37.6822 177.645 4.32645
48.4486 177.645 4.2218
59.215 177.645 3.09815
69.9813 177.645 1.74825
5.38318 188.411 0.77248
16.1495 188.411 1.93411
26.9159 188.411 2.98573
37.6822 188.411 3.79693
48.4486 188.411 3.71828
59.215 188.411 2.83661
69.9813 188.411 1.67682
5.38318 199.178 0.633957
16.1495 199.178 1.42013
26.9159 199.178 2.01405
37.6822 199.178 2.33147
48.4486 199.178 2.41038
59.215 199.178 2.12423
69.9813 199.178 1.44431
5.38318 209.944 0.556128
16.1495 209.944 1.05155
26.9159 209.944 1.40201
37.6822 209.944 1.34868
48.4486 209.944 1.43732
59.215 209.944 1.41671
69.9813 209.944 1.09614
