37 37
0 17 72 40
0 1 72 72
0 0 72 82
0 0 72 144
0 0 72 216
5.38318 5.38318 0.822833
16.1495 5.38318 1.47672
26.9159 5.38318 1.86882
37.6822 5.38318 1.90785
48.4486 5.38318 1.69649
59.215 5.38318 1.20515
69.9813 5.38318 0.696705
5.38318 16.1495 1.45052
16.1495 16.1495 2.79777
26.9159 16.1495 3.75816
37.6822 16.1495 3.98608
48.4486 16.1495 3.57381
59.215 16.1495 2.49736
69.9813 16.1495 1.38756
5.38318 26.9159 1.78374
16.1495 26.9159 3.57341
26.9159 26.9159 5.09678
37.6822 26.9159 5.46265
48.4486 26.9159 4.78572
59.215 26.9159 3.29898
69.9813 26.9159 1.7745
5.38318 37.6822 1.6839
16.1495 37.6822 3.44335
26.9159 37.6822 5.15782
37.6822 37.6822 5.55409
48.4486 37.6822 4.82599
59.215 37.6822 3.24664
69.9813 37.6822 1.74348
5.38318 48.4486 1.417
16.1495 48.4486 2.97199
26.9159 48.4486 4.41258
37.6822 48.4486 4.6477
48.4486 48.4486 3.92071
59.215 48.4486 2.62717
69.9813 48.4486 1.45097
5.38318 59.215 0.709042
16.1495 59.215 1.63709
26.9159 59.215 2.31965
37.6822 59.215 2.4991
48.4486 59.215 2.14871
59.215 59.215 1.63952
69.9813 59.215 1.03803
5.38318 69.9813 0.338705
16.1495 69.9813 0.880511
26.9159 69.9813 1.18385
37.6822 69.9813 1.39016
48.4486 69.9813 1.12065
59.215 69.9813 1.03765
69.9813 69.9813 0.703351
5.38318 80.7477 -0.166722
16.1495 80.7477 -0.202462
26.9159 80.7477 -0.193122
37.6822 80.7477 -0.189382
48.4486 80.7477 -0.275845
59.215 80.7477 -0.135292
69.9813 80.7477 -6.69608e-05
5.38318 91.514 -0.487019
16.1495 91.514 -0.77026
26.9159 91.514 -0.841671
37.6822 91.514 -0.868243
48.4486 91.514 -0.88637
59.215 91.514 -0.656062
69.9813 91.514 -0.286155
5.38318 102.28 -0.57751
16.1495 102.28 -0.930322
26.9159 102.28 -1.01987
37.6822 102.28 -1.02869
48.4486 102.28 -0.98262
59.215 102.28 -0.782671
69.9813 102.28 -0.34315
5.38318 113.047 -0.57203
16.1495 113.047 -0.912221
26.9159 113.047 -0.986444
37.6822 113.047 -0.985824
48.4486 113.047 -0.93579
59.215 113.047 -0.723517
69.9813 113.047 -0.308608
5.38318 123.813 -0.521702
16.1495 123.813 -0.817608
26.9159 123.813 -0.81319
37.6822 123.813 -0.800821
48.4486 123.813 -0.754005
59.215 123.813 -0.562503
69.9813 123.813 -0.224006
5.38318 134.579 -0.345491
16.1495 134.579 -0.483888
26.9159 134.579 -0.386889
37.6822 134.579 -0.352348
48.4486 134.579 -0.345453
59.215 134.579 -0.262788
69.9813 134.579 -0.0680005
5.38318 145.346 -0.137845
16.1495 145.346 -0.0223596
26.9159 145.346 0.519405
37.6822 145.346 0.896639
48.4486 145.346 0.856741
59.215 145.346 0.595634
69.9813 145.346 0.44638
5.38318 156.112 0.176954
16.1495 156.112 0.993936
26.9159 156.112 1.92133
37.6822 156.112 2.49882
48.4486 156.112 2.31933
59.215 156.112 1.55579
69.9813 156.112 0.867298
5.38318 166.879 0.352463
16.1495 166.879 1.39422
26.9159 166.879 2.62707
37.6822 166.879 3.53148
48.4486 166.879 3.34457
59.215 166.879 2.18424
69.9813 166.879 1.14148
5.38318 177.645 0.500856
16.1495 177.645 1.58995
26.9159 177.645 2.97287
37.6822 177.645 3.92584
48.4486 177.645 3.63886
59.215 177.645 2.25278
69.9813 177.645 1.108
5.38318 188.411 0.600804
16.1495 188.411 1.57017
26.9159 188.411 2.8236
37.6822 188.411 3.65493
48.4486 188.411 3.28279
59.215 188.411 2.10703
69.9813 188.411 0.987155
5.38318 199.178 0.589774
16.1495 199.178 1.4343
26.9159 199.178 2.32218
37.6822 199.178 2.8248
48.4486 199.178 2.47306
59.215 199.178 1.77747
69.9813 199.178 0.952322
5.38318 209.944 0.365972
16.1495 209.944 0.822702
26.9159 209.944 1.02918
37.6822 209.944 1.26645
48.4486 209.944 1.14667
59.215 209.944 1.10489
69.9813 209.944 0.695072
