37 26
0 6 72 40
0 0 72 72
0 0 72 82
0 0 72 144
0 0 72 216
5.38318 5.38318 0.988482
16.1495 5.38318 1.75668
26.9159 5.38318 2.47289
37.6822 5.38318 2.65514
48.4486 5.38318 2.29362
59.215 5.38318 1.54948
69.9813 5.38318 0.824894
5.38318 16.1495 1.49872
16.1495 16.1495 2.97026
26.9159 16.1495 4.42725
37.6822 16.1495 4.82117
48.4486 16.1495 4.14168
59.215 16.1495 2.71524
69.9813 16.1495 1.41368
5.38318 26.9159 1.47705
16.1495 26.9159 3.29019
26.9159 26.9159 5.17578
37.6822 26.9159 5.75105
48.4486 26.9159 4.73961
59.215 26.9159 2.92733
69.9813 26.9159 1.37131
5.38318 37.6822 0.839332
16.1495 37.6822 2.16163
26.9159 37.6822 3.55787
37.6822 37.6822 3.91601
48.4486 37.6822 3.06949
59.215 37.6822 1.73723
69.9813 37.6822 0.719486
5.38318 48.4486 0.262984
16.1495 48.4486 0.946381
26.9159 48.4486 1.87991
37.6822 48.4486 2.22191
48.4486 48.4486 1.74404
59.215 48.4486 0.916854
69.9813 48.4486 0.353898
5.38318 59.215 -0.00553119
16.1495 59.215 0.583181
26.9159 59.215 1.73001
37.6822 59.215 2.23208
48.4486 59.215 1.86837
59.215 59.215 0.891727
69.9813 59.215 0.295071
5.38318 69.9813 -0.097031
16.1495 69.9813 0.253784
26.9159 69.9813 1.58533
37.6822 69.9813 2.16219
48.4486 69.9813 1.85197
59.215 69.9813 0.85192
69.9813 69.9813 0.219205
5.38318 80.7477 -0.20167
16.1495 80.7477 -0.141088
26.9159 80.7477 0.657497
37.6822 80.7477 1.09819
48.4486 80.7477 0.822662
59.215 80.7477 0.193829
69.9813 80.7477 -0.0642668
5.38318 91.514 -0.279333
16.1495 91.514 -0.385603
26.9159 91.514 -0.25769
37.6822 91.514 -0.211571
48.4486 91.514 -0.261464
59.215 91.514 -0.278093
69.9813 91.514 -0.167969
5.38318 102.28 -0.290986
16.1495 102.28 -0.443425
26.9159 102.28 -0.434788
37.6822 102.28 -0.440604
48.4486 102.28 -0.46826
59.215 102.28 -0.381168
69.9813 102.28 -0.190757
5.38318 113.047 -0.296006
16.1495 113.047 -0.450307
26.9159 113.047 -0.441519
37.6822 113.047 -0.427483
48.4486 113.047 -0.400481
59.215 113.047 -0.310925
69.9813 113.047 -0.13411
5.38318 123.813 -0.252557
16.1495 123.813 -0.385937
26.9159 123.813 -0.327867
37.6822 123.813 -0.284023
48.4486 123.813 -0.231285
59.215 123.813 -0.141758
69.9813 123.813 -0.0192111
5.38318 134.579 -0.160332
16.1495 134.579 -0.218257
26.9159 134.579 -0.104471
37.6822 134.579 0.0527102
48.4486 134.579 0.352913
59.215 134.579 0.430817
69.9813 134.579 0.450669
5.38318 145.346 -0.0312912
16.1495 145.346 0.045608
26.9159 145.346 0.551711
37.6822 145.346 1.06655
48.4486 145.346 1.58046
59.215 145.346 1.58105
69.9813 145.346 1.17199
5.38318 156.112 0.276896
16.1495 156.112 0.651124
26.9159 156.112 1.31401
37.6822 156.112 1.956
48.4486 156.112 2.64823
59.215 156.112 2.65192
69.9813 156.112 1.932
5.38318 166.879 0.355146
16.1495 166.879 0.805351
26.9159 166.879 1.58589
37.6822 166.879 2.33832
48.4486 166.879 3.31794
59.215 166.879 3.35415
69.9813 166.879 2.40187
5.38318 177.645 0.262942
16.1495 177.645 0.674337
26.9159 177.645 1.33155
37.6822 177.645 2.06704
48.4486 177.645 3.05496
59.215 177.645 3.1064
69.9813 177.645 2.25181
5.38318 188.411 0.174955
16.1495 188.411 0.529189
26.9159 188.411 1.03
37.6822 188.411 1.65922
48.4486 188.411 2.52377
59.215 188.411 2.58768
69.9813 188.411 1.90196
5.38318 199.178 0.326121
16.1495 199.178 0.651458
26.9159 199.178 0.830287
37.6822 199.178 1.32741
48.4486 199.178 1.97082
59.215 199.178 2.18537
69.9813 199.178 1.62971
5.38318 209.944 0.327713
16.1495 209.944 0.544916
26.9159 209.944 0.599105
37.6822 209.944 0.818647
48.4486 209.944 1.1676
59.215 209.944 1.32251
69.9813 209.944 1.00502
