59 48
0 28 72 40
0 12 72 72
0 7 72 82
0 0 72 144
0 0 72 216
5.38318 5.38318 0.685507
16.1495 5.38318 1.10225
26.9159 5.38318 1.31406
37.6822 5.38318 1.26191
48.4486 5.38318 1.14756
59.215 5.38318 0.951993
69.9813 5.38318 0.62027
5.38318 16.1495 1.20818
16.1495 16.1495 2.12383
26.9159 16.1495 2.55113
37.6822 16.1495 2.47709
48.4486 16.1495 2.30948
59.215 16.1495 1.96004
69.9813 16.1495 1.31547
5.38318 26.9159 1.91906
16.1495 26.9159 3.04424
26.9159 26.9159 3.20883
37.6822 26.9159 2.9934
48.4486 26.9159 3.10532
59.215 26.9159 2.94609
69.9813 26.9159 2.09792
5.38318 37.6822 2.92983
16.1495 37.6822 4.3287
26.9159 37.6822 4.17909
37.6822 37.6822 3.8245
48.4486 37.6822 4.39307
59.215 37.6822 4.45718
69.9813 37.6822 3.16577
5.38318 48.4486 3.24971
16.1495 48.4486 4.81691
26.9159 48.4486 4.51007
37.6822 48.4486 4.0307
48.4486 48.4486 4.80058
59.215 48.4486 5.00341
69.9813 48.4486 3.5521
5.38318 59.215 2.28726
16.1495 59.215 3.30545
26.9159 59.215 3.26218
37.6822 59.215 2.97426
48.4486 59.215 3.65923
59.215 59.215 3.80202
69.9813 59.215 2.77502
5.38318 69.9813 0.0660283
16.1495 69.9813 0.0648273
26.9159 69.9813 0.256511
37.6822 69.9813 0.0529048
48.4486 69.9813 0.362516
59.215 69.9813 0.606336
69.9813 69.9813 0.693107
5.38318 80.7477 -0.38298
16.1495 80.7477 -0.639671
26.9159 80.7477 -0.602755
37.6822 80.7477 -0.669244
48.4486 80.7477 -0.651308
59.215 80.7477 -0.458562
69.9813 80.7477 -0.152797
5.38318 91.514 -0.527993
16.1495 91.514 -0.860123
26.9159 91.514 -0.888166
37.6822 91.514 -0.957541
48.4486 91.514 -0.927643
59.215 91.514 -0.711992
69.9813 91.514 -0.299171
5.38318 102.28 -0.549638
16.1495 102.28 -0.883363
26.9159 102.28 -0.955187
37.6822 102.28 -0.970482
48.4486 102.28 -0.922061
59.215 102.28 -0.688827
69.9813 102.28 -0.277942
5.38318 113.047 -0.583936
16.1495 113.047 -0.933691
26.9159 113.047 -1.01625
37.6822 113.047 -1.01646
48.4486 113.047 -0.962851
59.215 113.047 -0.757906
69.9813 113.047 -0.325261
5.38318 123.813 -0.580307
16.1495 123.813 -0.918159
26.9159 123.813 -0.984108
37.6822 123.813 -0.975892
48.4486 123.813 -0.930906
59.215 123.813 -0.730447
69.9813 123.813 -0.320215
5.38318 134.579 -0.551723
16.1495 134.579 -0.823417
26.9159 134.579 -0.726066
37.6822 134.579 -0.63225
48.4486 134.579 -0.676852
59.215 134.579 -0.561757
69.9813 134.579 -0.273304
5.38318 145.346 -0.422471
16.1495 145.346 -0.417396
26.9159 145.346 0.0522946
37.6822 145.346 0.548035
48.4486 145.346 -0.0039834
59.215 145.346 -0.164033
69.9813 145.346 -0.12826
5.38318 156.112 -0.116318
16.1495 156.112 0.623796
26.9159 156.112 2.27027
37.6822 156.112 2.81304
48.4486 156.112 2.01056
59.215 156.112 0.996506
69.9813 156.112 0.309353
5.38318 166.879 0.442555
16.1495 166.879 1.68731
26.9159 166.879 3.45583
37.6822 166.879 4.03742
48.4486 166.879 3.21508
59.215 166.879 2.00181
69.9813 166.879 0.854059
5.38318 177.645 0.984244
16.1495 177.645 2.15037
26.9159 177.645 3.479
37.6822 177.645 3.76306
48.4486 177.645 3.1522
59.215 177.645 2.17494
69.9813 177.645 1.1943
5.38318 188.411 1.00557
16.1495 188.411 1.56759
26.9159 188.411 2.1549
37.6822 188.411 2.03148
48.4486 188.411 1.87105
59.215 188.411 1.57728
69.9813 188.411 1.13409
5.38318 199.178 0.644238
16.1495 199.178 0.87266
26.9159 199.178 1.09614
37.6822 199.178 0.804035
48.4486 199.178 0.78017
59.215 199.178 0.800216
69.9813 199.178 0.734489
5.38318 209.944 0.113464
16.1495 209.944 0.125946
26.9159 209.944 0.30392
37.6822 209.944 0.177462
48.4486 209.944 0.19026
59.215 209.944 0.282535
69.9813 209.944 0.341556
