37 177
0 157 72 40
0 141 72 72
0 134 72 82
0 72 72 144
0 0 72 216
5.38318 5.38318 0.307025
16.1495 5.38318 0.683408
26.9159 5.38318 1.2862
37.6822 5.38318 1.43586
48.4486 5.38318 1.32055
59.215 5.38318 0.827015
69.9813 5.38318 0.45327
5.38318 16.1495 0.577263
16.1495 16.1495 1.65647
26.9159 16.1495 2.83893
37.6822 16.1495 3.23652
48.4486 16.1495 2.91732
59.215 16.1495 1.85481
69.9813 16.1495 0.997897
5.38318 26.9159 0.799277
16.1495 26.9159 2.23016
26.9159 26.9159 3.96318
37.6822 26.9159 4.52749
48.4486 26.9159 4.04838
59.215 26.9159 2.53643
69.9813 26.9159 1.29027
5.38318 37.6822 1.01066
16.1495 37.6822 2.4406
26.9159 37.6822 4.08587
37.6822 37.6822 4.63258
48.4486 37.6822 4.09005
59.215 37.6822 2.5728
69.9813 37.6822 1.29456
5.38318 48.4486 1.02487
16.1495 48.4486 2.08505
26.9159 48.4486 3.12392
37.6822 48.4486 3.25782
48.4486 48.4486 2.8494
59.215 48.4486 1.88628
69.9813 48.4486 1.07756
5.38318 59.215 0.732917
16.1495 59.215 1.40925
26.9159 59.215 1.68996
37.6822 59.215 1.57618
48.4486 59.215 1.38312
59.215 59.215 1.09297
69.9813 59.215 0.838872
5.38318 69.9813 0.468171
16.1495 69.9813 0.945414
26.9159 69.9813 0.975615
37.6822 69.9813 0.866275
48.4486 69.9813 0.792805
59.215 69.9813 0.82738
69.9813 69.9813 0.761441
5.38318 80.7477 -0.0060072
16.1495 80.7477 0.214993
26.9159 80.7477 0.350109
37.6822 80.7477 0.312968
48.4486 80.7477 0.280121
59.215 80.7477 0.417535
69.9813 80.7477 0.470954
5.38318 91.514 -0.259153
16.1495 91.514 -0.333905
26.9159 91.514 -0.265997
37.6822 91.514 -0.199702
48.4486 91.514 -0.194755
59.215 91.514 -0.113146
69.9813 91.514 0.0172723
5.38318 102.28 -0.297174
16.1495 102.28 -0.417201
26.9159 102.28 -0.337951
37.6822 102.28 -0.278994
48.4486 102.28 -0.270746
59.215 102.28 -0.210561
69.9813 102.28 -0.0849072
5.38318 113.047 -0.299946
16.1495 113.047 -0.453171
26.9159 113.047 -0.452209
37.6822 113.047 -0.435848
48.4486 113.047 -0.412475
59.215 113.047 -0.321555
69.9813 113.047 -0.13958
5.38318 123.813 -0.292043
16.1495 123.813 -0.41964
26.9159 123.813 -0.357052
37.6822 123.813 -0.306753
48.4486 123.813 -0.301591
59.215 123.813 -0.246678
69.9813 123.813 -0.11105
5.38318 134.579 -0.243686
16.1495 134.579 -0.310561
26.9159 134.579 -0.168133
37.6822 134.579 -0.0511453
48.4486 134.579 -0.058585
59.215 134.579 -0.0560089
69.9813 134.579 -0.0166944
5.38318 145.346 -0.0324967
16.1495 145.346 0.134323
26.9159 145.346 0.873042
37.6822 145.346 1.3181
48.4486 145.346 1.06595
59.215 145.346 0.714125
69.9813 145.346 0.309939
5.38318 156.112 0.530995
16.1495 156.112 1.118
26.9159 156.112 2.49467
37.6822 156.112 3.05364
48.4486 156.112 2.61541
59.215 156.112 1.72565
69.9813 156.112 0.769016
5.38318 166.879 1.33066
16.1495 166.879 2.61909
26.9159 166.879 4.65667
37.6822 166.879 5.26604
48.4486 166.879 4.29355
59.215 166.879 2.59955
69.9813 166.879 1.13082
5.38318 177.645 1.67785
16.1495 177.645 3.48175
26.9159 177.645 6.15904
37.6822 177.645 6.73765
48.4486 177.645 5.49287
59.215 177.645 3.08458
69.9813 177.645 1.31892
5.38318 188.411 1.56381
16.1495 188.411 3.4132
26.9159 188.411 5.8544
37.6822 188.411 6.23228
48.4486 188.411 4.90633
59.215 188.411 2.62184
69.9813 188.411 1.11123
5.38318 199.178 0.836458
16.1495 199.178 1.9735
26.9159 199.178 3.48034
37.6822 199.178 3.67445
48.4486 199.178 2.89914
59.215 199.178 1.57324
69.9813 199.178 0.755534
5.38318 209.944 0.30371
16.1495 209.944 0.791139
26.9159 209.944 1.2387
37.6822 209.944 1.31053
48.4486 209.944 1.05542
59.215 209.944 0.745528
69.9813 209.944 0.488201
