37 177
0 157 72 40
0 141 72 72
0 134 72 82
0 72 72 144
0 0 72 216
5.38318 5.38318 0.213018
16.1495 5.38318 0.190727
26.9159 5.38318 0.169659
37.6822 5.38318 0.0460816
48.4486 5.38318 0.00299265
59.215 5.38318 0.0696552
69.9813 5.38318 0.111673
5.38318 16.1495 0.603833
16.1495 16.1495 0.87943
26.9159 16.1495 0.970172
37.6822 16.1495 0.680658
48.4486 16.1495 0.577343
59.215 16.1495 0.501864
69.9813 16.1495 0.457113
5.38318 26.9159 1.18785
16.1495 26.9159 1.72833
26.9159 26.9159 1.77116
37.6822 26.9159 1.11352
48.4486 26.9159 0.881718
59.215 26.9159 0.680029
69.9813 26.9159 0.6493
5.38318 37.6822 1.7042
16.1495 37.6822 2.5555
26.9159 37.6822 2.67033
37.6822 37.6822 1.94963
48.4486 37.6822 1.54456
59.215 37.6822 1.20997
69.9813 37.6822 1.0088
5.38318 48.4486 1.68008
16.1495 48.4486 2.51438
26.9159 48.4486 2.57391
37.6822 48.4486 1.89163
48.4486 48.4486 1.45722
59.215 48.4486 1.3215
69.9813 48.4486 1.11616
5.38318 59.215 0.904459
16.1495 59.215 1.38033
26.9159 59.215 1.43508
37.6822 59.215 1.13126
48.4486 59.215 1.04774
59.215 59.215 1.34793
69.9813 59.215 1.17551
5.38318 69.9813 0.478738
16.1495 69.9813 0.575952
26.9159 69.9813 0.305077
37.6822 69.9813 0.124887
48.4486 69.9813 0.348765
59.215 69.9813 1.12924
69.9813 69.9813 1.07765
5.38318 80.7477 0.221993
16.1495 80.7477 0.118235
26.9159 80.7477 -0.0644525
37.6822 80.7477 -0.173926
48.4486 80.7477 -0.0437415
59.215 80.7477 0.719097
69.9813 80.7477 0.825532
5.38318 91.514 -0.0297647
16.1495 91.514 -0.149503
26.9159 91.514 -0.227504
37.6822 91.514 -0.343923
48.4486 91.514 -0.301624
59.215 91.514 -0.0565613
69.9813 91.514 0.280033
5.38318 102.28 -0.277339
16.1495 102.28 -0.438715
26.9159 102.28 -0.441384
37.6822 102.28 -0.447987
48.4486 102.28 -0.431634
59.215 102.28 -0.319581
69.9813 102.28 -0.126378
5.38318 113.047 -0.285368
16.1495 113.047 -0.433438
26.9159 113.047 -0.430541
37.6822 113.047 -0.435844
48.4486 113.047 -0.42645
59.215 113.047 -0.34115
69.9813 113.047 -0.15142
5.38318 123.813 -0.236517
16.1495 123.813 -0.361297
26.9159 123.813 -0.34011
37.6822 123.813 -0.358446
48.4486 123.813 -0.35101
59.215 123.813 -0.274253
69.9813 123.813 -0.108893
5.38318 134.579 -0.144747
16.1495 134.579 -0.207054
26.9159 134.579 -0.153454
37.6822 134.579 -0.180903
48.4486 134.579 -0.175642
59.215 134.579 -0.145173
69.9813 134.579 -0.0272342
5.38318 145.346 -0.0386062
16.1495 145.346 -0.00737524
26.9159 145.346 0.344042
37.6822 145.346 0.38231
48.4486 145.346 0.441694
59.215 145.346 0.300698
69.9813 145.346 0.2981
5.38318 156.112 0.170222
16.1495 156.112 0.650144
26.9159 156.112 1.432
37.6822 156.112 1.60387
48.4486 156.112 1.59997
59.215 156.112 1.09563
69.9813 156.112 0.72229
5.38318 166.879 0.44999
16.1495 166.879 1.22585
26.9159 166.879 2.44493
37.6822 166.879 2.5957
48.4486 166.879 2.54814
59.215 166.879 1.77123
69.9813 166.879 1.09214
5.38318 177.645 0.709144
16.1495 177.645 1.84738
26.9159 177.645 3.36939
37.6822 177.645 3.54157
48.4486 177.645 3.38601
59.215 177.645 2.26785
69.9813 177.645 1.35785
5.38318 188.411 0.84126
16.1495 188.411 1.96974
26.9159 188.411 3.42925
37.6822 188.411 3.52236
48.4486 188.411 3.31835
59.215 188.411 2.16679
69.9813 188.411 1.30475
5.38318 199.178 0.658657
16.1495 199.178 1.50044
26.9159 199.178 2.6268
37.6822 199.178 2.70643
48.4486 199.178 2.49676
59.215 199.178 1.66601
69.9813 199.178 1.00435
5.38318 209.944 0.32642
16.1495 209.944 0.666473
26.9159 209.944 1.14219
37.6822 209.944 1.07912
48.4486 209.944 0.914534
59.215 209.944 0.614196
69.9813 209.944 0.415244
