37 177
0 157 72 40
0 141 72 72
0 134 72 82
0 72 72 144
0 0 72 216
5.38318 5.38318 0.629531
16.1495 5.38318 1.12596
26.9159 5.38318 1.3951
37.6822 5.38318 1.09506
48.4486 5.38318 0.595267
59.215 5.38318 0.178602
69.9813 5.38318 0.0949562
5.38318 16.1495 1.02127
16.1495 16.1495 2.02448
26.9159 16.1495 2.53242
37.6822 16.1495 2.01106
48.4486 16.1495 1.19963
59.215 16.1495 0.454838
69.9813 16.1495 0.299135
5.38318 26.9159 1.19657
16.1495 26.9159 2.39191
26.9159 26.9159 3.00603
37.6822 26.9159 2.43479
48.4486 26.9159 1.42513
59.215 26.9159 0.49995
69.9813 26.9159 0.274564
5.38318 37.6822 1.2167
16.1495 37.6822 2.3065
26.9159 37.6822 2.83517
37.6822 37.6822 2.40986
48.4486 37.6822 1.7015
59.215 37.6822 0.890458
69.9813 37.6822 0.559787
5.38318 48.4486 1.08873
16.1495 48.4486 2.12451
26.9159 48.4486 2.71128
37.6822 48.4486 2.66217
48.4486 48.4486 2.33722
59.215 48.4486 1.67164
69.9813 48.4486 1.05676
5.38318 59.215 1.02065
16.1495 59.215 2.00743
26.9159 59.215 2.59663
37.6822 59.215 2.67085
48.4486 59.215 2.60449
59.215 59.215 2.04518
69.9813 59.215 1.37773
5.38318 69.9813 0.838943
16.1495 69.9813 1.71665
26.9159 69.9813 2.15986
37.6822 69.9813 2.18672
48.4486 69.9813 2.18471
59.215 69.9813 1.79466
69.9813 69.9813 1.28378
5.38318 80.7477 0.44389
16.1495 80.7477 0.917856
26.9159 80.7477 1.10926
37.6822 80.7477 0.947764
48.4486 80.7477 0.90566
59.215 80.7477 0.73426
69.9813 80.7477 0.682867
5.38318 91.514 -0.167822
16.1495 91.514 -0.189855
26.9159 91.514 -0.166936
37.6822 91.514 -0.239481
48.4486 91.514 -0.303728
59.215 91.514 -0.302156
69.9813 91.514 -0.120617
5.38318 102.28 -0.286473
16.1495 102.28 -0.443275
26.9159 102.28 -0.428242
37.6822 102.28 -0.451197
48.4486 102.28 -0.450421
59.215 102.28 -0.359809
69.9813 102.28 -0.163441
5.38318 113.047 -0.301742
16.1495 113.047 -0.456384
26.9159 113.047 -0.45991
37.6822 113.047 -0.442368
48.4486 113.047 -0.428051
59.215 113.047 -0.34184
69.9813 113.047 -0.155019
5.38318 123.813 -0.298891
16.1495 123.813 -0.449774
26.9159 123.813 -0.446375
37.6822 123.813 -0.432316
48.4486 123.813 -0.414549
59.215 123.813 -0.32932
69.9813 123.813 -0.148261
5.38318 134.579 -0.275401
16.1495 134.579 -0.370117
26.9159 134.579 -0.296049
37.6822 134.579 -0.242032
48.4486 134.579 -0.261753
59.215 134.579 -0.228606
69.9813 134.579 -0.109787
5.38318 145.346 -0.158353
16.1495 145.346 -0.122356
26.9159 145.346 0.245704
37.6822 145.346 0.483542
48.4486 145.346 0.375134
59.215 145.346 0.139508
69.9813 145.346 0.0675752
5.38318 156.112 0.0722062
16.1495 156.112 0.580237
26.9159 156.112 1.56451
37.6822 156.112 1.9408
48.4486 156.112 1.65507
59.215 156.112 0.977276
69.9813 156.112 0.423816
5.38318 166.879 0.528299
16.1495 166.879 1.30756
26.9159 166.879 2.64589
37.6822 166.879 3.1901
48.4486 166.879 2.85993
59.215 166.879 1.85179
69.9813 166.879 0.934149
5.38318 177.645 0.85716
16.1495 177.645 1.66929
26.9159 177.645 2.97813
37.6822 177.645 3.43754
48.4486 177.645 3.13768
59.215 177.645 2.13313
69.9813 177.645 1.15514
5.38318 188.411 0.985918
16.1495 188.411 1.37765
26.9159 188.411 2.17747
37.6822 188.411 2.25829
48.4486 188.411 2.21222
59.215 188.411 1.76267
69.9813 188.411 1.15993
5.38318 199.178 0.747185
16.1495 199.178 0.871157
26.9159 199.178 1.08567
37.6822 199.178 0.800241
48.4486 199.178 0.899288
59.215 199.178 0.901712
69.9813 199.178 0.845295
5.38318 209.944 0.284684
16.1495 209.944 0.293044
26.9159 209.944 0.491925
37.6822 209.944 0.230011
48.4486 209.944 0.349473
59.215 209.944 0.461005
69.9813 209.944 0.49772
