37 177
0 157 72 40
0 141 72 72
0 134 72 82
0 72 72 144
0 0 72 216
5.38318 5.38318 0.103165
16.1495 5.38318 0.297946
26.9159 5.38318 0.717955
37.6822 5.38318 0.960567
48.4486 5.38318 0.947354
59.215 5.38318 0.712891
69.9813 5.38318 0.400568
5.38318 16.1495 0.257048
16.1495 16.1495 0.941585
26.9159 16.1495 1.93859
37.6822 16.1495 2.51369
48.4486 16.1495 2.4985
59.215 16.1495 1.86163
69.9813 16.1495 1.04746
5.38318 26.9159 0.452723
16.1495 26.9159 1.52999
26.9159 26.9159 2.98554
37.6822 26.9159 4.12851
48.4486 26.9159 4.17927
59.215 26.9159 3.05206
69.9813 26.9159 1.61972
5.38318 37.6822 1.30589
16.1495 37.6822 2.44138
26.9159 37.6822 3.81706
37.6822 37.6822 4.96973
48.4486 37.6822 5.08815
59.215 37.6822 3.78231
69.9813 37.6822 1.99776
5.38318 48.4486 2.05146
16.1495 48.4486 3.16177
26.9159 48.4486 3.85731
37.6822 48.4486 4.28401
48.4486 48.4486 4.24692
59.215 48.4486 3.26597
69.9813 48.4486 1.77804
5.38318 59.215 2.3493
16.1495 59.215 3.15185
26.9159 59.215 3.006
37.6822 59.215 2.46542
48.4486 59.215 2.30435
59.215 59.215 2.07459
69.9813 59.215 1.33015
5.38318 69.9813 1.6679
16.1495 69.9813 2.30503
26.9159 69.9813 2.16351
37.6822 69.9813 1.48055
48.4486 69.9813 1.23307
59.215 69.9813 1.34359
69.9813 69.9813 0.991967
5.38318 80.7477 0.607928
16.1495 80.7477 0.896637
26.9159 80.7477 0.950854
37.6822 80.7477 0.56269
48.4486 80.7477 0.347528
59.215 80.7477 0.603113
69.9813 80.7477 0.531055
5.38318 91.514 -0.102859
16.1495 91.514 -0.114744
26.9159 91.514 -0.110272
37.6822 91.514 -0.1916
48.4486 91.514 -0.274879
59.215 91.514 -0.145848
69.9813 91.514 -0.0102686
5.38318 102.28 -0.264458
16.1495 102.28 -0.394357
26.9159 102.28 -0.391635
37.6822 102.28 -0.42219
48.4486 102.28 -0.429712
59.215 102.28 -0.320065
69.9813 102.28 -0.130042
5.38318 113.047 -0.299718
16.1495 113.047 -0.450583
26.9159 113.047 -0.442398
37.6822 113.047 -0.428824
48.4486 113.047 -0.409904
59.215 113.047 -0.325399
69.9813 113.047 -0.143642
5.38318 123.813 -0.271438
16.1495 123.813 -0.388682
26.9159 123.813 -0.329132
37.6822 123.813 -0.298412
48.4486 123.813 -0.293426
59.215 123.813 -0.238212
69.9813 123.813 -0.0978426
5.38318 134.579 -0.179343
16.1495 134.579 -0.193631
26.9159 134.579 -0.0423583
37.6822 134.579 0.0501293
48.4486 134.579 -0.0129699
59.215 134.579 -0.0451527
69.9813 134.579 0.0152268
5.38318 145.346 0.103026
16.1495 145.346 0.538364
26.9159 145.346 1.10525
37.6822 145.346 1.35998
48.4486 145.346 1.08202
59.215 145.346 0.648689
69.9813 145.346 0.392778
5.38318 156.112 0.646847
16.1495 156.112 1.70811
26.9159 156.112 2.6135
37.6822 156.112 2.85543
48.4486 156.112 2.34319
59.215 156.112 1.447
69.9813 156.112 0.774885
5.38318 166.879 1.273
16.1495 166.879 3.01532
26.9159 166.879 4.39592
37.6822 166.879 4.65394
48.4486 166.879 3.75188
59.215 166.879 2.26709
69.9813 166.879 1.1318
5.38318 177.645 1.5448
16.1495 177.645 3.55965
26.9159 177.645 5.08404
37.6822 177.645 5.29894
48.4486 177.645 4.34238
59.215 177.645 2.65104
69.9813 177.645 1.35791
5.38318 188.411 1.68098
16.1495 188.411 3.46428
26.9159 188.411 4.61201
37.6822 188.411 4.70385
48.4486 188.411 4.01479
59.215 188.411 2.64124
69.9813 188.411 1.48098
5.38318 199.178 1.41316
16.1495 199.178 2.44956
26.9159 199.178 2.89869
37.6822 199.178 2.88749
48.4486 199.178 2.80332
59.215 199.178 2.1641
69.9813 199.178 1.41597
5.38318 209.944 0.995994
16.1495 209.944 1.60633
26.9159 209.944 1.7005
37.6822 209.944 1.61817
48.4486 209.944 1.72317
59.215 209.944 1.45525
69.9813 209.944 1.045
