37 26
0 6 72 40
0 0 72 72
0 0 72 82
0 0 72 144
0 0 72 216
5.38318 5.38318 0.354446
16.1495 5.38318 0.902809
26.9159 5.38318 1.52447
37.6822 5.38318 1.71154
48.4486 5.38318 1.40856
59.215 5.38318 0.786588
69.9813 5.38318 0.330245
5.38318 16.1495 0.620946
16.1495 16.1495 1.85198
26.9159 16.1495 3.18565
37.6822 16.1495 3.68594
48.4486 16.1495 3.05643
59.215 16.1495 1.78022
69.9813 16.1495 0.816204
5.38318 26.9159 0.69829
16.1495 26.9159 2.23435
26.9159 26.9159 4.16728
37.6822 26.9159 4.92306
48.4486 26.9159 4.04763
59.215 26.9159 2.21837
69.9813 26.9159 0.938276
5.38318 37.6822 0.831193
16.1495 37.6822 2.23398
26.9159 37.6822 3.93877
37.6822 37.6822 4.52074
48.4486 37.6822 3.7301
59.215 37.6822 2.12191
69.9813 37.6822 0.974539
5.38318 48.4486 0.794215
16.1495 48.4486 1.87025
26.9159 48.4486 2.86682
37.6822 48.4486 3.0684
48.4486 48.4486 2.60621
59.215 48.4486 1.62327
69.9813 48.4486 0.916834
5.38318 59.215 0.625577
16.1495 59.215 1.47861
26.9159 59.215 2.09114
37.6822 59.215 2.1524
48.4486 59.215 1.90178
59.215 59.215 1.32743
69.9813 59.215 0.832513
5.38318 69.9813 0.258523
16.1495 69.9813 0.809664
26.9159 69.9813 1.24154
37.6822 69.9813 1.2086
48.4486 69.9813 0.962065
59.215 69.9813 0.676554
69.9813 69.9813 0.467587
5.38318 80.7477 -0.122304
16.1495 80.7477 -0.0450485
26.9159 80.7477 0.18437
37.6822 80.7477 0.17226
48.4486 80.7477 -0.0267572
59.215 80.7477 -0.0511683
69.9813 80.7477 0.0283193
5.38318 91.514 -0.25756
16.1495 91.514 -0.354536
26.9159 91.514 -0.336587
37.6822 91.514 -0.346768
48.4486 91.514 -0.387982
59.215 91.514 -0.318108
69.9813 91.514 -0.139443
5.38318 102.28 -0.30305
16.1495 102.28 -0.46399
26.9159 102.28 -0.465726
37.6822 102.28 -0.439274
48.4486 102.28 -0.422558
59.215 102.28 -0.334757
69.9813 102.28 -0.155954
5.38318 113.047 -0.299787
16.1495 113.047 -0.453923
26.9159 113.047 -0.459875
37.6822 113.047 -0.442093
48.4486 113.047 -0.426532
59.215 113.047 -0.33319
69.9813 113.047 -0.149072
5.38318 123.813 -0.271429
16.1495 123.813 -0.40531
26.9159 123.813 -0.381222
37.6822 123.813 -0.373602
48.4486 123.813 -0.369121
59.215 123.813 -0.281494
69.9813 123.813 -0.119543
5.38318 134.579 -0.191236
16.1495 134.579 -0.288701
26.9159 134.579 -0.248044
37.6822 134.579 -0.24544
48.4486 134.579 -0.247041
59.215 134.579 -0.15861
69.9813 134.579 -0.0396171
5.38318 145.346 -0.0356888
16.1495 145.346 -0.0640152
26.9159 145.346 0.0621456
37.6822 145.346 0.0309802
48.4486 145.346 -0.00567562
59.215 145.346 0.173475
69.9813 145.346 0.26724
5.38318 156.112 0.240055
16.1495 156.112 0.271746
26.9159 156.112 0.566537
37.6822 156.112 0.454248
48.4486 156.112 0.452976
59.215 156.112 0.696361
69.9813 156.112 0.599176
5.38318 166.879 0.626038
16.1495 166.879 0.944766
26.9159 166.879 1.31724
37.6822 166.879 1.07292
48.4486 166.879 0.99927
59.215 166.879 1.14092
69.9813 166.879 0.892175
5.38318 177.645 0.780632
16.1495 177.645 1.24542
26.9159 177.645 1.68435
37.6822 177.645 1.35695
48.4486 177.645 1.1844
59.215 177.645 1.24226
69.9813 177.645 0.942768
5.38318 188.411 0.792129
16.1495 188.411 1.35615
26.9159 188.411 1.84866
37.6822 188.411 1.51761
48.4486 188.411 1.17608
59.215 188.411 0.989597
69.9813 188.411 0.738739
5.38318 199.178 0.267675
16.1495 199.178 0.548478
26.9159 199.178 1.01379
37.6822 199.178 0.892097
48.4486 199.178 0.7372
59.215 199.178 0.581685
69.9813 199.178 0.538381
5.38318 209.944 0.163577
16.1495 209.944 0.388701
26.9159 209.944 0.768196
37.6822 209.944 0.656093
48.4486 209.944 0.517057
59.215 209.944 0.339321
69.9813 209.944 0.37439
