26 166
0 146 72 40
0 130 72 72
0 125 72 82
0 72 72 144
0 0 72 216
5.38318 5.38318 0.576755
16.1495 5.38318 1.03228
26.9159 5.38318 1.42777
37.6822 5.38318 1.53427
48.4486 5.38318 1.38891
59.215 5.38318 0.980466
69.9813 5.38318 0.546487
5.38318 16.1495 1.0089
16.1495 16.1495 1.98424
26.9159 16.1495 2.94469
37.6822 16.1495 3.21715
48.4486 16.1495 2.88053
59.215 16.1495 1.98764
69.9813 16.1495 1.11585
5.38318 26.9159 1.31049
16.1495 26.9159 2.57934
26.9159 26.9159 4.00947
37.6822 26.9159 4.32792
48.4486 26.9159 3.8581
59.215 26.9159 2.60979
69.9813 26.9159 1.43574
5.38318 37.6822 1.47332
16.1495 37.6822 2.74648
26.9159 37.6822 4.13065
37.6822 37.6822 4.27018
48.4486 37.6822 3.77039
59.215 37.6822 2.58034
69.9813 37.6822 1.45243
5.38318 48.4486 1.53885
16.1495 48.4486 2.46446
26.9159 48.4486 3.16091
37.6822 48.4486 2.99167
48.4486 48.4486 2.78105
59.215 48.4486 2.20029
69.9813 48.4486 1.44615
5.38318 59.215 1.14423
16.1495 59.215 1.6518
26.9159 59.215 1.53922
37.6822 59.215 1.34151
48.4486 59.215 1.46385
59.215 59.215 1.69664
69.9813 59.215 1.32151
5.38318 69.9813 0.493655
16.1495 69.9813 0.683008
26.9159 69.9813 0.43068
37.6822 69.9813 0.444558
48.4486 69.9813 0.667152
59.215 69.9813 1.15202
69.9813 69.9813 1.03828
5.38318 80.7477 -0.118665
16.1495 80.7477 -0.22058
26.9159 80.7477 -0.308676
37.6822 80.7477 -0.296168
48.4486 80.7477 -0.261568
59.215 80.7477 0.108277
69.9813 80.7477 0.3508
5.38318 91.514 -0.45215
16.1495 91.514 -0.746674
26.9159 91.514 -0.787401
37.6822 91.514 -0.806127
48.4486 91.514 -0.77183
59.215 91.514 -0.518259
69.9813 91.514 -0.200866
5.38318 102.28 -0.561164
16.1495 102.28 -0.901011
26.9159 102.28 -0.978223
37.6822 102.28 -0.981888
48.4486 102.28 -0.936767
59.215 102.28 -0.718524
69.9813 102.28 -0.311619
5.38318 113.047 -0.574642
16.1495 113.047 -0.914029
26.9159 113.047 -0.97953
37.6822 113.047 -0.97772
48.4486 113.047 -0.924894
59.215 113.047 -0.717031
69.9813 113.047 -0.307898
5.38318 123.813 -0.498339
16.1495 123.813 -0.717385
26.9159 123.813 -0.554716
37.6822 123.813 -0.56124
48.4486 123.813 -0.536561
59.215 123.813 -0.503041
69.9813 123.813 -0.20545
5.38318 134.579 -0.270707
16.1495 134.579 -0.225429
26.9159 134.579 0.489609
37.6822 134.579 0.370287
48.4486 134.579 0.197825
59.215 134.579 -0.22071
69.9813 134.579 -0.0720151
5.38318 145.346 0.263216
16.1495 145.346 1.26522
26.9159 145.346 2.80991
37.6822 145.346 2.7199
48.4486 145.346 2.16031
59.215 145.346 0.656137
69.9813 145.346 0.331812
5.38318 156.112 0.792438
16.1495 156.112 2.4556
26.9159 156.112 4.24927
37.6822 156.112 4.09392
48.4486 156.112 2.95198
59.215 156.112 1.05477
69.9813 156.112 0.390656
5.38318 166.879 1.04512
16.1495 166.879 2.8954
26.9159 166.879 4.87645
37.6822 166.879 4.7447
48.4486 166.879 3.16125
59.215 166.879 1.29669
69.9813 166.879 0.39398
5.38318 177.645 0.878709
16.1495 177.645 2.58969
26.9159 177.645 4.38954
37.6822 177.645 4.3115
48.4486 177.645 2.82795
59.215 177.645 1.27364
69.9813 177.645 0.487015
5.38318 188.411 0.587845
16.1495 188.411 2.09147
26.9159 188.411 3.70183
37.6822 188.411 3.95499
48.4486 188.411 3.12267
59.215 188.411 2.16785
69.9813 188.411 1.24138
5.38318 199.178 0.48689
16.1495 199.178 1.54728
26.9159 199.178 2.69786
37.6822 199.178 3.00458
48.4486 199.178 3.07464
59.215 199.178 2.87656
69.9813 199.178 1.92717
5.38318 209.944 0.426195
16.1495 209.944 1.16214
26.9159 209.944 1.82407
37.6822 209.944 1.97963
48.4486 209.944 2.41034
59.215 209.944 2.57703
69.9813 209.944 1.86678
