37 48
0 28 72 40
0 12 72 72
0 7 72 82
0 0 72 144
0 0 72 216
5.38318 5.38318 0.0191676
16.1495 5.38318 0.303303
26.9159 5.38318 1.1798
37.6822 5.38318 1.87468
48.4486 5.38318 1.92978
59.215 5.38318 1.52452
69.9813 5.38318 0.863806
5.38318 16.1495 0.0591737
16.1495 16.1495 0.752785
26.9159 16.1495 2.21051
37.6822 16.1495 3.39721
48.4486 16.1495 3.61158
59.215 16.1495 2.9068
69.9813 16.1495 1.67852
5.38318 26.9159 0.0150603
16.1495 26.9159 0.857152
26.9159 26.9159 2.59425
37.6822 26.9159 3.96002
48.4486 26.9159 4.24748
59.215 26.9159 3.47814
69.9813 26.9159 2.04565
5.38318 37.6822 0.760678
16.1495 37.6822 1.86607
26.9159 37.6822 3.15141
37.6822 37.6822 4.03103
48.4486 37.6822 4.13562
59.215 37.6822 3.41405
69.9813 37.6822 2.02414
5.38318 48.4486 1.3391
16.1495 48.4486 2.71959
26.9159 48.4486 4.02881
37.6822 48.4486 4.48488
48.4486 48.4486 4.19254
59.215 48.4486 3.27604
69.9813 48.4486 1.85944
5.38318 59.215 1.53995
16.1495 59.215 2.95636
26.9159 59.215 4.15941
37.6822 59.215 4.44077
48.4486 59.215 4.07694
59.215 59.215 3.20499
69.9813 59.215 1.84001
5.38318 69.9813 1.10465
16.1495 69.9813 2.00294
26.9159 69.9813 2.91443
37.6822 69.9813 3.0099
48.4486 69.9813 2.70751
59.215 69.9813 2.09087
69.9813 69.9813 1.20371
5.38318 80.7477 0.18351
16.1495 80.7477 0.311989
26.9159 80.7477 0.718602
37.6822 80.7477 0.394731
48.4486 80.7477 0.10662
59.215 80.7477 -0.0296204
69.9813 80.7477 0.149673
5.38318 91.514 -0.383798
16.1495 91.514 -0.608187
26.9159 91.514 -0.580184
37.6822 91.514 -0.710901
48.4486 91.514 -0.757442
59.215 91.514 -0.667774
69.9813 91.514 -0.296649
5.38318 102.28 -0.557113
16.1495 102.28 -0.89013
26.9159 102.28 -0.958265
37.6822 102.28 -0.98048
48.4486 102.28 -0.943064
59.215 102.28 -0.752174
69.9813 102.28 -0.325383
5.38318 113.047 -0.575729
16.1495 113.047 -0.920714
26.9159 113.047 -1.00283
37.6822 113.047 -1.00519
48.4486 113.047 -0.951677
59.215 113.047 -0.744443
69.9813 113.047 -0.31658
5.38318 123.813 -0.546027
16.1495 123.813 -0.854209
26.9159 123.813 -0.902872
37.6822 123.813 -0.888842
48.4486 123.813 -0.833459
59.215 123.813 -0.620123
69.9813 123.813 -0.25381
5.38318 134.579 -0.434551
16.1495 134.579 -0.626092
26.9159 134.579 -0.595012
37.6822 134.579 -0.558149
48.4486 134.579 -0.515523
59.215 134.579 -0.366208
69.9813 134.579 -0.110707
5.38318 145.346 -0.247181
16.1495 145.346 -0.244419
26.9159 145.346 -0.101111
37.6822 145.346 0.0964635
48.4486 145.346 0.168714
59.215 145.346 0.228455
69.9813 145.346 0.334211
5.38318 156.112 0.0939552
16.1495 156.112 0.665853
26.9159 156.112 1.31127
37.6822 156.112 1.75149
48.4486 156.112 1.73823
59.215 156.112 1.35793
69.9813 156.112 0.887233
5.38318 166.879 0.599627
16.1495 166.879 1.53579
26.9159 166.879 2.53806
37.6822 166.879 2.95849
48.4486 166.879 2.88622
59.215 166.879 2.13452
69.9813 166.879 1.27397
5.38318 177.645 0.986792
16.1495 177.645 2.1649
26.9159 177.645 3.53104
37.6822 177.645 3.85383
48.4486 177.645 3.62187
59.215 177.645 2.42469
69.9813 177.645 1.39317
5.38318 188.411 1.00655
16.1495 188.411 2.30568
26.9159 188.411 3.81374
37.6822 188.411 4.12644
48.4486 188.411 3.80401
59.215 188.411 2.41791
69.9813 188.411 1.35788
5.38318 199.178 0.655035
16.1495 199.178 1.73066
26.9159 199.178 2.91645
37.6822 199.178 3.2156
48.4486 199.178 2.90401
59.215 199.178 1.83163
69.9813 199.178 1.05779
5.38318 209.944 0.271409
16.1495 209.944 0.703229
26.9159 209.944 1.15911
37.6822 209.944 1.25429
48.4486 209.944 1.13534
59.215 209.944 0.763264
69.9813 209.944 0.518782
