37 177
0 157 72 40
0 141 72 72
0 134 72 82
0 72 72 144
0 0 72 216
5.38318 5.38318 0.334762
16.1495 5.38318 1.07672
26.9159 5.38318 2.27458
37.6822 5.38318 2.55223
48.4486 5.38318 1.92513
59.215 5.38318 0.937236
69.9813 5.38318 0.309961
5.38318 16.1495 0.372009
16.1495 16.1495 1.62708
26.9159 16.1495 3.7228
37.6822 16.1495 4.2641
48.4486 16.1495 3.33165
59.215 16.1495 1.6899
69.9813 16.1495 0.630626
5.38318 26.9159 0.0544181
16.1495 26.9159 1.28143
26.9159 26.9159 3.66418
37.6822 26.9159 4.19833
48.4486 26.9159 3.2693
59.215 26.9159 1.39398
69.9813 26.9159 0.47743
5.38318 37.6822 -0.112067
16.1495 37.6822 0.453811
26.9159 37.6822 2.26589
37.6822 37.6822 2.51027
48.4486 37.6822 1.83876
59.215 37.6822 0.469636
69.9813 37.6822 0.100135
5.38318 48.4486 -0.146486
16.1495 48.4486 0.170727
26.9159 48.4486 1.64847
37.6822 48.4486 1.68802
48.4486 48.4486 1.00819
59.215 48.4486 -0.0614793
69.9813 48.4486 -0.0677992
5.38318 59.215 -0.223135
16.1495 59.215 -0.00540209
26.9159 59.215 1.30519
37.6822 59.215 1.43118
48.4486 59.215 0.593333
59.215 59.215 -0.177901
69.9813 59.215 -0.147291
5.38318 69.9813 -0.285237
16.1495 69.9813 -0.133845
26.9159 69.9813 1.09019
37.6822 69.9813 1.21375
48.4486 69.9813 0.419836
59.215 69.9813 -0.259899
69.9813 69.9813 -0.191782
5.38318 80.7477 -0.440302
16.1495 80.7477 -0.47043
26.9159 80.7477 -0.0296159
37.6822 80.7477 0.133922
48.4486 80.7477 -0.217622
59.215 80.7477 -0.425935
69.9813 80.7477 -0.256366
5.38318 91.514 -0.527365
16.1495 91.514 -0.784904
26.9159 91.514 -0.667687
37.6822 91.514 -0.683207
48.4486 91.514 -0.765494
59.215 91.514 -0.706475
69.9813 91.514 -0.34837
5.38318 102.28 -0.573321
16.1495 102.28 -0.913146
26.9159 102.28 -0.993363
37.6822 102.28 -1.00637
48.4486 102.28 -0.971074
59.215 102.28 -0.787781
69.9813 102.28 -0.352066
5.38318 113.047 -0.569794
16.1495 113.047 -0.913411
26.9159 113.047 -0.989936
37.6822 113.047 -0.988242
48.4486 113.047 -0.930914
59.215 113.047 -0.712104
69.9813 113.047 -0.300223
5.38318 123.813 -0.479702
16.1495 123.813 -0.768604
26.9159 123.813 -0.795264
37.6822 123.813 -0.824462
48.4486 123.813 -0.7899
59.215 123.813 -0.570602
69.9813 123.813 -0.219974
5.38318 134.579 -0.142197
16.1495 134.579 -0.23298
26.9159 134.579 -0.246296
37.6822 134.579 -0.344736
48.4486 134.579 -0.398323
59.215 134.579 -0.261698
69.9813 134.579 -0.038743
5.38318 145.346 0.855434
16.1495 145.346 1.41943
26.9159 145.346 1.4715
37.6822 145.346 1.06859
48.4486 145.346 0.722674
59.215 145.346 0.61988
69.9813 145.346 0.563016
5.38318 156.112 1.87525
16.1495 156.112 3.13689
26.9159 156.112 3.39116
37.6822 156.112 3.05767
48.4486 156.112 2.60023
59.215 156.112 2.0689
69.9813 156.112 1.32691
5.38318 166.879 2.27293
16.1495 166.879 3.97051
26.9159 166.879 4.8277
37.6822 166.879 5.02211
48.4486 166.879 4.52951
59.215 166.879 3.40109
69.9813 166.879 1.91236
5.38318 177.645 1.79179
16.1495 177.645 3.34666
26.9159 177.645 4.79784
37.6822 177.645 5.95894
48.4486 177.645 5.71994
59.215 177.645 4.28872
69.9813 177.645 2.21961
5.38318 188.411 0.895181
16.1495 188.411 2.03209
26.9159 188.411 3.68599
37.6822 188.411 5.15773
48.4486 188.411 4.99881
59.215 188.411 3.66783
69.9813 188.411 1.80709
5.38318 199.178 0.259404
16.1495 199.178 0.762067
26.9159 199.178 1.82811
37.6822 199.178 2.61555
48.4486 199.178 2.47769
59.215 199.178 1.91257
69.9813 199.178 1.00874
5.38318 209.944 0.0891849
16.1495 209.944 0.312555
26.9159 209.944 0.682708
37.6822 209.944 0.811769
48.4486 209.944 0.740456
59.215 209.944 0.546549
69.9813 209.944 0.448496
