26 177
0 157 72 40
0 141 72 72
0 134 72 82
0 72 72 144
0 0 72 216
5.38318 5.38318 0.388473
16.1495 5.38318 0.921932
26.9159 5.38318 1.45386
37.6822 5.38318 1.58987
48.4486 5.38318 1.4766
59.215 5.38318 1.02822
69.9813 5.38318 0.590951
5.38318 16.1495 0.692466
16.1495 16.1495 1.814
26.9159 16.1495 2.83544
37.6822 16.1495 3.13439
48.4486 16.1495 2.89282
59.215 16.1495 2.0013
69.9813 16.1495 1.15549
5.38318 26.9159 0.599703
16.1495 26.9159 1.85717
26.9159 26.9159 3.13708
37.6822 26.9159 3.57681
48.4486 26.9159 3.33142
59.215 26.9159 2.29987
69.9813 26.9159 1.33886
5.38318 37.6822 0.630741
16.1495 37.6822 1.7277
26.9159 37.6822 2.76345
37.6822 37.6822 3.16745
48.4486 37.6822 2.92763
59.215 37.6822 2.02786
69.9813 37.6822 1.2069
5.38318 48.4486 0.404913
16.1495 48.4486 1.17782
26.9159 48.4486 1.94066
37.6822 48.4486 2.26626
48.4486 48.4486 2.07317
59.215 48.4486 1.53486
69.9813 48.4486 0.93419
5.38318 59.215 0.292121
16.1495 59.215 1.10031
26.9159 59.215 1.86319
37.6822 59.215 2.28138
48.4486 59.215 1.97365
59.215 59.215 1.47368
69.9813 59.215 0.83607
5.38318 69.9813 0.0398992
16.1495 69.9813 0.73965
26.9159 69.9813 1.33127
37.6822 69.9813 1.65596
48.4486 69.9813 1.16691
59.215 69.9813 0.717641
69.9813 69.9813 0.353478
5.38318 80.7477 -0.15595
16.1495 80.7477 -0.0301679
26.9159 80.7477 0.333643
37.6822 80.7477 0.576506
48.4486 80.7477 0.256222
59.215 80.7477 0.0313115
69.9813 80.7477 0.0244294
5.38318 91.514 -0.261926
16.1495 91.514 -0.340002
26.9159 91.514 -0.311183
37.6822 91.514 -0.278331
48.4486 91.514 -0.300745
59.215 91.514 -0.287788
69.9813 91.514 -0.122875
5.38318 102.28 -0.291021
16.1495 102.28 -0.43708
26.9159 102.28 -0.425191
37.6822 102.28 -0.410942
48.4486 102.28 -0.403361
59.215 102.28 -0.343376
69.9813 102.28 -0.156729
5.38318 113.047 -0.299504
16.1495 113.047 -0.454286
26.9159 113.047 -0.460067
37.6822 113.047 -0.441378
48.4486 113.047 -0.418046
59.215 113.047 -0.321412
69.9813 113.047 -0.139083
5.38318 123.813 -0.283403
16.1495 123.813 -0.429247
26.9159 123.813 -0.390258
37.6822 123.813 -0.375606
48.4486 123.813 -0.334707
59.215 123.813 -0.259421
69.9813 123.813 -0.0992828
5.38318 134.579 -0.161537
16.1495 134.579 -0.176887
26.9159 134.579 -0.0621267
37.6822 134.579 -0.0454566
48.4486 134.579 -0.0414495
59.215 134.579 -0.0440332
69.9813 134.579 0.0640157
5.38318 145.346 0.169002
16.1495 145.346 0.707965
26.9159 145.346 1.27246
37.6822 145.346 1.33809
48.4486 145.346 1.08846
59.215 145.346 0.726006
69.9813 145.346 0.502694
5.38318 156.112 0.905667
16.1495 156.112 2.31253
26.9159 156.112 3.2937
37.6822 156.112 3.22156
48.4486 156.112 2.41485
59.215 156.112 1.54484
69.9813 156.112 0.925063
5.38318 166.879 1.41518
16.1495 166.879 3.59598
26.9159 166.879 5.06906
37.6822 166.879 4.85799
48.4486 166.879 3.48164
59.215 166.879 2.06309
69.9813 166.879 1.17969
5.38318 177.645 1.50093
16.1495 177.645 3.7667
26.9159 177.645 5.17237
37.6822 177.645 4.76394
48.4486 177.645 3.15411
59.215 177.645 1.68193
69.9813 177.645 0.935524
5.38318 188.411 1.23593
16.1495 188.411 2.79267
26.9159 188.411 3.61882
37.6822 188.411 3.25952
48.4486 188.411 2.07465
59.215 188.411 1.03047
69.9813 188.411 0.548988
5.38318 199.178 0.652332
16.1495 199.178 1.41029
26.9159 199.178 1.85495
37.6822 199.178 1.73379
48.4486 199.178 1.05089
59.215 199.178 0.511432
69.9813 199.178 0.214476
5.38318 209.944 0.392177
16.1495 209.944 0.84423
26.9159 209.944 1.13751
37.6822 209.944 1.10647
48.4486 209.944 0.672387
59.215 209.944 0.313561
69.9813 209.944 0.0742718
