26 177
0 157 72 40
0 141 72 72
0 134 72 82
0 72 72 144
0 0 72 216
5.38318 5.38318 0.641652
16.1495 5.38318 0.932434
26.9159 5.38318 0.988008
37.6822 5.38318 1.05076
48.4486 5.38318 1.26707
59.215 5.38318 1.31143
69.9813 5.38318 0.964368
5.38318 16.1495 1.07638
16.1495 16.1495 1.68234
26.9159 16.1495 1.80047
37.6822 16.1495 1.73578
48.4486 16.1495 1.93255
59.215 16.1495 2.04885
69.9813 16.1495 1.57491
5.38318 26.9159 1.13794
16.1495 26.9159 1.68645
26.9159 26.9159 1.56439
37.6822 26.9159 1.03191
48.4486 26.9159 0.919126
59.215 26.9159 1.21149
69.9813 26.9159 1.17761
5.38318 37.6822 1.1291
16.1495 37.6822 1.47397
26.9159 37.6822 1.15588
37.6822 37.6822 0.119931
48.4486 37.6822 -0.291541
59.215 37.6822 -0.216998
69.9813 37.6822 0.0525773
5.38318 48.4486 1.30428
16.1495 48.4486 1.5949
26.9159 48.4486 1.04356
37.6822 48.4486 -0.203299
48.4486 48.4486 -0.571085
59.215 48.4486 -0.531959
69.9813 48.4486 -0.209035
5.38318 59.215 1.68571
16.1495 59.215 2.23154
26.9159 59.215 1.70689
37.6822 59.215 0.0434981
48.4486 59.215 -0.483343
59.215 59.215 -0.556469
69.9813 59.215 -0.241027
5.38318 69.9813 1.6317
16.1495 69.9813 2.23702
26.9159 69.9813 1.79763
37.6822 69.9813 0.193962
48.4486 69.9813 -0.390264
59.215 69.9813 -0.490618
69.9813 69.9813 -0.190661
5.38318 80.7477 0.648731
16.1495 80.7477 0.890296
26.9159 80.7477 0.560211
37.6822 80.7477 -0.294394
48.4486 80.7477 -0.593428
59.215 80.7477 -0.601821
69.9813 80.7477 -0.251279
5.38318 91.514 -0.352557
16.1495 91.514 -0.592411
26.9159 91.514 -0.712217
37.6822 91.514 -0.889778
48.4486 91.514 -0.942326
59.215 91.514 -0.77567
69.9813 91.514 -0.337471
5.38318 102.28 -0.571493
16.1495 102.28 -0.92973
26.9159 102.28 -1.04031
37.6822 102.28 -1.05908
48.4486 102.28 -1.01396
59.215 102.28 -0.802663
69.9813 102.28 -0.357311
5.38318 113.047 -0.568137
16.1495 113.047 -0.914178
26.9159 113.047 -1.00417
37.6822 113.047 -1.01258
48.4486 113.047 -0.96236
59.215 113.047 -0.757758
69.9813 113.047 -0.327243
5.38318 123.813 -0.511847
16.1495 123.813 -0.810735
26.9159 123.813 -0.810154
37.6822 123.813 -0.818361
48.4486 123.813 -0.763452
59.215 123.813 -0.577491
69.9813 123.813 -0.222919
5.38318 134.579 -0.306028
16.1495 134.579 -0.468487
26.9159 134.579 -0.357475
37.6822 134.579 -0.317011
48.4486 134.579 -0.239622
59.215 134.579 -0.160202
69.9813 134.579 0.106195
5.38318 145.346 0.303168
16.1495 145.346 0.648376
26.9159 145.346 1.28501
37.6822 145.346 1.39362
48.4486 145.346 1.49537
59.215 145.346 1.15911
69.9813 145.346 0.930086
5.38318 156.112 1.4166
16.1495 156.112 2.38383
26.9159 156.112 3.02434
37.6822 156.112 2.92335
48.4486 156.112 2.88373
59.215 156.112 2.39338
69.9813 156.112 1.64058
5.38318 166.879 2.64962
16.1495 166.879 4.22083
26.9159 166.879 4.6943
37.6822 166.879 3.87766
48.4486 166.879 3.32786
59.215 166.879 2.62031
69.9813 166.879 1.79965
5.38318 177.645 3.02453
16.1495 177.645 4.72468
26.9159 177.645 4.96299
37.6822 177.645 3.62223
48.4486 177.645 2.64577
59.215 177.645 1.86631
69.9813 177.645 1.3176
5.38318 188.411 2.57119
16.1495 188.411 3.90075
26.9159 188.411 4.05486
37.6822 188.411 2.83394
48.4486 188.411 1.71418
59.215 188.411 0.722681
69.9813 188.411 0.55387
5.38318 199.178 0.995802
16.1495 199.178 1.57223
26.9159 199.178 1.97073
37.6822 199.178 1.41876
48.4486 199.178 0.776736
59.215 199.178 0.0296305
69.9813 199.178 0.0820558
5.38318 209.944 0.253154
16.1495 209.944 0.495233
26.9159 209.944 0.844428
37.6822 209.944 0.681024
48.4486 209.944 0.279608
59.215 209.944 -0.0570564
69.9813 209.944 0.00421207
