37 188
0 168 72 40
0 144 72 72
0 134 72 82
0 72 72 144
0 0 72 216
5.38318 5.38318 0.32973
16.1495 5.38318 0.464404
26.9159 5.38318 0.604704
37.6822 5.38318 0.580518
48.4486 5.38318 0.432008
59.215 5.38318 0.300623
69.9813 5.38318 0.177215
5.38318 16.1495 0.58329
16.1495 16.1495 0.969404
26.9159 16.1495 1.25042
37.6822 16.1495 1.26012
48.4486 16.1495 1.02512
59.215 16.1495 0.797425
69.9813 16.1495 0.498941
5.38318 26.9159 0.715371
16.1495 26.9159 1.041
26.9159 26.9159 1.05301
37.6822 26.9159 1.0639
48.4486 26.9159 0.882368
59.215 26.9159 0.830817
69.9813 26.9159 0.557764
5.38318 37.6822 0.973395
16.1495 37.6822 1.21507
26.9159 37.6822 0.925294
37.6822 37.6822 0.842479
48.4486 37.6822 0.816685
59.215 37.6822 1.05537
69.9813 37.6822 0.765555
5.38318 48.4486 0.719786
16.1495 48.4486 0.811456
26.9159 48.4486 0.462695
37.6822 48.4486 0.334149
48.4486 48.4486 0.493373
59.215 48.4486 0.952255
69.9813 48.4486 0.767362
5.38318 59.215 0.113445
16.1495 59.215 -0.0206915
26.9159 59.215 -0.0298311
37.6822 59.215 -0.0252675
48.4486 59.215 0.209961
59.215 59.215 0.729169
69.9813 59.215 0.602038
5.38318 69.9813 -0.126195
16.1495 69.9813 -0.24584
26.9159 69.9813 -0.202984
37.6822 69.9813 -0.241272
48.4486 69.9813 -0.182661
59.215 69.9813 0.0312417
69.9813 69.9813 0.191212
5.38318 80.7477 -0.213908
16.1495 80.7477 -0.342156
26.9159 80.7477 -0.330655
37.6822 80.7477 -0.36639
48.4486 80.7477 -0.32522
59.215 80.7477 -0.20115
69.9813 80.7477 -0.0547846
5.38318 91.514 -0.281999
16.1495 91.514 -0.428193
26.9159 91.514 -0.455899
37.6822 91.514 -0.484463
48.4486 91.514 -0.479115
59.215 91.514 -0.385588
69.9813 91.514 -0.169502
5.38318 102.28 -0.298488
16.1495 102.28 -0.453837
26.9159 102.28 -0.45082
37.6822 102.28 -0.439383
48.4486 102.28 -0.409585
59.215 102.28 -0.32756
69.9813 102.28 -0.139813
5.38318 113.047 -0.290386
16.1495 113.047 -0.439905
26.9159 113.047 -0.434207
37.6822 113.047 -0.424833
48.4486 113.047 -0.40493
59.215 113.047 -0.318814
69.9813 113.047 -0.138752
5.38318 123.813 -0.262791
16.1495 123.813 -0.399134
26.9159 123.813 -0.366109
37.6822 123.813 -0.356162
48.4486 123.813 -0.334119
59.215 123.813 -0.25352
69.9813 123.813 -0.0983782
5.38318 134.579 -0.206567
16.1495 134.579 -0.301094
26.9159 134.579 -0.24406
37.6822 134.579 -0.220205
48.4486 134.579 -0.186354
59.215 134.579 -0.119008
69.9813 134.579 -0.0107753
5.38318 145.346 -0.178009
16.1495 145.346 -0.224058
26.9159 145.346 -0.0938807
37.6822 145.346 0.0246144
48.4486 145.346 0.199667
59.215 145.346 0.27813
69.9813 145.346 0.282823
5.38318 156.112 -0.103399
16.1495 156.112 -0.00608219
26.9159 156.112 0.691826
37.6822 156.112 0.971077
48.4486 156.112 1.09267
59.215 156.112 0.863667
69.9813 156.112 0.607847
5.38318 166.879 -0.01945
16.1495 166.879 0.512654
26.9159 166.879 1.65002
37.6822 166.879 1.99188
48.4486 166.879 2.04453
59.215 166.879 1.47728
69.9813 166.879 0.937805
5.38318 177.645 0.335318
16.1495 177.645 1.51204
26.9159 177.645 3.11753
37.6822 177.645 3.41338
48.4486 177.645 3.18396
59.215 177.645 2.00305
69.9813 177.645 1.14468
5.38318 188.411 0.527336
16.1495 188.411 2.02407
26.9159 188.411 3.85764
37.6822 188.411 4.22025
48.4486 188.411 3.81261
59.215 188.411 2.29931
69.9813 188.411 1.25858
5.38318 199.178 0.49372
16.1495 199.178 1.85369
26.9159 199.178 3.48427
37.6822 199.178 3.8705
48.4486 199.178 3.34482
59.215 199.178 1.95697
69.9813 199.178 1.01667
5.38318 209.944 0.260408
16.1495 209.944 0.879584
26.9159 209.944 1.70699
37.6822 209.944 1.78922
48.4486 209.944 1.51521
59.215 209.944 0.897981
69.9813 209.944 0.515623
