37 166
0 146 72 40
0 130 72 72
0 125 72 82
0 72 72 144
0 0 72 216
5.38318 5.38318 1.16866
16.1495 5.38318 1.49753
26.9159 5.38318 1.63177
37.6822 5.38318 1.78846
48.4486 5.38318 1.87211
59.215 5.38318 1.46625
69.9813 5.38318 0.85809
5.38318 16.1495 1.76018
16.1495 16.1495 2.44437
26.9159 16.1495 2.75429
37.6822 16.1495 3.023
48.4486 16.1495 3.25163
59.215 16.1495 2.64533
69.9813 16.1495 1.58132
5.38318 26.9159 1.44346
16.1495 26.9159 2.21091
26.9159 26.9159 2.73591
37.6822 26.9159 3.12114
48.4486 26.9159 3.36518
59.215 26.9159 2.68572
69.9813 26.9159 1.6253
5.38318 37.6822 0.711123
16.1495 37.6822 1.42708
26.9159 37.6822 2.17165
37.6822 37.6822 2.68317
48.4486 37.6822 2.90238
59.215 37.6822 2.34557
69.9813 37.6822 1.48922
5.38318 48.4486 0.413633
16.1495 48.4486 1.1041
26.9159 48.4486 2.09355
37.6822 48.4486 2.81356
48.4486 48.4486 3.08125
59.215 48.4486 2.54935
69.9813 48.4486 1.61741
5.38318 59.215 0.178105
16.1495 59.215 0.784108
26.9159 59.215 2.06997
37.6822 59.215 2.97677
48.4486 59.215 3.25455
59.215 59.215 2.61194
69.9813 59.215 1.59988
5.38318 69.9813 -0.0780944
16.1495 69.9813 0.222203
26.9159 69.9813 1.50465
37.6822 69.9813 2.2327
48.4486 69.9813 2.26239
59.215 69.9813 1.64648
69.9813 69.9813 0.958844
5.38318 80.7477 -0.230013
16.1495 80.7477 -0.260527
26.9159 80.7477 0.204334
37.6822 80.7477 0.539864
48.4486 80.7477 0.372318
59.215 80.7477 -0.0238391
69.9813 80.7477 -0.0251073
5.38318 91.514 -0.296631
16.1495 91.514 -0.444323
26.9159 91.514 -0.337563
37.6822 91.514 -0.341366
48.4486 91.514 -0.36057
59.215 91.514 -0.361489
69.9813 91.514 -0.190293
5.38318 102.28 -0.297142
16.1495 102.28 -0.459806
26.9159 102.28 -0.469732
37.6822 102.28 -0.48106
48.4486 102.28 -0.470721
59.215 102.28 -0.382715
69.9813 102.28 -0.17562
5.38318 113.047 -0.286279
16.1495 113.047 -0.431364
26.9159 113.047 -0.411554
37.6822 113.047 -0.40328
48.4486 113.047 -0.393739
59.215 113.047 -0.31287
69.9813 113.047 -0.139149
5.38318 123.813 -0.210444
16.1495 123.813 -0.285743
26.9159 123.813 -0.208749
37.6822 123.813 -0.182369
48.4486 123.813 -0.186974
59.215 123.813 -0.167264
69.9813 123.813 -0.0624534
5.38318 134.579 -0.0397186
16.1495 134.579 0.0999957
26.9159 134.579 0.480134
37.6822 134.579 0.63115
48.4486 134.579 0.518046
59.215 134.579 0.297545
69.9813 134.579 0.223218
5.38318 145.346 0.328732
16.1495 145.346 0.960531
26.9159 145.346 1.64487
37.6822 145.346 1.96938
48.4486 145.346 1.79093
59.215 145.346 1.23434
69.9813 145.346 0.683512
5.38318 156.112 0.716623
16.1495 156.112 1.76431
26.9159 156.112 2.62814
37.6822 156.112 3.12791
48.4486 156.112 2.8733
59.215 156.112 2.02567
69.9813 156.112 1.10437
5.38318 166.879 0.966586
16.1495 166.879 2.16628
26.9159 166.879 3.27132
37.6822 166.879 3.83468
48.4486 166.879 3.58274
59.215 166.879 2.53981
69.9813 166.879 1.38055
5.38318 177.645 1.10867
16.1495 177.645 2.22631
26.9159 177.645 3.27869
37.6822 177.645 3.53487
48.4486 177.645 3.29665
59.215 177.645 2.38473
69.9813 177.645 1.39109
5.38318 188.411 1.13007
16.1495 188.411 2.14858
26.9159 188.411 3.14967
37.6822 188.411 3.20364
48.4486 188.411 2.95395
59.215 188.411 2.14661
69.9813 188.411 1.307
5.38318 199.178 0.897165
16.1495 199.178 1.75345
26.9159 199.178 2.68357
37.6822 199.178 2.69389
48.4486 199.178 2.40871
59.215 199.178 1.6872
69.9813 199.178 1.0225
5.38318 209.944 0.361248
16.1495 209.944 0.783534
26.9159 209.944 1.32512
37.6822 209.944 1.32608
48.4486 209.944 1.16315
59.215 209.944 0.846796
69.9813 209.944 0.521541
