37 199
0 176 72 40
0 144 72 72
0 134 72 82
0 72 72 144
0 0 72 216
5.38318 5.38318 0.451703
16.1495 5.38318 0.718597
26.9159 5.38318 0.998334
37.6822 5.38318 0.883164
48.4486 5.38318 0.734625
59.215 5.38318 0.491934
69.9813 5.38318 0.321453
5.38318 16.1495 0.808266
16.1495 16.1495 1.57895
26.9159 16.1495 2.05317
37.6822 16.1495 1.79066
48.4486 16.1495 1.46825
59.215 16.1495 1.00897
69.9813 16.1495 0.669297
5.38318 26.9159 0.8153
16.1495 26.9159 1.69629
26.9159 26.9159 2.19443
37.6822 26.9159 1.89071
48.4486 26.9159 1.47636
59.215 26.9159 0.949644
69.9813 26.9159 0.678804
5.38318 37.6822 0.889092
16.1495 37.6822 1.66128
26.9159 37.6822 2.03311
37.6822 37.6822 1.67471
48.4486 37.6822 1.25387
59.215 37.6822 0.865403
69.9813 37.6822 0.665641
5.38318 48.4486 0.623472
16.1495 48.4486 1.11252
26.9159 48.4486 1.28148
37.6822 48.4486 0.99377
48.4486 48.4486 0.781617
59.215 48.4486 0.70486
69.9813 48.4486 0.611873
5.38318 59.215 0.327013
16.1495 59.215 0.6763
26.9159 59.215 0.829724
37.6822 59.215 0.666647
48.4486 59.215 0.501591
59.215 59.215 0.448291
69.9813 59.215 0.423534
5.38318 69.9813 -0.0248122
16.1495 69.9813 0.0753324
26.9159 69.9813 0.166312
37.6822 69.9813 0.140611
48.4486 69.9813 0.00222684
59.215 69.9813 -0.00303691
69.9813 69.9813 0.141589
5.38318 80.7477 -0.184218
16.1495 80.7477 -0.217204
26.9159 80.7477 -0.202774
37.6822 80.7477 -0.175104
48.4486 80.7477 -0.239294
59.215 80.7477 -0.213538
69.9813 80.7477 -0.091872
5.38318 91.514 -0.27222
16.1495 91.514 -0.402578
26.9159 91.514 -0.429497
37.6822 91.514 -0.40897
48.4486 91.514 -0.43059
59.215 91.514 -0.331196
69.9813 91.514 -0.158676
5.38318 102.28 -0.296695
16.1495 102.28 -0.450965
26.9159 102.28 -0.464915
37.6822 102.28 -0.437112
48.4486 102.28 -0.438062
59.215 102.28 -0.336349
69.9813 102.28 -0.161422
5.38318 113.047 -0.296777
16.1495 113.047 -0.450063
26.9159 113.047 -0.453014
37.6822 113.047 -0.440313
48.4486 113.047 -0.426893
59.215 113.047 -0.337059
69.9813 113.047 -0.152964
5.38318 123.813 -0.245989
16.1495 123.813 -0.379665
26.9159 123.813 -0.360297
37.6822 123.813 -0.377897
48.4486 123.813 -0.373475
59.215 123.813 -0.285781
69.9813 123.813 -0.12008
5.38318 134.579 -0.145889
16.1495 134.579 -0.234559
26.9159 134.579 -0.208074
37.6822 134.579 -0.254921
48.4486 134.579 -0.250176
59.215 134.579 -0.171557
69.9813 134.579 -0.0501108
5.38318 145.346 0.0316808
16.1495 145.346 0.0093265
26.9159 145.346 0.055018
37.6822 145.346 -0.0850592
48.4486 145.346 -0.0876826
59.215 145.346 -0.00752849
69.9813 145.346 0.161892
5.38318 156.112 0.32298
16.1495 156.112 0.681132
26.9159 156.112 0.924569
37.6822 156.112 0.705522
48.4486 156.112 0.643693
59.215 156.112 0.568449
69.9813 156.112 0.50673
5.38318 166.879 0.676663
16.1495 166.879 1.4334
26.9159 166.879 2.02026
37.6822 166.879 1.82562
48.4486 166.879 1.67579
59.215 166.879 1.24872
69.9813 166.879 0.916982
5.38318 177.645 1.10327
16.1495 177.645 2.45317
26.9159 177.645 3.66917
37.6822 177.645 3.74957
48.4486 177.645 3.30908
59.215 177.645 2.19122
69.9813 177.645 1.30805
5.38318 188.411 1.35867
16.1495 188.411 3.05081
26.9159 188.411 5.04367
37.6822 188.411 5.42551
48.4486 188.411 4.83784
59.215 188.411 3.00793
69.9813 188.411 1.60631
5.38318 199.178 1.26118
16.1495 199.178 2.86659
26.9159 199.178 4.97988
37.6822 199.178 5.58926
48.4486 199.178 4.97558
59.215 199.178 3.04484
69.9813 199.178 1.52851
5.38318 209.944 0.654745
16.1495 209.944 1.42037
26.9159 209.944 2.78235
37.6822 209.944 3.08834
48.4486 209.944 2.84264
59.215 209.944 1.72061
69.9813 209.944 0.897956
