37 26
0 6 72 40
0 0 72 72
0 0 72 82
0 0 72 144
0 0 72 216
5.38318 5.38318 0.536687
16.1495 5.38318 1.14044
26.9159 5.38318 1.76069
37.6822 5.38318 1.91094
48.4486 5.38318 1.57385
59.215 5.38318 0.932689
69.9813 5.38318 0.466923
5.38318 16.1495 1.04909
16.1495 16.1495 2.51757
26.9159 16.1495 4.05012
37.6822 16.1495 4.4932
48.4486 16.1495 3.66432
59.215 16.1495 2.13585
69.9813 16.1495 1.02182
5.38318 26.9159 1.31679
16.1495 26.9159 3.40221
26.9159 26.9159 5.71559
37.6822 26.9159 6.46927
48.4486 26.9159 5.34499
59.215 26.9159 3.10661
69.9813 26.9159 1.39072
5.38318 37.6822 1.38261
16.1495 37.6822 3.45968
26.9159 37.6822 5.6113
37.6822 37.6822 6.27292
48.4486 37.6822 5.28012
59.215 37.6822 3.17617
69.9813 37.6822 1.47579
5.38318 48.4486 1.09192
16.1495 48.4486 2.27178
26.9159 48.4486 3.39648
37.6822 48.4486 3.77849
48.4486 48.4486 3.59182
59.215 48.4486 2.5022
69.9813 48.4486 1.45364
5.38318 59.215 1.03706
16.1495 59.215 1.85918
26.9159 59.215 2.26985
37.6822 59.215 2.37867
48.4486 59.215 2.61681
59.215 59.215 2.17273
69.9813 59.215 1.52514
5.38318 69.9813 0.922609
16.1495 69.9813 1.59314
26.9159 69.9813 1.82225
37.6822 69.9813 1.97062
48.4486 69.9813 2.39514
59.215 69.9813 2.18995
69.9813 69.9813 1.58712
5.38318 80.7477 0.285198
16.1495 80.7477 0.669976
26.9159 80.7477 0.828643
37.6822 80.7477 0.861017
48.4486 80.7477 1.03264
59.215 80.7477 1.02187
69.9813 80.7477 0.864311
5.38318 91.514 -0.231754
16.1495 91.514 -0.29161
26.9159 91.514 -0.239559
37.6822 91.514 -0.17995
48.4486 91.514 -0.164761
59.215 91.514 -0.0779427
69.9813 91.514 0.0840758
5.38318 102.28 -0.302391
16.1495 102.28 -0.438645
26.9159 102.28 -0.393279
37.6822 102.28 -0.35081
48.4486 102.28 -0.35597
59.215 102.28 -0.27519
69.9813 102.28 -0.124603
5.38318 113.047 -0.300584
16.1495 113.047 -0.454879
26.9159 113.047 -0.458306
37.6822 113.047 -0.441164
48.4486 113.047 -0.423458
59.215 113.047 -0.329877
69.9813 113.047 -0.144279
5.38318 123.813 -0.298893
16.1495 123.813 -0.456549
26.9159 123.813 -0.463246
37.6822 123.813 -0.449486
48.4486 123.813 -0.413937
59.215 123.813 -0.310251
69.9813 123.813 -0.129493
5.38318 134.579 -0.270591
16.1495 134.579 -0.401639
26.9159 134.579 -0.35685
37.6822 134.579 -0.337297
48.4486 134.579 -0.294525
59.215 134.579 -0.224903
69.9813 134.579 -0.0818083
5.38318 145.346 -0.160265
16.1495 145.346 -0.178626
26.9159 145.346 -0.00806832
37.6822 145.346 0.135804
48.4486 145.346 0.174776
59.215 145.346 0.0194401
69.9813 145.346 0.0942098
5.38318 156.112 0.0871684
16.1495 156.112 0.622728
26.9159 156.112 1.57337
37.6822 156.112 1.83278
48.4486 156.112 1.56314
59.215 156.112 0.836843
69.9813 156.112 0.419423
5.38318 166.879 0.560896
16.1495 166.879 1.78226
26.9159 166.879 3.30761
37.6822 166.879 3.80201
48.4486 166.879 3.10921
59.215 166.879 1.71222
69.9813 166.879 0.781202
5.38318 177.645 0.829787
16.1495 177.645 2.41735
26.9159 177.645 4.50198
37.6822 177.645 5.19118
48.4486 177.645 4.29425
59.215 177.645 2.36292
69.9813 177.645 1.02883
5.38318 188.411 0.987684
16.1495 188.411 2.49169
26.9159 188.411 4.31406
37.6822 188.411 4.83968
48.4486 188.411 4.04283
59.215 188.411 2.33847
69.9813 188.411 1.1162
5.38318 199.178 0.825172
16.1495 199.178 1.76404
26.9159 199.178 2.61298
37.6822 199.178 2.80011
48.4486 199.178 2.58053
59.215 199.178 1.78386
69.9813 199.178 1.11438
5.38318 209.944 0.683666
16.1495 209.944 1.26416
26.9159 209.944 1.47798
37.6822 209.944 1.4631
48.4486 209.944 1.52645
59.215 209.944 1.34247
69.9813 209.944 0.97962
