26 37
0 17 72 40
0 1 72 72
0 0 72 82
0 0 72 144
0 0 72 216
5.38318 5.38318 0.733516
16.1495 5.38318 1.07376
26.9159 5.38318 1.16841
37.6822 5.38318 1.05857
48.4486 5.38318 0.769836
59.215 5.38318 0.621439
69.9813 5.38318 0.38598
5.38318 16.1495 1.41205
16.1495 16.1495 2.41789
26.9159 16.1495 2.72143
37.6822 16.1495 2.45008
48.4486 16.1495 1.88359
59.215 16.1495 1.4419
69.9813 16.1495 0.852901
5.38318 26.9159 1.68901
16.1495 26.9159 3.02295
26.9159 26.9159 3.37053
37.6822 26.9159 2.96345
48.4486 26.9159 2.17204
59.215 26.9159 1.64683
69.9813 26.9159 1.01307
5.38318 37.6822 1.83277
16.1495 37.6822 3.36777
26.9159 37.6822 3.8695
37.6822 37.6822 3.2011
48.4486 37.6822 2.17427
59.215 37.6822 1.56614
69.9813 37.6822 0.953736
5.38318 48.4486 1.34245
16.1495 48.4486 2.55255
26.9159 48.4486 2.99573
37.6822 48.4486 2.35298
48.4486 48.4486 1.26759
59.215 48.4486 0.977781
69.9813 48.4486 0.666979
5.38318 59.215 0.558346
16.1495 59.215 1.07743
26.9159 59.215 1.47546
37.6822 59.215 1.01787
48.4486 59.215 0.429179
59.215 59.215 0.578286
69.9813 59.215 0.47569
5.38318 69.9813 -0.135966
16.1495 69.9813 -0.236152
26.9159 69.9813 -0.139045
37.6822 69.9813 -0.189493
48.4486 69.9813 -0.199295
59.215 69.9813 0.0821032
69.9813 69.9813 0.289385
5.38318 80.7477 -0.167576
16.1495 80.7477 -0.262131
26.9159 80.7477 -0.155931
37.6822 80.7477 -0.151887
48.4486 80.7477 -0.0738821
59.215 80.7477 0.216336
69.9813 80.7477 0.395906
5.38318 91.514 -0.199181
16.1495 91.514 -0.277932
26.9159 91.514 -0.19351
37.6822 91.514 -0.179935
48.4486 91.514 -0.119114
59.215 91.514 0.030224
69.9813 91.514 0.269807
5.38318 102.28 -0.207161
16.1495 102.28 -0.277653
26.9159 102.28 -0.19998
37.6822 102.28 -0.186678
48.4486 102.28 -0.174991
59.215 102.28 -0.110328
69.9813 102.28 0.0361733
5.38318 113.047 -0.286636
16.1495 113.047 -0.429747
26.9159 113.047 -0.406166
37.6822 113.047 -0.401998
48.4486 113.047 -0.39479
59.215 113.047 -0.317445
69.9813 113.047 -0.138638
5.38318 123.813 -0.236255
16.1495 123.813 -0.3619
26.9159 123.813 -0.323368
37.6822 123.813 -0.329266
48.4486 123.813 -0.331351
59.215 123.813 -0.267172
69.9813 123.813 -0.114853
5.38318 134.579 -0.0707559
16.1495 134.579 -0.109908
26.9159 134.579 -0.0451033
37.6822 134.579 -0.099774
48.4486 134.579 -0.166335
59.215 134.579 -0.143581
69.9813 134.579 -0.0554475
5.38318 145.346 0.296709
16.1495 145.346 0.511552
26.9159 145.346 0.727655
37.6822 145.346 0.635726
48.4486 145.346 0.353066
59.215 145.346 0.294944
69.9813 145.346 0.200546
5.38318 156.112 1.02267
16.1495 156.112 1.80479
26.9159 156.112 2.05688
37.6822 156.112 1.73251
48.4486 156.112 1.04833
59.215 156.112 0.765275
69.9813 156.112 0.428374
5.38318 166.879 1.47926
16.1495 166.879 2.63987
26.9159 166.879 2.9312
37.6822 166.879 2.52266
48.4486 166.879 1.63301
59.215 166.879 1.14823
69.9813 166.879 0.623622
5.38318 177.645 1.88132
16.1495 177.645 3.42228
26.9159 177.645 3.6912
37.6822 177.645 2.91151
48.4486 177.645 1.61453
59.215 177.645 1.02212
69.9813 177.645 0.536341
5.38318 188.411 1.66176
16.1495 188.411 3.06371
26.9159 188.411 3.31394
37.6822 188.411 2.48648
48.4486 188.411 1.06033
59.215 188.411 0.611712
69.9813 188.411 0.304981
5.38318 199.178 0.911044
16.1495 199.178 1.63562
26.9159 199.178 1.78867
37.6822 199.178 1.18485
48.4486 199.178 0.174247
59.215 199.178 0.120346
69.9813 199.178 0.0998052
5.38318 209.944 0.095641
16.1495 209.944 0.162841
26.9159 209.944 0.207592
37.6822 209.944 -0.0408569
48.4486 209.944 -0.162481
59.215 209.944 -0.0403841
69.9813 209.944 0.0797044
