37 37
0 17 72 40
0 1 72 72
0 0 72 82
0 0 72 144
0 0 72 216
5.38318 5.38318 0.604221
16.1495 5.38318 1.03441
26.9159 5.38318 1.48006
37.6822 5.38318 1.57319
48.4486 5.38318 1.44186
59.215 5.38318 1.04059
69.9813 5.38318 0.590848
5.38318 16.1495 1.16377
16.1495 16.1495 2.23386
26.9159 16.1495 3.25398
37.6822 16.1495 3.51921
48.4486 16.1495 3.17864
59.215 16.1495 2.18548
69.9813 16.1495 1.23914
5.38318 26.9159 1.49558
16.1495 26.9159 3.04718
26.9159 26.9159 4.83564
37.6822 26.9159 5.2866
48.4486 26.9159 4.60458
59.215 26.9159 2.93864
69.9813 26.9159 1.52256
5.38318 37.6822 1.51891
16.1495 37.6822 3.28933
26.9159 37.6822 5.65215
37.6822 37.6822 6.23816
48.4486 37.6822 5.31103
59.215 37.6822 3.17096
69.9813 37.6822 1.52593
5.38318 48.4486 1.29555
16.1495 48.4486 2.92049
26.9159 48.4486 5.0395
37.6822 48.4486 5.56689
48.4486 48.4486 4.57474
59.215 48.4486 2.67574
69.9813 48.4486 1.22631
5.38318 59.215 0.629482
16.1495 59.215 1.55765
26.9159 59.215 2.6692
37.6822 59.215 3.01392
48.4486 59.215 2.47173
59.215 59.215 1.70848
69.9813 59.215 0.875584
5.38318 69.9813 0.326134
16.1495 69.9813 0.832055
26.9159 69.9813 1.00208
37.6822 69.9813 1.26431
48.4486 69.9813 0.79099
59.215 69.9813 0.930447
69.9813 69.9813 0.64555
5.38318 80.7477 -0.139133
16.1495 80.7477 -0.0509005
26.9159 80.7477 -0.0356548
37.6822 80.7477 0.198559
48.4486 80.7477 -0.0596958
59.215 80.7477 0.315082
69.9813 80.7477 0.359399
5.38318 91.514 -0.325501
16.1495 91.514 -0.431971
26.9159 91.514 -0.405119
37.6822 91.514 -0.33797
48.4486 91.514 -0.387817
59.215 91.514 -0.242948
69.9813 91.514 -0.0767079
5.38318 102.28 -0.326644
16.1495 102.28 -0.479329
26.9159 102.28 -0.420739
37.6822 102.28 -0.370978
48.4486 102.28 -0.362126
59.215 102.28 -0.268798
69.9813 102.28 -0.104474
5.38318 113.047 -0.302374
16.1495 113.047 -0.456256
26.9159 113.047 -0.459506
37.6822 113.047 -0.441767
48.4486 113.047 -0.426763
59.215 113.047 -0.336225
69.9813 113.047 -0.149149
5.38318 123.813 -0.297257
16.1495 123.813 -0.445536
26.9159 123.813 -0.430844
37.6822 123.813 -0.417092
48.4486 123.813 -0.403192
59.215 123.813 -0.324332
69.9813 123.813 -0.147199
5.38318 134.579 -0.265486
16.1495 134.579 -0.354569
26.9159 134.579 -0.266522
37.6822 134.579 -0.217217
48.4486 134.579 -0.239843
59.215 134.579 -0.21789
69.9813 134.579 -0.108102
5.38318 145.346 -0.144548
16.1495 145.346 -0.100771
26.9159 145.346 0.301451
37.6822 145.346 0.51556
48.4486 145.346 0.396152
59.215 145.346 0.161808
69.9813 145.346 0.0706299
5.38318 156.112 0.107679
16.1495 156.112 0.598046
26.9159 156.112 1.50463
37.6822 156.112 1.84918
48.4486 156.112 1.58405
59.215 156.112 0.938935
69.9813 156.112 0.415347
5.38318 166.879 0.529921
16.1495 166.879 1.27767
26.9159 166.879 2.49087
37.6822 166.879 2.95167
48.4486 166.879 2.67047
59.215 166.879 1.74548
69.9813 166.879 0.908977
5.38318 177.645 0.844921
16.1495 177.645 1.59487
26.9159 177.645 2.74898
37.6822 177.645 3.09793
48.4486 177.645 2.86475
59.215 177.645 1.97954
69.9813 177.645 1.12543
5.38318 188.411 0.936749
16.1495 188.411 1.28507
26.9159 188.411 2.01322
37.6822 188.411 2.02787
48.4486 188.411 2.04138
59.215 188.411 1.65943
69.9813 188.411 1.14962
5.38318 199.178 0.717512
16.1495 199.178 0.833064
26.9159 199.178 1.04199
37.6822 199.178 0.74797
48.4486 199.178 0.85151
59.215 199.178 0.886618
69.9813 199.178 0.848863
5.38318 209.944 0.265491
16.1495 209.944 0.267256
26.9159 209.944 0.478543
37.6822 209.944 0.222555
48.4486 209.944 0.341468
59.215 209.944 0.444813
69.9813 209.944 0.486831
