48 166
0 146 72 40
0 130 72 72
0 125 72 82
0 72 72 144
0 0 72 216
5.38318 5.38318 -0.0420392
16.1495 5.38318 -0.128997
26.9159 5.38318 -0.0642891
37.6822 5.38318 -0.0943344
48.4486 5.38318 -0.115676
59.215 5.38318 -0.0913768
69.9813 5.38318 -0.0224207
5.38318 16.1495 -0.152996
16.1495 16.1495 -0.238332
26.9159 16.1495 -0.129736
37.6822 16.1495 -0.189795
48.4486 16.1495 -0.2031
59.215 16.1495 -0.141364
69.9813 16.1495 0.0280855
5.38318 26.9159 -0.364518
16.1495 26.9159 -0.575519
26.9159 26.9159 -0.581318
37.6822 26.9159 -0.661058
48.4486 26.9159 -0.633106
59.215 26.9159 -0.462108
69.9813 26.9159 -0.143633
5.38318 37.6822 -0.158822
16.1495 37.6822 -0.260306
26.9159 37.6822 -0.319851
37.6822 37.6822 -0.391392
48.4486 37.6822 -0.295028
59.215 37.6822 -0.121856
69.9813 37.6822 0.222408
5.38318 48.4486 0.434537
16.1495 48.4486 0.733607
26.9159 48.4486 0.562579
37.6822 48.4486 0.60131
48.4486 48.4486 1.06228
59.215 48.4486 1.24271
69.9813 48.4486 1.04523
5.38318 59.215 1.12393
16.1495 59.215 1.80429
26.9159 59.215 1.68897
37.6822 59.215 1.95495
48.4486 59.215 2.62084
59.215 59.215 2.66792
69.9813 59.215 1.8119
5.38318 69.9813 1.12944
16.1495 69.9813 1.81451
26.9159 69.9813 1.64304
37.6822 69.9813 2.03464
48.4486 69.9813 2.78027
59.215 69.9813 2.91207
69.9813 69.9813 1.95017
5.38318 80.7477 0.315081
16.1495 80.7477 0.542174
26.9159 80.7477 0.311795
37.6822 80.7477 0.631284
48.4486 80.7477 1.31453
59.215 80.7477 1.77498
69.9813 80.7477 1.33757
5.38318 91.514 -0.3841
16.1495 91.514 -0.622251
26.9159 91.514 -0.754455
37.6822 91.514 -0.762988
48.4486 91.514 -0.623132
59.215 91.514 -0.301767
69.9813 91.514 0.0140356
5.38318 102.28 -0.588338
16.1495 102.28 -0.955529
26.9159 102.28 -1.05827
37.6822 102.28 -1.07355
48.4486 102.28 -1.00343
59.215 102.28 -0.787217
69.9813 102.28 -0.331336
5.38318 113.047 -0.586812
16.1495 113.047 -0.930535
26.9159 113.047 -1.00328
37.6822 113.047 -0.989283
48.4486 113.047 -0.941014
59.215 113.047 -0.733827
69.9813 113.047 -0.319443
5.38318 123.813 -0.57366
16.1495 123.813 -0.846764
26.9159 123.813 -0.773243
37.6822 123.813 -0.597055
48.4486 123.813 -0.583803
59.215 123.813 -0.458751
69.9813 123.813 -0.202211
5.38318 134.579 -0.5541
16.1495 134.579 -0.682576
26.9159 134.579 -0.286666
37.6822 134.579 0.499234
48.4486 134.579 0.556147
59.215 134.579 0.396492
69.9813 134.579 0.271929
5.38318 145.346 -0.513924
16.1495 145.346 -0.326985
26.9159 145.346 1.21452
37.6822 145.346 2.91286
48.4486 145.346 3.06742
59.215 145.346 2.26982
69.9813 145.346 1.22616
5.38318 156.112 -0.380276
16.1495 156.112 -0.0336999
26.9159 156.112 2.23857
37.6822 156.112 4.24423
48.4486 156.112 4.80198
59.215 156.112 3.799
69.9813 156.112 2.10625
5.38318 166.879 -0.124964
16.1495 166.879 0.682258
26.9159 166.879 2.63688
37.6822 166.879 4.41894
48.4486 166.879 5.19279
59.215 166.879 4.35703
69.9813 166.879 2.59206
5.38318 177.645 0.559384
16.1495 177.645 1.54619
26.9159 177.645 2.74115
37.6822 177.645 3.70529
48.4486 177.645 4.30052
59.215 177.645 3.85688
69.9813 177.645 2.46471
5.38318 188.411 1.20654
16.1495 188.411 2.461
26.9159 188.411 3.59674
37.6822 188.411 3.9246
48.4486 188.411 3.93766
59.215 188.411 3.29039
69.9813 188.411 2.04212
5.38318 199.178 1.47097
16.1495 199.178 2.83342
26.9159 199.178 3.7918
37.6822 199.178 3.82265
48.4486 199.178 3.48732
59.215 199.178 2.84008
69.9813 199.178 1.73039
5.38318 209.944 1.011
16.1495 209.944 1.91263
26.9159 209.944 2.6701
37.6822 209.944 2.79257
48.4486 209.944 2.61991
59.215 209.944 2.13336
69.9813 209.944 1.28822
