37 37
0 17 72 40
0 1 72 72
0 0 72 82
0 0 72 144
0 0 72 216
5.38318 5.38318 0.79267
16.1495 5.38318 1.41479
26.9159 5.38318 1.77281
37.6822 5.38318 1.80673
48.4486 5.38318 1.48786
59.215 5.38318 1.06999
69.9813 5.38318 0.567441
5.38318 16.1495 1.29382
16.1495 16.1495 2.71806
26.9159 16.1495 3.67389
37.6822 16.1495 3.82618
48.4486 16.1495 3.20029
59.215 16.1495 2.22384
69.9813 16.1495 1.21576
5.38318 26.9159 1.5205
16.1495 26.9159 3.4863
26.9159 26.9159 4.9771
37.6822 26.9159 5.20803
48.4486 26.9159 4.24331
59.215 26.9159 2.82055
69.9813 26.9159 1.49619
5.38318 37.6822 1.46858
16.1495 37.6822 3.46888
26.9159 37.6822 5.07846
37.6822 37.6822 5.38433
48.4486 37.6822 4.43718
59.215 37.6822 2.93211
69.9813 37.6822 1.59039
5.38318 48.4486 1.66951
16.1495 48.4486 3.2669
26.9159 48.4486 4.25868
37.6822 48.4486 4.19172
48.4486 48.4486 3.62141
59.215 48.4486 2.59188
69.9813 48.4486 1.58091
5.38318 59.215 1.7744
16.1495 59.215 2.89128
26.9159 59.215 3.10821
37.6822 59.215 2.8517
48.4486 59.215 2.74458
59.215 59.215 2.4694
69.9813 59.215 1.72568
5.38318 69.9813 1.62027
16.1495 69.9813 2.39128
26.9159 69.9813 2.39124
37.6822 69.9813 1.88848
48.4486 69.9813 1.99281
59.215 69.9813 1.99234
69.9813 69.9813 1.51901
5.38318 80.7477 0.358077
16.1495 80.7477 0.495646
26.9159 80.7477 0.61228
37.6822 80.7477 0.386095
48.4486 80.7477 0.524087
59.215 80.7477 0.733888
69.9813 80.7477 0.74788
5.38318 91.514 -0.397387
16.1495 91.514 -0.665438
26.9159 91.514 -0.66475
37.6822 91.514 -0.730295
48.4486 91.514 -0.712938
59.215 91.514 -0.523204
69.9813 91.514 -0.204691
5.38318 102.28 -0.55378
16.1495 102.28 -0.899613
26.9159 102.28 -0.977145
37.6822 102.28 -0.996932
48.4486 102.28 -0.947652
59.215 102.28 -0.738141
69.9813 102.28 -0.316436
5.38318 113.047 -0.585645
16.1495 113.047 -0.938852
26.9159 113.047 -1.02345
37.6822 113.047 -1.02643
48.4486 113.047 -0.972507
59.215 113.047 -0.7688
69.9813 113.047 -0.332224
5.38318 123.813 -0.576211
16.1495 123.813 -0.91903
26.9159 123.813 -0.976739
37.6822 123.813 -0.969471
48.4486 123.813 -0.911085
59.215 123.813 -0.684114
69.9813 123.813 -0.288895
5.38318 134.579 -0.546634
16.1495 134.579 -0.842956
26.9159 134.579 -0.768945
37.6822 134.579 -0.693954
48.4486 134.579 -0.619885
59.215 134.579 -0.444719
69.9813 134.579 -0.175215
5.38318 145.346 -0.487089
16.1495 145.346 -0.652787
26.9159 145.346 -0.364285
37.6822 145.346 -0.199274
48.4486 145.346 -0.135579
59.215 145.346 -0.0696796
69.9813 145.346 0.0459592
5.38318 156.112 -0.331522
16.1495 156.112 -0.285595
26.9159 156.112 0.601795
37.6822 156.112 1.17587
48.4486 156.112 1.17812
59.215 156.112 0.872683
69.9813 156.112 0.54578
5.38318 166.879 -0.196037
16.1495 166.879 -0.0252316
26.9159 166.879 1.14592
37.6822 166.879 1.65508
48.4486 166.879 1.51902
59.215 166.879 1.07213
69.9813 166.879 0.641804
5.38318 177.645 -0.0508337
16.1495 177.645 0.354298
26.9159 177.645 1.2314
37.6822 177.645 1.40974
48.4486 177.645 1.05144
59.215 177.645 0.62803
69.9813 177.645 0.388104
5.38318 188.411 -0.0280858
16.1495 188.411 0.345237
26.9159 188.411 0.83956
37.6822 188.411 0.729915
48.4486 188.411 0.16966
59.215 188.411 -0.0510548
69.9813 188.411 -0.00648824
5.38318 199.178 -0.0780335
16.1495 199.178 0.1007
26.9159 199.178 0.395842
37.6822 199.178 0.245087
48.4486 199.178 -0.0713621
59.215 199.178 -0.135
69.9813 199.178 -0.000265926
5.38318 209.944 -0.10625
16.1495 209.944 -0.0652635
26.9159 209.944 0.0285883
37.6822 209.944 0.0169486
48.4486 209.944 -0.0531275
59.215 209.944 -0.0605335
69.9813 209.944 0.12007
