37 177
0 157 72 40
0 141 72 72
0 134 72 82
0 72 72 144
0 0 72 216
5.38318 5.38318 1.72203
16.1495 5.38318 2.26501
26.9159 5.38318 2.21686
37.6822 5.38318 2.21551
48.4486 5.38318 2.16854
59.215 5.38318 1.66336
69.9813 5.38318 0.96197
5.38318 16.1495 2.66789
16.1495 16.1495 3.79296
26.9159 16.1495 3.92067
37.6822 16.1495 3.83522
48.4486 16.1495 3.63558
59.215 16.1495 2.81671
69.9813 16.1495 1.6343
5.38318 26.9159 2.27291
16.1495 26.9159 3.58147
26.9159 26.9159 4.12722
37.6822 26.9159 4.12017
48.4486 26.9159 3.65877
59.215 26.9159 2.69158
69.9813 26.9159 1.5576
5.38318 37.6822 0.81853
16.1495 37.6822 2.00376
26.9159 37.6822 3.15847
37.6822 37.6822 3.43732
48.4486 37.6822 2.79177
59.215 37.6822 1.8349
69.9813 37.6822 0.990129
5.38318 48.4486 0.0238988
16.1495 48.4486 0.918625
26.9159 48.4486 2.51364
37.6822 48.4486 3.16439
48.4486 48.4486 2.83597
59.215 48.4486 1.92663
69.9813 48.4486 1.02643
5.38318 59.215 -0.211884
16.1495 59.215 0.11452
26.9159 59.215 1.94282
37.6822 59.215 2.84661
48.4486 59.215 2.71348
59.215 59.215 1.92268
69.9813 59.215 1.02555
5.38318 69.9813 -0.355608
16.1495 69.9813 -0.277763
26.9159 69.9813 1.15683
37.6822 69.9813 2.04866
48.4486 69.9813 1.8564
59.215 69.9813 1.07707
69.9813 69.9813 0.553522
5.38318 80.7477 -0.482744
16.1495 80.7477 -0.620182
26.9159 80.7477 -0.237836
37.6822 80.7477 -0.056477
48.4486 80.7477 -0.204834
59.215 80.7477 -0.308493
69.9813 80.7477 -0.172537
5.38318 91.514 -0.546037
16.1495 91.514 -0.848207
26.9159 91.514 -0.803807
37.6822 91.514 -0.82317
48.4486 91.514 -0.857988
59.215 91.514 -0.75223
69.9813 91.514 -0.362786
5.38318 102.28 -0.579543
16.1495 102.28 -0.930165
26.9159 102.28 -1.00849
37.6822 102.28 -1.0246
48.4486 102.28 -0.986469
59.215 102.28 -0.794995
69.9813 102.28 -0.357538
5.38318 113.047 -0.578643
16.1495 113.047 -0.922961
26.9159 113.047 -0.999315
37.6822 113.047 -0.995164
48.4486 113.047 -0.939944
59.215 113.047 -0.716962
69.9813 113.047 -0.302921
5.38318 123.813 -0.556709
16.1495 123.813 -0.872361
26.9159 123.813 -0.881588
37.6822 123.813 -0.82263
48.4486 123.813 -0.728585
59.215 123.813 -0.514386
69.9813 123.813 -0.190662
5.38318 134.579 -0.479923
16.1495 134.579 -0.675657
26.9159 134.579 -0.480444
37.6822 134.579 -0.333225
48.4486 134.579 -0.237606
59.215 134.579 -0.128137
69.9813 134.579 0.0552542
5.38318 145.346 -0.320729
16.1495 145.346 -0.283798
26.9159 145.346 0.49946
37.6822 145.346 1.30203
48.4486 145.346 1.62117
59.215 145.346 1.27303
69.9813 145.346 0.854529
5.38318 156.112 -0.0954398
16.1495 156.112 0.60506
26.9159 156.112 2.42144
37.6822 156.112 3.61901
48.4486 156.112 3.79709
59.215 156.112 2.7888
69.9813 156.112 1.56328
5.38318 166.879 0.0385588
16.1495 166.879 1.37944
26.9159 166.879 3.79918
37.6822 166.879 5.70643
48.4486 166.879 5.84193
59.215 166.879 4.14082
69.9813 166.879 2.13059
5.38318 177.645 0.215585
16.1495 177.645 1.55399
26.9159 177.645 4.00908
37.6822 177.645 5.88361
48.4486 177.645 5.87486
59.215 177.645 4.0999
69.9813 177.645 2.04087
5.38318 188.411 0.0482252
16.1495 188.411 0.967456
26.9159 188.411 3.0006
37.6822 188.411 4.24405
48.4486 188.411 4.16665
59.215 188.411 2.97444
69.9813 188.411 1.52093
5.38318 199.178 0.0834177
16.1495 199.178 0.38779
26.9159 199.178 1.3795
37.6822 199.178 1.48294
48.4486 199.178 1.53056
59.215 199.178 1.1716
69.9813 199.178 0.869667
5.38318 209.944 0.197172
16.1495 209.944 0.485816
26.9159 209.944 1.05754
37.6822 209.944 0.944301
48.4486 209.944 1.01795
59.215 209.944 0.936801
69.9813 209.944 0.740688
