48 37
0 17 72 40
0 1 72 72
0 0 72 82
0 0 72 144
0 0 72 216
5.38318 5.38318 0.104387
16.1495 5.38318 0.233172
26.9159 5.38318 0.738895
37.6822 5.38318 1.06649
48.4486 5.38318 1.1367
59.215 5.38318 0.893516
69.9813 5.38318 0.543238
5.38318 16.1495 0.248444
16.1495 16.1495 0.834635
26.9159 16.1495 1.94466
37.6822 16.1495 2.65473
48.4486 16.1495 2.8075
59.215 16.1495 2.15635
69.9813 16.1495 1.23685
5.38318 26.9159 0.403791
16.1495 26.9159 1.37333
26.9159 26.9159 2.97896
37.6822 26.9159 4.23237
48.4486 26.9159 4.42124
59.215 26.9159 3.33267
69.9813 26.9159 1.80785
5.38318 37.6822 1.26565
16.1495 37.6822 2.42112
26.9159 37.6822 3.87728
37.6822 37.6822 5.10112
48.4486 37.6822 5.16933
59.215 37.6822 3.93749
69.9813 37.6822 2.11933
5.38318 48.4486 2.02449
16.1495 48.4486 3.23885
26.9159 48.4486 3.99159
37.6822 48.4486 4.42208
48.4486 48.4486 4.24719
59.215 48.4486 3.36647
69.9813 48.4486 1.89251
5.38318 59.215 2.26421
16.1495 59.215 3.30286
26.9159 59.215 3.34166
37.6822 59.215 2.91907
48.4486 59.215 2.74346
59.215 59.215 2.64124
69.9813 59.215 1.792
5.38318 69.9813 1.42459
16.1495 69.9813 2.2216
26.9159 69.9813 2.3596
37.6822 69.9813 1.91604
48.4486 69.9813 1.90797
59.215 69.9813 2.22729
69.9813 69.9813 1.67368
5.38318 80.7477 0.0285157
16.1495 80.7477 0.233678
26.9159 80.7477 0.581003
37.6822 80.7477 0.620497
48.4486 80.7477 0.930983
59.215 80.7477 1.46384
69.9813 80.7477 1.27051
5.38318 91.514 -0.422225
16.1495 91.514 -0.645236
26.9159 91.514 -0.667855
37.6822 91.514 -0.662322
48.4486 91.514 -0.590248
59.215 91.514 -0.272395
69.9813 91.514 0.0695909
5.38318 102.28 -0.561907
16.1495 102.28 -0.900485
26.9159 102.28 -0.987737
37.6822 102.28 -0.98567
48.4486 102.28 -0.918181
59.215 102.28 -0.648832
69.9813 102.28 -0.243719
5.38318 113.047 -0.587998
16.1495 113.047 -0.935323
26.9159 113.047 -1.01254
37.6822 113.047 -1.00113
48.4486 113.047 -0.944613
59.215 113.047 -0.728186
69.9813 113.047 -0.309996
5.38318 123.813 -0.572532
16.1495 123.813 -0.871474
26.9159 123.813 -0.852661
37.6822 123.813 -0.730168
48.4486 123.813 -0.68443
59.215 123.813 -0.520301
69.9813 123.813 -0.225644
5.38318 134.579 -0.54754
16.1495 134.579 -0.745077
26.9159 134.579 -0.427625
37.6822 134.579 -0.0703013
48.4486 134.579 -0.0641402
59.215 134.579 -0.082692
69.9813 134.579 -0.0394834
5.38318 145.346 -0.485295
16.1495 145.346 -0.387135
26.9159 145.346 0.890568
37.6822 145.346 2.30514
48.4486 145.346 2.20225
59.215 145.346 1.38155
69.9813 145.346 0.595671
5.38318 156.112 -0.276031
16.1495 156.112 0.0972749
26.9159 156.112 2.38921
37.6822 156.112 3.83876
48.4486 156.112 3.61854
59.215 156.112 2.3277
69.9813 156.112 1.02072
5.38318 166.879 0.0357696
16.1495 166.879 1.23557
26.9159 166.879 3.39845
37.6822 166.879 4.61594
48.4486 166.879 4.11462
59.215 166.879 2.50689
69.9813 166.879 1.15417
5.38318 177.645 0.858463
16.1495 177.645 2.29773
26.9159 177.645 3.95373
37.6822 177.645 4.22117
48.4486 177.645 3.3374
59.215 177.645 1.9376
69.9813 177.645 0.939114
5.38318 188.411 1.21292
16.1495 188.411 2.73656
26.9159 188.411 4.01009
37.6822 188.411 3.7874
48.4486 188.411 2.90302
59.215 188.411 1.70584
69.9813 188.411 0.985667
5.38318 199.178 1.22803
16.1495 199.178 2.30389
26.9159 199.178 3.02774
37.6822 199.178 2.92312
48.4486 199.178 2.60327
59.215 199.178 2.07702
69.9813 199.178 1.37208
5.38318 209.944 0.762773
16.1495 209.944 1.15686
26.9159 209.944 1.4831
37.6822 209.944 1.6407
48.4486 209.944 1.95775
59.215 209.944 1.87366
69.9813 209.944 1.29677
