37 37
0 17 72 40
0 1 72 72
0 0 72 82
0 0 72 144
0 0 72 216
5.38318 5.38318 0.448045
16.1495 5.38318 0.775596
26.9159 5.38318 1.34728
37.6822 5.38318 1.53995
48.4486 5.38318 1.29372
59.215 5.38318 0.925748
69.9813 5.38318 0.451497
5.38318 16.1495 0.896229
16.1495 16.1495 1.78253
26.9159 16.1495 3.09957
37.6822 16.1495 3.57169
48.4486 16.1495 3.04491
59.215 16.1495 2.02171
69.9813 16.1495 0.994927
5.38318 26.9159 1.41054
16.1495 26.9159 2.81726
26.9159 26.9159 4.86936
37.6822 26.9159 5.4795
48.4486 26.9159 4.44329
59.215 26.9159 2.78498
69.9813 26.9159 1.25722
5.38318 37.6822 1.54603
16.1495 37.6822 3.25819
26.9159 37.6822 5.60284
37.6822 37.6822 6.14666
48.4486 37.6822 4.95647
59.215 37.6822 2.93004
69.9813 37.6822 1.30078
5.38318 48.4486 1.34897
16.1495 48.4486 2.82245
26.9159 48.4486 4.54865
37.6822 48.4486 4.78055
48.4486 48.4486 3.7554
59.215 48.4486 2.18981
69.9813 48.4486 1.03483
5.38318 59.215 0.71216
16.1495 59.215 1.56348
26.9159 59.215 2.35251
37.6822 59.215 2.44399
48.4486 59.215 2.15382
59.215 59.215 1.4908
69.9813 59.215 0.966167
5.38318 69.9813 0.339673
16.1495 69.9813 0.814681
26.9159 69.9813 1.05345
37.6822 69.9813 1.10039
48.4486 69.9813 1.08272
59.215 69.9813 0.919654
69.9813 69.9813 0.797734
5.38318 80.7477 -0.08969
16.1495 80.7477 -0.00876098
26.9159 80.7477 0.158314
37.6822 80.7477 0.253139
48.4486 80.7477 0.382322
59.215 80.7477 0.391896
69.9813 80.7477 0.482674
5.38318 91.514 -0.281435
16.1495 91.514 -0.368186
26.9159 91.514 -0.347771
37.6822 91.514 -0.311098
48.4486 91.514 -0.295316
59.215 91.514 -0.217955
69.9813 91.514 -0.0480135
5.38318 102.28 -0.308074
16.1495 102.28 -0.443839
26.9159 102.28 -0.408035
37.6822 102.28 -0.375533
48.4486 102.28 -0.376032
59.215 102.28 -0.305102
69.9813 102.28 -0.134137
5.38318 113.047 -0.299371
16.1495 113.047 -0.452297
26.9159 113.047 -0.456179
37.6822 113.047 -0.43951
48.4486 113.047 -0.424165
59.215 113.047 -0.333473
69.9813 113.047 -0.147382
5.38318 123.813 -0.26153
16.1495 123.813 -0.404025
26.9159 123.813 -0.384691
37.6822 123.813 -0.399485
48.4486 123.813 -0.388244
59.215 123.813 -0.306544
69.9813 123.813 -0.129439
5.38318 134.579 -0.161005
16.1495 134.579 -0.249997
26.9159 134.579 -0.205741
37.6822 134.579 -0.252886
48.4486 134.579 -0.244107
59.215 134.579 -0.202302
69.9813 134.579 -0.0628529
5.38318 145.346 0.0262943
16.1495 145.346 -0.000555321
26.9159 145.346 0.174858
37.6822 145.346 -0.0309074
48.4486 145.346 -0.00787444
59.215 145.346 -0.00361759
69.9813 145.346 0.186875
5.38318 156.112 0.446757
16.1495 156.112 0.770509
26.9159 156.112 1.27056
37.6822 156.112 1.06643
48.4486 156.112 1.16425
59.215 156.112 0.809673
69.9813 156.112 0.647446
5.38318 166.879 0.853808
16.1495 166.879 1.5009
26.9159 166.879 2.40798
37.6822 166.879 2.2237
48.4486 166.879 2.28312
59.215 166.879 1.65946
69.9813 166.879 1.13211
5.38318 177.645 1.19974
16.1495 177.645 2.36685
26.9159 177.645 3.78629
37.6822 177.645 3.81029
48.4486 177.645 3.74406
59.215 177.645 2.53705
69.9813 177.645 1.56896
5.38318 188.411 1.22261
16.1495 188.411 2.50824
26.9159 188.411 4.30997
37.6822 188.411 4.55314
48.4486 188.411 4.33467
59.215 188.411 2.86682
69.9813 188.411 1.66939
5.38318 199.178 0.937957
16.1495 199.178 2.17903
26.9159 199.178 3.9991
37.6822 199.178 4.38567
48.4486 199.178 3.88074
59.215 199.178 2.46149
69.9813 199.178 1.31885
5.38318 209.944 0.44426
16.1495 209.944 1.02533
26.9159 209.944 1.96751
37.6822 209.944 2.05899
48.4486 209.944 1.72089
59.215 209.944 1.08932
69.9813 209.944 0.585406
