26 26
0 6 72 40
0 0 72 72
0 0 72 82
0 0 72 144
0 0 72 216
5.38318 5.38318 0.896824
16.1495 5.38318 1.64522
26.9159 5.38318 1.93675
37.6822 5.38318 1.71201
48.4486 5.38318 1.24083
59.215 5.38318 0.850631
69.9813 5.38318 0.486985
5.38318 16.1495 1.37377
16.1495 16.1495 2.75649
26.9159 16.1495 3.45253
37.6822 16.1495 3.20227
48.4486 16.1495 2.39994
59.215 16.1495 1.62556
69.9813 16.1495 0.969214
5.38318 26.9159 1.44756
16.1495 26.9159 2.98937
26.9159 26.9159 3.95666
37.6822 26.9159 3.837
48.4486 26.9159 3.00084
59.215 26.9159 2.02994
69.9813 26.9159 1.19424
5.38318 37.6822 1.19748
16.1495 37.6822 2.28681
26.9159 37.6822 3.09674
37.6822 37.6822 3.23849
48.4486 37.6822 2.8688
59.215 37.6822 2.05709
69.9813 37.6822 1.2032
5.38318 48.4486 1.0815
16.1495 48.4486 1.98527
26.9159 48.4486 2.70419
37.6822 48.4486 2.96382
48.4486 48.4486 2.89618
59.215 48.4486 2.1489
69.9813 48.4486 1.31331
5.38318 59.215 1.08802
16.1495 59.215 1.9676
26.9159 59.215 2.59951
37.6822 59.215 2.78264
48.4486 59.215 2.75603
59.215 59.215 2.09935
69.9813 59.215 1.31944
5.38318 69.9813 0.428026
16.1495 69.9813 0.924437
26.9159 69.9813 1.54455
37.6822 69.9813 1.72143
48.4486 69.9813 1.76914
59.215 69.9813 1.24597
69.9813 69.9813 0.883301
5.38318 80.7477 -0.175728
16.1495 80.7477 -0.25217
26.9159 80.7477 -0.115528
37.6822 80.7477 -0.144788
48.4486 80.7477 -0.108077
59.215 80.7477 -0.0629551
69.9813 80.7477 0.202585
5.38318 91.514 -0.46869
16.1495 91.514 -0.742927
26.9159 91.514 -0.694447
37.6822 91.514 -0.720565
48.4486 91.514 -0.681481
59.215 91.514 -0.530497
69.9813 91.514 -0.20528
5.38318 102.28 -0.533736
16.1495 102.28 -0.84591
26.9159 102.28 -0.869353
37.6822 102.28 -0.915896
48.4486 102.28 -0.885319
59.215 102.28 -0.65356
69.9813 102.28 -0.257403
5.38318 113.047 -0.575251
16.1495 113.047 -0.911102
26.9159 113.047 -0.979152
37.6822 113.047 -0.979358
48.4486 113.047 -0.937621
59.215 113.047 -0.73451
69.9813 113.047 -0.317053
5.38318 123.813 -0.537366
16.1495 123.813 -0.805606
26.9159 123.813 -0.695709
37.6822 123.813 -0.645356
48.4486 123.813 -0.698163
59.215 123.813 -0.591391
69.9813 123.813 -0.285866
5.38318 134.579 -0.442089
16.1495 134.579 -0.465903
26.9159 134.579 -0.0380558
37.6822 134.579 0.268958
48.4486 134.579 -0.146979
59.215 134.579 -0.307058
69.9813 134.579 -0.202259
5.38318 145.346 -0.282647
16.1495 145.346 0.131525
26.9159 145.346 2.033
37.6822 145.346 2.6696
48.4486 145.346 1.61753
59.215 145.346 0.401744
69.9813 145.346 -0.0951072
5.38318 156.112 -0.199338
16.1495 156.112 0.796257
26.9159 156.112 3.10879
37.6822 156.112 3.91407
48.4486 156.112 2.70393
59.215 156.112 1.05264
69.9813 156.112 -0.00475795
5.38318 166.879 -0.205358
16.1495 166.879 0.658064
26.9159 166.879 2.75668
37.6822 166.879 3.51063
48.4486 166.879 2.39828
59.215 166.879 0.928939
69.9813 166.879 -0.0355958
5.38318 177.645 -0.173657
16.1495 177.645 0.225788
26.9159 177.645 1.71073
37.6822 177.645 2.21996
48.4486 177.645 1.32871
59.215 177.645 0.503965
69.9813 177.645 0.0020894
5.38318 188.411 -0.0968982
16.1495 188.411 0.19798
26.9159 188.411 1.28467
37.6822 188.411 1.53051
48.4486 188.411 1.05726
59.215 188.411 0.680559
69.9813 188.411 0.386467
5.38318 199.178 -0.00609242
16.1495 199.178 0.53421
26.9159 199.178 1.48511
37.6822 199.178 1.84876
48.4486 199.178 1.72067
59.215 199.178 1.4375
69.9813 199.178 0.908626
5.38318 209.944 0.128281
16.1495 209.944 0.623152
26.9159 209.944 1.27399
37.6822 209.944 1.55521
48.4486 209.944 1.66905
59.215 209.944 1.54509
69.9813 209.944 1.02534
