37 37
0 17 72 40
0 1 72 72
0 0 72 82
0 0 72 144
0 0 72 216
5.38318 5.38318 0.598093
16.1495 5.38318 1.05091
26.9159 5.38318 1.50274
37.6822 5.38318 1.62662
48.4486 5.38318 1.45386
59.215 5.38318 1.03031
69.9813 5.38318 0.592564
5.38318 16.1495 1.11806
16.1495 16.1495 2.25674
26.9159 16.1495 3.30988
37.6822 16.1495 3.63757
48.4486 16.1495 3.18381
59.215 16.1495 2.15905
69.9813 16.1495 1.1669
5.38318 26.9159 1.47865
16.1495 26.9159 3.19011
26.9159 26.9159 4.89989
37.6822 26.9159 5.4014
48.4486 26.9159 4.69803
59.215 26.9159 3.11396
69.9813 26.9159 1.59478
5.38318 37.6822 1.68618
16.1495 37.6822 3.68423
26.9159 37.6822 5.48139
37.6822 37.6822 6.00982
48.4486 37.6822 5.14185
59.215 37.6822 3.37222
69.9813 37.6822 1.66178
5.38318 48.4486 1.81162
16.1495 48.4486 3.5047
26.9159 48.4486 4.79237
37.6822 48.4486 5.12407
48.4486 48.4486 4.53524
59.215 48.4486 3.15901
69.9813 48.4486 1.70144
5.38318 59.215 1.74523
16.1495 59.215 2.99017
26.9159 59.215 3.36998
37.6822 59.215 3.51605
48.4486 59.215 3.28072
59.215 59.215 2.74594
69.9813 59.215 1.69041
5.38318 69.9813 1.6189
16.1495 69.9813 2.64572
26.9159 69.9813 2.76376
37.6822 69.9813 2.78111
48.4486 69.9813 2.44221
59.215 69.9813 2.15016
69.9813 69.9813 1.37226
5.38318 80.7477 0.593282
16.1495 80.7477 1.23922
26.9159 80.7477 1.51557
37.6822 80.7477 1.65723
48.4486 80.7477 1.14775
59.215 80.7477 1.04592
69.9813 80.7477 0.665265
5.38318 91.514 -0.243484
16.1495 91.514 -0.254563
26.9159 91.514 -0.10651
37.6822 91.514 -0.0175766
48.4486 91.514 -0.183723
59.215 91.514 -0.146907
69.9813 91.514 -0.0700419
5.38318 102.28 -0.32878
16.1495 102.28 -0.47374
26.9159 102.28 -0.378917
37.6822 102.28 -0.332675
48.4486 102.28 -0.32649
59.215 102.28 -0.245471
69.9813 102.28 -0.0979078
5.38318 113.047 -0.295624
16.1495 113.047 -0.444083
26.9159 113.047 -0.428073
37.6822 113.047 -0.413963
48.4486 113.047 -0.39286
59.215 113.047 -0.305178
69.9813 113.047 -0.129075
5.38318 123.813 -0.256337
16.1495 123.813 -0.372073
26.9159 123.813 -0.298939
37.6822 123.813 -0.281774
48.4486 123.813 -0.248425
59.215 123.813 -0.202089
69.9813 123.813 -0.070825
5.38318 134.579 -0.120383
16.1495 134.579 -0.0830985
26.9159 134.579 0.266223
37.6822 134.579 0.391162
48.4486 134.579 0.413337
59.215 134.579 0.232748
69.9813 134.579 0.236812
5.38318 145.346 0.124735
16.1495 145.346 0.686736
26.9159 145.346 1.50023
37.6822 145.346 1.76674
48.4486 145.346 1.69961
59.215 145.346 1.16427
69.9813 145.346 0.725541
5.38318 156.112 0.525277
16.1495 156.112 1.66689
26.9159 156.112 2.78524
37.6822 156.112 3.24154
48.4486 156.112 2.98679
59.215 156.112 2.03575
69.9813 156.112 1.16619
5.38318 166.879 0.690203
16.1495 166.879 1.99665
26.9159 166.879 3.30286
37.6822 166.879 3.87517
48.4486 166.879 3.57635
59.215 166.879 2.4441
69.9813 166.879 1.3765
5.38318 177.645 0.596897
16.1495 177.645 1.72891
26.9159 177.645 2.78691
37.6822 177.645 3.30302
48.4486 177.645 3.06147
59.215 177.645 2.14388
69.9813 177.645 1.25731
5.38318 188.411 0.46208
16.1495 188.411 1.26369
26.9159 188.411 1.99008
37.6822 188.411 2.35895
48.4486 188.411 2.22681
59.215 188.411 1.712
69.9813 188.411 1.05512
5.38318 199.178 0.252077
16.1495 199.178 0.987114
26.9159 199.178 1.67427
37.6822 199.178 2.06201
48.4486 199.178 1.80838
59.215 199.178 1.42365
69.9813 199.178 0.839596
5.38318 209.944 0.216355
16.1495 209.944 0.864776
26.9159 209.944 1.29073
37.6822 209.944 1.50893
48.4486 209.944 1.1477
59.215 209.944 0.850242
69.9813 209.944 0.476302
