48 37
0 17 72 40
0 1 72 72
0 0 72 82
0 0 72 144
0 0 72 216
5.38318 5.38318 0.136863
16.1495 5.38318 0.405145
26.9159 5.38318 0.923314
37.6822 5.38318 1.20269
48.4486 5.38318 1.14736
59.215 5.38318 0.86619
69.9813 5.38318 0.46238
5.38318 16.1495 0.327568
16.1495 16.1495 1.14553
26.9159 16.1495 2.30988
37.6822 16.1495 3.02449
48.4486 16.1495 2.95104
59.215 16.1495 2.13437
69.9813 16.1495 1.15051
5.38318 26.9159 0.554515
16.1495 26.9159 1.81311
26.9159 26.9159 3.63941
37.6822 26.9159 5.09439
48.4486 26.9159 5.06418
59.215 26.9159 3.61123
69.9813 26.9159 1.82065
5.38318 37.6822 1.40102
16.1495 37.6822 2.70403
26.9159 37.6822 4.49807
37.6822 37.6822 5.99307
48.4486 37.6822 6.00514
59.215 37.6822 4.37066
69.9813 37.6822 2.20025
5.38318 48.4486 2.16165
16.1495 48.4486 3.39852
26.9159 48.4486 4.3951
37.6822 48.4486 5.08041
48.4486 48.4486 4.964
59.215 48.4486 3.6767
69.9813 48.4486 1.8888
5.38318 59.215 2.45561
16.1495 59.215 3.29411
26.9159 59.215 3.201
37.6822 59.215 2.672
48.4486 59.215 2.42672
59.215 59.215 2.07426
69.9813 59.215 1.27668
5.38318 69.9813 1.80551
16.1495 69.9813 2.48642
26.9159 69.9813 2.31583
37.6822 69.9813 1.52329
48.4486 69.9813 1.17266
59.215 69.9813 1.18172
69.9813 69.9813 0.881833
5.38318 80.7477 0.700269
16.1495 80.7477 1.00694
26.9159 80.7477 1.0137
37.6822 80.7477 0.526828
48.4486 80.7477 0.278042
59.215 80.7477 0.520779
69.9813 80.7477 0.488562
5.38318 91.514 -0.078893
16.1495 91.514 -0.0704058
26.9159 91.514 -0.0882634
37.6822 91.514 -0.189832
48.4486 91.514 -0.278988
59.215 91.514 -0.143663
69.9813 91.514 -0.00140152
5.38318 102.28 -0.271526
16.1495 102.28 -0.401202
26.9159 102.28 -0.402444
37.6822 102.28 -0.42744
48.4486 102.28 -0.433164
59.215 102.28 -0.31837
69.9813 102.28 -0.127515
5.38318 113.047 -0.297766
16.1495 113.047 -0.449149
26.9159 113.047 -0.44237
37.6822 113.047 -0.433212
48.4486 113.047 -0.411759
59.215 113.047 -0.319089
69.9813 113.047 -0.135844
5.38318 123.813 -0.287952
16.1495 123.813 -0.434513
26.9159 123.813 -0.395143
37.6822 123.813 -0.374104
48.4486 123.813 -0.346257
59.215 123.813 -0.247634
69.9813 123.813 -0.098233
5.38318 134.579 -0.252968
16.1495 134.579 -0.349973
26.9159 134.579 -0.246341
37.6822 134.579 -0.167196
48.4486 134.579 -0.115609
59.215 134.579 -0.0273775
69.9813 134.579 0.0631652
5.38318 145.346 -0.217453
16.1495 145.346 -0.217537
26.9159 145.346 0.203158
37.6822 145.346 0.779636
48.4486 145.346 1.07013
59.215 145.346 0.953174
69.9813 145.346 0.607343
5.38318 156.112 -0.153881
16.1495 156.112 0.0118952
26.9159 156.112 1.36841
37.6822 156.112 2.41412
48.4486 156.112 2.73138
59.215 156.112 2.12847
69.9813 156.112 1.18794
5.38318 166.879 -0.12597
16.1495 166.879 0.413337
26.9159 166.879 2.49001
37.6822 166.879 4.13742
48.4486 166.879 4.64282
59.215 166.879 3.4631
69.9813 166.879 1.80612
5.38318 177.645 -0.0466606
16.1495 177.645 0.655535
26.9159 177.645 2.88382
37.6822 177.645 4.68257
48.4486 177.645 5.13868
59.215 177.645 3.77415
69.9813 177.645 1.91542
5.38318 188.411 -0.0400968
16.1495 188.411 0.497958
26.9159 188.411 2.39168
37.6822 188.411 3.73088
48.4486 188.411 4.08891
59.215 188.411 3.09945
69.9813 188.411 1.64327
5.38318 199.178 0.135787
16.1495 199.178 0.406263
26.9159 199.178 1.34111
37.6822 199.178 1.60804
48.4486 199.178 1.77204
59.215 199.178 1.53772
69.9813 199.178 1.02029
5.38318 209.944 0.271122
16.1495 209.944 0.539955
26.9159 209.944 1.0565
37.6822 209.944 0.986486
48.4486 209.944 1.11037
59.215 209.944 1.06197
69.9813 209.944 0.799929
