37 37
0 17 72 40
0 1 72 72
0 0 72 82
0 0 72 144
0 0 72 216
5.38318 5.38318 0.531409
16.1495 5.38318 0.929408
26.9159 5.38318 1.3048
37.6822 5.38318 1.38312
48.4486 5.38318 1.31794
59.215 5.38318 1.05904
69.9813 5.38318 0.695015
5.38318 16.1495 0.94378
16.1495 16.1495 1.93651
26.9159 16.1495 2.75828
37.6822 16.1495 3.05476
48.4486 16.1495 2.91264
59.215 16.1495 2.29024
69.9813 16.1495 1.43163
5.38318 26.9159 1.15562
16.1495 26.9159 2.47385
26.9159 26.9159 3.76945
37.6822 26.9159 4.41735
48.4486 26.9159 4.26157
59.215 26.9159 3.34465
69.9813 26.9159 1.99061
5.38318 37.6822 1.19621
16.1495 37.6822 2.57931
26.9159 37.6822 4.06159
37.6822 37.6822 4.98074
48.4486 37.6822 4.88733
59.215 37.6822 3.82506
69.9813 37.6822 2.17752
5.38318 48.4486 1.07286
16.1495 48.4486 2.08286
26.9159 48.4486 3.32661
37.6822 48.4486 4.12504
48.4486 48.4486 4.095
59.215 48.4486 3.17517
69.9813 48.4486 1.76197
5.38318 59.215 0.779509
16.1495 59.215 1.38238
26.9159 59.215 2.03133
37.6822 59.215 2.15342
48.4486 59.215 1.99808
59.215 59.215 1.73042
69.9813 59.215 1.09441
5.38318 69.9813 0.445086
16.1495 69.9813 0.731141
26.9159 69.9813 0.892473
37.6822 69.9813 0.585243
48.4486 69.9813 0.367049
59.215 69.9813 0.592731
69.9813 69.9813 0.558007
5.38318 80.7477 -0.112125
16.1495 80.7477 -0.177673
26.9159 80.7477 -0.218056
37.6822 80.7477 -0.309731
48.4486 80.7477 -0.336864
59.215 80.7477 0.0660582
69.9813 80.7477 0.375135
5.38318 91.514 -0.482345
16.1495 91.514 -0.794186
26.9159 91.514 -0.896851
37.6822 91.514 -0.913937
48.4486 91.514 -0.847279
59.215 91.514 -0.494949
69.9813 91.514 -0.142044
5.38318 102.28 -0.575145
16.1495 102.28 -0.925141
26.9159 102.28 -1.01394
37.6822 102.28 -0.9908
48.4486 102.28 -0.908333
59.215 102.28 -0.603999
69.9813 102.28 -0.215382
5.38318 113.047 -0.583539
16.1495 113.047 -0.926632
26.9159 113.047 -1.0038
37.6822 113.047 -0.999128
48.4486 113.047 -0.95115
59.215 113.047 -0.747305
69.9813 113.047 -0.322273
5.38318 123.813 -0.556551
16.1495 123.813 -0.841517
26.9159 123.813 -0.808552
37.6822 123.813 -0.743592
48.4486 123.813 -0.775974
59.215 123.813 -0.625242
69.9813 123.813 -0.294295
5.38318 134.579 -0.506633
16.1495 134.579 -0.579945
26.9159 134.579 -0.282548
37.6822 134.579 -0.0839793
48.4486 134.579 -0.315523
59.215 134.579 -0.371704
69.9813 134.579 -0.220198
5.38318 145.346 -0.38382
16.1495 145.346 -0.144901
26.9159 145.346 1.29822
37.6822 145.346 2.08045
48.4486 145.346 1.03028
59.215 145.346 0.131929
69.9813 145.346 -0.131508
5.38318 156.112 -0.294758
16.1495 156.112 0.367522
26.9159 156.112 2.46861
37.6822 156.112 3.28505
48.4486 156.112 2.1696
59.215 156.112 0.842649
69.9813 156.112 -0.0461048
5.38318 166.879 -0.273363
16.1495 166.879 0.346804
26.9159 166.879 2.42639
37.6822 166.879 3.15048
48.4486 166.879 2.15034
59.215 166.879 0.879744
69.9813 166.879 -0.0276305
5.38318 177.645 -0.274031
16.1495 177.645 -0.0825863
26.9159 177.645 1.51567
37.6822 177.645 2.11368
48.4486 177.645 1.53986
59.215 177.645 0.762693
69.9813 177.645 0.247984
5.38318 188.411 -0.231603
16.1495 188.411 -0.0957821
26.9159 188.411 1.34559
37.6822 188.411 1.95298
48.4486 188.411 1.83219
59.215 188.411 1.17968
69.9813 188.411 0.675228
5.38318 199.178 -0.22893
16.1495 199.178 -0.0687334
26.9159 199.178 1.32708
37.6822 199.178 2.17076
48.4486 199.178 2.43858
59.215 199.178 1.93794
69.9813 199.178 1.17273
5.38318 209.944 -0.148458
16.1495 209.944 -0.00517457
26.9159 209.944 0.962117
37.6822 209.944 1.67535
48.4486 209.944 2.04999
59.215 209.944 1.80637
69.9813 209.944 1.10239
