37 26
0 6 72 40
0 0 72 72
0 0 72 82
0 0 72 144
0 0 72 216
5.38318 5.38318 0.324735
16.1495 5.38318 0.78776
26.9159 5.38318 1.63929
37.6822 5.38318 1.8388
48.4486 5.38318 1.57322
59.215 5.38318 0.887568
69.9813 5.38318 0.39568
5.38318 16.1495 0.498357
16.1495 16.1495 1.63905
26.9159 16.1495 3.31741
37.6822 16.1495 3.78214
48.4486 16.1495 3.22279
59.215 16.1495 1.89584
69.9813 16.1495 0.874597
5.38318 26.9159 0.517259
16.1495 26.9159 2.00445
26.9159 26.9159 4.32652
37.6822 26.9159 4.95042
48.4486 26.9159 4.04853
59.215 26.9159 2.18921
69.9813 26.9159 0.890936
5.38318 37.6822 0.601742
16.1495 37.6822 2.0334
26.9159 37.6822 3.98789
37.6822 37.6822 4.31916
48.4486 37.6822 3.39686
59.215 37.6822 1.80108
69.9813 37.6822 0.765229
5.38318 48.4486 0.685446
16.1495 48.4486 1.81313
26.9159 48.4486 2.92714
37.6822 48.4486 2.95552
48.4486 48.4486 2.32315
59.215 48.4486 1.26847
69.9813 48.4486 0.683913
5.38318 59.215 0.498127
16.1495 59.215 1.2596
26.9159 59.215 1.94426
37.6822 59.215 1.90367
48.4486 59.215 1.41967
59.215 59.215 0.882738
69.9813 59.215 0.538263
5.38318 69.9813 0.0161469
16.1495 69.9813 0.349928
26.9159 69.9813 0.756733
37.6822 69.9813 0.680676
48.4486 69.9813 0.236193
59.215 69.9813 0.0758808
69.9813 69.9813 0.0697892
5.38318 80.7477 -0.333349
16.1495 80.7477 -0.446217
26.9159 80.7477 -0.408813
37.6822 80.7477 -0.451741
48.4486 80.7477 -0.579763
59.215 80.7477 -0.470411
69.9813 80.7477 -0.221904
5.38318 91.514 -0.53749
16.1495 91.514 -0.853828
26.9159 91.514 -0.949243
37.6822 91.514 -0.974386
48.4486 91.514 -0.971983
59.215 91.514 -0.770593
69.9813 91.514 -0.349055
5.38318 102.28 -0.587303
16.1495 102.28 -0.945378
26.9159 102.28 -1.04504
37.6822 102.28 -1.04893
48.4486 102.28 -1.00341
59.215 102.28 -0.792972
69.9813 102.28 -0.355969
5.38318 113.047 -0.588568
16.1495 113.047 -0.94387
26.9159 113.047 -1.0299
37.6822 113.047 -1.03193
48.4486 113.047 -0.978199
59.215 113.047 -0.774614
69.9813 113.047 -0.337911
5.38318 123.813 -0.575727
16.1495 123.813 -0.920029
26.9159 123.813 -0.995747
37.6822 123.813 -0.996711
48.4486 123.813 -0.946561
59.215 123.813 -0.745283
69.9813 123.813 -0.321236
5.38318 134.579 -0.559757
16.1495 134.579 -0.887547
26.9159 134.579 -0.948081
37.6822 134.579 -0.944381
48.4486 134.579 -0.898669
59.215 134.579 -0.685621
69.9813 134.579 -0.288177
5.38318 145.346 -0.529594
16.1495 145.346 -0.828375
26.9159 145.346 -0.831147
37.6822 145.346 -0.808932
48.4486 145.346 -0.775506
59.215 145.346 -0.598328
69.9813 145.346 -0.239408
5.38318 156.112 -0.5192
16.1495 156.112 -0.801139
26.9159 156.112 -0.774995
37.6822 156.112 -0.707395
48.4486 156.112 -0.657857
59.215 156.112 -0.499639
69.9813 156.112 -0.177695
5.38318 166.879 -0.512753
16.1495 166.879 -0.780365
26.9159 166.879 -0.780771
37.6822 166.879 -0.706177
48.4486 166.879 -0.669989
59.215 166.879 -0.494703
69.9813 166.879 -0.17218
5.38318 177.645 -0.532489
16.1495 177.645 -0.837173
26.9159 177.645 -0.839982
37.6822 177.645 -0.771794
48.4486 177.645 -0.715364
59.215 177.645 -0.516666
69.9813 177.645 -0.17283
5.38318 188.411 -0.527687
16.1495 188.411 -0.815445
26.9159 188.411 -0.809374
37.6822 188.411 -0.758854
48.4486 188.411 -0.708566
59.215 188.411 -0.510716
69.9813 188.411 -0.173234
5.38318 199.178 -0.472742
16.1495 199.178 -0.687662
26.9159 199.178 -0.628579
37.6822 199.178 -0.567293
48.4486 199.178 -0.510731
59.215 199.178 -0.367354
69.9813 199.178 -0.0991305
5.38318 209.944 -0.282275
16.1495 209.944 -0.37881
26.9159 209.944 -0.334161
37.6822 209.944 -0.31494
48.4486 209.944 -0.299191
59.215 209.944 -0.200433
69.9813 209.944 -0.00773901
