37 156
0 136 72 40
0 120 72 72
0 115 72 82
0 72 72 144
0 0 72 216
5.38318 5.38318 0.227929
16.1495 5.38318 0.472851
26.9159 5.38318 0.937378
37.6822 5.38318 1.06847
48.4486 5.38318 0.727981
59.215 5.38318 0.373032
69.9813 5.38318 0.14379
5.38318 16.1495 0.227832
16.1495 16.1495 0.812672
26.9159 16.1495 1.89874
37.6822 16.1495 2.14648
48.4486 16.1495 1.67818
59.215 16.1495 0.987043
69.9813 16.1495 0.426601
5.38318 26.9159 -0.0532554
16.1495 26.9159 0.466008
26.9159 26.9159 2.14017
37.6822 26.9159 2.50895
48.4486 26.9159 1.89315
59.215 26.9159 0.994076
69.9813 26.9159 0.31486
5.38318 37.6822 -0.163587
16.1495 37.6822 0.0152623
26.9159 37.6822 1.8043
37.6822 37.6822 2.15771
48.4486 37.6822 1.75249
59.215 37.6822 1.11456
69.9813 37.6822 0.476926
5.38318 48.4486 -0.196439
16.1495 48.4486 -0.200177
26.9159 48.4486 1.09309
37.6822 48.4486 1.26062
48.4486 48.4486 1.19463
59.215 48.4486 1.03938
69.9813 48.4486 0.607192
5.38318 59.215 -0.156095
16.1495 59.215 -0.214978
26.9159 59.215 0.531249
37.6822 59.215 0.63399
48.4486 59.215 0.823928
59.215 59.215 0.93684
69.9813 59.215 0.736543
5.38318 69.9813 -0.083622
16.1495 69.9813 -0.160583
26.9159 69.9813 0.199055
37.6822 69.9813 0.00543886
48.4486 69.9813 0.0652642
59.215 69.9813 0.342339
69.9813 69.9813 0.438637
5.38318 80.7477 -0.0475947
16.1495 80.7477 -0.0818479
26.9159 80.7477 0.0291098
37.6822 80.7477 -0.155365
48.4486 80.7477 -0.226692
59.215 80.7477 -0.129275
69.9813 80.7477 0.0330751
5.38318 91.514 -0.102253
16.1495 91.514 -0.176658
26.9159 91.514 -0.170914
37.6822 91.514 -0.322462
48.4486 91.514 -0.385337
59.215 91.514 -0.307261
69.9813 91.514 -0.115384
5.38318 102.28 -0.230821
16.1495 102.28 -0.351343
26.9159 102.28 -0.332709
37.6822 102.28 -0.36346
48.4486 102.28 -0.357627
59.215 102.28 -0.27985
69.9813 102.28 -0.111364
5.38318 113.047 -0.277506
16.1495 113.047 -0.410294
26.9159 113.047 -0.389176
37.6822 113.047 -0.371654
48.4486 113.047 -0.370339
59.215 113.047 -0.292038
69.9813 113.047 -0.129688
5.38318 123.813 -0.132933
16.1495 123.813 -0.156332
26.9159 123.813 -0.100785
37.6822 123.813 -0.0731302
48.4486 123.813 -0.126037
59.215 123.813 -0.110277
69.9813 123.813 -0.0327685
5.38318 134.579 0.259374
16.1495 134.579 0.548126
26.9159 134.579 0.753414
37.6822 134.579 0.816659
48.4486 134.579 0.529453
59.215 134.579 0.386073
69.9813 134.579 0.260758
5.38318 145.346 0.951043
16.1495 145.346 1.73297
26.9159 145.346 2.0493
37.6822 145.346 2.12452
48.4486 145.346 1.65596
59.215 145.346 1.30376
69.9813 145.346 0.757982
5.38318 156.112 1.35029
16.1495 156.112 2.2792
26.9159 156.112 2.65762
37.6822 156.112 2.73684
48.4486 156.112 2.28488
59.215 156.112 1.96002
69.9813 156.112 1.1411
5.38318 166.879 1.38556
16.1495 166.879 2.20433
26.9159 166.879 2.49152
37.6822 166.879 2.51746
48.4486 166.879 2.33652
59.215 166.879 2.29972
69.9813 166.879 1.45176
5.38318 177.645 0.748817
16.1495 177.645 0.947792
26.9159 177.645 1.08823
37.6822 177.645 1.09405
48.4486 177.645 1.58922
59.215 177.645 2.17673
69.9813 177.645 1.59603
5.38318 188.411 0.339781
16.1495 188.411 0.196413
26.9159 188.411 0.17695
37.6822 188.411 0.206984
48.4486 188.411 1.11495
59.215 188.411 1.86979
69.9813 188.411 1.59626
5.38318 199.178 0.219996
16.1495 199.178 0.0307313
26.9159 199.178 -0.0215512
37.6822 199.178 0.0555568
48.4486 199.178 0.750463
59.215 199.178 1.42594
69.9813 199.178 1.27997
5.38318 209.944 0.232069
16.1495 209.944 0.225482
26.9159 209.944 0.0946354
37.6822 209.944 0.101659
48.4486 209.944 0.299756
59.215 209.944 0.631964
69.9813 209.944 0.590651
