37 26
0 6 72 40
0 0 72 72
0 0 72 82
0 0 72 144
0 0 72 216
5.38318 5.38318 0.12337
16.1495 5.38318 0.541447
26.9159 5.38318 1.38613
37.6822 5.38318 1.82622
48.4486 5.38318 1.57363
59.215 5.38318 0.931674
69.9813 5.38318 0.384559
5.38318 16.1495 0.307309
16.1495 16.1495 1.21494
26.9159 16.1495 2.63339
37.6822 16.1495 3.42437
48.4486 16.1495 2.96415
59.215 16.1495 1.77893
69.9813 16.1495 0.784077
5.38318 26.9159 0.41696
16.1495 26.9159 1.67629
26.9159 26.9159 3.31337
37.6822 26.9159 4.25823
48.4486 26.9159 3.62419
59.215 26.9159 2.13161
69.9813 26.9159 0.90261
5.38318 37.6822 0.876652
16.1495 37.6822 2.18432
26.9159 37.6822 3.3634
37.6822 37.6822 3.78835
48.4486 37.6822 3.05806
59.215 37.6822 1.8641
69.9813 37.6822 0.837701
5.38318 48.4486 1.06995
16.1495 48.4486 2.34686
26.9159 48.4486 3.0277
37.6822 48.4486 3.15461
48.4486 48.4486 2.60374
59.215 48.4486 1.77675
69.9813 48.4486 1.0077
5.38318 59.215 1.09302
16.1495 59.215 2.03586
26.9159 59.215 2.46111
37.6822 59.215 2.5182
48.4486 59.215 2.37078
59.215 59.215 1.86257
69.9813 59.215 1.1731
5.38318 69.9813 0.64564
16.1495 69.9813 1.1273
26.9159 69.9813 1.49945
37.6822 69.9813 1.71881
48.4486 69.9813 1.89381
59.215 69.9813 1.6421
69.9813 69.9813 1.07122
5.38318 80.7477 0.145316
16.1495 80.7477 0.171176
26.9159 80.7477 0.578802
37.6822 80.7477 0.643405
48.4486 80.7477 0.852599
59.215 80.7477 0.753693
69.9813 80.7477 0.524277
5.38318 91.514 -0.194987
16.1495 91.514 -0.347275
26.9159 91.514 -0.258647
37.6822 91.514 -0.32169
48.4486 91.514 -0.303225
59.215 91.514 -0.236835
69.9813 91.514 -0.111789
5.38318 102.28 -0.271406
16.1495 102.28 -0.437602
26.9159 102.28 -0.413506
37.6822 102.28 -0.436165
48.4486 102.28 -0.426332
59.215 102.28 -0.335581
69.9813 102.28 -0.157548
5.38318 113.047 -0.294363
16.1495 113.047 -0.447158
26.9159 113.047 -0.453983
37.6822 113.047 -0.442757
48.4486 113.047 -0.429062
59.215 113.047 -0.341301
69.9813 113.047 -0.151536
5.38318 123.813 -0.278279
16.1495 123.813 -0.425341
26.9159 123.813 -0.400463
37.6822 123.813 -0.397835
48.4486 123.813 -0.376739
59.215 123.813 -0.291755
69.9813 123.813 -0.119601
5.38318 134.579 -0.217673
16.1495 134.579 -0.299232
26.9159 134.579 -0.225622
37.6822 134.579 -0.201815
48.4486 134.579 -0.189084
59.215 134.579 -0.156632
69.9813 134.579 -0.0466738
5.38318 145.346 -0.113013
16.1495 145.346 -0.0745786
26.9159 145.346 0.298456
37.6822 145.346 0.478597
48.4486 145.346 0.460383
59.215 145.346 0.255771
69.9813 145.346 0.214862
5.38318 156.112 0.0680946
16.1495 156.112 0.625656
26.9159 156.112 1.48161
37.6822 156.112 1.83777
48.4486 156.112 1.62598
59.215 156.112 0.984639
69.9813 156.112 0.522325
5.38318 166.879 0.399902
16.1495 166.879 1.37507
26.9159 166.879 2.53398
37.6822 166.879 2.92025
48.4486 166.879 2.52814
59.215 166.879 1.5816
69.9813 166.879 0.775118
5.38318 177.645 0.706836
16.1495 177.645 1.91624
26.9159 177.645 3.17715
37.6822 177.645 3.58647
48.4486 177.645 3.06443
59.215 177.645 1.90824
69.9813 177.645 0.961039
5.38318 188.411 1.06035
16.1495 188.411 2.20975
26.9159 188.411 3.31035
37.6822 188.411 3.4889
48.4486 188.411 3.02333
59.215 188.411 1.95543
69.9813 188.411 1.12259
5.38318 199.178 1.18072
16.1495 199.178 2.06803
26.9159 199.178 2.6016
37.6822 199.178 2.57219
48.4486 199.178 2.49114
59.215 199.178 1.99734
69.9813 199.178 1.38571
5.38318 209.944 1.11396
16.1495 209.944 1.81202
26.9159 209.944 1.9612
37.6822 209.944 1.74727
48.4486 209.944 1.87021
59.215 209.944 1.74731
69.9813 209.944 1.33053
