26 166
0 146 72 40
0 130 72 72
0 125 72 82
0 72 72 144
0 0 72 216
5.38318 5.38318 0.37934
16.1495 5.38318 0.780425
26.9159 5.38318 1.21974
37.6822 5.38318 1.27441
48.4486 5.38318 1.29973
59.215 5.38318 1.11682
69.9813 5.38318 0.756578
5.38318 16.1495 0.687692
16.1495 16.1495 1.63903
26.9159 16.1495 2.4894
37.6822 16.1495 2.74238
48.4486 16.1495 2.78702
59.215 16.1495 2.36905
69.9813 16.1495 1.54012
5.38318 26.9159 0.817764
16.1495 26.9159 2.08591
26.9159 26.9159 3.4683
37.6822 26.9159 4.07043
48.4486 26.9159 4.12764
59.215 26.9159 3.46583
69.9813 26.9159 2.15991
5.38318 37.6822 1.04617
16.1495 37.6822 2.2731
26.9159 37.6822 3.74018
37.6822 37.6822 4.53103
48.4486 37.6822 4.5497
59.215 37.6822 3.74059
69.9813 37.6822 2.22137
5.38318 48.4486 1.12508
16.1495 48.4486 2.10924
26.9159 48.4486 3.40507
37.6822 48.4486 4.08358
48.4486 48.4486 4.07091
59.215 48.4486 3.21193
69.9813 48.4486 1.85408
5.38318 59.215 0.77856
16.1495 59.215 1.39065
26.9159 59.215 2.26859
37.6822 59.215 2.59729
48.4486 59.215 2.56401
59.215 59.215 2.14426
69.9813 59.215 1.31907
5.38318 69.9813 0.0484112
16.1495 69.9813 0.295612
26.9159 69.9813 0.863276
37.6822 69.9813 1.11768
48.4486 69.9813 1.21182
59.215 69.9813 1.15437
69.9813 69.9813 0.885351
5.38318 80.7477 -0.239184
16.1495 80.7477 -0.291921
26.9159 80.7477 -0.217941
37.6822 80.7477 -0.0806487
48.4486 80.7477 -0.025288
59.215 80.7477 0.327219
69.9813 80.7477 0.482417
5.38318 91.514 -0.51569
16.1495 91.514 -0.820278
26.9159 91.514 -0.8623
37.6822 91.514 -0.806117
48.4486 91.514 -0.732096
59.215 91.514 -0.487328
69.9813 91.514 -0.157596
5.38318 102.28 -0.571661
16.1495 102.28 -0.916252
26.9159 102.28 -0.992183
37.6822 102.28 -0.973228
48.4486 102.28 -0.90291
59.215 102.28 -0.6441
69.9813 102.28 -0.250082
5.38318 113.047 -0.560011
16.1495 113.047 -0.894474
26.9159 113.047 -0.974245
37.6822 113.047 -0.975615
48.4486 113.047 -0.923025
59.215 113.047 -0.692864
69.9813 113.047 -0.289021
5.38318 123.813 -0.429283
16.1495 123.813 -0.656443
26.9159 123.813 -0.629877
37.6822 123.813 -0.628704
48.4486 123.813 -0.57778
59.215 123.813 -0.413138
69.9813 123.813 -0.12213
5.38318 134.579 -0.00692953
16.1495 134.579 0.0703984
26.9159 134.579 0.409573
37.6822 134.579 0.38642
48.4486 134.579 0.480296
59.215 134.579 0.423651
69.9813 134.579 0.552957
5.38318 145.346 1.25904
16.1495 145.346 2.20039
26.9159 145.346 2.77044
37.6822 145.346 2.72465
48.4486 145.346 2.76819
59.215 145.346 2.22947
69.9813 145.346 1.55315
5.38318 156.112 2.29283
16.1495 156.112 3.88132
26.9159 156.112 4.53379
37.6822 156.112 4.35105
48.4486 156.112 4.36768
59.215 156.112 3.55237
69.9813 156.112 2.34087
5.38318 166.879 2.60674
16.1495 166.879 4.36883
26.9159 166.879 4.94213
37.6822 166.879 4.59501
48.4486 166.879 4.50461
59.215 166.879 3.69115
69.9813 166.879 2.38256
5.38318 177.645 1.96043
16.1495 177.645 3.19769
26.9159 177.645 3.4939
37.6822 177.645 3.1106
48.4486 177.645 2.91705
59.215 177.645 2.49815
69.9813 177.645 1.64817
5.38318 188.411 1.00132
16.1495 188.411 1.68082
26.9159 188.411 2.02259
37.6822 188.411 1.72693
48.4486 188.411 1.61521
59.215 188.411 1.50845
69.9813 188.411 1.08994
5.38318 199.178 0.590167
16.1495 199.178 1.10657
26.9159 199.178 1.42029
37.6822 199.178 1.30749
48.4486 199.178 1.18597
59.215 199.178 1.19682
69.9813 199.178 0.898936
5.38318 209.944 0.341629
16.1495 209.944 0.761946
26.9159 209.944 1.04511
37.6822 209.944 0.972959
48.4486 209.944 0.893362
59.215 209.944 0.863445
69.9813 209.944 0.689571
