37 26
0 6 72 40
0 0 72 72
0 0 72 82
0 0 72 144
0 0 72 216
5.38318 5.38318 0.830977
16.1495 5.38318 1.56382
26.9159 5.38318 1.93852
37.6822 5.38318 1.76345
48.4486 5.38318 1.22987
59.215 5.38318 0.629797
69.9813 5.38318 0.316373
5.38318 16.1495 1.3102
16.1495 16.1495 2.6605
26.9159 16.1495 3.54097
37.6822 16.1495 3.40725
48.4486 16.1495 2.46628
59.215 16.1495 1.49836
69.9813 16.1495 0.730686
5.38318 26.9159 1.42957
16.1495 26.9159 2.99521
26.9159 26.9159 4.19525
37.6822 26.9159 4.27022
48.4486 26.9159 3.23834
59.215 26.9159 2.07143
69.9813 26.9159 1.06363
5.38318 37.6822 1.47999
16.1495 37.6822 2.72733
26.9159 37.6822 3.82023
37.6822 37.6822 4.08474
48.4486 37.6822 3.49429
59.215 37.6822 2.49289
69.9813 37.6822 1.30428
5.38318 48.4486 1.66868
16.1495 48.4486 2.82948
26.9159 48.4486 3.63858
37.6822 48.4486 3.83786
48.4486 48.4486 3.53192
59.215 48.4486 2.6845
69.9813 48.4486 1.54233
5.38318 59.215 1.65544
16.1495 59.215 2.69777
26.9159 59.215 3.13749
37.6822 59.215 3.17746
48.4486 59.215 3.00274
59.215 59.215 2.48921
69.9813 59.215 1.5738
5.38318 69.9813 1.05668
16.1495 69.9813 1.71428
26.9159 69.9813 1.88655
37.6822 69.9813 1.93281
48.4486 69.9813 1.8985
59.215 69.9813 1.77274
69.9813 69.9813 1.22112
5.38318 80.7477 0.166315
16.1495 80.7477 0.298864
26.9159 80.7477 0.233913
37.6822 80.7477 0.279283
48.4486 80.7477 0.158028
59.215 80.7477 0.431913
69.9813 80.7477 0.41582
5.38318 91.514 -0.24006
16.1495 91.514 -0.356884
26.9159 91.514 -0.351718
37.6822 91.514 -0.309662
48.4486 91.514 -0.345245
59.215 91.514 -0.21267
69.9813 91.514 -0.0873284
5.38318 102.28 -0.301466
16.1495 102.28 -0.462442
26.9159 102.28 -0.457018
37.6822 102.28 -0.456787
48.4486 102.28 -0.45355
59.215 102.28 -0.358165
69.9813 102.28 -0.162039
5.38318 113.047 -0.298277
16.1495 113.047 -0.451549
26.9159 113.047 -0.455938
37.6822 113.047 -0.442239
48.4486 113.047 -0.428294
59.215 113.047 -0.342793
69.9813 113.047 -0.153116
5.38318 123.813 -0.281804
16.1495 123.813 -0.432526
26.9159 123.813 -0.418798
37.6822 123.813 -0.413951
48.4486 123.813 -0.396601
59.215 123.813 -0.304536
69.9813 123.813 -0.132664
5.38318 134.579 -0.13066
16.1495 134.579 -0.210112
26.9159 134.579 -0.164602
37.6822 134.579 -0.175483
48.4486 134.579 -0.166634
59.215 134.579 -0.108494
69.9813 134.579 0.00881435
5.38318 145.346 0.333296
16.1495 145.346 0.463163
26.9159 145.346 0.644727
37.6822 145.346 0.539685
48.4486 145.346 0.517546
59.215 145.346 0.47724
69.9813 145.346 0.476845
5.38318 156.112 1.16987
16.1495 156.112 1.77397
26.9159 156.112 2.05143
37.6822 156.112 1.8461
48.4486 156.112 1.75294
59.215 156.112 1.56966
69.9813 156.112 1.12739
5.38318 166.879 1.74883
16.1495 166.879 2.6525
26.9159 166.879 2.99631
37.6822 166.879 2.67529
48.4486 166.879 2.52986
59.215 166.879 2.24721
69.9813 166.879 1.55719
5.38318 177.645 1.80828
16.1495 177.645 2.78534
26.9159 177.645 3.2041
37.6822 177.645 2.88409
48.4486 177.645 2.65001
59.215 177.645 2.33539
69.9813 177.645 1.60301
5.38318 188.411 1.19018
16.1495 188.411 1.89374
26.9159 188.411 2.32815
37.6822 188.411 2.11003
48.4486 188.411 1.75804
59.215 188.411 1.52159
69.9813 188.411 1.15331
5.38318 199.178 0.472773
16.1495 199.178 0.776775
26.9159 199.178 1.12926
37.6822 199.178 1.15722
48.4486 199.178 0.816354
59.215 199.178 0.727803
69.9813 199.178 0.631367
5.38318 209.944 0.0453254
16.1495 209.944 0.137342
26.9159 209.944 0.479799
37.6822 209.944 0.714837
48.4486 209.944 0.484806
59.215 209.944 0.494909
69.9813 209.944 0.402639
