37 48
0 28 72 40
0 12 72 72
0 7 72 82
0 0 72 144
0 0 72 216
5.38318 5.38318 0.458381
16.1495 5.38318 0.846528
26.9159 5.38318 1.31412
37.6822 5.38318 1.26746
48.4486 5.38318 1.03432
59.215 5.38318 0.68536
69.9813 5.38318 0.412124
5.38318 16.1495 0.72834
16.1495 16.1495 1.66802
26.9159 16.1495 2.68466
37.6822 16.1495 2.66698
48.4486 16.1495 2.33471
59.215 16.1495 1.62715
69.9813 16.1495 1.00193
5.38318 26.9159 0.778401
16.1495 26.9159 2.09814
26.9159 26.9159 3.81738
37.6822 26.9159 4.03123
48.4486 26.9159 3.51626
59.215 26.9159 2.28699
69.9813 26.9159 1.3604
5.38318 37.6822 0.984587
16.1495 37.6822 2.62177
26.9159 37.6822 5.06886
37.6822 37.6822 5.54662
48.4486 37.6822 4.82291
59.215 37.6822 2.95084
69.9813 37.6822 1.62484
5.38318 48.4486 1.02664
16.1495 48.4486 2.92627
26.9159 48.4486 5.89842
37.6822 48.4486 6.76513
48.4486 48.4486 5.69737
59.215 48.4486 3.32083
69.9813 48.4486 1.65155
5.38318 59.215 0.858286
16.1495 59.215 2.39406
26.9159 59.215 4.95032
37.6822 59.215 5.73878
48.4486 59.215 4.70309
59.215 59.215 2.70157
69.9813 59.215 1.23891
5.38318 69.9813 0.128166
16.1495 69.9813 0.880404
26.9159 69.9813 2.36418
37.6822 69.9813 2.77533
48.4486 69.9813 2.08359
59.215 69.9813 1.13161
69.9813 69.9813 0.408321
5.38318 80.7477 -0.153273
16.1495 80.7477 -0.134188
26.9159 80.7477 0.191919
37.6822 80.7477 0.308989
48.4486 80.7477 -0.0779485
59.215 80.7477 -0.128899
69.9813 80.7477 -0.103364
5.38318 91.514 -0.248321
16.1495 91.514 -0.374326
26.9159 91.514 -0.387486
37.6822 91.514 -0.440501
48.4486 91.514 -0.479344
59.215 91.514 -0.381798
69.9813 91.514 -0.178999
5.38318 102.28 -0.279251
16.1495 102.28 -0.406835
26.9159 102.28 -0.395642
37.6822 102.28 -0.415663
48.4486 102.28 -0.412923
59.215 102.28 -0.334975
69.9813 102.28 -0.142577
5.38318 113.047 -0.287913
16.1495 113.047 -0.429154
26.9159 113.047 -0.394246
37.6822 113.047 -0.376171
48.4486 113.047 -0.362571
59.215 113.047 -0.293708
69.9813 113.047 -0.13049
5.38318 123.813 -0.213313
16.1495 123.813 -0.303406
26.9159 123.813 -0.220228
37.6822 123.813 -0.207311
48.4486 123.813 -0.185011
59.215 123.813 -0.145431
69.9813 123.813 -0.0365218
5.38318 134.579 -0.0553589
16.1495 134.579 0.0287423
26.9159 134.579 0.385705
37.6822 134.579 0.441233
48.4486 134.579 0.380414
59.215 134.579 0.258597
69.9813 134.579 0.248467
5.38318 145.346 0.364073
16.1495 145.346 0.978211
26.9159 145.346 1.54159
37.6822 145.346 1.67193
48.4486 145.346 1.47977
59.215 145.346 1.03535
69.9813 145.346 0.68312
5.38318 156.112 0.816927
16.1495 156.112 1.95424
26.9159 156.112 2.76345
37.6822 156.112 2.95579
48.4486 156.112 2.5206
59.215 156.112 1.71634
69.9813 156.112 1.00905
5.38318 166.879 1.20643
16.1495 166.879 2.83898
26.9159 166.879 4.15018
37.6822 166.879 4.42306
48.4486 166.879 3.65003
59.215 166.879 2.30866
69.9813 166.879 1.22321
5.38318 177.645 1.43157
16.1495 177.645 3.1892
26.9159 177.645 4.68846
37.6822 177.645 5.00143
48.4486 177.645 4.23452
59.215 177.645 2.66433
69.9813 177.645 1.37373
5.38318 188.411 1.81363
16.1495 188.411 3.46615
26.9159 188.411 4.61781
37.6822 188.411 4.74799
48.4486 188.411 4.19776
59.215 188.411 2.79197
69.9813 188.411 1.50698
5.38318 199.178 1.99925
16.1495 199.178 3.13361
26.9159 199.178 3.43383
37.6822 199.178 3.30736
48.4486 199.178 3.30215
59.215 199.178 2.59437
69.9813 199.178 1.58677
5.38318 209.944 1.62801
16.1495 209.944 2.34689
26.9159 209.944 2.24326
37.6822 209.944 1.99529
48.4486 209.944 2.19777
59.215 209.944 1.91642
69.9813 209.944 1.28054
