37 188
0 168 72 40
0 144 72 72
0 134 72 82
0 72 72 144
0 0 72 216
5.38318 5.38318 0.0797509
16.1495 5.38318 0.185359
26.9159 5.38318 0.364588
37.6822 5.38318 0.588241
48.4486 5.38318 0.631953
59.215 5.38318 0.452276
69.9813 5.38318 0.359711
5.38318 16.1495 0.195379
16.1495 16.1495 0.610559
26.9159 16.1495 0.975873
37.6822 16.1495 1.42235
48.4486 16.1495 1.49921
59.215 16.1495 1.19218
69.9813 16.1495 0.843164
5.38318 26.9159 0.253347
16.1495 26.9159 0.84041
26.9159 26.9159 1.15108
37.6822 26.9159 1.54175
48.4486 26.9159 1.38343
59.215 26.9159 1.07856
69.9813 26.9159 0.741423
5.38318 37.6822 0.559377
16.1495 37.6822 1.44169
26.9159 37.6822 1.66506
37.6822 37.6822 1.70874
48.4486 37.6822 1.13087
59.215 37.6822 0.915007
69.9813 37.6822 0.584271
5.38318 48.4486 0.547754
16.1495 48.4486 1.38155
26.9159 48.4486 1.47902
37.6822 48.4486 1.35497
48.4486 48.4486 0.617605
59.215 48.4486 0.581547
69.9813 48.4486 0.375626
5.38318 59.215 0.0934727
16.1495 59.215 0.634936
26.9159 59.215 0.841148
37.6822 59.215 1.08272
48.4486 59.215 0.76738
59.215 59.215 0.791058
69.9813 59.215 0.491052
5.38318 69.9813 -0.136669
16.1495 69.9813 -0.0698269
26.9159 69.9813 -0.0108627
37.6822 69.9813 0.252514
48.4486 69.9813 0.0811592
59.215 69.9813 0.290845
69.9813 69.9813 0.217167
5.38318 80.7477 -0.228579
16.1495 80.7477 -0.301003
26.9159 80.7477 -0.294962
37.6822 80.7477 -0.246312
48.4486 80.7477 -0.253828
59.215 80.7477 -0.140046
69.9813 80.7477 -0.0417131
5.38318 91.514 -0.281466
16.1495 91.514 -0.419257
26.9159 91.514 -0.454973
37.6822 91.514 -0.46503
48.4486 91.514 -0.474045
59.215 91.514 -0.364781
69.9813 91.514 -0.168856
5.38318 102.28 -0.295624
16.1495 102.28 -0.449302
26.9159 102.28 -0.464306
37.6822 102.28 -0.465723
48.4486 102.28 -0.439622
59.215 102.28 -0.343962
69.9813 102.28 -0.146567
5.38318 113.047 -0.295578
16.1495 113.047 -0.447992
26.9159 113.047 -0.453436
37.6822 113.047 -0.437972
48.4486 113.047 -0.416562
59.215 113.047 -0.323661
69.9813 113.047 -0.140773
5.38318 123.813 -0.266657
16.1495 123.813 -0.410658
26.9159 123.813 -0.388437
37.6822 123.813 -0.380377
48.4486 123.813 -0.349618
59.215 123.813 -0.258086
69.9813 123.813 -0.0983893
5.38318 134.579 -0.180938
16.1495 134.579 -0.281034
26.9159 134.579 -0.25667
37.6822 134.579 -0.256232
48.4486 134.579 -0.219127
59.215 134.579 -0.133353
69.9813 134.579 -0.014993
5.38318 145.346 -0.0205299
16.1495 145.346 -0.0243681
26.9159 145.346 0.149193
37.6822 145.346 0.189005
48.4486 145.346 0.304946
59.215 145.346 0.345879
69.9813 145.346 0.325549
5.38318 156.112 0.420697
16.1495 156.112 0.81952
26.9159 156.112 1.27383
37.6822 156.112 1.31207
48.4486 156.112 1.27421
59.215 156.112 1.00696
69.9813 156.112 0.699702
5.38318 166.879 0.873275
16.1495 166.879 1.83275
26.9159 166.879 2.70428
37.6822 166.879 2.79431
48.4486 166.879 2.48153
59.215 166.879 1.70408
69.9813 166.879 1.01567
5.38318 177.645 1.07716
16.1495 177.645 2.51261
26.9159 177.645 4.021
37.6822 177.645 4.22619
48.4486 177.645 3.60028
59.215 177.645 2.25062
69.9813 177.645 1.2279
5.38318 188.411 1.0621
16.1495 188.411 2.71478
26.9159 188.411 4.56404
37.6822 188.411 4.87469
48.4486 188.411 4.10771
59.215 188.411 2.41313
69.9813 188.411 1.24091
5.38318 199.178 0.78137
16.1495 199.178 2.04411
26.9159 199.178 3.66046
37.6822 199.178 3.93913
48.4486 199.178 3.2659
59.215 199.178 1.86912
69.9813 199.178 0.933426
5.38318 209.944 0.370355
16.1495 209.944 0.949557
26.9159 209.944 1.77632
37.6822 209.944 1.81795
48.4486 209.944 1.46346
59.215 209.944 0.817203
69.9813 209.944 0.439919
