37 37
0 17 72 40
0 1 72 72
0 0 72 82
0 0 72 144
0 0 72 216
5.38318 5.38318 0.496184
16.1495 5.38318 0.890071
26.9159 5.38318 1.27999
37.6822 5.38318 1.33524
48.4486 5.38318 1.24213
59.215 5.38318 0.91146
69.9813 5.38318 0.557094
5.38318 16.1495 1.06092
16.1495 16.1495 2.02936
26.9159 16.1495 2.79938
37.6822 16.1495 3.01118
48.4486 16.1495 2.79111
59.215 16.1495 2.05129
69.9813 16.1495 1.18748
5.38318 26.9159 1.52432
16.1495 26.9159 2.93827
26.9159 26.9159 4.12275
37.6822 26.9159 4.50566
48.4486 26.9159 4.1414
59.215 26.9159 3.02836
69.9813 26.9159 1.70453
5.38318 37.6822 1.93877
16.1495 37.6822 3.52383
26.9159 37.6822 4.66412
37.6822 37.6822 4.96589
48.4486 37.6822 4.51866
59.215 37.6822 3.43606
69.9813 37.6822 1.92832
5.38318 48.4486 1.835
16.1495 48.4486 3.14607
26.9159 48.4486 3.95929
37.6822 48.4486 3.99053
48.4486 48.4486 3.59763
59.215 48.4486 2.85352
69.9813 48.4486 1.68392
5.38318 59.215 1.19594
16.1495 59.215 1.9378
26.9159 59.215 2.13716
37.6822 59.215 2.00332
48.4486 59.215 1.7382
59.215 59.215 1.72088
69.9813 59.215 1.20453
5.38318 69.9813 0.454421
16.1495 69.9813 0.641663
26.9159 69.9813 0.511432
37.6822 69.9813 0.225125
48.4486 69.9813 0.158153
59.215 69.9813 0.578373
69.9813 69.9813 0.628771
5.38318 80.7477 -0.153795
16.1495 80.7477 -0.292065
26.9159 80.7477 -0.394989
37.6822 80.7477 -0.481984
48.4486 80.7477 -0.46193
59.215 80.7477 -0.205227
69.9813 80.7477 0.0762427
5.38318 91.514 -0.455175
16.1495 91.514 -0.786805
26.9159 91.514 -0.895322
37.6822 91.514 -0.965454
48.4486 91.514 -0.92861
59.215 91.514 -0.639709
69.9813 91.514 -0.26054
5.38318 102.28 -0.569916
16.1495 102.28 -0.919382
26.9159 102.28 -1.00457
37.6822 102.28 -1.00068
48.4486 102.28 -0.946102
59.215 102.28 -0.712862
69.9813 102.28 -0.306315
5.38318 113.047 -0.571864
16.1495 113.047 -0.909945
26.9159 113.047 -0.97594
37.6822 113.047 -0.970112
48.4486 113.047 -0.915602
59.215 113.047 -0.69523
69.9813 113.047 -0.293077
5.38318 123.813 -0.517878
16.1495 123.813 -0.785286
26.9159 123.813 -0.718922
37.6822 123.813 -0.664673
48.4486 123.813 -0.625036
59.215 123.813 -0.463055
69.9813 123.813 -0.178477
5.38318 134.579 -0.308689
16.1495 134.579 -0.409997
26.9159 134.579 -0.246483
37.6822 134.579 -0.152161
48.4486 134.579 -0.143409
59.215 134.579 -0.0445661
69.9813 134.579 0.103781
5.38318 145.346 0.0628614
16.1495 145.346 0.522791
26.9159 145.346 1.16829
37.6822 145.346 1.60974
48.4486 145.346 1.50848
59.215 145.346 1.30282
69.9813 145.346 0.830911
5.38318 156.112 0.840508
16.1495 156.112 1.75934
26.9159 156.112 2.47586
37.6822 156.112 2.82036
48.4486 156.112 2.72442
59.215 156.112 2.30243
69.9813 156.112 1.43357
5.38318 166.879 1.3583
16.1495 166.879 2.65962
26.9159 166.879 3.66271
37.6822 166.879 4.01627
48.4486 166.879 3.74843
59.215 166.879 2.93043
69.9813 166.879 1.77917
5.38318 177.645 1.47323
16.1495 177.645 2.9218
26.9159 177.645 4.29487
37.6822 177.645 4.43624
48.4486 177.645 3.94546
59.215 177.645 2.79065
69.9813 177.645 1.65626
5.38318 188.411 1.15541
16.1495 188.411 2.64924
26.9159 188.411 4.2983
37.6822 188.411 4.52984
48.4486 188.411 3.76083
59.215 188.411 2.35283
69.9813 188.411 1.29157
5.38318 199.178 0.521372
16.1495 199.178 1.61287
26.9159 199.178 3.03259
37.6822 199.178 3.11507
48.4486 199.178 2.51666
59.215 199.178 1.26797
69.9813 199.178 0.660841
5.38318 209.944 -0.00788543
16.1495 209.944 0.425199
26.9159 209.944 1.21639
37.6822 209.944 1.28311
48.4486 209.944 0.933333
59.215 209.944 0.36002
69.9813 209.944 0.211041
