48 166
0 146 72 40
0 130 72 72
0 125 72 82
0 72 72 144
0 0 72 216
5.38318 5.38318 0.414026
16.1495 5.38318 0.726844
26.9159 5.38318 0.90627
37.6822 5.38318 0.959457
48.4486 5.38318 0.743291
59.215 5.38318 0.440615
69.9813 5.38318 0.31433
5.38318 16.1495 0.638205
16.1495 16.1495 1.4915
26.9159 16.1495 1.95211
37.6822 16.1495 2.03369
48.4486 16.1495 1.7054
59.215 16.1495 1.16304
69.9813 16.1495 0.747237
5.38318 26.9159 0.488535
16.1495 26.9159 1.4345
26.9159 26.9159 2.06338
37.6822 26.9159 2.06951
48.4486 26.9159 1.44427
59.215 26.9159 0.922534
69.9813 26.9159 0.574491
5.38318 37.6822 0.234774
16.1495 37.6822 1.04379
26.9159 37.6822 1.69691
37.6822 37.6822 1.67878
48.4486 37.6822 1.06171
59.215 37.6822 0.724333
69.9813 37.6822 0.424514
5.38318 48.4486 -0.0731408
16.1495 48.4486 0.183082
26.9159 48.4486 0.788567
37.6822 48.4486 0.893832
48.4486 48.4486 0.528041
59.215 48.4486 0.487966
69.9813 48.4486 0.296782
5.38318 59.215 -0.104326
16.1495 59.215 -0.00166461
26.9159 59.215 0.54162
37.6822 59.215 0.850883
48.4486 59.215 0.717073
59.215 59.215 0.709744
69.9813 59.215 0.429717
5.38318 69.9813 -0.175916
16.1495 69.9813 -0.155526
26.9159 69.9813 -0.0304781
37.6822 69.9813 0.210636
48.4486 69.9813 0.0890265
59.215 69.9813 0.269398
69.9813 69.9813 0.178896
5.38318 80.7477 -0.241301
16.1495 80.7477 -0.321691
26.9159 80.7477 -0.306615
37.6822 80.7477 -0.25291
48.4486 80.7477 -0.252676
59.215 80.7477 -0.136551
69.9813 80.7477 -0.0402626
5.38318 91.514 -0.286601
16.1495 91.514 -0.428549
26.9159 91.514 -0.462475
37.6822 91.514 -0.467407
48.4486 91.514 -0.473014
59.215 91.514 -0.362575
69.9813 91.514 -0.168702
5.38318 102.28 -0.295904
16.1495 102.28 -0.449229
26.9159 102.28 -0.462392
37.6822 102.28 -0.463436
48.4486 102.28 -0.438086
59.215 102.28 -0.343516
69.9813 102.28 -0.146803
5.38318 113.047 -0.297919
16.1495 113.047 -0.450346
26.9159 113.047 -0.456773
37.6822 113.047 -0.440221
48.4486 113.047 -0.425177
59.215 113.047 -0.335133
69.9813 113.047 -0.149228
5.38318 123.813 -0.249347
16.1495 123.813 -0.361395
26.9159 123.813 -0.318006
37.6822 123.813 -0.307863
48.4486 123.813 -0.322191
59.215 123.813 -0.270089
69.9813 123.813 -0.122405
5.38318 134.579 -0.13491
16.1495 134.579 -0.161637
26.9159 134.579 -0.0367263
37.6822 134.579 -0.0110563
48.4486 134.579 -0.0526717
59.215 134.579 -0.0935231
69.9813 134.579 -0.0343644
5.38318 145.346 0.0445987
16.1495 145.346 0.304412
26.9159 145.346 0.807794
37.6822 145.346 1.03188
48.4486 145.346 0.898264
59.215 145.346 0.529399
69.9813 145.346 0.334597
5.38318 156.112 0.165366
16.1495 156.112 0.608062
26.9159 156.112 1.31549
37.6822 156.112 1.80478
48.4486 156.112 1.80153
59.215 156.112 1.1703
69.9813 156.112 0.747708
5.38318 166.879 0.0502365
16.1495 166.879 0.518834
26.9159 166.879 1.21163
37.6822 166.879 1.88735
48.4486 166.879 2.0697
59.215 166.879 1.48822
69.9813 166.879 1.06676
5.38318 177.645 -0.090316
16.1495 177.645 0.142618
26.9159 177.645 0.832549
37.6822 177.645 1.56566
48.4486 177.645 1.97258
59.215 177.645 1.5009
69.9813 177.645 1.2198
5.38318 188.411 -0.170433
16.1495 188.411 -0.103951
26.9159 188.411 0.517857
37.6822 188.411 1.32437
48.4486 188.411 1.82446
59.215 188.411 1.40927
69.9813 188.411 1.15261
5.38318 199.178 -0.116168
16.1495 199.178 -0.0241493
26.9159 199.178 0.819779
37.6822 199.178 1.48475
48.4486 199.178 1.80957
59.215 199.178 1.30703
69.9813 199.178 0.949676
5.38318 209.944 -0.0583314
16.1495 209.944 0.0119164
26.9159 209.944 0.523595
37.6822 209.944 0.773488
48.4486 209.944 0.777628
59.215 209.944 0.467583
69.9813 209.944 0.366779
