26 177
0 157 72 40
0 141 72 72
0 134 72 82
0 72 72 144
0 0 72 216
5.38318 5.38318 1.16866
16.1495 5.38318 1.49753
26.9159 5.38318 1.63177
37.6822 5.38318 1.78846
48.4486 5.38318 1.87211
59.215 5.38318 1.46625
69.9813 5.38318 0.85809
5.38318 16.1495 1.76018
16.1495 16.1495 2.44437
26.9159 16.1495 2.75429
37.6822 16.1495 3.023
48.4486 16.1495 3.25163
59.215 16.1495 2.64533
69.9813 16.1495 1.58132
5.38318 26.9159 1.44346
16.1495 26.9159 2.21091
26.9159 26.9159 2.73591
37.6822 26.9159 3.12114
48.4486 26.9159 3.36518
59.215 26.9159 2.68572
69.9813 26.9159 1.6253
5.38318 37.6822 0.711123
16.1495 37.6822 1.42708
26.9159 37.6822 2.17165
37.6822 37.6822 2.68317
48.4486 37.6822 2.90238
59.215 37.6822 2.34557
69.9813 37.6822 1.48922
5.38318 48.4486 0.413633
16.1495 48.4486 1.1041
26.9159 48.4486 2.09355
37.6822 48.4486 2.81356
48.4486 48.4486 3.08125
59.215 48.4486 2.54935
69.9813 48.4486 1.61741
5.38318 59.215 0.178106
16.1495 59.215 0.784108
26.9159 59.215 2.06997
37.6822 59.215 2.97677
48.4486 59.215 3.25455
59.215 59.215 2.61194
69.9813 59.215 1.59988
5.38318 69.9813 -0.0780942
16.1495 69.9813 0.222204
26.9159 69.9813 1.50465
37.6822 69.9813 2.2327
48.4486 69.9813 2.26239
59.215 69.9813 1.64648
69.9813 69.9813 0.958845
5.38318 80.7477 -0.230013
16.1495 80.7477 -0.260527
26.9159 80.7477 0.204334
37.6822 80.7477 0.539864
48.4486 80.7477 0.372319
59.215 80.7477 -0.0238387
69.9813 80.7477 -0.0251066
5.38318 91.514 -0.29663
16.1495 91.514 -0.444323
26.9159 91.514 -0.337563
37.6822 91.514 -0.341366
48.4486 91.514 -0.36057
59.215 91.514 -0.361489
69.9813 91.514 -0.190293
5.38318 102.28 -0.296939
16.1495 102.28 -0.459359
26.9159 102.28 -0.469483
37.6822 102.28 -0.480939
48.4486 102.28 -0.470984
59.215 102.28 -0.383183
69.9813 102.28 -0.175865
5.38318 113.047 -0.292998
16.1495 113.047 -0.442162
26.9159 113.047 -0.438091
37.6822 113.047 -0.431207
48.4486 113.047 -0.421679
59.215 113.047 -0.334094
69.9813 113.047 -0.150164
5.38318 123.813 -0.236268
16.1495 123.813 -0.361925
26.9159 123.813 -0.323402
37.6822 123.813 -0.329296
48.4486 123.813 -0.331365
59.215 123.813 -0.267173
69.9813 123.813 -0.114849
5.38318 134.579 -0.0707555
16.1495 134.579 -0.109908
26.9159 134.579 -0.0451028
37.6822 134.579 -0.0997742
48.4486 134.579 -0.166335
59.215 134.579 -0.143581
69.9813 134.579 -0.0554474
5.38318 145.346 0.29671
16.1495 145.346 0.511553
26.9159 145.346 0.727655
37.6822 145.346 0.635726
48.4486 145.346 0.353065
59.215 145.346 0.294944
69.9813 145.346 0.200545
5.38318 156.112 1.02267
16.1495 156.112 1.80479
26.9159 156.112 2.05688
37.6822 156.112 1.73251
48.4486 156.112 1.04833
59.215 156.112 0.765274
69.9813 156.112 0.428374
5.38318 166.879 1.47927
16.1495 166.879 2.63987
26.9159 166.879 2.9312
37.6822 166.879 2.52266
48.4486 166.879 1.63301
59.215 166.879 1.14823
69.9813 166.879 0.623622
5.38318 177.645 1.88132
16.1495 177.645 3.42228
26.9159 177.645 3.6912
37.6822 177.645 2.91151
48.4486 177.645 1.61453
59.215 177.645 1.02212
69.9813 177.645 0.536342
5.38318 188.411 1.66176
16.1495 188.411 3.06371
26.9159 188.411 3.31394
37.6822 188.411 2.48648
48.4486 188.411 1.06033
59.215 188.411 0.611712
69.9813 188.411 0.304981
5.38318 199.178 0.911044
16.1495 199.178 1.63562
26.9159 199.178 1.78867
37.6822 199.178 1.18485
48.4486 199.178 0.174247
59.215 199.178 0.120347
69.9813 199.178 0.0998053
5.38318 209.944 0.095641
16.1495 209.944 0.162841
26.9159 209.944 0.207592
37.6822 209.944 -0.0408569
48.4486 209.944 -0.162481
59.215 209.944 -0.0403841
69.9813 209.944 0.0797044
