37 37
0 17 72 40
0 1 72 72
0 0 72 82
0 0 72 144
0 0 72 216
5.38318 5.38318 0.777188
16.1495 5.38318 1.39723
26.9159 5.38318 1.74834
37.6822 5.38318 1.75568
48.4486 5.38318 1.56216
59.215 5.38318 1.12264
69.9813 5.38318 0.661238
5.38318 16.1495 1.35548
16.1495 16.1495 2.63506
26.9159 16.1495 3.54427
37.6822 16.1495 3.7334
48.4486 16.1495 3.30665
59.215 16.1495 2.30698
69.9813 16.1495 1.30067
5.38318 26.9159 1.59637
16.1495 26.9159 3.31221
26.9159 26.9159 4.94253
37.6822 26.9159 5.33175
48.4486 26.9159 4.53034
59.215 26.9159 2.99164
69.9813 26.9159 1.57027
5.38318 37.6822 1.48047
16.1495 37.6822 3.22736
26.9159 37.6822 5.41614
37.6822 37.6822 5.9776
48.4486 37.6822 5.00461
59.215 37.6822 3.0838
69.9813 37.6822 1.53187
5.38318 48.4486 1.21763
16.1495 48.4486 2.77973
26.9159 48.4486 4.85722
37.6822 48.4486 5.3289
48.4486 48.4486 4.23219
59.215 48.4486 2.5294
69.9813 48.4486 1.16043
5.38318 59.215 0.457041
16.1495 59.215 1.25842
26.9159 59.215 2.4128
37.6822 59.215 2.69218
48.4486 59.215 2.11485
59.215 59.215 1.37067
69.9813 59.215 0.705593
5.38318 69.9813 0.0632627
16.1495 69.9813 0.335588
26.9159 69.9813 0.591122
37.6822 69.9813 0.776364
48.4486 69.9813 0.200254
59.215 69.9813 0.495828
69.9813 69.9813 0.300861
5.38318 80.7477 -0.25268
16.1495 80.7477 -0.352658
26.9159 80.7477 -0.398779
37.6822 80.7477 -0.371219
48.4486 80.7477 -0.467317
59.215 80.7477 -0.252081
69.9813 80.7477 -0.0842442
5.38318 91.514 -0.499689
16.1495 91.514 -0.793588
26.9159 91.514 -0.880129
37.6822 91.514 -0.893905
48.4486 91.514 -0.873247
59.215 91.514 -0.632835
69.9813 91.514 -0.258519
5.38318 102.28 -0.577292
16.1495 102.28 -0.933114
26.9159 102.28 -1.02635
37.6822 102.28 -1.03148
48.4486 102.28 -0.978054
59.215 102.28 -0.770546
69.9813 102.28 -0.33406
5.38318 113.047 -0.551727
16.1495 113.047 -0.895477
26.9159 113.047 -0.996269
37.6822 113.047 -0.999592
48.4486 113.047 -0.933462
59.215 113.047 -0.662106
69.9813 113.047 -0.254723
5.38318 123.813 -0.353419
16.1495 123.813 -0.638697
26.9159 123.813 -0.747976
37.6822 123.813 -0.760783
48.4486 123.813 -0.646117
59.215 123.813 -0.310083
69.9813 123.813 -0.000468778
5.38318 134.579 0.180351
16.1495 134.579 0.0365871
26.9159 134.579 -0.0569413
37.6822 134.579 -0.0499036
48.4486 134.579 0.239996
59.215 134.579 0.886394
69.9813 134.579 0.984967
5.38318 145.346 1.30354
16.1495 145.346 1.86125
26.9159 145.346 2.02948
37.6822 145.346 2.0294
48.4486 145.346 2.30811
59.215 145.346 2.58283
69.9813 145.346 2.02247
5.38318 156.112 1.74507
16.1495 156.112 2.81761
26.9159 156.112 3.64539
37.6822 156.112 3.72541
48.4486 156.112 3.77728
59.215 156.112 3.53737
69.9813 156.112 2.52821
5.38318 166.879 1.31106
16.1495 166.879 2.39871
26.9159 166.879 3.78038
37.6822 166.879 4.01899
48.4486 166.879 3.775
59.215 166.879 3.03526
69.9813 166.879 1.9927
5.38318 177.645 0.297895
16.1495 177.645 1.15855
26.9159 177.645 2.70638
37.6822 177.645 2.95736
48.4486 177.645 2.47204
59.215 177.645 1.39247
69.9813 177.645 0.797169
5.38318 188.411 -0.116387
16.1495 188.411 0.192435
26.9159 188.411 1.36071
37.6822 188.411 1.52051
48.4486 188.411 0.907293
59.215 188.411 0.128199
69.9813 188.411 0.0620763
5.38318 199.178 -0.208957
16.1495 199.178 -0.0321839
26.9159 199.178 1.04068
37.6822 199.178 1.27683
48.4486 199.178 0.691793
59.215 199.178 -0.0114892
69.9813 199.178 -0.00426571
5.38318 209.944 -0.182768
16.1495 209.944 -0.0226248
26.9159 209.944 0.881305
37.6822 209.944 1.17881
48.4486 209.944 0.764802
59.215 209.944 0.22117
69.9813 209.944 0.10123
