37 26
0 6 72 40
0 0 72 72
0 0 72 82
0 0 72 144
0 0 72 216
5.38318 5.38318 0.201836
16.1495 5.38318 0.570608
26.9159 5.38318 1.61822
37.6822 5.38318 2.11555
48.4486 5.38318 1.92064
59.215 5.38318 1.3089
69.9813 5.38318 0.627585
5.38318 16.1495 0.268473
16.1495 16.1495 1.08327
26.9159 16.1495 2.93023
37.6822 16.1495 3.79681
48.4486 16.1495 3.3984
59.215 16.1495 2.2105
69.9813 16.1495 1.05309
5.38318 26.9159 0.0228899
16.1495 26.9159 0.963894
26.9159 26.9159 3.24005
37.6822 26.9159 4.17868
48.4486 26.9159 3.55214
59.215 26.9159 2.19073
69.9813 26.9159 0.973514
5.38318 37.6822 -0.00163535
16.1495 37.6822 1.02541
26.9159 37.6822 3.1299
37.6822 37.6822 3.82512
48.4486 37.6822 3.07684
59.215 37.6822 1.78233
69.9813 37.6822 0.787295
5.38318 48.4486 -0.116978
16.1495 48.4486 0.779739
26.9159 48.4486 2.74432
37.6822 48.4486 3.59441
48.4486 48.4486 3.09683
59.215 48.4486 2.07092
69.9813 48.4486 1.1021
5.38318 59.215 -0.309626
16.1495 59.215 0.320525
26.9159 59.215 2.4177
37.6822 59.215 3.81922
48.4486 59.215 3.7449
59.215 59.215 2.97808
69.9813 59.215 1.72078
5.38318 69.9813 -0.473107
16.1495 69.9813 -0.277811
26.9159 69.9813 1.12224
37.6822 69.9813 2.8796
48.4486 69.9813 3.14993
59.215 69.9813 2.94799
69.9813 69.9813 1.78062
5.38318 80.7477 -0.554105
16.1495 80.7477 -0.66872
26.9159 80.7477 -0.289737
37.6822 80.7477 1.14069
48.4486 80.7477 1.47573
59.215 80.7477 1.7488
69.9813 80.7477 1.08384
5.38318 91.514 -0.581984
16.1495 91.514 -0.872817
26.9159 91.514 -0.884571
37.6822 91.514 -0.649882
48.4486 91.514 -0.628528
59.215 91.514 -0.37468
69.9813 91.514 -0.159111
5.38318 102.28 -0.586166
16.1495 102.28 -0.938475
26.9159 102.28 -1.02977
37.6822 102.28 -1.03222
48.4486 102.28 -1.00089
59.215 102.28 -0.802326
69.9813 102.28 -0.375374
5.38318 113.047 -0.584531
16.1495 113.047 -0.938798
26.9159 113.047 -1.02746
37.6822 113.047 -1.03484
48.4486 113.047 -0.984253
59.215 113.047 -0.780309
69.9813 113.047 -0.343507
5.38318 123.813 -0.584374
16.1495 123.813 -0.936526
26.9159 123.813 -1.01973
37.6822 123.813 -1.01958
48.4486 123.813 -0.963603
59.215 123.813 -0.757173
69.9813 123.813 -0.32509
5.38318 134.579 -0.584548
16.1495 134.579 -0.93587
26.9159 134.579 -1.01173
37.6822 134.579 -0.998661
48.4486 134.579 -0.924815
59.215 134.579 -0.677432
69.9813 134.579 -0.270726
5.38318 145.346 -0.583062
16.1495 145.346 -0.92404
26.9159 145.346 -0.974334
37.6822 145.346 -0.925266
48.4486 145.346 -0.769306
59.215 145.346 -0.495822
69.9813 145.346 -0.153994
5.38318 156.112 -0.567662
16.1495 156.112 -0.881428
26.9159 156.112 -0.879905
37.6822 156.112 -0.714238
48.4486 156.112 -0.452707
59.215 156.112 -0.201288
69.9813 156.112 0.141536
5.38318 166.879 -0.523377
16.1495 166.879 -0.788384
26.9159 166.879 -0.677554
37.6822 166.879 -0.420377
48.4486 166.879 -0.0658046
59.215 166.879 0.405163
69.9813 166.879 0.600473
5.38318 177.645 -0.397373
16.1495 177.645 -0.555408
26.9159 177.645 -0.47473
37.6822 177.645 -0.231986
48.4486 177.645 0.193464
59.215 177.645 0.680382
69.9813 177.645 0.741012
5.38318 188.411 -0.206439
16.1495 188.411 -0.296761
26.9159 188.411 -0.334427
37.6822 188.411 -0.261208
48.4486 188.411 -0.156168
59.215 188.411 0.246342
69.9813 188.411 0.491607
5.38318 199.178 -0.0337431
16.1495 199.178 -0.0596556
26.9159 199.178 -0.194397
37.6822 199.178 -0.279838
48.4486 199.178 -0.338288
59.215 199.178 -0.149469
69.9813 199.178 0.149127
5.38318 209.944 0.180533
16.1495 209.944 0.287348
26.9159 209.944 0.0792743
37.6822 209.944 -0.106327
48.4486 209.944 -0.159543
59.215 209.944 -0.0387323
69.9813 209.944 0.234854
