37 37
0 17 72 40
0 1 72 72
0 0 72 82
0 0 72 144
0 0 72 216
5.38318 5.38318 0.138842
16.1495 5.38318 0.304411
26.9159 5.38318 0.509054
37.6822 5.38318 0.783454
48.4486 5.38318 0.820395
59.215 5.38318 0.604723
69.9813 5.38318 0.449317
5.38318 16.1495 0.32003
16.1495 16.1495 0.862473
26.9159 16.1495 1.29138
37.6822 16.1495 1.82407
48.4486 16.1495 1.88678
59.215 16.1495 1.51596
69.9813 16.1495 1.00253
5.38318 26.9159 0.4878
16.1495 26.9159 1.30057
26.9159 26.9159 1.7258
37.6822 26.9159 2.16588
48.4486 26.9159 1.94447
59.215 26.9159 1.51387
69.9813 26.9159 0.980491
5.38318 37.6822 0.817696
16.1495 37.6822 1.93565
26.9159 37.6822 2.32391
37.6822 37.6822 2.36503
48.4486 37.6822 1.65511
59.215 37.6822 1.30014
69.9813 37.6822 0.793465
5.38318 48.4486 0.753095
16.1495 48.4486 1.84466
26.9159 48.4486 2.0871
37.6822 48.4486 1.9464
48.4486 48.4486 1.00577
59.215 48.4486 0.829939
69.9813 48.4486 0.494906
5.38318 59.215 0.135979
16.1495 59.215 0.817525
26.9159 59.215 1.13568
37.6822 59.215 1.43192
48.4486 59.215 0.97559
59.215 59.215 0.947964
69.9813 59.215 0.564003
5.38318 69.9813 -0.156902
16.1495 69.9813 -0.0702538
26.9159 69.9813 0.00338559
37.6822 69.9813 0.320244
48.4486 69.9813 0.0409226
59.215 69.9813 0.26577
69.9813 69.9813 0.178114
5.38318 80.7477 -0.254608
16.1495 80.7477 -0.341602
26.9159 80.7477 -0.338079
37.6822 80.7477 -0.292016
48.4486 80.7477 -0.301681
59.215 80.7477 -0.170473
69.9813 80.7477 -0.0585609
5.38318 91.514 -0.284662
16.1495 91.514 -0.416036
26.9159 91.514 -0.452612
37.6822 91.514 -0.471962
48.4486 91.514 -0.494019
59.215 91.514 -0.389925
69.9813 91.514 -0.182579
5.38318 102.28 -0.291306
16.1495 102.28 -0.431455
26.9159 102.28 -0.432745
37.6822 102.28 -0.437473
48.4486 102.28 -0.422841
59.215 102.28 -0.340403
69.9813 102.28 -0.146389
5.38318 113.047 -0.296592
16.1495 113.047 -0.444251
26.9159 113.047 -0.423155
37.6822 113.047 -0.405089
48.4486 113.047 -0.387615
59.215 113.047 -0.31527
69.9813 113.047 -0.142311
5.38318 123.813 -0.281309
16.1495 123.813 -0.391513
26.9159 123.813 -0.291452
37.6822 123.813 -0.253222
48.4486 123.813 -0.266022
59.215 123.813 -0.244535
69.9813 123.813 -0.121751
5.38318 134.579 -0.212979
16.1495 134.579 -0.258267
26.9159 134.579 -0.0673271
37.6822 134.579 -0.0208226
48.4486 134.579 -0.0767467
59.215 134.579 -0.135799
69.9813 134.579 -0.08897
5.38318 145.346 -0.0727941
16.1495 145.346 0.0118724
26.9159 145.346 0.685067
37.6822 145.346 0.821447
48.4486 145.346 0.602029
59.215 145.346 0.23297
69.9813 145.346 0.02759
5.38318 156.112 0.208724
16.1495 156.112 0.542565
26.9159 156.112 1.30526
37.6822 156.112 1.38957
48.4486 156.112 1.15003
59.215 156.112 0.557641
69.9813 156.112 0.244391
5.38318 166.879 0.530099
16.1495 166.879 0.976381
26.9159 166.879 1.56964
37.6822 166.879 1.44872
48.4486 166.879 1.281
59.215 166.879 0.72129
69.9813 166.879 0.467916
5.38318 177.645 0.666845
16.1495 177.645 1.1181
26.9159 177.645 1.34849
37.6822 177.645 1.00483
48.4486 177.645 0.987037
59.215 177.645 0.704596
69.9813 177.645 0.642643
5.38318 188.411 0.683814
16.1495 188.411 1.0565
26.9159 188.411 0.970811
37.6822 188.411 0.541595
48.4486 188.411 0.593359
59.215 188.411 0.673179
69.9813 188.411 0.693428
5.38318 199.178 0.447341
16.1495 199.178 0.609683
26.9159 199.178 0.389156
37.6822 199.178 0.219786
48.4486 199.178 0.308052
59.215 199.178 0.63999
69.9813 199.178 0.598736
5.38318 209.944 0.311474
16.1495 209.944 0.433754
26.9159 209.944 0.23033
37.6822 209.944 0.0804357
48.4486 209.944 0.0630437
59.215 209.944 0.39479
69.9813 209.944 0.36979
