37 177
0 157 72 40
0 141 72 72
0 134 72 82
0 72 72 144
0 0 72 216
5.38318 5.38318 -0.112674
16.1495 5.38318 -0.227338
26.9159 5.38318 -0.184254
37.6822 5.38318 -0.114114
48.4486 5.38318 0.0279452
59.215 5.38318 0.189516
69.9813 5.38318 0.223725
5.38318 16.1495 -0.259222
16.1495 16.1495 -0.3683
26.9159 16.1495 -0.248347
37.6822 16.1495 -0.0842321
48.4486 16.1495 0.356516
59.215 16.1495 0.601344
69.9813 16.1495 0.618552
5.38318 26.9159 -0.497472
16.1495 26.9159 -0.713325
26.9159 26.9159 -0.622638
37.6822 26.9159 -0.398815
48.4486 26.9159 -0.110542
59.215 26.9159 0.323474
69.9813 26.9159 0.548335
5.38318 37.6822 -0.404485
16.1495 37.6822 -0.572802
26.9159 37.6822 -0.516796
37.6822 37.6822 -0.304323
48.4486 37.6822 -0.0578431
59.215 37.6822 0.448004
69.9813 37.6822 0.609907
5.38318 48.4486 -0.25238
16.1495 48.4486 -0.376862
26.9159 48.4486 -0.41108
37.6822 48.4486 -0.35962
48.4486 48.4486 -0.323963
59.215 48.4486 -0.084933
69.9813 48.4486 0.234793
5.38318 59.215 -0.220771
16.1495 59.215 -0.373442
26.9159 59.215 -0.444486
37.6822 59.215 -0.492822
48.4486 59.215 -0.520647
59.215 59.215 -0.290765
69.9813 59.215 -0.0420312
5.38318 69.9813 -0.299566
16.1495 69.9813 -0.503048
26.9159 69.9813 -0.522604
37.6822 69.9813 -0.572112
48.4486 69.9813 -0.599779
59.215 69.9813 -0.399883
69.9813 69.9813 -0.136941
5.38318 80.7477 -0.492903
16.1495 80.7477 -0.803426
26.9159 80.7477 -0.787135
37.6822 80.7477 -0.779971
48.4486 80.7477 -0.737727
59.215 80.7477 -0.521921
69.9813 80.7477 -0.207364
5.38318 91.514 -0.566434
16.1495 91.514 -0.912153
26.9159 91.514 -0.962529
37.6822 91.514 -0.957235
48.4486 91.514 -0.911173
59.215 91.514 -0.694059
69.9813 91.514 -0.311453
5.38318 102.28 -0.577508
16.1495 102.28 -0.927574
26.9159 102.28 -1.00325
37.6822 102.28 -1.01389
48.4486 102.28 -0.965619
59.215 102.28 -0.764799
69.9813 102.28 -0.332934
5.38318 113.047 -0.584478
16.1495 113.047 -0.93343
26.9159 113.047 -1.01329
37.6822 113.047 -1.01261
48.4486 113.047 -0.95942
59.215 113.047 -0.755596
69.9813 113.047 -0.325898
5.38318 123.813 -0.570883
16.1495 123.813 -0.911063
26.9159 123.813 -0.975593
37.6822 123.813 -0.968093
48.4486 123.813 -0.913789
59.215 123.813 -0.685274
69.9813 123.813 -0.288285
5.38318 134.579 -0.531128
16.1495 134.579 -0.831896
26.9159 134.579 -0.776096
37.6822 134.579 -0.717
48.4486 134.579 -0.649045
59.215 134.579 -0.44845
69.9813 134.579 -0.163793
5.38318 145.346 -0.373907
16.1495 145.346 -0.514093
26.9159 145.346 -0.252258
37.6822 145.346 -0.116681
48.4486 145.346 -0.0657453
59.215 145.346 -1.65183e-05
69.9813 145.346 0.162117
5.38318 156.112 -0.0534159
16.1495 156.112 0.235534
26.9159 156.112 1.4144
37.6822 156.112 2.06064
48.4486 156.112 2.129
59.215 156.112 1.60154
69.9813 156.112 0.948091
5.38318 166.879 0.614845
16.1495 166.879 1.7316
26.9159 166.879 3.39856
37.6822 166.879 4.44117
48.4486 166.879 4.36077
59.215 166.879 3.05892
69.9813 166.879 1.58959
5.38318 177.645 1.23852
16.1495 177.645 2.67717
26.9159 177.645 4.79337
37.6822 177.645 6.30408
48.4486 177.645 6.17725
59.215 177.645 4.20159
69.9813 177.645 2.00236
5.38318 188.411 1.35076
16.1495 188.411 2.76099
26.9159 188.411 4.77847
37.6822 188.411 6.18207
48.4486 188.411 5.99522
59.215 188.411 4.02372
69.9813 188.411 1.8663
5.38318 199.178 1.06778
16.1495 199.178 1.93049
26.9159 199.178 3.09495
37.6822 199.178 3.73569
48.4486 199.178 3.62733
59.215 199.178 2.56748
69.9813 199.178 1.31903
5.38318 209.944 0.537116
16.1495 209.944 0.925837
26.9159 209.944 1.24665
37.6822 209.944 1.1719
48.4486 209.944 1.21678
59.215 209.944 1.045
69.9813 209.944 0.772506
