37 166
0 146 72 40
0 130 72 72
0 125 72 82
0 72 72 144
0 0 72 216
5.38318 5.38318 0.592262
16.1495 5.38318 0.823308
26.9159 5.38318 0.839283
37.6822 5.38318 0.832125
48.4486 5.38318 0.98278
59.215 5.38318 0.920604
69.9813 5.38318 0.658652
5.38318 16.1495 0.989685
16.1495 16.1495 1.68031
26.9159 16.1495 1.93004
37.6822 16.1495 1.95502
48.4486 16.1495 2.02734
59.215 16.1495 1.76553
69.9813 16.1495 1.24244
5.38318 26.9159 0.851582
16.1495 26.9159 1.74615
26.9159 26.9159 2.25523
37.6822 26.9159 2.45875
48.4486 26.9159 2.48967
59.215 26.9159 2.10907
69.9813 26.9159 1.42998
5.38318 37.6822 0.964541
16.1495 37.6822 2.16543
26.9159 37.6822 2.95192
37.6822 37.6822 3.29209
48.4486 37.6822 2.9106
59.215 37.6822 2.15712
69.9813 37.6822 1.29417
5.38318 48.4486 0.908229
16.1495 48.4486 2.08516
26.9159 48.4486 2.88429
37.6822 48.4486 3.11946
48.4486 48.4486 2.46237
59.215 48.4486 1.75547
69.9813 48.4486 0.922172
5.38318 59.215 0.378892
16.1495 59.215 1.04255
26.9159 59.215 1.52009
37.6822 59.215 1.52651
48.4486 59.215 0.848739
59.215 59.215 0.598227
69.9813 59.215 0.349501
5.38318 69.9813 -0.269711
16.1495 69.9813 -0.414594
26.9159 69.9813 -0.447137
37.6822 69.9813 -0.538206
48.4486 69.9813 -0.665408
59.215 69.9813 -0.442631
69.9813 69.9813 -0.200439
5.38318 80.7477 -0.497957
16.1495 80.7477 -0.827236
26.9159 80.7477 -0.917183
37.6822 80.7477 -1.0055
48.4486 80.7477 -1.0046
59.215 80.7477 -0.762765
69.9813 80.7477 -0.349075
5.38318 91.514 -0.566383
16.1495 91.514 -0.923897
26.9159 91.514 -1.04309
37.6822 91.514 -1.07366
48.4486 91.514 -1.0416
59.215 91.514 -0.820042
69.9813 91.514 -0.375131
5.38318 102.28 -0.584187
16.1495 102.28 -0.938261
26.9159 102.28 -1.036
37.6822 102.28 -1.04432
48.4486 102.28 -0.99873
59.215 102.28 -0.787921
69.9813 102.28 -0.351161
5.38318 113.047 -0.580417
16.1495 113.047 -0.923969
26.9159 113.047 -1.0002
37.6822 113.047 -0.997571
48.4486 113.047 -0.946809
59.215 113.047 -0.745142
69.9813 113.047 -0.320888
5.38318 123.813 -0.549102
16.1495 123.813 -0.841349
26.9159 123.813 -0.818632
37.6822 123.813 -0.780009
48.4486 123.813 -0.777284
59.215 123.813 -0.622266
69.9813 123.813 -0.280579
5.38318 134.579 -0.453959
16.1495 134.579 -0.535514
26.9159 134.579 -0.223952
37.6822 134.579 -0.118732
48.4486 134.579 -0.283551
59.215 134.579 -0.363666
69.9813 134.579 -0.197104
5.38318 145.346 -0.269843
16.1495 145.346 0.0400946
26.9159 145.346 1.68152
37.6822 145.346 2.23366
48.4486 145.346 1.33455
59.215 145.346 0.299995
69.9813 145.346 -0.052238
5.38318 156.112 -0.0893775
16.1495 156.112 1.15281
26.9159 156.112 3.40769
37.6822 156.112 4.07654
48.4486 156.112 2.89095
59.215 156.112 1.17172
69.9813 156.112 0.184945
5.38318 166.879 -0.0257321
16.1495 166.879 1.44012
26.9159 166.879 3.7675
37.6822 166.879 4.53941
48.4486 166.879 3.30329
59.215 166.879 1.52716
69.9813 166.879 0.40679
5.38318 177.645 0.0860474
16.1495 177.645 1.2732
26.9159 177.645 3.0428
37.6822 177.645 3.41185
48.4486 177.645 2.55547
59.215 177.645 1.11222
69.9813 177.645 0.440562
5.38318 188.411 0.270813
16.1495 188.411 1.05947
26.9159 188.411 2.14006
37.6822 188.411 2.22475
48.4486 188.411 1.77479
59.215 188.411 0.986874
69.9813 188.411 0.659763
5.38318 199.178 0.447219
16.1495 199.178 1.25592
26.9159 199.178 1.96582
37.6822 199.178 1.89698
48.4486 199.178 1.70386
59.215 199.178 1.13929
69.9813 199.178 0.906536
5.38318 209.944 0.430394
16.1495 209.944 1.09862
26.9159 209.944 1.43564
37.6822 209.944 1.3826
48.4486 209.944 1.35372
59.215 209.944 1.06028
69.9813 209.944 0.835917
