37 37
0 17 72 40
0 1 72 72
0 0 72 82
0 0 72 144
0 0 72 216
5.38318 5.38318 0.404177
16.1495 5.38318 0.832392
26.9159 5.38318 1.27083
37.6822 5.38318 1.41095
48.4486 5.38318 1.16991
59.215 5.38318 0.73054
69.9813 5.38318 0.379987
5.38318 16.1495 0.696405
16.1495 16.1495 1.73337
26.9159 16.1495 2.69311
37.6822 16.1495 3.10138
48.4486 16.1495 2.61865
59.215 16.1495 1.75687
69.9813 16.1495 0.87702
5.38318 26.9159 0.799865
16.1495 26.9159 2.22423
26.9159 26.9159 3.69945
37.6822 26.9159 4.26256
48.4486 26.9159 3.5279
59.215 26.9159 2.24739
69.9813 26.9159 1.07198
5.38318 37.6822 1.04386
16.1495 37.6822 2.59065
26.9159 37.6822 4.16238
37.6822 37.6822 4.75104
48.4486 37.6822 3.93284
59.215 37.6822 2.57763
69.9813 37.6822 1.31629
5.38318 48.4486 1.26779
16.1495 48.4486 2.65718
26.9159 48.4486 3.83525
37.6822 48.4486 4.02383
48.4486 48.4486 3.43695
59.215 48.4486 2.42045
69.9813 48.4486 1.46867
5.38318 59.215 1.48158
16.1495 59.215 2.6421
26.9159 59.215 3.04492
37.6822 59.215 3.03017
48.4486 59.215 2.88673
59.215 59.215 2.65575
69.9813 59.215 1.9021
5.38318 69.9813 1.39895
16.1495 69.9813 2.18273
26.9159 69.9813 2.24431
37.6822 69.9813 1.91736
48.4486 69.9813 2.17232
59.215 69.9813 2.3691
69.9813 69.9813 1.92434
5.38318 80.7477 0.383436
16.1495 80.7477 0.501697
26.9159 80.7477 0.621607
37.6822 80.7477 0.490767
48.4486 80.7477 0.953074
59.215 80.7477 1.46221
69.9813 80.7477 1.32845
5.38318 91.514 -0.42557
16.1495 91.514 -0.720496
26.9159 91.514 -0.664597
37.6822 91.514 -0.671718
48.4486 91.514 -0.584032
59.215 91.514 -0.357908
69.9813 91.514 -0.0707076
5.38318 102.28 -0.564359
16.1495 102.28 -0.92059
26.9159 102.28 -0.978077
37.6822 102.28 -0.976564
48.4486 102.28 -0.911639
59.215 102.28 -0.681935
69.9813 102.28 -0.287368
5.38318 113.047 -0.585307
16.1495 113.047 -0.941852
26.9159 113.047 -1.0275
37.6822 113.047 -1.03005
48.4486 113.047 -0.972748
59.215 113.047 -0.767607
69.9813 113.047 -0.330082
5.38318 123.813 -0.57588
16.1495 123.813 -0.922499
26.9159 123.813 -1.00304
37.6822 123.813 -1.00359
48.4486 123.813 -0.948455
59.215 123.813 -0.737761
69.9813 123.813 -0.316254
5.38318 134.579 -0.554793
16.1495 134.579 -0.884901
26.9159 134.579 -0.962019
37.6822 134.579 -0.963646
48.4486 134.579 -0.909195
59.215 134.579 -0.673688
69.9813 134.579 -0.278057
5.38318 145.346 -0.510652
16.1495 145.346 -0.799318
26.9159 145.346 -0.808462
37.6822 145.346 -0.798875
48.4486 145.346 -0.755956
59.215 145.346 -0.555805
69.9813 145.346 -0.220503
5.38318 156.112 -0.33236
16.1495 156.112 -0.441478
26.9159 156.112 -0.268108
37.6822 156.112 -0.269284
48.4486 156.112 -0.268899
59.215 156.112 -0.258439
69.9813 156.112 -0.0622615
5.38318 166.879 -0.093921
16.1495 166.879 0.163557
26.9159 166.879 1.1845
37.6822 166.879 1.20473
48.4486 166.879 1.05238
59.215 166.879 0.351889
69.9813 166.879 0.318723
5.38318 177.645 0.399107
16.1495 177.645 1.47577
26.9159 177.645 3.04475
37.6822 177.645 3.17147
48.4486 177.645 2.83072
59.215 177.645 1.39974
69.9813 177.645 0.771957
5.38318 188.411 0.584072
16.1495 188.411 1.94518
26.9159 188.411 3.88684
37.6822 188.411 4.21308
48.4486 188.411 3.70371
59.215 188.411 1.94382
69.9813 188.411 1.00336
5.38318 199.178 0.410013
16.1495 199.178 1.63717
26.9159 199.178 3.43629
37.6822 199.178 3.84584
48.4486 199.178 3.26119
59.215 199.178 1.71849
69.9813 199.178 0.844742
5.38318 209.944 0.103865
16.1495 209.944 0.701776
26.9159 209.944 1.77296
37.6822 209.944 1.9488
48.4486 209.944 1.5999
59.215 209.944 0.772404
69.9813 209.944 0.397417
