26 166
0 146 72 40
0 130 72 72
0 125 72 82
0 72 72 144
0 0 72 216
5.38318 5.38318 1.1359
16.1495 5.38318 1.41254
26.9159 5.38318 1.3007
37.6822 5.38318 1.01044
48.4486 5.38318 0.604448
59.215 5.38318 0.444659
69.9813 5.38318 0.252564
5.38318 16.1495 1.8285
16.1495 16.1495 2.51315
26.9159 16.1495 2.55733
37.6822 16.1495 2.25692
48.4486 16.1495 1.78156
59.215 16.1495 1.3735
69.9813 16.1495 0.828691
5.38318 26.9159 1.85624
16.1495 26.9159 2.79462
26.9159 26.9159 3.09433
37.6822 26.9159 2.95539
48.4486 26.9159 2.47473
59.215 26.9159 1.94268
69.9813 26.9159 1.18284
5.38318 37.6822 1.25679
16.1495 37.6822 2.46992
26.9159 37.6822 3.51401
37.6822 37.6822 4.01205
48.4486 37.6822 3.69072
59.215 37.6822 2.85453
69.9813 37.6822 1.69789
5.38318 48.4486 0.947459
16.1495 48.4486 2.21346
26.9159 48.4486 3.52589
37.6822 48.4486 4.17925
48.4486 48.4486 3.82394
59.215 48.4486 2.83941
69.9813 48.4486 1.6412
5.38318 59.215 0.640787
16.1495 59.215 1.65881
26.9159 59.215 2.64478
37.6822 59.215 2.8961
48.4486 59.215 2.50447
59.215 59.215 1.93001
69.9813 59.215 1.16854
5.38318 69.9813 -0.0871574
16.1495 69.9813 -0.0628218
26.9159 69.9813 0.161427
37.6822 69.9813 0.17207
48.4486 69.9813 0.0849489
59.215 69.9813 0.371115
69.9813 69.9813 0.455501
5.38318 80.7477 -0.409624
16.1495 80.7477 -0.670892
26.9159 80.7477 -0.635841
37.6822 80.7477 -0.635745
48.4486 80.7477 -0.496174
59.215 80.7477 -0.221135
69.9813 80.7477 0.0711351
5.38318 91.514 -0.588172
16.1495 91.514 -0.961422
26.9159 91.514 -1.03201
37.6822 91.514 -1.03825
48.4486 91.514 -0.965729
59.215 91.514 -0.664161
69.9813 91.514 -0.273442
5.38318 102.28 -0.593429
16.1495 102.28 -0.960275
26.9159 102.28 -1.03791
37.6822 102.28 -1.04132
48.4486 102.28 -0.980777
59.215 102.28 -0.754361
69.9813 102.28 -0.32855
5.38318 113.047 -0.568168
16.1495 113.047 -0.909225
26.9159 113.047 -0.990126
37.6822 113.047 -0.998269
48.4486 113.047 -0.954264
59.215 113.047 -0.752379
69.9813 113.047 -0.327618
5.38318 123.813 -0.448162
16.1495 123.813 -0.676671
26.9159 123.813 -0.686589
37.6822 123.813 -0.784347
48.4486 123.813 -0.85675
59.215 123.813 -0.711319
69.9813 123.813 -0.321545
5.38318 134.579 -0.0195735
16.1495 134.579 0.174487
26.9159 134.579 0.383221
37.6822 134.579 -0.171249
48.4486 134.579 -0.510779
59.215 134.579 -0.576462
69.9813 134.579 -0.284005
5.38318 145.346 1.21328
16.1495 145.346 2.50538
26.9159 145.346 3.03893
37.6822 145.346 2.00326
48.4486 145.346 0.300596
59.215 145.346 -0.317864
69.9813 145.346 -0.206213
5.38318 156.112 2.16501
16.1495 156.112 4.36949
26.9159 156.112 5.18135
37.6822 156.112 3.75833
48.4486 156.112 1.74782
59.215 156.112 0.37144
69.9813 156.112 0.0547699
5.38318 166.879 2.2278
16.1495 166.879 4.55451
26.9159 166.879 5.46114
37.6822 166.879 4.25464
48.4486 166.879 2.432
59.215 166.879 1.27572
69.9813 166.879 0.675954
5.38318 177.645 1.52989
16.1495 177.645 3.12394
26.9159 177.645 3.77738
37.6822 177.645 3.32201
48.4486 177.645 2.55439
59.215 177.645 2.21831
69.9813 177.645 1.44709
5.38318 188.411 0.521623
16.1495 188.411 1.33989
26.9159 188.411 1.89
37.6822 188.411 2.11115
48.4486 188.411 2.29795
59.215 188.411 2.40183
69.9813 188.411 1.68486
5.38318 199.178 0.216334
16.1495 199.178 0.779943
26.9159 199.178 1.24463
37.6822 199.178 1.62547
48.4486 199.178 1.86157
59.215 199.178 1.96685
69.9813 199.178 1.41197
5.38318 209.944 0.041216
16.1495 209.944 0.39286
26.9159 209.944 0.688812
37.6822 209.944 0.886963
48.4486 209.944 0.902911
59.215 209.944 0.860419
69.9813 209.944 0.697891
