37 37
0 17 72 40
0 1 72 72
0 0 72 82
0 0 72 144
0 0 72 216
5.38318 5.38318 0.6441
16.1495 5.38318 1.19028
26.9159 5.38318 1.62559
37.6822 5.38318 1.80316
48.4486 5.38318 1.59998
59.215 5.38318 1.18436
69.9813 5.38318 0.648243
5.38318 16.1495 1.03815
16.1495 16.1495 2.27708
26.9159 16.1495 3.35912
37.6822 16.1495 3.79351
48.4486 16.1495 3.35711
59.215 16.1495 2.35461
69.9813 16.1495 1.28209
5.38318 26.9159 1.31868
16.1495 26.9159 3.03503
26.9159 26.9159 4.70128
37.6822 26.9159 5.30193
48.4486 26.9159 4.62462
59.215 26.9159 3.17431
69.9813 26.9159 1.66612
5.38318 37.6822 1.49813
16.1495 37.6822 3.38072
26.9159 37.6822 5.20414
37.6822 37.6822 5.75356
48.4486 37.6822 5.00278
59.215 37.6822 3.3718
69.9813 37.6822 1.80991
5.38318 48.4486 2.02722
16.1495 48.4486 3.83206
26.9159 48.4486 5.10509
37.6822 48.4486 5.35126
48.4486 48.4486 4.89078
59.215 48.4486 3.70962
69.9813 48.4486 2.21953
5.38318 59.215 2.25867
16.1495 59.215 3.74999
26.9159 59.215 4.21017
37.6822 59.215 4.31541
48.4486 59.215 4.36097
59.215 59.215 4.01662
69.9813 59.215 2.63505
5.38318 69.9813 1.94397
16.1495 69.9813 3.20577
26.9159 69.9813 3.49755
37.6822 69.9813 3.63785
48.4486 69.9813 3.58441
59.215 69.9813 3.40285
69.9813 69.9813 2.20586
5.38318 80.7477 0.355135
16.1495 80.7477 0.881507
26.9159 80.7477 1.3486
37.6822 80.7477 1.65072
48.4486 80.7477 1.24319
59.215 80.7477 1.22389
69.9813 80.7477 0.765948
5.38318 91.514 -0.539667
16.1495 91.514 -0.791184
26.9159 91.514 -0.717098
37.6822 91.514 -0.604611
48.4486 91.514 -0.762045
59.215 91.514 -0.589145
69.9813 91.514 -0.333446
5.38318 102.28 -0.582867
16.1495 102.28 -0.924951
26.9159 102.28 -0.99518
37.6822 102.28 -0.990992
48.4486 102.28 -0.980084
59.215 102.28 -0.784381
69.9813 102.28 -0.375609
5.38318 113.047 -0.584476
16.1495 113.047 -0.935781
26.9159 113.047 -1.0163
37.6822 113.047 -1.01528
48.4486 113.047 -0.960845
59.215 113.047 -0.757236
69.9813 113.047 -0.327607
5.38318 123.813 -0.569591
16.1495 123.813 -0.90846
26.9159 123.813 -0.972323
37.6822 123.813 -0.965556
48.4486 123.813 -0.91202
59.215 123.813 -0.683784
69.9813 123.813 -0.286927
5.38318 134.579 -0.532359
16.1495 134.579 -0.831434
26.9159 134.579 -0.76966
37.6822 134.579 -0.708482
48.4486 134.579 -0.636109
59.215 134.579 -0.440132
69.9813 134.579 -0.157422
5.38318 145.346 -0.391124
16.1495 145.346 -0.531173
26.9159 145.346 -0.260236
37.6822 145.346 -0.0985772
48.4486 145.346 -0.0117322
59.215 145.346 0.131275
69.9813 145.346 0.255992
5.38318 156.112 -0.106622
16.1495 156.112 0.115589
26.9159 156.112 1.27221
37.6822 156.112 1.9937
48.4486 156.112 2.19207
59.215 156.112 1.72243
69.9813 156.112 1.03652
5.38318 166.879 0.511011
16.1495 166.879 1.45354
26.9159 166.879 2.97889
37.6822 166.879 4.0095
48.4486 166.879 4.13656
59.215 166.879 3.01622
69.9813 166.879 1.61725
5.38318 177.645 1.17581
16.1495 177.645 2.37087
26.9159 177.645 4.06567
37.6822 177.645 5.41806
48.4486 177.645 5.50193
59.215 177.645 3.88668
69.9813 177.645 1.94567
5.38318 188.411 1.27704
16.1495 188.411 2.38148
26.9159 188.411 3.9571
37.6822 188.411 5.16382
48.4486 188.411 5.12844
59.215 188.411 3.564
69.9813 188.411 1.72637
5.38318 199.178 0.914871
16.1495 199.178 1.59058
26.9159 199.178 2.55956
37.6822 199.178 3.14042
48.4486 199.178 3.14929
59.215 199.178 2.35817
69.9813 199.178 1.26769
5.38318 209.944 0.338027
16.1495 209.944 0.59284
26.9159 209.944 0.923491
37.6822 209.944 0.893187
48.4486 209.944 1.00071
59.215 209.944 0.948002
69.9813 209.944 0.727351
