37 177
0 157 72 40
0 141 72 72
0 134 72 82
0 72 72 144
0 0 72 216
5.38318 5.38318 0.543071
16.1495 5.38318 0.817951
26.9159 5.38318 0.961795
37.6822 5.38318 0.988071
48.4486 5.38318 0.904905
59.215 5.38318 0.7244
69.9813 5.38318 0.458353
5.38318 16.1495 0.828589
16.1495 16.1495 1.67007
26.9159 16.1495 1.99674
37.6822 16.1495 2.16351
48.4486 16.1495 1.8801
59.215 16.1495 1.51931
69.9813 16.1495 0.93968
5.38318 26.9159 0.625164
16.1495 26.9159 1.48116
26.9159 26.9159 1.85521
37.6822 26.9159 2.28486
48.4486 26.9159 1.91582
59.215 26.9159 1.54626
69.9813 26.9159 0.888261
5.38318 37.6822 0.533869
16.1495 37.6822 1.42543
26.9159 37.6822 2.02961
37.6822 37.6822 2.49297
48.4486 37.6822 2.07193
59.215 37.6822 1.53704
69.9813 37.6822 0.75262
5.38318 48.4486 0.504997
16.1495 48.4486 1.45827
26.9159 48.4486 2.25726
37.6822 48.4486 2.5684
48.4486 48.4486 2.0648
59.215 48.4486 1.37687
69.9813 48.4486 0.625862
5.38318 59.215 0.652343
16.1495 59.215 1.60505
26.9159 59.215 2.38619
37.6822 59.215 2.26006
48.4486 59.215 1.66535
59.215 59.215 0.964025
69.9813 59.215 0.510206
5.38318 69.9813 0.396735
16.1495 69.9813 1.25944
26.9159 69.9813 2.09511
37.6822 69.9813 1.87882
48.4486 69.9813 1.32725
59.215 69.9813 0.605231
69.9813 69.9813 0.364231
5.38318 80.7477 -0.024024
16.1495 80.7477 0.273723
26.9159 80.7477 0.910983
37.6822 80.7477 0.686317
48.4486 80.7477 0.439422
59.215 80.7477 -0.0327775
69.9813 80.7477 0.0701743
5.38318 91.514 -0.246943
16.1495 91.514 -0.32407
26.9159 91.514 -0.20492
37.6822 91.514 -0.222107
48.4486 91.514 -0.226875
59.215 91.514 -0.278787
69.9813 91.514 -0.113226
5.38318 102.28 -0.302316
16.1495 102.28 -0.466303
26.9159 102.28 -0.458514
37.6822 102.28 -0.443649
48.4486 102.28 -0.400701
59.215 102.28 -0.319158
69.9813 102.28 -0.134869
5.38318 113.047 -0.291621
16.1495 113.047 -0.442003
26.9159 113.047 -0.43827
37.6822 113.047 -0.429401
48.4486 113.047 -0.410902
59.215 113.047 -0.320237
69.9813 113.047 -0.140379
5.38318 123.813 -0.252818
16.1495 123.813 -0.391759
26.9159 123.813 -0.368441
37.6822 123.813 -0.376618
48.4486 123.813 -0.351299
59.215 123.813 -0.265065
69.9813 123.813 -0.0999962
5.38318 134.579 -0.165919
16.1495 134.579 -0.23
26.9159 134.579 -0.160423
37.6822 134.579 -0.153641
48.4486 134.579 -0.143996
59.215 134.579 -0.107862
69.9813 134.579 -0.00294038
5.38318 145.346 -0.115045
16.1495 145.346 -0.0794116
26.9159 145.346 0.252637
37.6822 145.346 0.488933
48.4486 145.346 0.559802
59.215 145.346 0.409148
69.9813 145.346 0.342584
5.38318 156.112 -0.0174497
16.1495 156.112 0.488636
26.9159 156.112 1.32042
37.6822 156.112 1.83626
48.4486 156.112 1.76959
59.215 156.112 1.15618
69.9813 156.112 0.679938
5.38318 166.879 0.000485018
16.1495 166.879 0.738753
26.9159 166.879 2.08001
37.6822 166.879 2.82736
48.4486 166.879 2.76744
59.215 166.879 1.78058
69.9813 166.879 0.930783
5.38318 177.645 0.295018
16.1495 177.645 1.25028
26.9159 177.645 2.80472
37.6822 177.645 3.71221
48.4486 177.645 3.50837
59.215 177.645 2.14327
69.9813 177.645 1.01425
5.38318 188.411 0.470571
16.1495 188.411 1.3831
26.9159 188.411 2.7409
37.6822 188.411 3.52758
48.4486 188.411 3.17157
59.215 188.411 1.97772
69.9813 188.411 0.906496
5.38318 199.178 0.433957
16.1495 199.178 1.24025
26.9159 199.178 2.22891
37.6822 199.178 2.66005
48.4486 199.178 2.24646
59.215 199.178 1.5165
69.9813 199.178 0.756954
5.38318 209.944 0.256003
16.1495 209.944 0.706308
26.9159 209.944 1.02273
37.6822 209.944 1.19758
48.4486 209.944 0.988368
59.215 209.944 0.911993
69.9813 209.944 0.568104
