37 188
0 168 72 40
0 144 72 72
0 134 72 82
0 72 72 144
0 0 72 216
5.38318 5.38318 0.113458
16.1495 5.38318 0.316782
26.9159 5.38318 0.90759
37.6822 5.38318 1.29994
48.4486 5.38318 1.36483
59.215 5.38318 1.063
69.9813 5.38318 0.614953
5.38318 16.1495 0.348041
16.1495 16.1495 0.975737
26.9159 16.1495 2.0899
37.6822 16.1495 2.81926
48.4486 16.1495 2.96932
59.215 16.1495 2.31228
69.9813 16.1495 1.33005
5.38318 26.9159 0.460746
16.1495 26.9159 1.32498
26.9159 26.9159 2.81462
37.6822 26.9159 3.99504
48.4486 26.9159 4.32856
59.215 26.9159 3.43469
69.9813 26.9159 1.93945
5.38318 37.6822 1.09721
16.1495 37.6822 2.13093
26.9159 37.6822 3.36949
37.6822 37.6822 4.36633
48.4486 37.6822 4.5995
59.215 37.6822 3.65987
69.9813 37.6822 2.06094
5.38318 48.4486 1.42702
16.1495 48.4486 2.47849
26.9159 48.4486 3.25327
37.6822 48.4486 3.63446
48.4486 48.4486 3.58046
59.215 48.4486 2.90428
69.9813 48.4486 1.70122
5.38318 59.215 1.39958
16.1495 59.215 2.21704
26.9159 59.215 2.44405
37.6822 59.215 2.07226
48.4486 59.215 1.97858
59.215 59.215 1.79083
69.9813 59.215 1.27465
5.38318 69.9813 0.738966
16.1495 69.9813 1.18687
26.9159 69.9813 1.45878
37.6822 69.9813 1.04444
48.4486 69.9813 1.2286
59.215 69.9813 1.25451
69.9813 69.9813 1.11247
5.38318 80.7477 0.0210463
16.1495 80.7477 0.138578
26.9159 80.7477 0.447919
37.6822 80.7477 0.275175
48.4486 80.7477 0.687981
59.215 80.7477 0.794735
69.9813 80.7477 0.85624
5.38318 91.514 -0.264985
16.1495 91.514 -0.358577
26.9159 91.514 -0.26771
37.6822 91.514 -0.240018
48.4486 91.514 -0.146585
59.215 91.514 -0.0532217
69.9813 91.514 0.266605
5.38318 102.28 -0.285582
16.1495 102.28 -0.396932
26.9159 102.28 -0.328814
37.6822 102.28 -0.299527
48.4486 102.28 -0.263886
59.215 102.28 -0.191501
69.9813 102.28 -0.030086
5.38318 113.047 -0.290964
16.1495 113.047 -0.439175
26.9159 113.047 -0.430418
37.6822 113.047 -0.427736
48.4486 113.047 -0.414246
59.215 113.047 -0.325705
69.9813 113.047 -0.141008
5.38318 123.813 -0.232678
16.1495 123.813 -0.350145
26.9159 123.813 -0.342194
37.6822 123.813 -0.355701
48.4486 123.813 -0.354889
59.215 123.813 -0.262968
69.9813 123.813 -0.102819
5.38318 134.579 -0.134756
16.1495 134.579 -0.192636
26.9159 134.579 -0.191545
37.6822 134.579 -0.218793
48.4486 134.579 -0.226219
59.215 134.579 -0.149367
69.9813 134.579 -0.0244382
5.38318 145.346 0.159098
16.1495 145.346 0.451243
26.9159 145.346 0.664361
37.6822 145.346 0.637703
48.4486 145.346 0.541665
59.215 145.346 0.422516
69.9813 145.346 0.367813
5.38318 156.112 0.522724
16.1495 156.112 1.3787
26.9159 156.112 2.05812
37.6822 156.112 2.17856
48.4486 156.112 1.94132
59.215 156.112 1.314
69.9813 156.112 0.872912
5.38318 166.879 1.09396
16.1495 166.879 2.66907
26.9159 166.879 4.01311
37.6822 166.879 4.3825
48.4486 166.879 3.85792
59.215 166.879 2.49167
69.9813 166.879 1.36646
5.38318 177.645 1.23132
16.1495 177.645 3.05692
26.9159 177.645 5.13203
37.6822 177.645 5.87184
48.4486 177.645 5.26151
59.215 177.645 3.33778
69.9813 177.645 1.69775
5.38318 188.411 1.24887
16.1495 188.411 3.04948
26.9159 188.411 5.21054
37.6822 188.411 5.94242
48.4486 188.411 5.19138
59.215 188.411 3.20473
69.9813 188.411 1.54127
5.38318 199.178 0.637384
16.1495 199.178 1.71001
26.9159 199.178 2.99228
37.6822 199.178 3.24176
48.4486 199.178 2.8217
59.215 199.178 1.78953
69.9813 199.178 0.93641
5.38318 209.944 0.331284
16.1495 209.944 0.822771
26.9159 209.944 1.14119
37.6822 209.944 1.09137
48.4486 209.944 0.899992
59.215 209.944 0.72814
69.9813 209.944 0.564472
