37 177
0 157 72 40
0 141 72 72
0 134 72 82
0 72 72 144
0 0 72 216
5.38318 5.38318 0.353136
16.1495 5.38318 0.676371
26.9159 5.38318 1.13378
37.6822 5.38318 1.1931
48.4486 5.38318 1.24548
59.215 5.38318 1.08647
69.9813 5.38318 0.735006
5.38318 16.1495 0.627441
16.1495 16.1495 1.4681
26.9159 16.1495 2.29729
37.6822 16.1495 2.55324
48.4486 16.1495 2.67774
59.215 16.1495 2.30467
69.9813 16.1495 1.50636
5.38318 26.9159 0.753353
16.1495 26.9159 1.87613
26.9159 26.9159 3.20797
37.6822 26.9159 3.86017
48.4486 26.9159 4.06024
59.215 26.9159 3.45286
69.9813 26.9159 2.1613
5.38318 37.6822 0.966802
16.1495 37.6822 2.13906
26.9159 37.6822 3.56627
37.6822 37.6822 4.46249
48.4486 37.6822 4.6029
59.215 37.6822 3.784
69.9813 37.6822 2.21076
5.38318 48.4486 1.10789
16.1495 48.4486 2.1358
26.9159 48.4486 3.4024
37.6822 48.4486 4.16456
48.4486 48.4486 4.17019
59.215 48.4486 3.26077
69.9813 48.4486 1.83268
5.38318 59.215 0.787199
16.1495 59.215 1.41765
26.9159 59.215 2.16151
37.6822 59.215 2.45105
48.4486 59.215 2.31603
59.215 59.215 1.8588
69.9813 59.215 1.03441
5.38318 69.9813 0.195371
16.1495 69.9813 0.490171
26.9159 69.9813 0.789655
37.6822 69.9813 0.810185
48.4486 69.9813 0.585322
59.215 69.9813 0.564571
69.9813 69.9813 0.487546
5.38318 80.7477 -0.22548
16.1495 80.7477 -0.299795
26.9159 80.7477 -0.348846
37.6822 80.7477 -0.320811
48.4486 80.7477 -0.408315
59.215 80.7477 -0.217401
69.9813 80.7477 -0.0374034
5.38318 91.514 -0.503758
16.1495 91.514 -0.806219
26.9159 91.514 -0.898353
37.6822 91.514 -0.882083
48.4486 91.514 -0.865989
59.215 91.514 -0.599844
69.9813 91.514 -0.242867
5.38318 102.28 -0.569519
16.1495 102.28 -0.914465
26.9159 102.28 -1.00574
37.6822 102.28 -0.990469
48.4486 102.28 -0.933316
59.215 102.28 -0.68239
69.9813 102.28 -0.2802
5.38318 113.047 -0.5787
16.1495 113.047 -0.92545
26.9159 113.047 -1.00906
37.6822 113.047 -1.00878
48.4486 113.047 -0.956206
59.215 113.047 -0.748559
69.9813 113.047 -0.321085
5.38318 123.813 -0.555499
16.1495 123.813 -0.87826
26.9159 123.813 -0.934151
37.6822 123.813 -0.927458
48.4486 123.813 -0.878796
59.215 123.813 -0.656361
69.9813 123.813 -0.277005
5.38318 134.579 -0.444054
16.1495 134.579 -0.659342
26.9159 134.579 -0.571863
37.6822 134.579 -0.563995
48.4486 134.579 -0.551053
59.215 134.579 -0.431178
69.9813 134.579 -0.16466
5.38318 145.346 -0.172162
16.1495 145.346 -0.141984
26.9159 145.346 0.330024
37.6822 145.346 0.449334
48.4486 145.346 0.241022
59.215 145.346 0.036787
69.9813 145.346 0.117503
5.38318 156.112 0.40318
16.1495 156.112 1.23236
26.9159 156.112 2.34137
37.6822 156.112 2.55598
48.4486 156.112 2.1415
59.215 156.112 1.36442
69.9813 156.112 0.767985
5.38318 166.879 1.07492
16.1495 166.879 2.61436
26.9159 166.879 4.18
37.6822 166.879 4.56657
48.4486 166.879 3.71206
59.215 166.879 2.32714
69.9813 166.879 1.1661
5.38318 177.645 1.29431
16.1495 177.645 2.981
26.9159 177.645 4.85271
37.6822 177.645 5.2907
48.4486 177.645 4.37744
59.215 177.645 2.65497
69.9813 177.645 1.28268
5.38318 188.411 1.18528
16.1495 188.411 2.64731
26.9159 188.411 4.34975
37.6822 188.411 4.60444
48.4486 188.411 3.75952
59.215 188.411 2.21308
69.9813 188.411 1.05997
5.38318 199.178 0.687437
16.1495 199.178 1.4643
26.9159 199.178 2.36436
37.6822 199.178 2.36811
48.4486 199.178 2.03718
59.215 199.178 1.2286
69.9813 199.178 0.771141
5.38318 209.944 0.304971
16.1495 209.944 0.621308
26.9159 209.944 0.901492
37.6822 209.944 0.774141
48.4486 209.944 0.667518
59.215 209.944 0.531054
69.9813 209.944 0.534174
