37 177
0 157 72 40
0 141 72 72
0 134 72 82
0 72 72 144
0 0 72 216
5.38318 5.38318 1.10744
16.1495 5.38318 1.59484
26.9159 5.38318 1.79209
37.6822 5.38318 1.70453
48.4486 5.38318 1.76609
59.215 5.38318 1.44238
69.9813 5.38318 0.9119
5.38318 16.1495 1.95323
16.1495 16.1495 3.0919
26.9159 16.1495 3.48054
37.6822 16.1495 3.27658
48.4486 16.1495 3.35841
59.215 16.1495 2.80101
69.9813 16.1495 1.79128
5.38318 26.9159 2.22896
16.1495 26.9159 3.72419
26.9159 26.9159 4.16438
37.6822 26.9159 3.87001
48.4486 26.9159 3.82348
59.215 26.9159 3.23696
69.9813 26.9159 2.08602
5.38318 37.6822 1.93896
16.1495 37.6822 3.25705
26.9159 37.6822 3.65436
37.6822 37.6822 3.34868
48.4486 37.6822 3.07782
59.215 37.6822 2.5946
69.9813 37.6822 1.66893
5.38318 48.4486 1.41949
16.1495 48.4486 2.46027
26.9159 48.4486 2.88077
37.6822 48.4486 2.59343
48.4486 48.4486 2.23099
59.215 48.4486 1.95255
69.9813 48.4486 1.29491
5.38318 59.215 1.27734
16.1495 59.215 2.27298
26.9159 59.215 2.74022
37.6822 59.215 2.43383
48.4486 59.215 2.06873
59.215 59.215 1.85143
69.9813 59.215 1.28909
5.38318 69.9813 0.958747
16.1495 69.9813 1.72569
26.9159 69.9813 2.10434
37.6822 69.9813 1.74006
48.4486 69.9813 1.40702
59.215 69.9813 1.33282
69.9813 69.9813 1.03481
5.38318 80.7477 0.178655
16.1495 80.7477 0.368544
26.9159 80.7477 0.520118
37.6822 80.7477 0.213857
48.4486 80.7477 0.000684328
59.215 80.7477 0.12642
69.9813 80.7477 0.307762
5.38318 91.514 -0.180997
16.1495 91.514 -0.271986
26.9159 91.514 -0.270115
37.6822 91.514 -0.329291
48.4486 91.514 -0.363195
59.215 91.514 -0.269796
69.9813 91.514 -0.0909802
5.38318 102.28 -0.285485
16.1495 102.28 -0.436209
26.9159 102.28 -0.425933
37.6822 102.28 -0.444834
48.4486 102.28 -0.445922
59.215 102.28 -0.34796
69.9813 102.28 -0.15207
5.38318 113.047 -0.300589
16.1495 113.047 -0.456914
26.9159 113.047 -0.463418
37.6822 113.047 -0.448133
48.4486 113.047 -0.430246
59.215 113.047 -0.335549
69.9813 113.047 -0.147153
5.38318 123.813 -0.296724
16.1495 123.813 -0.450282
26.9159 123.813 -0.437183
37.6822 123.813 -0.418152
48.4486 123.813 -0.386325
59.215 123.813 -0.294284
69.9813 123.813 -0.121561
5.38318 134.579 -0.212913
16.1495 134.579 -0.275617
26.9159 134.579 -0.170993
37.6822 134.579 -0.133607
48.4486 134.579 -0.131372
59.215 134.579 -0.131053
69.9813 134.579 -0.0399327
5.38318 145.346 -0.00501135
16.1495 145.346 0.29036
26.9159 145.346 0.828275
37.6822 145.346 1.02277
48.4486 145.346 0.881626
59.215 145.346 0.504526
69.9813 145.346 0.335413
5.38318 156.112 0.66648
16.1495 156.112 1.716
26.9159 156.112 2.75797
37.6822 156.112 3.02667
48.4486 156.112 2.52062
59.215 156.112 1.53135
69.9813 156.112 0.810396
5.38318 166.879 1.1994
16.1495 166.879 2.78379
26.9159 166.879 4.36985
37.6822 166.879 4.79268
48.4486 166.879 4.03546
59.215 166.879 2.48694
69.9813 166.879 1.29644
5.38318 177.645 1.38355
16.1495 177.645 3.12868
26.9159 177.645 4.84803
37.6822 177.645 5.25941
48.4486 177.645 4.46116
59.215 177.645 2.78144
69.9813 177.645 1.4584
5.38318 188.411 1.0825
16.1495 188.411 2.25759
26.9159 188.411 3.43812
37.6822 188.411 3.59404
48.4486 188.411 3.17079
59.215 188.411 2.14099
69.9813 188.411 1.28458
5.38318 199.178 0.563435
16.1495 199.178 1.06184
26.9159 199.178 1.5046
37.6822 199.178 1.33787
48.4486 199.178 1.11052
59.215 199.178 0.77579
69.9813 199.178 0.69326
5.38318 209.944 0.288194
16.1495 209.944 0.584548
26.9159 209.944 0.7708
37.6822 209.944 0.590127
48.4486 209.944 0.417056
59.215 209.944 0.283051
69.9813 209.944 0.428486
