37 37
0 17 72 40
0 1 72 72
0 0 72 82
0 0 72 144
0 0 72 216
5.38318 5.38318 0.364808
16.1495 5.38318 0.780317
26.9159 5.38318 1.31453
37.6822 5.38318 1.43834
48.4486 5.38318 1.24498
59.215 5.38318 0.6906
69.9813 5.38318 0.377204
5.38318 16.1495 0.73938
16.1495 16.1495 1.83423
26.9159 16.1495 3.13208
37.6822 16.1495 3.47175
48.4486 16.1495 2.96901
59.215 16.1495 1.69016
69.9813 16.1495 0.900775
5.38318 26.9159 1.04745
16.1495 26.9159 2.65266
26.9159 26.9159 4.92506
37.6822 26.9159 5.52472
48.4486 26.9159 4.70076
59.215 26.9159 2.53931
69.9813 26.9159 1.19663
5.38318 37.6822 1.22468
16.1495 37.6822 3.00503
26.9159 37.6822 5.41204
37.6822 37.6822 6.0747
48.4486 37.6822 5.13967
59.215 37.6822 2.81476
69.9813 37.6822 1.28279
5.38318 48.4486 1.20746
16.1495 48.4486 2.58361
26.9159 48.4486 4.27894
37.6822 48.4486 4.60303
48.4486 48.4486 3.8816
59.215 48.4486 2.25138
69.9813 48.4486 1.11673
5.38318 59.215 0.859266
16.1495 59.215 1.77183
26.9159 59.215 2.31186
37.6822 59.215 2.27555
48.4486 59.215 1.84185
59.215 59.215 1.28561
69.9813 59.215 0.88705
5.38318 69.9813 0.476285
16.1495 69.9813 1.09519
26.9159 69.9813 1.24744
37.6822 69.9813 1.15817
48.4486 69.9813 0.916855
59.215 69.9813 0.91834
69.9813 69.9813 0.80236
5.38318 80.7477 -0.0897697
16.1495 80.7477 0.0342782
26.9159 80.7477 0.289019
37.6822 80.7477 0.208632
48.4486 80.7477 0.154932
59.215 80.7477 0.325822
69.9813 80.7477 0.464645
5.38318 91.514 -0.327878
16.1495 91.514 -0.426883
26.9159 91.514 -0.342844
37.6822 91.514 -0.288376
48.4486 91.514 -0.277804
59.215 91.514 -0.17916
69.9813 91.514 -0.0197964
5.38318 102.28 -0.313379
16.1495 102.28 -0.438752
26.9159 102.28 -0.35451
37.6822 102.28 -0.295088
48.4486 102.28 -0.30325
59.215 102.28 -0.248469
69.9813 102.28 -0.111504
5.38318 113.047 -0.292706
16.1495 113.047 -0.441469
26.9159 113.047 -0.436534
37.6822 113.047 -0.421884
48.4486 113.047 -0.39669
59.215 113.047 -0.304516
69.9813 113.047 -0.12945
5.38318 123.813 -0.232151
16.1495 123.813 -0.316764
26.9159 123.813 -0.264188
37.6822 123.813 -0.229273
48.4486 123.813 -0.211579
59.215 123.813 -0.170131
69.9813 123.813 -0.054635
5.38318 134.579 -0.0785403
16.1495 134.579 -0.0270591
26.9159 134.579 0.192497
37.6822 134.579 0.370621
48.4486 134.579 0.345651
59.215 134.579 0.221464
69.9813 134.579 0.215913
5.38318 145.346 0.330084
16.1495 145.346 0.858707
26.9159 145.346 1.39917
37.6822 145.346 1.69713
48.4486 145.346 1.5561
59.215 145.346 1.10228
69.9813 145.346 0.675137
5.38318 156.112 0.842523
16.1495 156.112 1.80418
26.9159 156.112 2.58845
37.6822 156.112 2.96357
48.4486 156.112 2.64293
59.215 156.112 1.87002
69.9813 156.112 1.05392
5.38318 166.879 1.18985
16.1495 166.879 2.50874
26.9159 166.879 3.72867
37.6822 166.879 4.19477
48.4486 166.879 3.67401
59.215 166.879 2.47759
69.9813 166.879 1.28964
5.38318 177.645 1.20796
16.1495 177.645 2.63343
26.9159 177.645 4.05906
37.6822 177.645 4.56578
48.4486 177.645 3.9962
59.215 177.645 2.67173
69.9813 177.645 1.34962
5.38318 188.411 1.17512
16.1495 188.411 2.49668
26.9159 188.411 3.74183
37.6822 188.411 4.14555
48.4486 188.411 3.62167
59.215 188.411 2.41135
69.9813 188.411 1.2302
5.38318 199.178 0.846153
16.1495 199.178 1.59073
26.9159 199.178 2.02789
37.6822 199.178 2.271
48.4486 199.178 2.24763
59.215 199.178 1.79993
69.9813 199.178 1.12692
5.38318 209.944 0.705001
16.1495 209.944 1.19789
26.9159 209.944 1.24153
37.6822 209.944 1.25165
48.4486 209.944 1.33825
59.215 209.944 1.18872
69.9813 209.944 0.838964
