37 166
0 146 72 40
0 130 72 72
0 125 72 82
0 72 72 144
0 0 72 216
5.38318 5.38318 0.60351
16.1495 5.38318 1.14731
26.9159 5.38318 1.53821
37.6822 5.38318 1.7324
48.4486 5.38318 1.56057
59.215 5.38318 1.11046
69.9813 5.38318 0.606779
5.38318 16.1495 0.996961
16.1495 16.1495 2.04174
26.9159 16.1495 2.81875
37.6822 16.1495 3.25402
48.4486 16.1495 2.96859
59.215 16.1495 2.15501
69.9813 16.1495 1.17081
5.38318 26.9159 1.03436
16.1495 26.9159 2.294
26.9159 26.9159 3.31088
37.6822 26.9159 3.80512
48.4486 26.9159 3.39949
59.215 26.9159 2.43115
69.9813 26.9159 1.32767
5.38318 37.6822 0.888644
16.1495 37.6822 2.09144
26.9159 37.6822 3.32788
37.6822 37.6822 3.65225
48.4486 37.6822 3.22838
59.215 37.6822 2.1632
69.9813 37.6822 1.20108
5.38318 48.4486 0.530985
16.1495 48.4486 1.61544
26.9159 48.4486 3.0862
37.6822 48.4486 3.33995
48.4486 48.4486 2.84597
59.215 48.4486 1.55417
69.9813 48.4486 0.799098
5.38318 59.215 -0.0109678
16.1495 59.215 0.716425
26.9159 59.215 2.35414
37.6822 59.215 2.56848
48.4486 59.215 2.05058
59.215 59.215 0.738454
69.9813 59.215 0.295174
5.38318 69.9813 -0.359794
16.1495 69.9813 -0.409747
26.9159 69.9813 -0.0230141
37.6822 69.9813 0.0883873
48.4486 69.9813 -0.220704
59.215 69.9813 -0.384511
69.9813 69.9813 -0.221651
5.38318 80.7477 -0.528467
16.1495 80.7477 -0.824178
26.9159 80.7477 -0.800453
37.6822 80.7477 -0.839261
48.4486 80.7477 -0.914567
59.215 80.7477 -0.776179
69.9813 80.7477 -0.375625
5.38318 91.514 -0.585106
16.1495 91.514 -0.949367
26.9159 91.514 -1.06299
37.6822 91.514 -1.09591
48.4486 91.514 -1.05236
59.215 91.514 -0.836898
69.9813 91.514 -0.377783
5.38318 102.28 -0.590975
16.1495 102.28 -0.950129
26.9159 102.28 -1.04827
37.6822 102.28 -1.05974
48.4486 102.28 -1.00534
59.215 102.28 -0.793672
69.9813 102.28 -0.346955
5.38318 113.047 -0.566165
16.1495 113.047 -0.900183
26.9159 113.047 -0.96612
37.6822 113.047 -0.967404
48.4486 113.047 -0.91829
59.215 113.047 -0.713429
69.9813 113.047 -0.303579
5.38318 123.813 -0.503719
16.1495 123.813 -0.752159
26.9159 123.813 -0.661822
37.6822 123.813 -0.655682
48.4486 123.813 -0.621934
59.215 123.813 -0.510136
69.9813 123.813 -0.206404
5.38318 134.579 -0.237697
16.1495 134.579 -0.246875
26.9159 134.579 0.0491975
37.6822 134.579 0.0782316
48.4486 134.579 0.0186727
59.215 134.579 -0.0806547
69.9813 134.579 0.0455862
5.38318 145.346 0.323546
16.1495 145.346 1.12436
26.9159 145.346 2.10502
37.6822 145.346 2.36342
48.4486 145.346 2.04634
59.215 145.346 1.28012
69.9813 145.346 0.729537
5.38318 156.112 1.08699
16.1495 156.112 2.48327
26.9159 156.112 3.63169
37.6822 156.112 4.04907
48.4486 156.112 3.56318
59.215 156.112 2.47198
69.9813 156.112 1.35277
5.38318 166.879 1.58687
16.1495 166.879 3.23708
26.9159 166.879 4.51451
37.6822 166.879 5.01015
48.4486 166.879 4.3918
59.215 166.879 3.13765
69.9813 166.879 1.69227
5.38318 177.645 1.5784
16.1495 177.645 3.09372
26.9159 177.645 4.36601
37.6822 177.645 4.77345
48.4486 177.645 4.27274
59.215 177.645 3.0399
69.9813 177.645 1.70574
5.38318 188.411 1.36762
16.1495 188.411 2.75762
26.9159 188.411 3.92821
37.6822 188.411 4.20919
48.4486 188.411 3.62923
59.215 188.411 2.54422
69.9813 188.411 1.46076
5.38318 199.178 0.779726
16.1495 199.178 1.80493
26.9159 199.178 2.53089
37.6822 199.178 2.80841
48.4486 199.178 2.43801
59.215 199.178 1.83272
69.9813 199.178 1.15549
5.38318 209.944 0.442669
16.1495 209.944 1.10787
26.9159 209.944 1.3693
37.6822 209.944 1.64348
48.4486 209.944 1.46111
59.215 209.944 1.26266
69.9813 209.944 0.836868
