37 37
0 17 72 40
0 1 72 72
0 0 72 82
0 0 72 144
0 0 72 216
5.38318 5.38318 0.406592
16.1495 5.38318 0.875762
26.9159 5.38318 1.34093
37.6822 5.38318 1.51045
48.4486 5.38318 1.3307
59.215 5.38318 0.86077
69.9813 5.38318 0.446998
5.38318 16.1495 0.735989
16.1495 16.1495 1.83647
26.9159 16.1495 2.89956
37.6822 16.1495 3.37862
48.4486 16.1495 2.96013
59.215 16.1495 1.9074
69.9813 16.1495 0.991873
5.38318 26.9159 0.888168
16.1495 26.9159 2.51128
26.9159 26.9159 4.33622
37.6822 26.9159 5.17679
48.4486 26.9159 4.40484
59.215 26.9159 2.68764
69.9813 26.9159 1.29029
5.38318 37.6822 1.04237
16.1495 37.6822 2.80514
26.9159 37.6822 4.86482
37.6822 37.6822 5.81686
48.4486 37.6822 4.89819
59.215 37.6822 2.98219
69.9813 37.6822 1.38095
5.38318 48.4486 1.02334
16.1495 48.4486 2.64506
26.9159 48.4486 4.38118
37.6822 48.4486 5.2174
48.4486 48.4486 4.39321
59.215 48.4486 2.83609
69.9813 48.4486 1.37577
5.38318 59.215 0.853231
16.1495 59.215 2.0831
26.9159 59.215 2.9586
37.6822 59.215 3.59406
48.4486 59.215 3.0183
59.215 59.215 2.25564
69.9813 59.215 1.17619
5.38318 69.9813 0.524305
16.1495 69.9813 1.49343
26.9159 69.9813 2.1574
37.6822 69.9813 2.78248
48.4486 69.9813 2.23013
59.215 69.9813 1.82301
69.9813 69.9813 0.897744
5.38318 80.7477 -0.0635588
16.1495 80.7477 0.374878
26.9159 80.7477 0.777308
37.6822 80.7477 1.23449
48.4486 80.7477 0.436509
59.215 80.7477 0.420664
69.9813 80.7477 0.0923313
5.38318 91.514 -0.411667
16.1495 91.514 -0.583708
26.9159 91.514 -0.570397
37.6822 91.514 -0.524917
48.4486 91.514 -0.696531
59.215 91.514 -0.503086
69.9813 91.514 -0.280603
5.38318 102.28 -0.556685
16.1495 102.28 -0.88221
26.9159 102.28 -0.955558
37.6822 102.28 -0.950043
48.4486 102.28 -0.940389
59.215 102.28 -0.709728
69.9813 102.28 -0.332411
5.38318 113.047 -0.559354
16.1495 113.047 -0.893268
26.9159 113.047 -0.973807
37.6822 113.047 -0.976483
48.4486 113.047 -0.927704
59.215 113.047 -0.694689
69.9813 113.047 -0.292968
5.38318 123.813 -0.407315
16.1495 123.813 -0.618533
26.9159 123.813 -0.601645
37.6822 123.813 -0.608184
48.4486 123.813 -0.56914
59.215 123.813 -0.395256
69.9813 123.813 -0.113924
5.38318 134.579 0.0745341
16.1495 134.579 0.23747
26.9159 134.579 0.505885
37.6822 134.579 0.414509
48.4486 134.579 0.483195
59.215 134.579 0.491065
69.9813 134.579 0.593898
5.38318 145.346 1.46587
16.1495 145.346 2.56636
26.9159 145.346 3.00177
37.6822 145.346 2.88635
48.4486 145.346 2.8975
59.215 145.346 2.45712
69.9813 145.346 1.70788
5.38318 156.112 2.69439
16.1495 156.112 4.58255
26.9159 156.112 5.10176
37.6822 156.112 4.87829
48.4486 156.112 4.83598
59.215 156.112 4.07754
69.9813 156.112 2.65535
5.38318 166.879 3.05964
16.1495 166.879 5.24981
26.9159 166.879 5.75246
37.6822 166.879 5.59035
48.4486 166.879 5.50232
59.215 166.879 4.70064
69.9813 166.879 2.95293
5.38318 177.645 2.37257
16.1495 177.645 3.98561
26.9159 177.645 4.37667
37.6822 177.645 4.37813
48.4486 177.645 4.22626
59.215 177.645 3.59017
69.9813 177.645 2.20743
5.38318 188.411 1.192
16.1495 188.411 2.0889
26.9159 188.411 2.50494
37.6822 188.411 2.62498
48.4486 188.411 2.6294
59.215 188.411 2.29327
69.9813 188.411 1.47664
5.38318 199.178 0.755496
16.1495 199.178 1.41446
26.9159 199.178 1.84936
37.6822 199.178 1.93362
48.4486 199.178 1.90216
59.215 199.178 1.65757
69.9813 199.178 1.1133
5.38318 209.944 0.457574
16.1495 209.944 0.938282
26.9159 209.944 1.27948
37.6822 209.944 1.25896
48.4486 209.944 1.29504
59.215 209.944 1.194
69.9813 209.944 0.860698
