26 166
0 146 72 40
0 130 72 72
0 125 72 82
0 72 72 144
0 0 72 216
5.38318 5.38318 0.995742
16.1495 5.38318 1.66261
26.9159 5.38318 1.92438
37.6822 5.38318 1.52678
48.4486 5.38318 1.14679
59.215 5.38318 0.815803
69.9813 5.38318 0.556929
5.38318 16.1495 1.52995
16.1495 16.1495 2.82698
26.9159 16.1495 3.40334
37.6822 16.1495 2.82851
48.4486 16.1495 2.16327
59.215 16.1495 1.58014
69.9813 16.1495 1.08177
5.38318 26.9159 1.69316
16.1495 26.9159 3.14375
26.9159 26.9159 3.8109
37.6822 26.9159 3.24836
48.4486 26.9159 2.5319
59.215 26.9159 1.81919
69.9813 26.9159 1.22362
5.38318 37.6822 1.38219
16.1495 37.6822 2.45804
26.9159 37.6822 2.99194
37.6822 37.6822 2.84705
48.4486 37.6822 2.57208
59.215 37.6822 1.95844
69.9813 37.6822 1.26644
5.38318 48.4486 1.1643
16.1495 48.4486 2.08095
26.9159 48.4486 2.65624
37.6822 48.4486 2.81155
48.4486 48.4486 2.86364
59.215 48.4486 2.24565
69.9813 48.4486 1.44924
5.38318 59.215 1.16793
16.1495 59.215 2.09201
26.9159 59.215 2.60151
37.6822 59.215 2.68557
48.4486 59.215 2.74956
59.215 59.215 2.20245
69.9813 59.215 1.46324
5.38318 69.9813 0.642649
16.1495 69.9813 1.24205
26.9159 69.9813 1.73133
37.6822 69.9813 1.90103
48.4486 69.9813 2.0339
59.215 69.9813 1.62349
69.9813 69.9813 1.12221
5.38318 80.7477 -0.0280965
16.1495 80.7477 0.0622208
26.9159 80.7477 0.385874
37.6822 80.7477 0.471936
48.4486 80.7477 0.585786
59.215 80.7477 0.4792
69.9813 80.7477 0.486204
5.38318 91.514 -0.260796
16.1495 91.514 -0.372811
26.9159 91.514 -0.282749
37.6822 91.514 -0.256658
48.4486 91.514 -0.239695
59.215 91.514 -0.207279
69.9813 91.514 -0.0591954
5.38318 102.28 -0.266698
16.1495 102.28 -0.372786
26.9159 102.28 -0.289145
37.6822 102.28 -0.273155
48.4486 102.28 -0.269747
59.215 102.28 -0.214726
69.9813 102.28 -0.068896
5.38318 113.047 -0.272909
16.1495 113.047 -0.408241
26.9159 113.047 -0.388247
37.6822 113.047 -0.39164
48.4486 113.047 -0.392482
59.215 113.047 -0.317969
69.9813 113.047 -0.14217
5.38318 123.813 -0.136283
16.1495 123.813 -0.161004
26.9159 123.813 -0.126183
37.6822 123.813 -0.168246
48.4486 123.813 -0.258422
59.215 123.813 -0.259299
69.9813 123.813 -0.123801
5.38318 134.579 0.290215
16.1495 134.579 0.622853
26.9159 134.579 0.85637
37.6822 134.579 0.607823
48.4486 134.579 0.146469
59.215 134.579 -0.0845983
69.9813 134.579 -0.0412581
5.38318 145.346 1.11196
16.1495 145.346 2.11675
26.9159 145.346 2.55741
37.6822 145.346 2.05027
48.4486 145.346 1.23288
59.215 145.346 0.50407
69.9813 145.346 0.305977
5.38318 156.112 1.83743
16.1495 156.112 3.5448
26.9159 156.112 4.35986
37.6822 156.112 3.50582
48.4486 156.112 2.33916
59.215 156.112 1.35693
69.9813 156.112 0.849158
5.38318 166.879 2.15568
16.1495 166.879 4.27503
26.9159 166.879 5.26954
37.6822 166.879 4.40127
48.4486 166.879 3.19234
59.215 166.879 2.19947
69.9813 166.879 1.44538
5.38318 177.645 1.95504
16.1495 177.645 3.85181
26.9159 177.645 4.70306
37.6822 177.645 4.18538
48.4486 177.645 3.45403
59.215 177.645 2.70578
69.9813 177.645 1.83997
5.38318 188.411 1.39663
16.1495 188.411 2.67837
26.9159 188.411 3.34233
37.6822 188.411 3.26291
48.4486 188.411 3.00628
59.215 188.411 2.56675
69.9813 188.411 1.74805
5.38318 199.178 0.9535
16.1495 199.178 2.02907
26.9159 199.178 2.58763
37.6822 199.178 2.59568
48.4486 199.178 2.22301
59.215 199.178 1.81607
69.9813 199.178 1.23493
5.38318 209.944 0.389709
16.1495 209.944 0.904273
26.9159 209.944 1.30098
37.6822 209.944 1.29541
48.4486 209.944 1.12557
59.215 209.944 0.863172
69.9813 209.944 0.671608
