37 37
0 17 72 40
0 1 72 72
0 0 72 82
0 0 72 144
0 0 72 216
5.38318 5.38318 0.263566
16.1495 5.38318 0.556194
26.9159 5.38318 1.11482
37.6822 5.38318 1.24616
48.4486 5.38318 1.16735
59.215 5.38318 0.646861
69.9813 5.38318 0.373166
5.38318 16.1495 0.532968
16.1495 16.1495 1.43613
26.9159 16.1495 2.59546
37.6822 16.1495 2.83817
48.4486 16.1495 2.61839
59.215 16.1495 1.56967
69.9813 16.1495 0.890497
5.38318 26.9159 0.74827
16.1495 26.9159 2.05916
26.9159 26.9159 3.85804
37.6822 26.9159 4.2904
48.4486 26.9159 3.92321
59.215 26.9159 2.26354
69.9813 26.9159 1.17815
5.38318 37.6822 1.07782
16.1495 37.6822 2.48154
26.9159 37.6822 4.35928
37.6822 37.6822 4.84335
48.4486 37.6822 4.3361
59.215 37.6822 2.53555
69.9813 37.6822 1.27587
5.38318 48.4486 1.15603
16.1495 48.4486 2.33463
26.9159 48.4486 3.68007
37.6822 48.4486 3.86183
48.4486 48.4486 3.3962
59.215 48.4486 2.10522
69.9813 48.4486 1.1529
5.38318 59.215 0.828289
16.1495 59.215 1.56115
26.9159 59.215 1.93985
37.6822 59.215 1.78755
48.4486 59.215 1.55966
59.215 59.215 1.18851
69.9813 59.215 0.904593
5.38318 69.9813 0.436688
16.1495 69.9813 0.954972
26.9159 69.9813 1.02454
37.6822 69.9813 0.871526
48.4486 69.9813 0.768619
59.215 69.9813 0.851541
69.9813 69.9813 0.806942
5.38318 80.7477 -0.108696
16.1495 80.7477 -0.0162806
26.9159 80.7477 0.181393
37.6822 80.7477 0.101475
48.4486 80.7477 0.110347
59.215 80.7477 0.315681
69.9813 80.7477 0.473804
5.38318 91.514 -0.327378
16.1495 91.514 -0.42783
26.9159 91.514 -0.343752
37.6822 91.514 -0.295251
48.4486 91.514 -0.280388
59.215 91.514 -0.183332
69.9813 91.514 -0.0221636
5.38318 102.28 -0.312948
16.1495 102.28 -0.440146
26.9159 102.28 -0.359949
37.6822 102.28 -0.306737
48.4486 102.28 -0.315754
59.215 102.28 -0.258059
69.9813 102.28 -0.115781
5.38318 113.047 -0.299419
16.1495 113.047 -0.452257
26.9159 113.047 -0.456163
37.6822 113.047 -0.439795
48.4486 113.047 -0.424881
59.215 113.047 -0.332752
69.9813 113.047 -0.146994
5.38318 123.813 -0.249349
16.1495 123.813 -0.361397
26.9159 123.813 -0.317997
37.6822 123.813 -0.30785
48.4486 123.813 -0.32217
59.215 123.813 -0.27007
69.9813 123.813 -0.122392
5.38318 134.579 -0.134911
16.1495 134.579 -0.161637
26.9159 134.579 -0.0367267
37.6822 134.579 -0.0110567
48.4486 134.579 -0.0526724
59.215 134.579 -0.0935241
69.9813 134.579 -0.0343649
5.38318 145.346 0.0445983
16.1495 145.346 0.304413
26.9159 145.346 0.807794
37.6822 145.346 1.03188
48.4486 145.346 0.898265
59.215 145.346 0.529399
69.9813 145.346 0.334597
5.38318 156.112 0.165365
16.1495 156.112 0.608062
26.9159 156.112 1.31549
37.6822 156.112 1.80478
48.4486 156.112 1.80153
59.215 156.112 1.1703
69.9813 156.112 0.747708
5.38318 166.879 0.0502355
16.1495 166.879 0.518834
26.9159 166.879 1.21163
37.6822 166.879 1.88735
48.4486 166.879 2.0697
59.215 166.879 1.48822
69.9813 166.879 1.06676
5.38318 177.645 -0.0903161
16.1495 177.645 0.142618
26.9159 177.645 0.832549
37.6822 177.645 1.56566
48.4486 177.645 1.97258
59.215 177.645 1.5009
69.9813 177.645 1.2198
5.38318 188.411 -0.170433
16.1495 188.411 -0.103951
26.9159 188.411 0.517857
37.6822 188.411 1.32437
48.4486 188.411 1.82446
59.215 188.411 1.40928
69.9813 188.411 1.15262
5.38318 199.178 -0.116167
16.1495 199.178 -0.0241492
26.9159 199.178 0.819779
37.6822 199.178 1.48475
48.4486 199.178 1.80957
59.215 199.178 1.30703
69.9813 199.178 0.949676
5.38318 209.944 -0.0583314
16.1495 209.944 0.0119164
26.9159 209.944 0.523595
37.6822 209.944 0.773488
48.4486 209.944 0.777628
59.215 209.944 0.467583
69.9813 209.944 0.366779
