37 37
0 17 72 40
0 1 72 72
0 0 72 82
0 0 72 144
0 0 72 216
5.38318 5.38318 0.714795
16.1495 5.38318 1.07489
26.9159 5.38318 1.20866
37.6822 5.38318 1.21309
48.4486 5.38318 1.19887
59.215 5.38318 1.06081
69.9813 5.38318 0.675482
5.38318 16.1495 1.20638
16.1495 16.1495 2.01803
26.9159 16.1495 2.41747
37.6822 16.1495 2.51887
48.4486 16.1495 2.53988
59.215 16.1495 2.18859
69.9813 16.1495 1.42105
5.38318 26.9159 1.38176
16.1495 26.9159 2.5142
26.9159 26.9159 3.32306
37.6822 26.9159 3.53952
48.4486 26.9159 3.43328
59.215 26.9159 2.75032
69.9813 26.9159 1.73658
5.38318 37.6822 1.28295
16.1495 37.6822 2.57528
26.9159 37.6822 4.00722
37.6822 37.6822 4.33204
48.4486 37.6822 4.00391
59.215 37.6822 2.80219
69.9813 37.6822 1.66051
5.38318 48.4486 0.838516
16.1495 48.4486 2.1897
26.9159 48.4486 3.96272
37.6822 48.4486 4.33015
48.4486 48.4486 3.64374
59.215 48.4486 2.12174
69.9813 48.4486 1.08046
5.38318 59.215 -0.0093315
16.1495 59.215 0.775794
26.9159 59.215 2.55173
37.6822 59.215 2.7894
48.4486 59.215 2.1486
59.215 59.215 0.729077
69.9813 59.215 0.219796
5.38318 69.9813 -0.375613
16.1495 69.9813 -0.431397
26.9159 69.9813 -0.0167424
37.6822 69.9813 0.152198
48.4486 69.9813 -0.249701
59.215 69.9813 -0.421213
69.9813 69.9813 -0.25844
5.38318 80.7477 -0.534742
16.1495 80.7477 -0.823823
26.9159 80.7477 -0.797922
37.6822 80.7477 -0.794467
48.4486 80.7477 -0.895718
59.215 80.7477 -0.749888
69.9813 80.7477 -0.376564
5.38318 91.514 -0.581131
16.1495 91.514 -0.939471
26.9159 91.514 -1.05099
37.6822 91.514 -1.07848
48.4486 91.514 -1.04343
59.215 91.514 -0.828204
69.9813 91.514 -0.376795
5.38318 102.28 -0.590052
16.1495 102.28 -0.949854
26.9159 102.28 -1.04704
37.6822 102.28 -1.05615
48.4486 102.28 -1.00141
59.215 102.28 -0.790305
69.9813 102.28 -0.346576
5.38318 113.047 -0.58149
16.1495 113.047 -0.932441
26.9159 113.047 -1.01745
37.6822 113.047 -1.02008
48.4486 113.047 -0.966843
59.215 113.047 -0.765201
69.9813 113.047 -0.330679
5.38318 123.813 -0.567978
16.1495 123.813 -0.908406
26.9159 123.813 -0.994509
37.6822 123.813 -0.995099
48.4486 123.813 -0.941717
59.215 123.813 -0.725832
69.9813 123.813 -0.307719
5.38318 134.579 -0.530444
16.1495 134.579 -0.836555
26.9159 134.579 -0.911582
37.6822 134.579 -0.917844
48.4486 134.579 -0.864868
59.215 134.579 -0.631291
69.9813 134.579 -0.25353
5.38318 145.346 -0.416455
16.1495 145.346 -0.616425
26.9159 145.346 -0.6266
37.6822 145.346 -0.622158
48.4486 145.346 -0.570354
59.215 145.346 -0.390551
69.9813 145.346 -0.10966
5.38318 156.112 -0.235327
16.1495 156.112 -0.277715
26.9159 156.112 -0.189063
37.6822 156.112 -0.179768
48.4486 156.112 -0.14178
59.215 156.112 -0.0619541
69.9813 156.112 0.224647
5.38318 166.879 -0.0288442
16.1495 166.879 0.221297
26.9159 166.879 0.742538
37.6822 166.879 0.830969
48.4486 166.879 0.883079
59.215 166.879 0.811137
69.9813 166.879 0.742125
5.38318 177.645 0.054327
16.1495 177.645 0.417427
26.9159 177.645 0.970124
37.6822 177.645 1.10814
48.4486 177.645 1.1864
59.215 177.645 1.09549
69.9813 177.645 0.904875
5.38318 188.411 -0.025295
16.1495 188.411 0.0822502
26.9159 188.411 0.40148
37.6822 188.411 0.435989
48.4486 188.411 0.508775
59.215 188.411 0.706563
69.9813 188.411 0.722872
5.38318 199.178 -0.152854
16.1495 199.178 -0.236667
26.9159 199.178 -0.246746
37.6822 199.178 -0.301528
48.4486 199.178 -0.278498
59.215 199.178 -0.0720331
69.9813 199.178 0.304416
5.38318 209.944 -0.140774
16.1495 209.944 -0.202587
26.9159 209.944 -0.239908
37.6822 209.944 -0.302452
48.4486 209.944 -0.312012
59.215 209.944 -0.158946
69.9813 209.944 0.109074
