37 188
0 168 72 40
0 144 72 72
0 134 72 82
0 72 72 144
0 0 72 216
5.38318 5.38318 0.32359
16.1495 5.38318 0.881449
26.9159 5.38318 1.89349
37.6822 5.38318 2.03031
48.4486 5.38318 1.57601
59.215 5.38318 0.724176
69.9813 5.38318 0.256577
5.38318 16.1495 0.421107
16.1495 16.1495 1.55779
26.9159 16.1495 3.33733
37.6822 16.1495 3.70149
48.4486 16.1495 2.88946
59.215 16.1495 1.43099
69.9813 16.1495 0.581531
5.38318 26.9159 0.146052
16.1495 26.9159 1.41385
26.9159 26.9159 3.54468
37.6822 26.9159 4.00362
48.4486 26.9159 3.04833
59.215 26.9159 1.26891
69.9813 26.9159 0.426939
5.38318 37.6822 0.0519336
16.1495 37.6822 1.01055
26.9159 37.6822 2.55325
37.6822 37.6822 2.79363
48.4486 37.6822 2.20494
59.215 37.6822 0.856892
69.9813 37.6822 0.433123
5.38318 48.4486 0.00243809
16.1495 48.4486 0.646809
26.9159 48.4486 1.59065
37.6822 48.4486 1.79256
48.4486 48.4486 1.62114
59.215 48.4486 0.864334
69.9813 48.4486 0.628868
5.38318 59.215 -0.0167974
16.1495 59.215 0.53033
26.9159 59.215 1.32483
37.6822 59.215 1.5293
48.4486 59.215 1.57176
59.215 59.215 0.912758
69.9813 59.215 0.710323
5.38318 69.9813 -0.206876
16.1495 69.9813 -0.148012
26.9159 69.9813 0.24388
37.6822 69.9813 0.505664
48.4486 69.9813 0.673281
59.215 69.9813 0.367539
69.9813 69.9813 0.474326
5.38318 80.7477 -0.405306
16.1495 80.7477 -0.549067
26.9159 80.7477 -0.46781
37.6822 80.7477 -0.423577
48.4486 80.7477 -0.382623
59.215 80.7477 -0.350755
69.9813 80.7477 -0.0970604
5.38318 91.514 -0.551357
16.1495 91.514 -0.878178
26.9159 91.514 -0.969367
37.6822 91.514 -0.978645
48.4486 91.514 -0.942171
59.215 91.514 -0.717759
69.9813 91.514 -0.305087
5.38318 102.28 -0.586693
16.1495 102.28 -0.945669
26.9159 102.28 -1.04988
37.6822 102.28 -1.06038
48.4486 102.28 -1.01545
59.215 102.28 -0.801775
69.9813 102.28 -0.358312
5.38318 113.047 -0.581101
16.1495 113.047 -0.928825
26.9159 113.047 -1.00629
37.6822 113.047 -1.00814
48.4486 113.047 -0.957364
59.215 113.047 -0.757494
69.9813 113.047 -0.328235
5.38318 123.813 -0.547636
16.1495 123.813 -0.853825
26.9159 123.813 -0.872399
37.6822 123.813 -0.853802
48.4486 123.813 -0.815466
59.215 123.813 -0.626268
69.9813 123.813 -0.26549
5.38318 134.579 -0.444069
16.1495 134.579 -0.622294
26.9159 134.579 -0.477542
37.6822 134.579 -0.437854
48.4486 134.579 -0.443202
59.215 134.579 -0.367364
69.9813 134.579 -0.140186
5.38318 145.346 -0.149045
16.1495 145.346 -0.0455762
26.9159 145.346 0.697564
37.6822 145.346 0.884506
48.4486 145.346 0.653406
59.215 145.346 0.335947
69.9813 145.346 0.238341
5.38318 156.112 0.387537
16.1495 156.112 1.15368
26.9159 156.112 2.19523
37.6822 156.112 2.50543
48.4486 156.112 2.17561
59.215 156.112 1.4777
69.9813 156.112 0.786893
5.38318 166.879 1.06412
16.1495 166.879 2.36449
26.9159 166.879 3.48438
37.6822 166.879 3.77584
48.4486 166.879 3.19132
59.215 166.879 2.23259
69.9813 166.879 1.1442
5.38318 177.645 1.33874
16.1495 177.645 2.88725
26.9159 177.645 4.22297
37.6822 177.645 4.55557
48.4486 177.645 3.89999
59.215 177.645 2.73554
69.9813 177.645 1.47451
5.38318 188.411 1.32801
16.1495 188.411 3.01905
26.9159 188.411 4.5187
37.6822 188.411 4.84689
48.4486 188.411 3.93912
59.215 188.411 2.62111
69.9813 188.411 1.37199
5.38318 199.178 0.848578
16.1495 199.178 2.05614
26.9159 199.178 3.11587
37.6822 199.178 3.33973
48.4486 199.178 2.79067
59.215 199.178 2.04246
69.9813 199.178 1.20947
5.38318 209.944 0.428484
16.1495 209.944 1.07403
26.9159 209.944 1.45404
37.6822 209.944 1.54752
48.4486 209.944 1.33261
59.215 209.944 1.19406
69.9813 209.944 0.828713
