37 26
0 6 72 40
0 0 72 72
0 0 72 82
0 0 72 144
0 0 72 216
5.38318 5.38318 0.607399
16.1495 5.38318 1.11358
26.9159 5.38318 1.84602
37.6822 5.38318 1.93327
48.4486 5.38318 1.68946
59.215 5.38318 1.11792
69.9813 5.38318 0.568542
5.38318 16.1495 0.927619
16.1495 16.1495 2.25142
26.9159 16.1495 3.77994
37.6822 16.1495 3.9745
48.4486 16.1495 3.41225
59.215 16.1495 2.09094
69.9813 16.1495 1.06932
5.38318 26.9159 0.856014
16.1495 26.9159 2.6711
26.9159 26.9159 5.05262
37.6822 26.9159 5.53652
48.4486 26.9159 4.65377
59.215 26.9159 2.64886
69.9813 26.9159 1.26742
5.38318 37.6822 0.629894
16.1495 37.6822 2.35107
26.9159 37.6822 4.79143
37.6822 37.6822 5.31014
48.4486 37.6822 4.34675
59.215 37.6822 2.23086
69.9813 37.6822 0.929007
5.38318 48.4486 0.063386
16.1495 48.4486 1.07871
26.9159 48.4486 3.08619
37.6822 48.4486 3.42563
48.4486 48.4486 2.74455
59.215 48.4486 1.1528
69.9813 48.4486 0.481354
5.38318 59.215 -0.088553
16.1495 59.215 -0.0409259
26.9159 59.215 0.815338
37.6822 59.215 0.863266
48.4486 59.215 0.598888
59.215 59.215 0.228778
69.9813 59.215 0.305649
5.38318 69.9813 -0.10847
16.1495 69.9813 -0.186117
26.9159 69.9813 -0.0302807
37.6822 69.9813 -0.0632708
48.4486 69.9813 -0.0251157
59.215 69.9813 0.22458
69.9813 69.9813 0.484476
5.38318 80.7477 -0.0631018
16.1495 80.7477 -0.123265
26.9159 80.7477 -0.0252767
37.6822 80.7477 -0.112675
48.4486 80.7477 -0.000785257
59.215 80.7477 0.396781
69.9813 80.7477 0.618228
5.38318 91.514 -0.109416
16.1495 91.514 -0.163864
26.9159 91.514 -0.0602432
37.6822 91.514 -0.114696
48.4486 91.514 -0.0353604
59.215 91.514 0.220872
69.9813 91.514 0.43488
5.38318 102.28 -0.162098
16.1495 102.28 -0.204862
26.9159 102.28 -0.12119
37.6822 102.28 -0.126987
48.4486 102.28 -0.134244
59.215 102.28 -0.0722684
69.9813 102.28 0.107266
5.38318 113.047 -0.29322
16.1495 113.047 -0.43986
26.9159 113.047 -0.426039
37.6822 113.047 -0.415173
48.4486 113.047 -0.400994
59.215 113.047 -0.315495
69.9813 113.047 -0.136718
5.38318 123.813 -0.270494
16.1495 123.813 -0.420266
26.9159 123.813 -0.412891
37.6822 123.813 -0.411436
48.4486 123.813 -0.393052
59.215 123.813 -0.300732
69.9813 123.813 -0.128294
5.38318 134.579 -0.212915
16.1495 134.579 -0.319633
26.9159 134.579 -0.294767
37.6822 134.579 -0.253295
48.4486 134.579 -0.227603
59.215 134.579 -0.147912
69.9813 134.579 -0.0382506
5.38318 145.346 -0.0778055
16.1495 145.346 -0.0801102
26.9159 145.346 0.036978
37.6822 145.346 0.25827
48.4486 145.346 0.406027
59.215 145.346 0.383865
69.9813 145.346 0.364103
5.38318 156.112 -0.00877024
16.1495 156.112 0.275123
26.9159 156.112 0.7912
37.6822 156.112 1.2008
48.4486 156.112 1.44203
59.215 156.112 1.22401
69.9813 156.112 0.926074
5.38318 166.879 0.172068
16.1495 166.879 0.720488
26.9159 166.879 1.55963
37.6822 166.879 2.11767
48.4486 166.879 2.51742
59.215 166.879 2.12166
69.9813 166.879 1.51401
5.38318 177.645 0.0862849
16.1495 177.645 0.651878
26.9159 177.645 1.64857
37.6822 177.645 2.30619
48.4486 177.645 2.81712
59.215 177.645 2.47871
69.9813 177.645 1.73994
5.38318 188.411 -0.00611964
16.1495 188.411 0.2842
26.9159 188.411 1.11211
37.6822 188.411 1.63502
48.4486 188.411 2.18395
59.215 188.411 2.1014
69.9813 188.411 1.52521
5.38318 199.178 -0.00357604
16.1495 199.178 0.0612734
26.9159 199.178 0.521639
37.6822 199.178 0.700802
48.4486 199.178 0.945337
59.215 199.178 1.12848
69.9813 199.178 0.907586
5.38318 209.944 -0.0234054
16.1495 209.944 -0.0352841
26.9159 209.944 0.0469361
37.6822 209.944 -0.00485898
48.4486 209.944 0.0690222
59.215 209.944 0.379414
69.9813 209.944 0.389366
