37 177
0 157 72 40
0 141 72 72
0 134 72 82
0 72 72 144
0 0 72 216
5.38318 5.38318 0.527552
16.1495 5.38318 0.591893
26.9159 5.38318 0.631426
37.6822 5.38318 0.534719
48.4486 5.38318 0.41881
59.215 5.38318 0.355793
69.9813 5.38318 0.226744
5.38318 16.1495 0.668826
16.1495 16.1495 0.98872
26.9159 16.1495 1.21293
37.6822 16.1495 1.06675
48.4486 16.1495 1.04476
59.215 16.1495 0.984489
69.9813 16.1495 0.653632
5.38318 26.9159 0.26897
16.1495 26.9159 0.351161
26.9159 26.9159 0.697017
37.6822 26.9159 0.511583
48.4486 26.9159 0.825588
59.215 26.9159 0.888227
69.9813 26.9159 0.707017
5.38318 37.6822 -0.165239
16.1495 37.6822 -0.201893
26.9159 37.6822 0.266193
37.6822 37.6822 0.484999
48.4486 37.6822 1.21325
59.215 37.6822 1.3718
69.9813 37.6822 1.10565
5.38318 48.4486 -0.197796
16.1495 48.4486 -0.255945
26.9159 48.4486 0.137246
37.6822 48.4486 0.434942
48.4486 48.4486 1.23201
59.215 48.4486 1.37428
69.9813 48.4486 1.13734
5.38318 59.215 -0.148605
16.1495 59.215 -0.184163
26.9159 59.215 0.132847
37.6822 59.215 0.341719
48.4486 59.215 0.948921
59.215 59.215 1.15121
69.9813 59.215 0.983295
5.38318 69.9813 -0.141455
16.1495 69.9813 -0.188431
26.9159 69.9813 -0.0630127
37.6822 69.9813 -0.107784
48.4486 69.9813 -0.01647
59.215 69.9813 0.134879
69.9813 69.9813 0.272725
5.38318 80.7477 -0.200723
16.1495 80.7477 -0.288419
26.9159 80.7477 -0.257453
37.6822 80.7477 -0.290901
48.4486 80.7477 -0.265282
59.215 80.7477 -0.184609
69.9813 80.7477 -0.0434766
5.38318 91.514 -0.266791
16.1495 91.514 -0.407262
26.9159 91.514 -0.420598
37.6822 91.514 -0.433078
48.4486 91.514 -0.444731
59.215 91.514 -0.343863
69.9813 91.514 -0.161592
5.38318 102.28 -0.282885
16.1495 102.28 -0.428956
26.9159 102.28 -0.434387
37.6822 102.28 -0.42316
48.4486 102.28 -0.432133
59.215 102.28 -0.335419
69.9813 102.28 -0.159021
5.38318 113.047 -0.293883
16.1495 113.047 -0.447338
26.9159 113.047 -0.423258
37.6822 113.047 -0.40283
48.4486 113.047 -0.374117
59.215 113.047 -0.283615
69.9813 113.047 -0.11856
5.38318 123.813 -0.255716
16.1495 123.813 -0.42228
26.9159 123.813 -0.37059
37.6822 123.813 -0.338336
48.4486 123.813 -0.295519
59.215 123.813 -0.181139
69.9813 123.813 -0.0553503
5.38318 134.579 -0.176321
16.1495 134.579 -0.281129
26.9159 134.579 -0.136862
37.6822 134.579 -0.0230512
48.4486 134.579 0.0123318
59.215 134.579 0.228639
69.9813 134.579 0.233004
5.38318 145.346 -0.029433
16.1495 145.346 0.00788655
26.9159 145.346 0.640019
37.6822 145.346 1.03021
48.4486 145.346 1.0903
59.215 145.346 1.0694
69.9813 145.346 0.704624
5.38318 156.112 0.3359
16.1495 156.112 0.974286
26.9159 156.112 2.14029
37.6822 156.112 2.80239
48.4486 156.112 2.77582
59.215 156.112 2.2181
69.9813 156.112 1.2914
5.38318 166.879 0.820951
16.1495 166.879 2.04649
26.9159 166.879 3.65795
37.6822 166.879 4.76683
48.4486 166.879 4.69521
59.215 166.879 3.45745
69.9813 166.879 1.85907
5.38318 177.645 1.16388
16.1495 177.645 2.58942
26.9159 177.645 4.50868
37.6822 177.645 5.83173
48.4486 177.645 5.67654
59.215 177.645 4.06715
69.9813 177.645 2.10204
5.38318 188.411 1.27682
16.1495 188.411 2.59544
26.9159 188.411 4.2364
37.6822 188.411 5.16869
48.4486 188.411 4.93424
59.215 188.411 3.51072
69.9813 188.411 1.85278
5.38318 199.178 1.12332
16.1495 199.178 2.04585
26.9159 199.178 2.95262
37.6822 199.178 3.17067
48.4486 199.178 2.91286
59.215 199.178 2.13888
69.9813 199.178 1.28451
5.38318 209.944 0.603165
16.1495 209.944 1.04946
26.9159 209.944 1.5986
37.6822 209.944 1.79123
48.4486 209.944 1.89202
59.215 209.944 1.52878
69.9813 209.944 1.01636
