37 177
0 157 72 40
0 141 72 72
0 134 72 82
0 72 72 144
0 0 72 216
5.38318 5.38318 -0.0208774
16.1495 5.38318 0.208037
26.9159 5.38318 1.0466
37.6822 5.38318 1.83768
48.4486 5.38318 2.07497
59.215 5.38318 1.72659
69.9813 5.38318 1.01182
5.38318 16.1495 -0.00709736
16.1495 16.1495 0.62347
26.9159 16.1495 2.0321
37.6822 16.1495 3.28973
48.4486 16.1495 3.83299
59.215 16.1495 3.34947
69.9813 16.1495 2.02774
5.38318 26.9159 -0.0132483
16.1495 26.9159 0.777842
26.9159 26.9159 2.34935
37.6822 26.9159 3.76036
48.4486 26.9159 4.47714
59.215 26.9159 4.07955
69.9813 26.9159 2.56852
5.38318 37.6822 0.779379
16.1495 37.6822 1.94767
26.9159 37.6822 3.11828
37.6822 37.6822 3.96211
48.4486 37.6822 4.31742
59.215 37.6822 3.85511
69.9813 37.6822 2.43988
5.38318 48.4486 1.35071
16.1495 48.4486 2.85728
26.9159 48.4486 4.13853
37.6822 48.4486 4.53535
48.4486 48.4486 4.19021
59.215 48.4486 3.32843
69.9813 48.4486 1.91457
5.38318 59.215 1.52947
16.1495 59.215 3.01176
26.9159 59.215 4.22575
37.6822 59.215 4.4747
48.4486 59.215 4.0726
59.215 59.215 3.19973
69.9813 59.215 1.84016
5.38318 69.9813 1.05393
16.1495 69.9813 1.97853
26.9159 69.9813 2.91835
37.6822 69.9813 3.01053
48.4486 69.9813 2.69454
59.215 69.9813 2.08766
69.9813 69.9813 1.19947
5.38318 80.7477 0.125731
16.1495 80.7477 0.262771
26.9159 80.7477 0.711103
37.6822 80.7477 0.413027
48.4486 80.7477 0.114089
59.215 80.7477 -0.0167374
69.9813 80.7477 0.15004
5.38318 91.514 -0.387458
16.1495 91.514 -0.609207
26.9159 91.514 -0.577921
37.6822 91.514 -0.70674
48.4486 91.514 -0.76247
59.215 91.514 -0.666195
69.9813 91.514 -0.298604
5.38318 102.28 -0.556804
16.1495 102.28 -0.888829
26.9159 102.28 -0.956669
37.6822 102.28 -0.978123
48.4486 102.28 -0.942092
59.215 102.28 -0.749647
69.9813 102.28 -0.324649
5.38318 113.047 -0.574145
16.1495 113.047 -0.918232
26.9159 113.047 -0.996771
37.6822 113.047 -1.00059
48.4486 113.047 -0.946527
59.215 113.047 -0.739035
69.9813 113.047 -0.313474
5.38318 123.813 -0.536711
16.1495 123.813 -0.83029
26.9159 123.813 -0.81783
37.6822 123.813 -0.78876
48.4486 123.813 -0.729196
59.215 123.813 -0.55231
69.9813 123.813 -0.217444
5.38318 134.579 -0.374329
16.1495 134.579 -0.50056
26.9159 134.579 -0.354608
37.6822 134.579 -0.2982
48.4486 134.579 -0.280803
59.215 134.579 -0.236511
69.9813 134.579 -0.0497113
5.38318 145.346 -0.0951597
16.1495 145.346 0.165511
26.9159 145.346 0.987951
37.6822 145.346 1.36905
48.4486 145.346 1.16671
59.215 145.346 0.733533
69.9813 145.346 0.491708
5.38318 156.112 0.519263
16.1495 156.112 1.47586
26.9159 156.112 2.6171
37.6822 156.112 3.0436
48.4486 156.112 2.634
59.215 156.112 1.77526
69.9813 156.112 0.97487
5.38318 166.879 0.983282
16.1495 166.879 2.43106
26.9159 166.879 4.10582
37.6822 166.879 4.63642
48.4486 166.879 3.77622
59.215 166.879 2.31016
69.9813 166.879 1.13909
5.38318 177.645 1.18916
16.1495 177.645 2.805
26.9159 177.645 4.93037
37.6822 177.645 5.38921
48.4486 177.645 4.34131
59.215 177.645 2.48147
69.9813 177.645 1.16608
5.38318 188.411 1.04654
16.1495 188.411 2.70342
26.9159 188.411 4.81562
37.6822 188.411 5.19707
48.4486 188.411 3.94596
59.215 188.411 2.13618
69.9813 188.411 0.83581
5.38318 199.178 0.730878
16.1495 199.178 1.80593
26.9159 199.178 2.87514
37.6822 199.178 2.9908
48.4486 199.178 2.42709
59.215 199.178 1.49977
69.9813 199.178 0.888073
5.38318 209.944 0.432805
16.1495 209.944 1.00639
26.9159 209.944 1.20167
37.6822 209.944 1.2474
48.4486 209.944 1.01844
59.215 209.944 0.851299
69.9813 209.944 0.619273
