37 177
0 157 72 40
0 141 72 72
0 134 72 82
0 72 72 144
0 0 72 216
5.38318 5.38318 0.160765
16.1495 5.38318 0.328543
26.9159 5.38318 0.793269
37.6822 5.38318 1.10341
48.4486 5.38318 1.08631
59.215 5.38318 0.770763
69.9813 5.38318 0.414227
5.38318 16.1495 0.3272
16.1495 16.1495 0.817486
26.9159 16.1495 1.62794
37.6822 16.1495 2.08147
48.4486 16.1495 2.04476
59.215 16.1495 1.52314
69.9813 16.1495 0.825717
5.38318 26.9159 0.386654
16.1495 26.9159 1.02078
26.9159 26.9159 1.74357
37.6822 26.9159 2.11057
48.4486 26.9159 1.92104
59.215 26.9159 1.39924
69.9813 26.9159 0.746045
5.38318 37.6822 0.650882
16.1495 37.6822 1.49459
26.9159 37.6822 1.91944
37.6822 37.6822 1.84815
48.4486 37.6822 1.25932
59.215 37.6822 0.872849
69.9813 37.6822 0.487903
5.38318 48.4486 0.585513
16.1495 48.4486 1.36496
26.9159 48.4486 1.60714
37.6822 48.4486 1.42321
48.4486 48.4486 0.781899
59.215 48.4486 0.589132
69.9813 48.4486 0.369325
5.38318 59.215 0.0947186
16.1495 59.215 0.642724
26.9159 59.215 0.96756
37.6822 59.215 1.20609
48.4486 59.215 0.85586
59.215 59.215 0.774118
69.9813 59.215 0.450194
5.38318 69.9813 -0.154946
16.1495 69.9813 -0.0885394
26.9159 69.9813 0.0340483
37.6822 69.9813 0.365792
48.4486 69.9813 0.191025
59.215 69.9813 0.327692
69.9813 69.9813 0.210134
5.38318 80.7477 -0.242635
16.1495 80.7477 -0.318671
26.9159 80.7477 -0.302089
37.6822 80.7477 -0.247443
48.4486 80.7477 -0.251632
59.215 80.7477 -0.139729
69.9813 80.7477 -0.0416972
5.38318 91.514 -0.280934
16.1495 91.514 -0.418171
26.9159 91.514 -0.454632
37.6822 91.514 -0.46466
48.4486 91.514 -0.474009
59.215 91.514 -0.3647
69.9813 91.514 -0.168853
5.38318 102.28 -0.295168
16.1495 102.28 -0.448009
26.9159 102.28 -0.46096
37.6822 102.28 -0.461729
48.4486 102.28 -0.436398
59.215 102.28 -0.341659
69.9813 102.28 -0.145475
5.38318 113.047 -0.287961
16.1495 113.047 -0.424346
26.9159 113.047 -0.38286
37.6822 113.047 -0.358841
48.4486 113.047 -0.349953
59.215 113.047 -0.286083
69.9813 113.047 -0.126832
5.38318 123.813 -0.222932
16.1495 123.813 -0.264978
26.9159 123.813 -0.117964
37.6822 123.813 -0.0459119
48.4486 123.813 -0.0730028
59.215 123.813 -0.108444
69.9813 123.813 -0.048169
5.38318 134.579 -0.0737613
16.1495 134.579 0.0276146
26.9159 134.579 0.743476
37.6822 134.579 1.05346
48.4486 134.579 0.932612
59.215 134.579 0.554354
69.9813 134.579 0.30684
5.38318 145.346 0.282345
16.1495 145.346 0.855716
26.9159 145.346 1.92271
37.6822 145.346 2.43069
48.4486 145.346 2.29011
59.215 145.346 1.55544
69.9813 145.346 0.80714
5.38318 156.112 0.850964
16.1495 156.112 1.76078
26.9159 156.112 3.05057
37.6822 156.112 3.67894
48.4486 156.112 3.4341
59.215 156.112 2.41482
69.9813 156.112 1.23882
5.38318 166.879 1.37454
16.1495 166.879 2.75169
26.9159 166.879 4.23968
37.6822 166.879 4.63182
48.4486 166.879 4.10745
59.215 166.879 2.84464
69.9813 166.879 1.51897
5.38318 177.645 1.80903
16.1495 177.645 3.48865
26.9159 177.645 5.09605
37.6822 177.645 5.16275
48.4486 177.645 4.41531
59.215 177.645 3.02173
69.9813 177.645 1.74234
5.38318 188.411 1.7837
16.1495 188.411 3.45283
26.9159 188.411 5.03718
37.6822 188.411 4.94254
48.4486 188.411 4.19155
59.215 188.411 2.84958
69.9813 188.411 1.76242
5.38318 199.178 1.46032
16.1495 199.178 2.32331
26.9159 199.178 3.08308
37.6822 199.178 2.76411
48.4486 199.178 2.63002
59.215 199.178 2.05791
69.9813 199.178 1.55442
5.38318 209.944 0.896354
16.1495 209.944 1.23607
26.9159 209.944 1.33842
37.6822 209.944 0.883767
48.4486 209.944 1.00109
59.215 209.944 1.06378
69.9813 209.944 0.998212
