37 37
0 17 72 40
0 1 72 72
0 0 72 82
0 0 72 144
0 0 72 216
5.38318 5.38318 0.890517
16.1495 5.38318 1.25721
26.9159 5.38318 1.55646
37.6822 5.38318 1.46017
48.4486 5.38318 1.22707
59.215 5.38318 0.943398
69.9813 5.38318 0.543565
5.38318 16.1495 1.64756
16.1495 16.1495 2.71247
26.9159 16.1495 3.60576
37.6822 16.1495 3.33514
48.4486 16.1495 2.76371
59.215 16.1495 1.92083
69.9813 16.1495 1.1111
5.38318 26.9159 2.06186
16.1495 26.9159 3.74744
26.9159 26.9159 5.50361
37.6822 26.9159 5.34426
48.4486 26.9159 4.35172
59.215 26.9159 2.64847
69.9813 26.9159 1.31466
5.38318 37.6822 1.87246
16.1495 37.6822 3.81091
26.9159 37.6822 6.04316
37.6822 37.6822 6.16423
48.4486 37.6822 5.04589
59.215 37.6822 2.84027
69.9813 37.6822 1.31322
5.38318 48.4486 1.33762
16.1495 48.4486 2.89019
26.9159 48.4486 4.83421
37.6822 48.4486 5.09107
48.4486 48.4486 4.17023
59.215 48.4486 2.31246
69.9813 48.4486 1.02625
5.38318 59.215 0.688675
16.1495 59.215 1.47594
26.9159 59.215 2.25339
37.6822 59.215 2.29872
48.4486 59.215 1.98956
59.215 59.215 1.22129
69.9813 59.215 0.739813
5.38318 69.9813 0.564448
16.1495 69.9813 1.10361
26.9159 69.9813 1.34324
37.6822 69.9813 1.26838
48.4486 69.9813 1.11349
59.215 69.9813 0.862144
69.9813 69.9813 0.663161
5.38318 80.7477 0.247104
16.1495 80.7477 0.513381
26.9159 80.7477 0.55985
37.6822 80.7477 0.371279
48.4486 80.7477 0.374866
59.215 80.7477 0.369262
69.9813 80.7477 0.442969
5.38318 91.514 -0.143539
16.1495 91.514 -0.193266
26.9159 91.514 -0.194764
37.6822 91.514 -0.230792
48.4486 91.514 -0.225713
59.215 91.514 -0.156929
69.9813 91.514 -0.00449509
5.38318 102.28 -0.274786
16.1495 102.28 -0.4202
26.9159 102.28 -0.422661
37.6822 102.28 -0.426886
48.4486 102.28 -0.425303
59.215 102.28 -0.333067
69.9813 102.28 -0.14878
5.38318 113.047 -0.258416
16.1495 113.047 -0.406157
26.9159 113.047 -0.389697
37.6822 113.047 -0.38156
48.4486 113.047 -0.345684
59.215 113.047 -0.241065
69.9813 113.047 -0.0858353
5.38318 123.813 -0.0203052
16.1495 123.813 -0.0790471
26.9159 123.813 -0.0589194
37.6822 123.813 -0.0884225
48.4486 123.813 -0.0386181
59.215 123.813 0.0624564
69.9813 123.813 0.241769
5.38318 134.579 0.831422
16.1495 134.579 1.01595
26.9159 134.579 0.925016
37.6822 134.579 0.697868
48.4486 134.579 1.03455
59.215 134.579 1.15158
69.9813 134.579 0.974931
5.38318 145.346 1.76108
16.1495 145.346 2.3617
26.9159 145.346 2.18049
37.6822 145.346 1.8019
48.4486 145.346 2.27163
59.215 145.346 2.41628
69.9813 145.346 1.83849
5.38318 156.112 2.25738
16.1495 156.112 3.07102
26.9159 156.112 2.92749
37.6822 156.112 2.44939
48.4486 156.112 3.03901
59.215 156.112 3.16142
69.9813 156.112 2.38768
5.38318 166.879 1.88699
16.1495 166.879 2.81308
26.9159 166.879 3.26357
37.6822 166.879 3.00948
48.4486 166.879 3.38247
59.215 166.879 3.13788
69.9813 166.879 2.21659
5.38318 177.645 1.23209
16.1495 177.645 2.32295
26.9159 177.645 3.7302
37.6822 177.645 3.80488
48.4486 177.645 3.61179
59.215 177.645 2.48406
69.9813 177.645 1.52451
5.38318 188.411 0.899648
16.1495 188.411 2.13509
26.9159 188.411 4.14821
37.6822 188.411 4.46891
48.4486 188.411 4.08814
59.215 188.411 2.47041
69.9813 188.411 1.3714
5.38318 199.178 0.593036
16.1495 199.178 1.65533
26.9159 199.178 3.27316
37.6822 199.178 3.44942
48.4486 199.178 3.03679
59.215 199.178 1.80612
69.9813 199.178 1.05436
5.38318 209.944 0.218721
16.1495 209.944 0.632935
26.9159 209.944 1.37138
37.6822 209.944 1.30914
48.4486 209.944 1.15167
59.215 209.944 0.772472
69.9813 209.944 0.64473
