37 37
0 17 72 40
0 1 72 72
0 0 72 82
0 0 72 144
0 0 72 216
5.38318 5.38318 0.822833
16.1495 5.38318 1.47672
26.9159 5.38318 1.86882
37.6822 5.38318 1.90785
48.4486 5.38318 1.69649
59.215 5.38318 1.20515
69.9813 5.38318 0.696705
5.38318 16.1495 1.45052
16.1495 16.1495 2.79777
26.9159 16.1495 3.75816
37.6822 16.1495 3.98608
48.4486 16.1495 3.57381
59.215 16.1495 2.49736
69.9813 16.1495 1.38756
5.38318 26.9159 1.78374
16.1495 26.9159 3.57341
26.9159 26.9159 5.09678
37.6822 26.9159 5.46265
48.4486 26.9159 4.78572
59.215 26.9159 3.29898
69.9813 26.9159 1.7745
5.38318 37.6822 1.6839
16.1495 37.6822 3.44335
26.9159 37.6822 5.15782
37.6822 37.6822 5.55409
48.4486 37.6822 4.82599
59.215 37.6822 3.24664
69.9813 37.6822 1.74348
5.38318 48.4486 1.417
16.1495 48.4486 2.97199
26.9159 48.4486 4.41258
37.6822 48.4486 4.6477
48.4486 48.4486 3.92071
59.215 48.4486 2.62717
69.9813 48.4486 1.45097
5.38318 59.215 0.709043
16.1495 59.215 1.63709
26.9159 59.215 2.31964
37.6822 59.215 2.4991
48.4486 59.215 2.14871
59.215 59.215 1.63952
69.9813 59.215 1.03803
5.38318 69.9813 0.338706
16.1495 69.9813 0.88051
26.9159 69.9813 1.18385
37.6822 69.9813 1.39016
48.4486 69.9813 1.12065
59.215 69.9813 1.03765
69.9813 69.9813 0.70335
5.38318 80.7477 -0.166721
16.1495 80.7477 -0.202462
26.9159 80.7477 -0.193121
37.6822 80.7477 -0.189382
48.4486 80.7477 -0.275844
59.215 80.7477 -0.135292
69.9813 80.7477 -6.74482e-05
5.38318 91.514 -0.487019
16.1495 91.514 -0.770259
26.9159 91.514 -0.841671
37.6822 91.514 -0.868243
48.4486 91.514 -0.88637
59.215 91.514 -0.656062
69.9813 91.514 -0.286155
5.38318 102.28 -0.578758
16.1495 102.28 -0.934051
26.9159 102.28 -1.02651
37.6822 102.28 -1.03698
48.4486 102.28 -0.990358
59.215 102.28 -0.791015
69.9813 102.28 -0.347002
5.38318 113.047 -0.580176
16.1495 113.047 -0.928545
26.9159 113.047 -1.00868
37.6822 113.047 -1.00931
48.4486 113.047 -0.961522
59.215 113.047 -0.759826
69.9813 113.047 -0.331958
5.38318 123.813 -0.497682
16.1495 123.813 -0.783588
26.9159 123.813 -0.782327
37.6822 123.813 -0.792898
48.4486 123.813 -0.815605
59.215 123.813 -0.644897
69.9813 123.813 -0.294546
5.38318 134.579 -0.162727
16.1495 134.579 -0.273873
26.9159 134.579 -0.243289
37.6822 134.579 -0.285952
48.4486 134.579 -0.487293
59.215 134.579 -0.447334
69.9813 134.579 -0.228443
5.38318 145.346 0.784226
16.1495 145.346 1.12837
26.9159 145.346 1.26938
37.6822 145.346 1.17211
48.4486 145.346 0.212312
59.215 145.346 -0.0730206
69.9813 145.346 -0.0959724
5.38318 156.112 1.67914
16.1495 156.112 2.45525
26.9159 156.112 2.65775
37.6822 156.112 2.51947
48.4486 156.112 1.61094
59.215 156.112 0.993408
69.9813 156.112 0.44946
5.38318 166.879 1.87294
16.1495 166.879 2.85433
26.9159 166.879 3.17827
37.6822 166.879 3.08152
48.4486 166.879 2.48919
59.215 166.879 1.90621
69.9813 166.879 1.08093
5.38318 177.645 1.57387
16.1495 177.645 2.80868
26.9159 177.645 3.64561
37.6822 177.645 3.93348
48.4486 177.645 3.82569
59.215 177.645 3.09519
69.9813 177.645 1.90322
5.38318 188.411 1.15278
16.1495 188.411 2.43223
26.9159 188.411 3.59801
37.6822 188.411 4.27554
48.4486 188.411 4.375
59.215 188.411 3.57474
69.9813 188.411 2.16083
5.38318 199.178 1.01407
16.1495 199.178 2.17938
26.9159 199.178 3.1473
37.6822 199.178 3.67834
48.4486 199.178 3.59801
59.215 199.178 2.96039
69.9813 199.178 1.74571
5.38318 209.944 0.419017
16.1495 209.944 0.959471
26.9159 209.944 1.30259
37.6822 209.944 1.52947
48.4486 209.944 1.43448
59.215 209.944 1.36462
69.9813 209.944 0.854362
