37 48
0 28 72 40
0 12 72 72
0 7 72 82
0 0 72 144
0 0 72 216
5.38318 5.38318 0.287649
16.1495 5.38318 0.464806
26.9159 5.38318 0.683801
37.6822 5.38318 0.75522
48.4486 5.38318 0.786074
59.215 5.38318 0.650315
69.9813 5.38318 0.436367
5.38318 16.1495 0.588782
16.1495 16.1495 1.23506
26.9159 16.1495 1.93045
37.6822 16.1495 2.15916
48.4486 16.1495 2.16814
59.215 16.1495 1.67873
69.9813 16.1495 1.03881
5.38318 26.9159 0.582195
16.1495 26.9159 1.5674
26.9159 26.9159 2.75141
37.6822 26.9159 3.16852
48.4486 26.9159 3.04521
59.215 26.9159 2.16828
69.9813 26.9159 1.27385
5.38318 37.6822 0.971417
16.1495 37.6822 2.4178
26.9159 37.6822 4.1647
37.6822 37.6822 4.67744
48.4486 37.6822 4.26173
59.215 37.6822 2.74251
69.9813 37.6822 1.49754
5.38318 48.4486 0.974231
16.1495 48.4486 2.60073
26.9159 48.4486 4.59574
37.6822 48.4486 5.18223
48.4486 48.4486 4.54944
59.215 48.4486 2.74766
69.9813 48.4486 1.41978
5.38318 59.215 0.786583
16.1495 59.215 2.08809
26.9159 59.215 3.64871
37.6822 59.215 3.98564
48.4486 59.215 3.42646
59.215 59.215 2.03678
69.9813 59.215 1.03992
5.38318 69.9813 0.105238
16.1495 69.9813 0.437044
26.9159 69.9813 1.0729
37.6822 69.9813 1.05094
48.4486 69.9813 0.712207
59.215 69.9813 0.355725
69.9813 69.9813 0.276197
5.38318 80.7477 -0.275645
16.1495 80.7477 -0.424918
26.9159 80.7477 -0.42509
37.6822 80.7477 -0.503318
48.4486 80.7477 -0.569253
59.215 80.7477 -0.418012
69.9813 80.7477 -0.161739
5.38318 91.514 -0.550674
16.1495 91.514 -0.910611
26.9159 91.514 -1.00966
37.6822 91.514 -1.03581
48.4486 91.514 -0.976238
59.215 91.514 -0.723217
69.9813 91.514 -0.300825
5.38318 102.28 -0.594932
16.1495 102.28 -0.96586
26.9159 102.28 -1.05867
37.6822 102.28 -1.06835
48.4486 102.28 -1.00905
59.215 102.28 -0.794074
69.9813 102.28 -0.347013
5.38318 113.047 -0.590763
16.1495 113.047 -0.946365
26.9159 113.047 -1.02938
37.6822 113.047 -1.02841
48.4486 113.047 -0.970851
59.215 113.047 -0.761834
69.9813 113.047 -0.326816
5.38318 123.813 -0.582925
16.1495 123.813 -0.929085
26.9159 123.813 -0.996226
37.6822 123.813 -0.962884
48.4486 123.813 -0.876487
59.215 123.813 -0.589813
69.9813 123.813 -0.218975
5.38318 134.579 -0.562149
16.1495 134.579 -0.886829
26.9159 134.579 -0.916463
37.6822 134.579 -0.759695
48.4486 134.579 -0.548235
59.215 134.579 -0.287592
69.9813 134.579 -0.0241764
5.38318 145.346 -0.419739
16.1495 145.346 -0.642818
26.9159 145.346 -0.600413
37.6822 145.346 -0.317258
48.4486 145.346 0.0511564
59.215 145.346 0.628607
69.9813 145.346 0.702113
5.38318 156.112 -0.0917998
16.1495 156.112 -0.176421
26.9159 156.112 -0.160664
37.6822 156.112 0.496267
48.4486 156.112 1.3477
59.215 156.112 1.71098
69.9813 156.112 1.32876
5.38318 166.879 0.797917
16.1495 166.879 1.07033
26.9159 166.879 0.651355
37.6822 166.879 0.974504
48.4486 166.879 1.50289
59.215 166.879 1.93786
69.9813 166.879 1.44327
5.38318 177.645 1.25789
16.1495 177.645 1.63993
26.9159 177.645 1.05419
37.6822 177.645 0.7343
48.4486 177.645 0.903483
59.215 177.645 1.45309
69.9813 177.645 1.18974
5.38318 188.411 0.867718
16.1495 188.411 1.05738
26.9159 188.411 0.433691
37.6822 188.411 -0.146892
48.4486 188.411 -0.218844
59.215 188.411 0.412319
69.9813 188.411 0.570867
5.38318 199.178 -0.0595471
16.1495 199.178 -0.163658
26.9159 199.178 -0.237691
37.6822 199.178 -0.346703
48.4486 199.178 -0.298064
59.215 199.178 0.0953246
69.9813 199.178 0.371521
5.38318 209.944 -0.145388
16.1495 209.944 -0.224728
26.9159 209.944 -0.180474
37.6822 209.944 -0.197628
48.4486 209.944 -0.146602
59.215 209.944 0.0559493
69.9813 209.944 0.260128
