37 177
0 157 72 40
0 141 72 72
0 134 72 82
0 72 72 144
0 0 72 216
5.38318 5.38318 0.363488
16.1495 5.38318 0.71722
26.9159 5.38318 1.16116
37.6822 5.38318 1.21727
48.4486 5.38318 1.26238
59.215 5.38318 1.10032
69.9813 5.38318 0.74349
5.38318 16.1495 0.647196
16.1495 16.1495 1.53179
26.9159 16.1495 2.34268
37.6822 16.1495 2.58135
48.4486 16.1495 2.67922
59.215 16.1495 2.31088
69.9813 16.1495 1.51169
5.38318 26.9159 0.773281
16.1495 26.9159 1.93269
26.9159 26.9159 3.18317
37.6822 26.9159 3.74578
48.4486 26.9159 3.9113
59.215 26.9159 3.36519
69.9813 26.9159 2.13874
5.38318 37.6822 0.983777
16.1495 37.6822 2.14121
26.9159 37.6822 3.39372
37.6822 37.6822 4.08999
48.4486 37.6822 4.20732
59.215 37.6822 3.53741
69.9813 37.6822 2.14872
5.38318 48.4486 1.12158
16.1495 48.4486 2.08046
26.9159 48.4486 3.11109
37.6822 48.4486 3.61535
48.4486 48.4486 3.6256
59.215 48.4486 2.94748
69.9813 48.4486 1.7657
5.38318 59.215 0.80137
16.1495 59.215 1.36521
26.9159 59.215 1.97263
37.6822 59.215 2.09159
48.4486 59.215 1.95929
59.215 59.215 1.64179
69.9813 59.215 1.01637
5.38318 69.9813 0.194581
16.1495 69.9813 0.469632
26.9159 69.9813 0.758387
37.6822 69.9813 0.787734
48.4486 69.9813 0.603628
59.215 69.9813 0.663354
69.9813 69.9813 0.552538
5.38318 80.7477 -0.227869
16.1495 80.7477 -0.297451
26.9159 80.7477 -0.329561
37.6822 80.7477 -0.285076
48.4486 80.7477 -0.370389
59.215 80.7477 -0.18243
69.9813 80.7477 -0.0158803
5.38318 91.514 -0.503936
16.1495 91.514 -0.805441
26.9159 91.514 -0.895493
37.6822 91.514 -0.877655
48.4486 91.514 -0.861993
59.215 91.514 -0.596605
69.9813 91.514 -0.240572
5.38318 102.28 -0.570045
16.1495 102.28 -0.916147
26.9159 102.28 -1.00877
37.6822 102.28 -0.993984
48.4486 102.28 -0.936133
59.215 102.28 -0.685864
69.9813 102.28 -0.281386
5.38318 113.047 -0.584707
16.1495 113.047 -0.937852
26.9159 113.047 -1.02547
37.6822 113.047 -1.02677
48.4486 113.047 -0.97206
59.215 113.047 -0.766646
69.9813 113.047 -0.330503
5.38318 123.813 -0.577063
16.1495 123.813 -0.923559
26.9159 123.813 -1.00301
37.6822 123.813 -1.00621
48.4486 123.813 -0.953169
59.215 123.813 -0.75021
69.9813 123.813 -0.321418
5.38318 134.579 -0.554196
16.1495 134.579 -0.88115
26.9159 134.579 -0.947834
37.6822 134.579 -0.955938
48.4486 134.579 -0.90989
59.215 134.579 -0.697706
69.9813 134.579 -0.294909
5.38318 145.346 -0.446434
16.1495 145.346 -0.611671
26.9159 145.346 -0.465098
37.6822 145.346 -0.431767
48.4486 145.346 -0.437009
59.215 145.346 -0.415853
69.9813 145.346 -0.166088
5.38318 156.112 -0.202416
16.1495 156.112 -0.0587246
26.9159 156.112 0.935765
37.6822 156.112 1.2194
48.4486 156.112 1.03533
59.215 156.112 0.251289
69.9813 156.112 0.192418
5.38318 166.879 0.330994
16.1495 166.879 1.65054
26.9159 166.879 3.43072
37.6822 166.879 4.04823
48.4486 166.879 3.53817
59.215 166.879 1.93008
69.9813 166.879 0.923773
5.38318 177.645 0.761035
16.1495 177.645 2.43742
26.9159 177.645 4.75011
37.6822 177.645 5.60508
48.4486 177.645 4.98943
59.215 177.645 2.85256
69.9813 177.645 1.4268
5.38318 188.411 0.935681
16.1495 188.411 2.54858
26.9159 188.411 4.59717
37.6822 188.411 5.27905
48.4486 188.411 4.63299
59.215 188.411 2.76557
69.9813 188.411 1.41769
5.38318 199.178 0.566324
16.1495 199.178 1.55624
26.9159 199.178 2.58081
37.6822 199.178 2.73144
48.4486 199.178 2.45728
59.215 199.178 1.52473
69.9813 199.178 0.95533
5.38318 209.944 0.317727
16.1495 209.944 0.840464
26.9159 209.944 1.1298
37.6822 209.944 1.00579
48.4486 209.944 0.78648
59.215 209.944 0.55207
69.9813 209.944 0.497372
