37 188
0 168 72 40
0 144 72 72
0 134 72 82
0 72 72 144
0 0 72 216
5.38318 5.38318 0.517937
16.1495 5.38318 0.890905
26.9159 5.38318 1.20121
37.6822 5.38318 1.07775
48.4486 5.38318 0.885683
59.215 5.38318 0.565746
69.9813 5.38318 0.361832
5.38318 16.1495 1.06998
16.1495 16.1495 2.05014
26.9159 16.1495 2.69684
37.6822 16.1495 2.56224
48.4486 16.1495 2.24644
59.215 16.1495 1.65468
69.9813 16.1495 1.07992
5.38318 26.9159 1.35629
16.1495 26.9159 2.46667
26.9159 26.9159 3.15348
37.6822 26.9159 3.00104
48.4486 26.9159 2.9001
59.215 26.9159 2.26434
69.9813 26.9159 1.57917
5.38318 37.6822 2.04083
16.1495 37.6822 3.3639
26.9159 37.6822 3.91538
37.6822 37.6822 3.79729
48.4486 37.6822 4.13389
59.215 37.6822 3.70861
69.9813 37.6822 2.58415
5.38318 48.4486 2.22285
16.1495 48.4486 3.5975
26.9159 48.4486 4.04131
37.6822 48.4486 3.83254
48.4486 48.4486 4.36524
59.215 48.4486 4.10495
69.9813 48.4486 2.91718
5.38318 59.215 1.76495
16.1495 59.215 2.87566
26.9159 59.215 3.35297
37.6822 59.215 3.25035
48.4486 59.215 3.66166
59.215 59.215 3.45335
69.9813 59.215 2.44355
5.38318 69.9813 0.294968
16.1495 69.9813 0.60159
26.9159 69.9813 1.02308
37.6822 69.9813 0.913796
48.4486 69.9813 1.0336
59.215 69.9813 0.978025
69.9813 69.9813 0.862152
5.38318 80.7477 -0.20064
16.1495 80.7477 -0.264023
26.9159 80.7477 -0.182224
37.6822 80.7477 -0.224507
48.4486 80.7477 -0.264157
59.215 80.7477 -0.210163
69.9813 80.7477 -0.0080771
5.38318 91.514 -0.317144
16.1495 91.514 -0.483225
26.9159 91.514 -0.426738
37.6822 91.514 -0.449382
48.4486 91.514 -0.450976
59.215 91.514 -0.378642
69.9813 91.514 -0.150265
5.38318 102.28 -0.301686
16.1495 102.28 -0.453344
26.9159 102.28 -0.448791
37.6822 102.28 -0.443174
48.4486 102.28 -0.43462
59.215 102.28 -0.347955
69.9813 102.28 -0.151001
5.38318 113.047 -0.296488
16.1495 113.047 -0.451667
26.9159 113.047 -0.460006
37.6822 113.047 -0.446864
48.4486 113.047 -0.429892
59.215 113.047 -0.337784
69.9813 113.047 -0.148669
5.38318 123.813 -0.29619
16.1495 123.813 -0.453402
26.9159 123.813 -0.454825
37.6822 123.813 -0.43678
48.4486 123.813 -0.402841
59.215 123.813 -0.292857
69.9813 123.813 -0.118309
5.38318 134.579 -0.268341
16.1495 134.579 -0.408775
26.9159 134.579 -0.388485
37.6822 134.579 -0.351944
48.4486 134.579 -0.300889
59.215 134.579 -0.19672
69.9813 134.579 -0.0605238
5.38318 145.346 -0.20962
16.1495 145.346 -0.289356
26.9159 145.346 -0.218206
37.6822 145.346 -0.148448
48.4486 145.346 -0.0876535
59.215 145.346 -0.0148166
69.9813 145.346 0.118443
5.38318 156.112 -0.0251241
16.1495 156.112 0.205572
26.9159 156.112 0.750392
37.6822 156.112 0.94007
48.4486 156.112 0.908917
59.215 156.112 0.655141
69.9813 156.112 0.476234
5.38318 166.879 0.438682
16.1495 166.879 1.27023
26.9159 166.879 2.2292
37.6822 166.879 2.44731
48.4486 166.879 2.18102
59.215 166.879 1.45134
69.9813 166.879 0.847084
5.38318 177.645 0.974801
16.1495 177.645 2.45713
26.9159 177.645 4.00439
37.6822 177.645 4.32905
48.4486 177.645 3.79124
59.215 177.645 2.35037
69.9813 177.645 1.24875
5.38318 188.411 1.12018
16.1495 188.411 2.83801
26.9159 188.411 4.60067
37.6822 188.411 5.03442
48.4486 188.411 4.42164
59.215 188.411 2.7467
69.9813 188.411 1.406
5.38318 199.178 0.839503
16.1495 199.178 2.25578
26.9159 199.178 3.71138
37.6822 199.178 4.11375
48.4486 199.178 3.6254
59.215 199.178 2.3095
69.9813 199.178 1.19065
5.38318 209.944 0.302437
16.1495 209.944 0.924806
26.9159 209.944 1.44202
37.6822 209.944 1.54446
48.4486 209.944 1.37283
59.215 209.944 1.00348
69.9813 209.944 0.585512
