37 166
0 146 72 40
0 130 72 72
0 125 72 82
0 72 72 144
0 0 72 216
5.38318 5.38318 0.292337
16.1495 5.38318 0.642801
26.9159 5.38318 1.06612
37.6822 5.38318 1.34154
48.4486 5.38318 1.36543
59.215 5.38318 1.01331
69.9813 5.38318 0.609169
5.38318 16.1495 0.404514
16.1495 16.1495 1.18916
26.9159 16.1495 1.93986
37.6822 16.1495 2.47347
48.4486 16.1495 2.55803
59.215 16.1495 1.91382
69.9813 16.1495 1.15621
5.38318 26.9159 0.131612
16.1495 26.9159 0.812726
26.9159 26.9159 1.7229
37.6822 26.9159 2.4839
48.4486 26.9159 2.82211
59.215 26.9159 2.22632
69.9813 26.9159 1.40209
5.38318 37.6822 0.196365
16.1495 37.6822 0.867017
26.9159 37.6822 1.80261
37.6822 37.6822 2.32167
48.4486 37.6822 2.50787
59.215 37.6822 1.84217
69.9813 37.6822 1.19405
5.38318 48.4486 0.276693
16.1495 48.4486 1.02421
26.9159 48.4486 2.03597
37.6822 48.4486 2.23823
48.4486 48.4486 2.08488
59.215 48.4486 1.1667
69.9813 48.4486 0.750235
5.38318 59.215 0.414409
16.1495 59.215 1.45776
26.9159 59.215 2.48996
37.6822 59.215 2.60212
48.4486 59.215 2.09211
59.215 59.215 0.869268
69.9813 59.215 0.465838
5.38318 69.9813 0.372789
16.1495 69.9813 1.36534
26.9159 69.9813 2.189
37.6822 69.9813 2.2367
48.4486 69.9813 1.64722
59.215 69.9813 0.529153
69.9813 69.9813 0.305697
5.38318 80.7477 0.130844
16.1495 80.7477 0.825769
26.9159 80.7477 1.34849
37.6822 80.7477 1.34187
48.4486 80.7477 0.838156
59.215 80.7477 -0.00566537
69.9813 80.7477 0.0258484
5.38318 91.514 -0.143471
16.1495 91.514 -0.0988995
26.9159 91.514 -0.0472265
37.6822 91.514 -0.141048
48.4486 91.514 -0.265048
59.215 91.514 -0.34906
69.9813 91.514 -0.155417
5.38318 102.28 -0.275649
16.1495 102.28 -0.404327
26.9159 102.28 -0.37979
37.6822 102.28 -0.392656
48.4486 102.28 -0.426107
59.215 102.28 -0.377066
69.9813 102.28 -0.181796
5.38318 113.047 -0.301318
16.1495 113.047 -0.456196
26.9159 113.047 -0.464473
37.6822 113.047 -0.443513
48.4486 113.047 -0.424434
59.215 113.047 -0.329133
69.9813 113.047 -0.146224
5.38318 123.813 -0.278447
16.1495 123.813 -0.401286
26.9159 123.813 -0.35775
37.6822 123.813 -0.304946
48.4486 123.813 -0.291109
59.215 123.813 -0.227956
69.9813 123.813 -0.0934366
5.38318 134.579 -0.149515
16.1495 134.579 -0.163894
26.9159 134.579 -0.101237
37.6822 134.579 -0.00157359
48.4486 134.579 -0.0260602
59.215 134.579 -0.00519495
69.9813 134.579 0.0919013
5.38318 145.346 0.0510958
16.1495 145.346 0.413852
26.9159 145.346 0.801603
37.6822 145.346 1.19638
48.4486 145.346 0.975145
59.215 145.346 0.706164
69.9813 145.346 0.479369
5.38318 156.112 0.515616
16.1495 156.112 1.32071
26.9159 156.112 1.93206
37.6822 156.112 2.32724
48.4486 156.112 1.98949
59.215 156.112 1.42809
69.9813 156.112 0.832348
5.38318 166.879 0.663732
16.1495 166.879 1.7947
26.9159 166.879 2.61727
37.6822 166.879 2.92255
48.4486 166.879 2.39721
59.215 166.879 1.6419
69.9813 166.879 0.877865
5.38318 177.645 0.536478
16.1495 177.645 1.61724
26.9159 177.645 2.46513
37.6822 177.645 2.55231
48.4486 177.645 1.9287
59.215 177.645 1.29029
69.9813 177.645 0.700063
5.38318 188.411 0.0794818
16.1495 188.411 0.745039
26.9159 188.411 1.43777
37.6822 188.411 1.48053
48.4486 188.411 0.956483
59.215 188.411 0.743037
69.9813 188.411 0.428672
5.38318 199.178 -0.035158
16.1495 199.178 0.222856
26.9159 199.178 0.649681
37.6822 199.178 0.781159
48.4486 199.178 0.533112
59.215 199.178 0.624377
69.9813 199.178 0.44469
5.38318 209.944 -0.0223248
16.1495 209.944 0.143037
26.9159 209.944 0.31623
37.6822 209.944 0.389402
48.4486 209.944 0.300025
59.215 209.944 0.427257
69.9813 209.944 0.351853
