37 166
0 146 72 40
0 130 72 72
0 125 72 82
0 72 72 144
0 0 72 216
5.38318 5.38318 0.0857133
16.1495 5.38318 0.107497
26.9159 5.38318 0.313188
37.6822 5.38318 0.323491
48.4486 5.38318 0.303964
59.215 5.38318 0.168451
69.9813 5.38318 0.15917
5.38318 16.1495 0.07932
16.1495 16.1495 0.227305
26.9159 16.1495 0.603321
37.6822 16.1495 0.62145
48.4486 16.1495 0.678544
59.215 16.1495 0.46382
69.9813 16.1495 0.419907
5.38318 26.9159 -0.13563
16.1495 26.9159 -0.208993
26.9159 26.9159 -0.15499
37.6822 26.9159 -0.124175
48.4486 26.9159 0.0769791
59.215 26.9159 0.134668
69.9813 26.9159 0.346727
5.38318 37.6822 0.0961962
16.1495 37.6822 0.0796523
26.9159 37.6822 -0.0271309
37.6822 37.6822 -0.0606524
48.4486 37.6822 0.268478
59.215 37.6822 0.516646
69.9813 37.6822 0.63965
5.38318 48.4486 0.41358
16.1495 48.4486 0.682511
26.9159 48.4486 0.535368
37.6822 48.4486 0.569738
48.4486 48.4486 0.855161
59.215 48.4486 1.12768
69.9813 48.4486 1.00555
5.38318 59.215 0.86698
16.1495 59.215 1.53243
26.9159 59.215 1.42937
37.6822 59.215 1.40757
48.4486 59.215 1.58815
59.215 59.215 1.78777
69.9813 59.215 1.31987
5.38318 69.9813 0.710242
16.1495 69.9813 1.41862
26.9159 69.9813 1.40412
37.6822 69.9813 1.41587
48.4486 69.9813 1.62932
59.215 69.9813 1.81804
69.9813 69.9813 1.3063
5.38318 80.7477 0.210576
16.1495 80.7477 0.654714
26.9159 80.7477 0.673282
37.6822 80.7477 0.75006
48.4486 80.7477 0.94602
59.215 80.7477 1.14017
69.9813 80.7477 0.882912
5.38318 91.514 -0.161016
16.1495 91.514 -0.204948
26.9159 91.514 -0.243548
37.6822 91.514 -0.256288
48.4486 91.514 -0.194055
59.215 91.514 -0.0703424
69.9813 91.514 0.1692
5.38318 102.28 -0.292358
16.1495 102.28 -0.446422
26.9159 102.28 -0.460286
37.6822 102.28 -0.449291
48.4486 102.28 -0.407171
59.215 102.28 -0.31092
69.9813 102.28 -0.123341
5.38318 113.047 -0.288646
16.1495 113.047 -0.431467
26.9159 113.047 -0.397884
37.6822 113.047 -0.391386
48.4486 113.047 -0.38477
59.215 113.047 -0.318382
69.9813 113.047 -0.145465
5.38318 123.813 -0.174571
16.1495 123.813 -0.236951
26.9159 123.813 -0.134977
37.6822 123.813 -0.17361
48.4486 123.813 -0.237564
59.215 123.813 -0.256301
69.9813 123.813 -0.134109
5.38318 134.579 -0.0294464
16.1495 134.579 0.124348
26.9159 134.579 0.560585
37.6822 134.579 0.467634
48.4486 134.579 0.131569
59.215 134.579 -0.113047
69.9813 134.579 -0.0882958
5.38318 145.346 0.340233
16.1495 145.346 0.905743
26.9159 145.346 1.68705
37.6822 145.346 1.64476
48.4486 145.346 1.02147
59.215 145.346 0.341735
69.9813 145.346 0.00908879
5.38318 156.112 0.397275
16.1495 156.112 1.17024
26.9159 156.112 2.15959
37.6822 156.112 2.29368
48.4486 156.112 1.6713
59.215 156.112 0.81657
69.9813 156.112 0.286933
5.38318 166.879 0.205765
16.1495 166.879 0.901053
26.9159 166.879 2.14195
37.6822 166.879 2.49024
48.4486 166.879 2.06468
59.215 166.879 1.29924
69.9813 166.879 0.580613
5.38318 177.645 -0.0406019
16.1495 177.645 0.221916
26.9159 177.645 1.36519
37.6822 177.645 1.92181
48.4486 177.645 2.06761
59.215 177.645 1.59078
69.9813 177.645 0.927113
5.38318 188.411 -0.157001
16.1495 188.411 -0.120571
26.9159 188.411 0.910957
37.6822 188.411 1.47678
48.4486 188.411 2.05476
59.215 188.411 1.73532
69.9813 188.411 1.1796
5.38318 199.178 -0.1648
16.1495 199.178 -0.25443
26.9159 199.178 0.109572
37.6822 199.178 0.47601
48.4486 199.178 1.44014
59.215 199.178 1.48956
69.9813 199.178 1.30393
5.38318 209.944 -0.103164
16.1495 209.944 -0.167423
26.9159 209.944 -0.0257002
37.6822 209.944 0.0980579
48.4486 209.944 0.959521
59.215 209.944 1.15141
69.9813 209.944 1.04496
