26 177
0 157 72 40
0 141 72 72
0 134 72 82
0 72 72 144
0 0 72 216
5.38318 5.38318 0.534941
16.1495 5.38318 0.696759
26.9159 5.38318 0.730428
37.6822 5.38318 0.575267
48.4486 5.38318 0.409783
59.215 5.38318 0.302674
69.9813 5.38318 0.220959
5.38318 16.1495 0.742259
16.1495 16.1495 1.20318
26.9159 16.1495 1.42563
37.6822 16.1495 1.25712
48.4486 16.1495 1.14454
59.215 16.1495 0.959302
69.9813 16.1495 0.719115
5.38318 26.9159 0.341888
16.1495 26.9159 0.597303
26.9159 26.9159 0.842175
37.6822 26.9159 0.980524
48.4486 26.9159 1.40106
59.215 26.9159 1.48384
69.9813 26.9159 1.14007
5.38318 37.6822 -0.0249327
16.1495 37.6822 -0.0264442
26.9159 37.6822 0.305378
37.6822 37.6822 0.808932
48.4486 37.6822 1.79067
59.215 37.6822 2.11994
69.9813 37.6822 1.62055
5.38318 48.4486 -0.126543
16.1495 48.4486 -0.169604
26.9159 48.4486 0.078664
37.6822 48.4486 0.825006
48.4486 48.4486 1.89573
59.215 48.4486 2.23221
69.9813 48.4486 1.66273
5.38318 59.215 -0.0670813
16.1495 59.215 -0.0726273
26.9159 59.215 0.325106
37.6822 59.215 0.7238
48.4486 59.215 1.23325
59.215 59.215 1.48985
69.9813 59.215 1.0514
5.38318 69.9813 -0.137381
16.1495 69.9813 -0.194914
26.9159 69.9813 -0.0201264
37.6822 69.9813 0.0300046
48.4486 69.9813 0.278112
59.215 69.9813 0.284165
69.9813 69.9813 0.27888
5.38318 80.7477 -0.218536
16.1495 80.7477 -0.335844
26.9159 80.7477 -0.261493
37.6822 80.7477 -0.274175
48.4486 80.7477 -0.193111
59.215 80.7477 -0.167294
69.9813 80.7477 -0.037334
5.38318 91.514 -0.277823
16.1495 91.514 -0.442283
26.9159 91.514 -0.447064
37.6822 91.514 -0.46481
48.4486 91.514 -0.418124
59.215 91.514 -0.346387
69.9813 91.514 -0.146557
5.38318 102.28 -0.298299
16.1495 102.28 -0.456212
26.9159 102.28 -0.464795
37.6822 102.28 -0.448985
48.4486 102.28 -0.420529
59.215 102.28 -0.334687
69.9813 102.28 -0.148573
5.38318 113.047 -0.290665
16.1495 113.047 -0.437686
26.9159 113.047 -0.422948
37.6822 113.047 -0.414474
48.4486 113.047 -0.402054
59.215 113.047 -0.32454
69.9813 113.047 -0.145099
5.38318 123.813 -0.21615
16.1495 123.813 -0.328768
26.9159 123.813 -0.281193
37.6822 123.813 -0.287126
48.4486 123.813 -0.295892
59.215 123.813 -0.243085
69.9813 123.813 -0.10337
5.38318 134.579 -0.00308638
16.1495 134.579 -0.0110279
26.9159 134.579 0.159075
37.6822 134.579 0.0110997
48.4486 134.579 -0.0862314
59.215 134.579 -0.0870608
69.9813 134.579 -0.020443
5.38318 145.346 0.525432
16.1495 145.346 0.86377
26.9159 145.346 1.11859
37.6822 145.346 0.987763
48.4486 145.346 0.648312
59.215 145.346 0.50503
69.9813 145.346 0.30555
5.38318 156.112 1.32429
16.1495 156.112 2.25345
26.9159 156.112 2.54464
37.6822 156.112 2.17143
48.4486 156.112 1.39544
59.215 156.112 1.02233
69.9813 156.112 0.578138
5.38318 166.879 1.77261
16.1495 166.879 3.12984
26.9159 166.879 3.50222
37.6822 166.879 2.99073
48.4486 166.879 2.03835
59.215 166.879 1.44893
69.9813 166.879 0.797822
5.38318 177.645 2.1058
16.1495 177.645 3.86636
26.9159 177.645 4.26869
37.6822 177.645 3.35306
48.4486 177.645 1.97631
59.215 177.645 1.28104
69.9813 177.645 0.705446
5.38318 188.411 1.75838
16.1495 188.411 3.37053
26.9159 188.411 3.829
37.6822 188.411 2.93936
48.4486 188.411 1.43995
59.215 188.411 0.839644
69.9813 188.411 0.442227
5.38318 199.178 0.964459
16.1495 199.178 1.85073
26.9159 199.178 2.19502
37.6822 199.178 1.62569
48.4486 199.178 0.563078
59.215 199.178 0.316834
69.9813 199.178 0.245002
5.38318 209.944 0.085478
16.1495 209.944 0.213031
26.9159 209.944 0.39805
37.6822 209.944 0.201066
48.4486 209.944 -0.053908
59.215 209.944 0.0785723
69.9813 209.944 0.175158
