37 37
0 17 72 40
0 1 72 72
0 0 72 82
0 0 72 144
0 0 72 216
5.38318 5.38318 0.57281
16.1495 5.38318 1.15584
26.9159 5.38318 1.67362
37.6822 5.38318 1.89835
48.4486 5.38318 1.57422
59.215 5.38318 1.05868
69.9813 5.38318 0.513272
5.38318 16.1495 1.03198
16.1495 16.1495 2.33839
26.9159 16.1495 3.64863
37.6822 16.1495 4.17673
48.4486 16.1495 3.50288
59.215 16.1495 2.26579
69.9813 16.1495 1.12078
5.38318 26.9159 1.41446
16.1495 26.9159 3.38275
26.9159 26.9159 5.51238
37.6822 26.9159 6.19902
48.4486 26.9159 4.99958
59.215 26.9159 3.03771
69.9813 26.9159 1.39733
5.38318 37.6822 1.45197
16.1495 37.6822 3.55312
26.9159 37.6822 5.92018
37.6822 37.6822 6.55669
48.4486 37.6822 5.2508
59.215 37.6822 3.11957
69.9813 37.6822 1.43438
5.38318 48.4486 1.31857
16.1495 48.4486 3.04444
26.9159 48.4486 4.83795
37.6822 48.4486 5.08201
48.4486 48.4486 3.91725
59.215 48.4486 2.36526
69.9813 48.4486 1.1177
5.38318 59.215 0.70425
16.1495 59.215 1.50406
26.9159 59.215 2.17673
37.6822 59.215 2.25719
48.4486 59.215 1.77593
59.215 59.215 1.35774
69.9813 59.215 0.931665
5.38318 69.9813 0.288066
16.1495 69.9813 0.532191
26.9159 69.9813 0.564846
37.6822 69.9813 0.491619
48.4486 69.9813 0.341162
59.215 69.9813 0.504633
69.9813 69.9813 0.58737
5.38318 80.7477 -0.225165
16.1495 80.7477 -0.40281
26.9159 80.7477 -0.50199
37.6822 80.7477 -0.575803
48.4486 80.7477 -0.504945
59.215 80.7477 -0.304899
69.9813 80.7477 -0.00797119
5.38318 91.514 -0.519843
16.1495 91.514 -0.871315
26.9159 91.514 -1.00458
37.6822 91.514 -1.03491
48.4486 91.514 -0.974218
59.215 91.514 -0.699576
69.9813 91.514 -0.2739
5.38318 102.28 -0.584904
16.1495 102.28 -0.949379
26.9159 102.28 -1.0522
37.6822 102.28 -1.05203
48.4486 102.28 -0.987967
59.215 102.28 -0.765606
69.9813 102.28 -0.328398
5.38318 113.047 -0.579779
16.1495 113.047 -0.92274
26.9159 113.047 -0.996828
37.6822 113.047 -0.990866
48.4486 113.047 -0.938199
59.215 113.047 -0.719764
69.9813 113.047 -0.307002
5.38318 123.813 -0.535311
16.1495 123.813 -0.830483
26.9159 123.813 -0.772905
37.6822 123.813 -0.726468
48.4486 123.813 -0.650893
59.215 123.813 -0.484367
69.9813 123.813 -0.186518
5.38318 134.579 -0.365533
16.1495 134.579 -0.445356
26.9159 134.579 -0.116057
37.6822 134.579 0.0419552
48.4486 134.579 0.243093
59.215 134.579 0.158716
69.9813 134.579 0.287401
5.38318 145.346 -0.107551
16.1495 145.346 0.385874
26.9159 145.346 1.83502
37.6822 145.346 2.41968
48.4486 145.346 2.47528
59.215 145.346 1.80506
69.9813 145.346 1.11678
5.38318 156.112 0.302214
16.1495 156.112 1.52703
26.9159 156.112 3.32104
37.6822 156.112 4.00645
48.4486 156.112 3.98674
59.215 156.112 2.91017
69.9813 156.112 1.76157
5.38318 166.879 0.425401
16.1495 166.879 1.83943
26.9159 166.879 3.64899
37.6822 166.879 4.31425
48.4486 166.879 4.16576
59.215 166.879 3.01425
69.9813 166.879 1.84756
5.38318 177.645 0.302141
16.1495 177.645 1.32016
26.9159 177.645 2.75233
37.6822 177.645 3.05434
48.4486 177.645 2.84516
59.215 177.645 2.0513
69.9813 177.645 1.34823
5.38318 188.411 0.229377
16.1495 188.411 0.997148
26.9159 188.411 2.09585
37.6822 188.411 2.3354
48.4486 188.411 2.10207
59.215 188.411 1.63212
69.9813 188.411 1.07332
5.38318 199.178 0.14127
16.1495 199.178 0.944048
26.9159 199.178 1.799
37.6822 199.178 2.07494
48.4486 199.178 1.787
59.215 199.178 1.46521
69.9813 199.178 0.895662
5.38318 209.944 0.0993301
16.1495 209.944 0.793793
26.9159 209.944 1.28257
37.6822 209.944 1.45565
48.4486 209.944 1.12638
59.215 209.944 0.922193
69.9813 209.944 0.56477
