37 166
0 146 72 40
0 130 72 72
0 125 72 82
0 72 72 144
0 0 72 216
5.38318 5.38318 0.817392
16.1495 5.38318 1.15631
26.9159 5.38318 1.20808
37.6822 5.38318 1.23914
48.4486 5.38318 1.33078
59.215 5.38318 1.24109
69.9813 5.38318 0.795932
5.38318 16.1495 1.28291
16.1495 16.1495 1.98905
26.9159 16.1495 2.32357
37.6822 16.1495 2.50158
48.4486 16.1495 2.61163
59.215 16.1495 2.29286
69.9813 16.1495 1.45612
5.38318 26.9159 1.20457
16.1495 26.9159 2.11078
26.9159 26.9159 2.87081
37.6822 26.9159 3.20698
48.4486 26.9159 3.20956
59.215 26.9159 2.59257
69.9813 26.9159 1.58729
5.38318 37.6822 1.02211
16.1495 37.6822 2.11058
26.9159 37.6822 3.46932
37.6822 37.6822 3.85566
48.4486 37.6822 3.50613
59.215 37.6822 2.36355
69.9813 37.6822 1.3367
5.38318 48.4486 0.826796
16.1495 48.4486 1.91966
26.9159 48.4486 3.39539
37.6822 48.4486 3.64496
48.4486 48.4486 3.15009
59.215 48.4486 1.96805
69.9813 48.4486 1.05805
5.38318 59.215 0.569086
16.1495 59.215 1.22792
26.9159 59.215 2.38117
37.6822 59.215 2.30009
48.4486 59.215 1.82643
59.215 59.215 1.07677
69.9813 59.215 0.720812
5.38318 69.9813 -0.0720576
16.1495 69.9813 -0.169381
26.9159 69.9813 -0.0920174
37.6822 69.9813 -0.231384
48.4486 69.9813 -0.263804
59.215 69.9813 -0.0450709
69.9813 69.9813 0.312902
5.38318 80.7477 -0.393455
16.1495 80.7477 -0.678501
26.9159 80.7477 -0.743505
37.6822 80.7477 -0.840611
48.4486 80.7477 -0.774714
59.215 80.7477 -0.427665
69.9813 80.7477 -0.0850051
5.38318 91.514 -0.563302
16.1495 91.514 -0.927538
26.9159 91.514 -1.02199
37.6822 91.514 -1.04721
48.4486 91.514 -0.98668
59.215 91.514 -0.699819
69.9813 91.514 -0.27621
5.38318 102.28 -0.591402
16.1495 102.28 -0.946117
26.9159 102.28 -1.01802
37.6822 102.28 -1.01686
48.4486 102.28 -0.970431
59.215 102.28 -0.759607
69.9813 102.28 -0.335931
5.38318 113.047 -0.581598
16.1495 113.047 -0.925086
26.9159 113.047 -0.996495
37.6822 113.047 -0.990318
48.4486 113.047 -0.93895
59.215 113.047 -0.730965
69.9813 113.047 -0.313049
5.38318 123.813 -0.541969
16.1495 123.813 -0.829485
26.9159 123.813 -0.755848
37.6822 123.813 -0.707754
48.4486 123.813 -0.701516
59.215 123.813 -0.574947
69.9813 123.813 -0.257831
5.38318 134.579 -0.411896
16.1495 134.579 -0.472974
26.9159 134.579 -0.0970635
37.6822 134.579 0.0602566
48.4486 134.579 -0.121454
59.215 134.579 -0.262341
69.9813 134.579 -0.141623
5.38318 145.346 -0.155229
16.1495 145.346 0.453201
26.9159 145.346 2.20087
37.6822 145.346 2.71448
48.4486 145.346 1.9333
59.215 145.346 0.70827
69.9813 145.346 0.101033
5.38318 156.112 0.200099
16.1495 156.112 1.70045
26.9159 156.112 4.03328
37.6822 156.112 4.77518
48.4486 156.112 3.60664
59.215 156.112 1.72075
69.9813 156.112 0.525026
5.38318 166.879 0.494737
16.1495 166.879 2.2412
26.9159 166.879 4.79751
37.6822 166.879 5.56084
48.4486 166.879 4.21281
59.215 166.879 2.08685
69.9813 166.879 0.694599
5.38318 177.645 0.533332
16.1495 177.645 2.01746
26.9159 177.645 3.98251
37.6822 177.645 4.31817
48.4486 177.645 3.35121
59.215 177.645 1.59482
69.9813 177.645 0.696025
5.38318 188.411 0.494358
16.1495 188.411 1.52963
26.9159 188.411 2.64941
37.6822 188.411 2.68471
48.4486 188.411 2.23023
59.215 188.411 1.13468
69.9813 188.411 0.748814
5.38318 199.178 0.396619
16.1495 199.178 1.19212
26.9159 199.178 1.9905
37.6822 199.178 2.00424
48.4486 199.178 1.89539
59.215 199.178 1.18218
69.9813 199.178 0.918859
5.38318 209.944 0.251668
16.1495 209.944 0.802101
26.9159 209.944 1.25537
37.6822 209.944 1.30456
48.4486 209.944 1.34795
59.215 209.944 1.03203
69.9813 209.944 0.799555
