48 188
0 168 72 40
0 144 72 72
0 134 72 82
0 72 72 144
0 0 72 216
5.38318 5.38318 0.179394
16.1495 5.38318 0.443474
26.9159 5.38318 1.01092
37.6822 5.38318 1.20745
48.4486 5.38318 1.08851
59.215 5.38318 0.708403
69.9813 5.38318 0.339969
5.38318 16.1495 0.40115
16.1495 16.1495 1.06079
26.9159 16.1495 2.08863
37.6822 16.1495 2.44925
48.4486 16.1495 2.24116
59.215 16.1495 1.55513
69.9813 16.1495 0.824012
5.38318 26.9159 0.570799
16.1495 26.9159 1.43469
26.9159 26.9159 2.79847
37.6822 26.9159 3.33865
48.4486 26.9159 3.11185
59.215 26.9159 2.11672
69.9813 26.9159 1.14022
5.38318 37.6822 1.09894
16.1495 37.6822 1.84476
26.9159 37.6822 2.79478
37.6822 37.6822 2.99876
48.4486 37.6822 2.81405
59.215 37.6822 2.09428
69.9813 37.6822 1.25391
5.38318 48.4486 1.16329
16.1495 48.4486 1.5857
26.9159 48.4486 2.04401
37.6822 48.4486 1.84098
48.4486 48.4486 1.88402
59.215 48.4486 1.63645
69.9813 48.4486 1.19694
5.38318 59.215 0.900669
16.1495 59.215 1.08054
26.9159 59.215 1.17096
37.6822 59.215 0.733088
48.4486 59.215 0.815179
59.215 59.215 0.989853
69.9813 59.215 0.932882
5.38318 69.9813 0.039239
16.1495 69.9813 -0.0382448
26.9159 69.9813 0.095265
37.6822 69.9813 -0.0189964
48.4486 69.9813 0.268527
59.215 69.9813 0.590245
69.9813 69.9813 0.658616
5.38318 80.7477 -0.115811
16.1495 80.7477 -0.169465
26.9159 80.7477 -0.0970254
37.6822 80.7477 -0.0940843
48.4486 80.7477 -0.00560745
59.215 80.7477 0.3161
69.9813 80.7477 0.477375
5.38318 91.514 -0.203544
16.1495 91.514 -0.287351
26.9159 91.514 -0.216634
37.6822 91.514 -0.197581
48.4486 91.514 -0.13197
59.215 91.514 0.0228209
69.9813 91.514 0.272144
5.38318 102.28 -0.204912
16.1495 102.28 -0.27417
26.9159 102.28 -0.197449
37.6822 102.28 -0.18544
48.4486 102.28 -0.174686
59.215 102.28 -0.110589
69.9813 102.28 0.0359916
5.38318 113.047 -0.258393
16.1495 113.047 -0.399892
26.9159 113.047 -0.388525
37.6822 113.047 -0.40246
48.4486 113.047 -0.406677
59.215 113.047 -0.323436
69.9813 113.047 -0.142467
5.38318 123.813 -0.0798945
16.1495 123.813 -0.138728
26.9159 123.813 -0.143271
37.6822 123.813 -0.247026
48.4486 123.813 -0.337542
59.215 123.813 -0.294495
69.9813 123.813 -0.130003
5.38318 134.579 0.568612
16.1495 134.579 0.741835
26.9159 134.579 0.660417
37.6822 134.579 0.0965762
48.4486 134.579 -0.168685
59.215 134.579 -0.182004
69.9813 134.579 -0.069701
5.38318 145.346 1.47507
16.1495 145.346 2.16029
26.9159 145.346 2.08526
37.6822 145.346 1.25854
48.4486 145.346 0.589702
59.215 145.346 0.300359
69.9813 145.346 0.251955
5.38318 156.112 2.20592
16.1495 156.112 3.20475
26.9159 156.112 3.18914
37.6822 156.112 2.42187
48.4486 156.112 1.8707
59.215 156.112 1.3165
69.9813 156.112 0.807986
5.38318 166.879 2.39562
16.1495 166.879 3.58986
26.9159 166.879 4.00612
37.6822 166.879 3.88817
48.4486 166.879 3.55121
59.215 166.879 2.60996
69.9813 166.879 1.413
5.38318 177.645 1.97543
16.1495 177.645 3.00471
26.9159 177.645 4.05762
37.6822 177.645 5.01757
48.4486 177.645 5.15716
59.215 177.645 3.86616
69.9813 177.645 1.92182
5.38318 188.411 1.46984
16.1495 188.411 2.40118
26.9159 188.411 3.75865
37.6822 188.411 5.14784
48.4486 188.411 5.35321
59.215 188.411 3.99535
69.9813 188.411 1.92397
5.38318 199.178 0.701628
16.1495 199.178 1.38287
26.9159 199.178 2.48493
37.6822 199.178 3.39972
48.4486 199.178 3.46631
59.215 199.178 2.6925
69.9813 199.178 1.39038
5.38318 209.944 0.445987
16.1495 209.944 1.03454
26.9159 209.944 1.37544
37.6822 209.944 1.39287
48.4486 209.944 1.22535
59.215 209.944 1.00508
69.9813 209.944 0.725539
