37 177
0 157 72 40
0 141 72 72
0 134 72 82
0 72 72 144
0 0 72 216
5.38318 5.38318 0.159603
16.1495 5.38318 0.609614
26.9159 5.38318 1.43181
37.6822 5.38318 1.71859
48.4486 5.38318 1.25219
59.215 5.38318 0.625791
69.9813 5.38318 0.151422
5.38318 16.1495 0.181281
16.1495 16.1495 1.00568
26.9159 16.1495 2.37855
37.6822 16.1495 2.94067
48.4486 16.1495 2.24279
59.215 16.1495 1.24444
69.9813 16.1495 0.368633
5.38318 26.9159 -0.0253822
16.1495 26.9159 0.741002
26.9159 26.9159 2.22278
37.6822 26.9159 2.89343
48.4486 26.9159 2.22721
59.215 26.9159 1.10949
69.9813 26.9159 0.222453
5.38318 37.6822 -0.0513224
16.1495 37.6822 0.414289
26.9159 37.6822 1.42958
37.6822 37.6822 1.89206
48.4486 37.6822 1.49484
59.215 37.6822 0.672213
69.9813 37.6822 0.17874
5.38318 48.4486 -0.073821
16.1495 48.4486 0.190217
26.9159 48.4486 0.908026
37.6822 48.4486 1.2445
48.4486 48.4486 0.98414
59.215 48.4486 0.398523
69.9813 48.4486 0.182861
5.38318 59.215 -0.128146
16.1495 59.215 -0.00541638
26.9159 59.215 0.698582
37.6822 59.215 1.04057
48.4486 59.215 0.870554
59.215 59.215 0.346654
69.9813 59.215 0.199758
5.38318 69.9813 -0.162959
16.1495 69.9813 -0.0814724
26.9159 69.9813 0.542092
37.6822 69.9813 0.796759
48.4486 69.9813 0.660831
59.215 69.9813 0.141596
69.9813 69.9813 0.0842143
5.38318 80.7477 -0.236606
16.1495 80.7477 -0.259291
26.9159 80.7477 0.00305144
37.6822 80.7477 0.230318
48.4486 80.7477 0.193531
59.215 80.7477 -0.0950556
69.9813 80.7477 -0.0505149
5.38318 91.514 -0.283935
16.1495 91.514 -0.389182
26.9159 91.514 -0.269335
37.6822 91.514 -0.242532
48.4486 91.514 -0.250498
59.215 91.514 -0.282515
69.9813 91.514 -0.137132
5.38318 102.28 -0.292059
16.1495 102.28 -0.438729
26.9159 102.28 -0.420334
37.6822 102.28 -0.42233
48.4486 102.28 -0.42796
59.215 102.28 -0.363556
69.9813 102.28 -0.171033
5.38318 113.047 -0.29387
16.1495 113.047 -0.446313
26.9159 113.047 -0.432795
37.6822 113.047 -0.416416
48.4486 113.047 -0.389248
59.215 113.047 -0.296114
69.9813 113.047 -0.124549
5.38318 123.813 -0.164179
16.1495 123.813 -0.272682
26.9159 123.813 -0.234583
37.6822 123.813 -0.252775
48.4486 123.813 -0.257314
59.215 123.813 -0.170961
69.9813 123.813 -0.0504716
5.38318 134.579 0.283459
16.1495 134.579 0.384156
26.9159 134.579 0.551283
37.6822 134.579 0.335129
48.4486 134.579 0.153048
59.215 134.579 0.15765
69.9813 134.579 0.212852
5.38318 145.346 1.18778
16.1495 145.346 1.84889
26.9159 145.346 2.02702
37.6822 145.346 1.62802
48.4486 145.346 1.26342
59.215 145.346 0.963947
69.9813 145.346 0.680797
5.38318 156.112 2.04858
16.1495 156.112 3.32947
26.9159 156.112 3.66123
37.6822 156.112 3.1647
48.4486 156.112 2.62239
59.215 156.112 1.91237
69.9813 156.112 1.1662
5.38318 166.879 2.368
16.1495 166.879 4.0592
26.9159 166.879 4.89654
37.6822 166.879 4.88659
48.4486 166.879 4.30966
59.215 166.879 3.08101
69.9813 166.879 1.66888
5.38318 177.645 1.87599
16.1495 177.645 3.44
26.9159 177.645 4.81748
37.6822 177.645 5.77755
48.4486 177.645 5.49205
59.215 177.645 3.99935
69.9813 177.645 1.98802
5.38318 188.411 1.18072
16.1495 188.411 2.32213
26.9159 188.411 3.80443
37.6822 188.411 5.08819
48.4486 188.411 5.01399
59.215 188.411 3.706
69.9813 188.411 1.8292
5.38318 199.178 0.841475
16.1495 199.178 1.47158
26.9159 199.178 2.1877
37.6822 199.178 2.75508
48.4486 199.178 2.64068
59.215 199.178 2.14377
69.9813 199.178 1.185
5.38318 209.944 0.719008
16.1495 209.944 1.12201
26.9159 209.944 1.16807
37.6822 209.944 1.12019
48.4486 209.944 0.988852
59.215 209.944 0.891705
69.9813 209.944 0.657155
