48 177
0 157 72 40
0 141 72 72
0 134 72 82
0 72 72 144
0 0 72 216
5.38318 5.38318 0.160932
16.1495 5.38318 0.0763656
26.9159 5.38318 -0.0315512
37.6822 5.38318 -0.124482
48.4486 5.38318 -0.177151
59.215 5.38318 -0.109571
69.9813 5.38318 -0.0166775
5.38318 16.1495 0.325846
16.1495 16.1495 0.434774
26.9159 16.1495 0.257001
37.6822 16.1495 -0.124648
48.4486 16.1495 -0.277125
59.215 16.1495 -0.195359
69.9813 16.1495 -0.00207058
5.38318 26.9159 0.22777
16.1495 26.9159 0.291835
26.9159 26.9159 -0.111053
37.6822 26.9159 -0.544554
48.4486 26.9159 -0.811373
59.215 26.9159 -0.683779
69.9813 26.9159 -0.269338
5.38318 37.6822 0.63302
16.1495 37.6822 0.994093
26.9159 37.6822 0.473224
37.6822 37.6822 -0.411386
48.4486 37.6822 -0.791942
59.215 37.6822 -0.715169
69.9813 37.6822 -0.284264
5.38318 48.4486 0.411576
16.1495 48.4486 0.583956
26.9159 48.4486 -0.0125253
37.6822 48.4486 -0.542717
48.4486 48.4486 -0.833897
59.215 48.4486 -0.700361
69.9813 48.4486 -0.26503
5.38318 59.215 -0.0734576
16.1495 59.215 -0.210983
26.9159 59.215 -0.46509
37.6822 59.215 -0.804328
48.4486 59.215 -0.926884
59.215 59.215 -0.677102
69.9813 59.215 -0.233774
5.38318 69.9813 -0.43008
16.1495 69.9813 -0.757451
26.9159 69.9813 -0.951298
37.6822 69.9813 -1.06601
48.4486 69.9813 -1.01468
59.215 69.9813 -0.702746
69.9813 69.9813 -0.250204
5.38318 80.7477 -0.570338
16.1495 80.7477 -0.935063
26.9159 80.7477 -1.04959
37.6822 80.7477 -1.06833
48.4486 80.7477 -1.00374
59.215 80.7477 -0.749861
69.9813 80.7477 -0.304412
5.38318 91.514 -0.59282
16.1495 91.514 -0.951484
26.9159 91.514 -1.04057
37.6822 91.514 -1.04079
48.4486 91.514 -0.985944
59.215 91.514 -0.778324
69.9813 91.514 -0.340255
5.38318 102.28 -0.585377
16.1495 102.28 -0.938388
26.9159 102.28 -1.0235
37.6822 102.28 -1.02532
48.4486 102.28 -0.970622
59.215 102.28 -0.767361
69.9813 102.28 -0.332652
5.38318 113.047 -0.58296
16.1495 113.047 -0.931666
26.9159 113.047 -1.01152
37.6822 113.047 -1.01075
48.4486 113.047 -0.956442
59.215 113.047 -0.751981
69.9813 113.047 -0.323298
5.38318 123.813 -0.569569
16.1495 123.813 -0.908431
26.9159 123.813 -0.9723
37.6822 123.813 -0.965546
48.4486 123.813 -0.912014
59.215 123.813 -0.68378
69.9813 123.813 -0.286925
5.38318 134.579 -0.532359
16.1495 134.579 -0.831434
26.9159 134.579 -0.769661
37.6822 134.579 -0.708482
48.4486 134.579 -0.636109
59.215 134.579 -0.440133
69.9813 134.579 -0.157422
5.38318 145.346 -0.391124
16.1495 145.346 -0.531172
26.9159 145.346 -0.260237
37.6822 145.346 -0.0985778
48.4486 145.346 -0.0117327
59.215 145.346 0.131273
69.9813 145.346 0.255991
5.38318 156.112 -0.106622
16.1495 156.112 0.115589
26.9159 156.112 1.27221
37.6822 156.112 1.9937
48.4486 156.112 2.19207
59.215 156.112 1.72243
69.9813 156.112 1.03652
5.38318 166.879 0.511011
16.1495 166.879 1.45354
26.9159 166.879 2.97889
37.6822 166.879 4.0095
48.4486 166.879 4.13656
59.215 166.879 3.01622
69.9813 166.879 1.61725
5.38318 177.645 1.17581
16.1495 177.645 2.37087
26.9159 177.645 4.06567
37.6822 177.645 5.41806
48.4486 177.645 5.50193
59.215 177.645 3.88668
69.9813 177.645 1.94567
5.38318 188.411 1.27704
16.1495 188.411 2.38148
26.9159 188.411 3.9571
37.6822 188.411 5.16382
48.4486 188.411 5.12844
59.215 188.411 3.564
69.9813 188.411 1.72637
5.38318 199.178 0.914871
16.1495 199.178 1.59058
26.9159 199.178 2.55956
37.6822 199.178 3.14042
48.4486 199.178 3.14929
59.215 199.178 2.35817
69.9813 199.178 1.26769
5.38318 209.944 0.338027
16.1495 209.944 0.59284
26.9159 209.944 0.923491
37.6822 209.944 0.893187
48.4486 209.944 1.00071
59.215 209.944 0.948002
69.9813 209.944 0.727351
