37 26
0 6 72 40
0 0 72 72
0 0 72 82
0 0 72 144
0 0 72 216
5.38318 5.38318 0.409428
16.1495 5.38318 0.942184
26.9159 5.38318 1.63204
37.6822 5.38318 1.80751
48.4486 5.38318 1.77813
59.215 5.38318 1.29447
69.9813 5.38318 0.781556
5.38318 16.1495 0.596509
16.1495 16.1495 1.66041
26.9159 16.1495 2.91458
37.6822 16.1495 3.28081
48.4486 16.1495 3.24498
59.215 16.1495 2.38835
69.9813 16.1495 1.50952
5.38318 26.9159 0.369573
16.1495 26.9159 1.48111
26.9159 26.9159 3.08006
37.6822 26.9159 3.47343
48.4486 26.9159 3.33525
59.215 26.9159 2.44921
69.9813 26.9159 1.57664
5.38318 37.6822 0.327726
16.1495 37.6822 1.24388
26.9159 37.6822 2.61873
37.6822 37.6822 2.82084
48.4486 37.6822 2.61728
59.215 37.6822 1.91698
69.9813 37.6822 1.28607
5.38318 48.4486 0.28649
16.1495 48.4486 1.02397
26.9159 48.4486 2.12734
37.6822 48.4486 2.25858
48.4486 48.4486 1.98795
59.215 48.4486 1.46213
69.9813 48.4486 0.929568
5.38318 59.215 0.240879
16.1495 59.215 1.03439
26.9159 59.215 2.00103
37.6822 59.215 2.13736
48.4486 59.215 1.80885
59.215 59.215 1.2933
69.9813 59.215 0.770914
5.38318 69.9813 -0.0907778
16.1495 69.9813 0.348438
26.9159 69.9813 1.07978
37.6822 69.9813 1.09558
48.4486 69.9813 0.612992
59.215 69.9813 0.233511
69.9813 69.9813 0.14048
5.38318 80.7477 -0.337344
16.1495 80.7477 -0.388623
26.9159 80.7477 -0.201933
37.6822 80.7477 -0.223033
48.4486 80.7477 -0.332764
59.215 80.7477 -0.364101
69.9813 80.7477 -0.160463
5.38318 91.514 -0.511848
16.1495 91.514 -0.8001
26.9159 91.514 -0.822827
37.6822 91.514 -0.878674
48.4486 91.514 -0.864543
59.215 91.514 -0.729614
69.9813 91.514 -0.311707
5.38318 102.28 -0.572222
16.1495 102.28 -0.918212
26.9159 102.28 -0.996628
37.6822 102.28 -1.01637
48.4486 102.28 -0.969791
59.215 102.28 -0.791906
69.9813 102.28 -0.350851
5.38318 113.047 -0.585945
16.1495 113.047 -0.941529
26.9159 113.047 -1.03007
37.6822 113.047 -1.03269
48.4486 113.047 -0.977299
59.215 113.047 -0.771823
69.9813 113.047 -0.336116
5.38318 123.813 -0.580448
16.1495 123.813 -0.930797
26.9159 123.813 -1.01381
37.6822 123.813 -1.01643
48.4486 123.813 -0.963325
59.215 123.813 -0.762641
69.9813 123.813 -0.329691
5.38318 134.579 -0.551508
16.1495 134.579 -0.886935
26.9159 134.579 -0.976729
37.6822 134.579 -0.9852
48.4486 134.579 -0.937301
59.215 134.579 -0.717705
69.9813 134.579 -0.30172
5.38318 145.346 -0.485786
16.1495 145.346 -0.795689
26.9159 145.346 -0.885379
37.6822 145.346 -0.932991
48.4486 145.346 -0.904098
59.215 145.346 -0.66473
69.9813 145.346 -0.270034
5.38318 156.112 -0.24872
16.1495 156.112 -0.437312
26.9159 156.112 -0.57911
37.6822 156.112 -0.740188
48.4486 156.112 -0.811994
59.215 156.112 -0.616955
69.9813 156.112 -0.234832
5.38318 166.879 0.0860724
16.1495 166.879 0.0172319
26.9159 166.879 -0.223923
37.6822 166.879 -0.584223
48.4486 166.879 -0.779463
59.215 166.879 -0.642911
69.9813 166.879 -0.2421
5.38318 177.645 0.717448
16.1495 177.645 1.07396
26.9159 177.645 0.565587
37.6822 177.645 -0.37292
48.4486 177.645 -0.736509
59.215 177.645 -0.674317
69.9813 177.645 -0.257059
5.38318 188.411 0.729451
16.1495 188.411 1.03748
26.9159 188.411 0.452867
37.6822 188.411 -0.415628
48.4486 188.411 -0.748081
59.215 188.411 -0.659238
69.9813 188.411 -0.236985
5.38318 199.178 0.475632
16.1495 199.178 0.587438
26.9159 199.178 -0.0201154
37.6822 199.178 -0.465757
48.4486 199.178 -0.672604
59.215 199.178 -0.50937
69.9813 199.178 -0.14194
5.38318 209.944 0.146806
16.1495 209.944 0.0611012
26.9159 209.944 -0.182162
37.6822 209.944 -0.384658
48.4486 209.944 -0.420315
59.215 209.944 -0.252728
69.9813 209.944 0.0152672
