37 177
0 157 72 40
0 141 72 72
0 134 72 82
0 72 72 144
0 0 72 216
5.38318 5.38318 0.678641
16.1495 5.38318 1.07629
26.9159 5.38318 1.49027
37.6822 5.38318 1.55929
48.4486 5.38318 1.44407
59.215 5.38318 1.08107
69.9813 5.38318 0.635454
5.38318 16.1495 1.22644
16.1495 16.1495 2.16572
26.9159 16.1495 3.0076
37.6822 16.1495 3.18807
48.4486 16.1495 2.94795
59.215 16.1495 2.21627
69.9813 16.1495 1.27781
5.38318 26.9159 1.4655
16.1495 26.9159 2.74519
26.9159 26.9159 3.95878
37.6822 26.9159 4.14133
48.4486 26.9159 3.7371
59.215 26.9159 2.77406
69.9813 26.9159 1.63114
5.38318 37.6822 1.57706
16.1495 37.6822 3.01885
26.9159 37.6822 4.55093
37.6822 37.6822 4.65889
48.4486 37.6822 4.00743
59.215 37.6822 2.82979
69.9813 37.6822 1.66196
5.38318 48.4486 1.34963
16.1495 48.4486 2.71868
26.9159 48.4486 4.285
37.6822 48.4486 4.27342
48.4486 48.4486 3.46321
59.215 48.4486 2.26893
69.9813 48.4486 1.34082
5.38318 59.215 1.13857
16.1495 59.215 1.91045
26.9159 59.215 2.64935
37.6822 59.215 2.40674
48.4486 59.215 2.03993
59.215 59.215 1.56292
69.9813 59.215 1.09548
5.38318 69.9813 0.837821
16.1495 69.9813 1.1735
26.9159 69.9813 1.32473
37.6822 69.9813 0.946948
48.4486 69.9813 0.784986
59.215 69.9813 0.825058
69.9813 69.9813 0.748123
5.38318 80.7477 0.349134
16.1495 80.7477 0.47645
26.9159 80.7477 0.555954
37.6822 80.7477 0.256175
48.4486 80.7477 0.17227
59.215 80.7477 0.272737
69.9813 80.7477 0.381139
5.38318 91.514 -0.195843
16.1495 91.514 -0.276895
26.9159 91.514 -0.235416
37.6822 91.514 -0.228576
48.4486 91.514 -0.228662
59.215 91.514 -0.154678
69.9813 91.514 -0.0273173
5.38318 102.28 -0.288834
16.1495 102.28 -0.412846
26.9159 102.28 -0.353516
37.6822 102.28 -0.31653
48.4486 102.28 -0.326029
59.215 102.28 -0.265854
69.9813 102.28 -0.121883
5.38318 113.047 -0.292592
16.1495 113.047 -0.443884
26.9159 113.047 -0.425923
37.6822 113.047 -0.40846
48.4486 113.047 -0.381681
59.215 113.047 -0.287168
69.9813 113.047 -0.119487
5.38318 123.813 -0.167169
16.1495 123.813 -0.282119
26.9159 123.813 -0.242105
37.6822 123.813 -0.26949
48.4486 123.813 -0.271935
59.215 123.813 -0.189534
69.9813 123.813 -0.0589103
5.38318 134.579 0.264495
16.1495 134.579 0.361789
26.9159 134.579 0.536769
37.6822 134.579 0.337882
48.4486 134.579 0.137793
59.215 134.579 0.153027
69.9813 134.579 0.2033
5.38318 145.346 1.18034
16.1495 145.346 1.84079
26.9159 145.346 2.05
37.6822 145.346 1.68737
48.4486 145.346 1.30833
59.215 145.346 1.01281
69.9813 145.346 0.69181
5.38318 156.112 2.07416
16.1495 156.112 3.3896
26.9159 156.112 3.77997
37.6822 156.112 3.3609
48.4486 156.112 2.81382
59.215 156.112 2.0989
69.9813 156.112 1.25481
5.38318 166.879 2.46517
16.1495 166.879 4.21172
26.9159 166.879 5.05258
37.6822 166.879 5.02923
48.4486 166.879 4.49432
59.215 166.879 3.32305
69.9813 166.879 1.82395
5.38318 177.645 1.98474
16.1495 177.645 3.59098
26.9159 177.645 4.77625
37.6822 177.645 5.51876
48.4486 177.645 5.2672
59.215 177.645 3.98608
69.9813 177.645 2.08018
5.38318 188.411 1.23273
16.1495 188.411 2.39222
26.9159 188.411 3.60794
37.6822 188.411 4.59309
48.4486 188.411 4.55475
59.215 188.411 3.48411
69.9813 188.411 1.825
5.38318 199.178 0.836396
16.1495 199.178 1.52224
26.9159 199.178 2.20073
37.6822 199.178 2.62357
48.4486 199.178 2.49754
59.215 199.178 1.93765
69.9813 199.178 1.15161
5.38318 209.944 0.763664
16.1495 209.944 1.27868
26.9159 209.944 1.6235
37.6822 209.944 1.7536
48.4486 209.944 1.71164
59.215 209.944 1.23379
69.9813 209.944 0.79831
