37 188
0 168 72 40
0 144 72 72
0 134 72 82
0 72 72 144
0 0 72 216
5.38318 5.38318 0.380197
16.1495 5.38318 0.773583
26.9159 5.38318 1.13145
37.6822 5.38318 1.24633
48.4486 5.38318 1.34305
59.215 5.38318 1.16836
69.9813 5.38318 0.78635
5.38318 16.1495 0.721341
16.1495 16.1495 1.58845
26.9159 16.1495 2.27847
37.6822 16.1495 2.59503
48.4486 16.1495 2.76948
59.215 16.1495 2.39316
69.9813 16.1495 1.56942
5.38318 26.9159 1.06099
16.1495 26.9159 2.22092
26.9159 26.9159 3.26109
37.6822 26.9159 3.81797
48.4486 26.9159 3.99884
59.215 26.9159 3.47955
69.9813 26.9159 2.21556
5.38318 37.6822 1.35128
16.1495 37.6822 2.53797
26.9159 37.6822 3.56998
37.6822 37.6822 4.18266
48.4486 37.6822 4.35652
59.215 37.6822 3.76638
69.9813 37.6822 2.29795
5.38318 48.4486 1.47431
16.1495 48.4486 2.52066
26.9159 48.4486 3.35171
37.6822 48.4486 3.75835
48.4486 48.4486 3.9781
59.215 48.4486 3.4497
69.9813 48.4486 2.10987
5.38318 59.215 1.0645
16.1495 59.215 1.64824
26.9159 59.215 2.09116
37.6822 59.215 2.18475
48.4486 59.215 2.48764
59.215 59.215 2.31862
69.9813 59.215 1.5232
5.38318 69.9813 0.329412
16.1495 69.9813 0.603351
26.9159 69.9813 1.04038
37.6822 69.9813 1.13463
48.4486 69.9813 1.55
59.215 69.9813 1.5795
69.9813 69.9813 1.15998
5.38318 80.7477 -0.146832
16.1495 80.7477 -0.164072
26.9159 80.7477 0.126714
37.6822 80.7477 0.401345
48.4486 80.7477 0.676936
59.215 80.7477 0.764892
69.9813 80.7477 0.65866
5.38318 91.514 -0.306094
16.1495 91.514 -0.413762
26.9159 91.514 -0.273804
37.6822 91.514 -0.170145
48.4486 91.514 -0.121981
59.215 91.514 -0.0502856
69.9813 91.514 0.127404
5.38318 102.28 -0.308648
16.1495 102.28 -0.448299
26.9159 102.28 -0.36161
37.6822 102.28 -0.300325
48.4486 102.28 -0.259293
59.215 102.28 -0.186098
69.9813 102.28 -0.0452219
5.38318 113.047 -0.296311
16.1495 113.047 -0.448262
26.9159 113.047 -0.446135
37.6822 113.047 -0.431897
48.4486 113.047 -0.407152
59.215 113.047 -0.316937
69.9813 113.047 -0.135937
5.38318 123.813 -0.266681
16.1495 123.813 -0.410704
26.9159 123.813 -0.388492
37.6822 123.813 -0.38043
48.4486 123.813 -0.349653
59.215 123.813 -0.258107
69.9813 123.813 -0.0983992
5.38318 134.579 -0.180937
16.1495 134.579 -0.281034
26.9159 134.579 -0.256669
37.6822 134.579 -0.256232
48.4486 134.579 -0.219127
59.215 134.579 -0.133354
69.9813 134.579 -0.0149932
5.38318 145.346 -0.0205298
16.1495 145.346 -0.0243681
26.9159 145.346 0.149193
37.6822 145.346 0.189005
48.4486 145.346 0.304945
59.215 145.346 0.34588
69.9813 145.346 0.325549
5.38318 156.112 0.420698
16.1495 156.112 0.819519
26.9159 156.112 1.27383
37.6822 156.112 1.31207
48.4486 156.112 1.27421
59.215 156.112 1.00696
69.9813 156.112 0.699702
5.38318 166.879 0.873276
16.1495 166.879 1.83275
26.9159 166.879 2.70428
37.6822 166.879 2.79431
48.4486 166.879 2.48153
59.215 166.879 1.70408
69.9813 166.879 1.01567
5.38318 177.645 1.07717
16.1495 177.645 2.51261
26.9159 177.645 4.021
37.6822 177.645 4.22619
48.4486 177.645 3.60028
59.215 177.645 2.25062
69.9813 177.645 1.2279
5.38318 188.411 1.0621
16.1495 188.411 2.71478
26.9159 188.411 4.56403
37.6822 188.411 4.87469
48.4486 188.411 4.10771
59.215 188.411 2.41312
69.9813 188.411 1.24091
5.38318 199.178 0.781371
16.1495 199.178 2.04411
26.9159 199.178 3.66046
37.6822 199.178 3.93913
48.4486 199.178 3.2659
59.215 199.178 1.86912
69.9813 199.178 0.933426
5.38318 209.944 0.370355
16.1495 209.944 0.949557
26.9159 209.944 1.77632
37.6822 209.944 1.81795
48.4486 209.944 1.46346
59.215 209.944 0.817203
69.9813 209.944 0.439919
