48 37
0 17 72 40
0 1 72 72
0 0 72 82
0 0 72 144
0 0 72 216
5.38318 5.38318 0.549592
16.1495 5.38318 0.94845
26.9159 5.38318 1.2649
37.6822 5.38318 1.43339
48.4486 5.38318 1.43418
59.215 5.38318 1.20563
69.9813 5.38318 0.762866
5.38318 16.1495 0.973709
16.1495 16.1495 1.94789
26.9159 16.1495 2.63788
37.6822 16.1495 2.99912
48.4486 16.1495 2.98391
59.215 16.1495 2.48949
69.9813 16.1495 1.54171
5.38318 26.9159 1.17395
16.1495 26.9159 2.42389
26.9159 26.9159 3.56771
37.6822 26.9159 4.16212
48.4486 26.9159 4.19285
59.215 26.9159 3.53258
69.9813 26.9159 2.15658
5.38318 37.6822 1.22541
16.1495 37.6822 2.53932
26.9159 37.6822 3.89643
37.6822 37.6822 4.57064
48.4486 37.6822 4.58682
59.215 37.6822 3.7771
69.9813 37.6822 2.25008
5.38318 48.4486 1.21067
16.1495 48.4486 2.21726
26.9159 48.4486 3.3431
37.6822 48.4486 3.79449
48.4486 48.4486 3.84956
59.215 48.4486 3.13013
69.9813 48.4486 1.86049
5.38318 59.215 1.03736
16.1495 59.215 1.66799
26.9159 59.215 2.21585
37.6822 59.215 2.08314
48.4486 59.215 2.00002
59.215 59.215 1.76256
69.9813 59.215 1.15645
5.38318 69.9813 0.749866
16.1495 69.9813 1.15319
26.9159 69.9813 1.26554
37.6822 69.9813 0.87835
48.4486 69.9813 0.751426
59.215 69.9813 0.817121
69.9813 69.9813 0.686121
5.38318 80.7477 0.0783702
16.1495 80.7477 0.229223
26.9159 80.7477 0.359649
37.6822 80.7477 0.146535
48.4486 80.7477 0.0575686
59.215 80.7477 0.325541
69.9813 80.7477 0.415669
5.38318 91.514 -0.247399
16.1495 91.514 -0.328812
26.9159 91.514 -0.279583
37.6822 91.514 -0.263695
48.4486 91.514 -0.272238
59.215 91.514 -0.163227
69.9813 91.514 -0.0122398
5.38318 102.28 -0.299685
16.1495 102.28 -0.418191
26.9159 102.28 -0.334116
37.6822 102.28 -0.28061
48.4486 102.28 -0.256035
59.215 102.28 -0.183468
69.9813 102.28 -0.0484129
5.38318 113.047 -0.302061
16.1495 113.047 -0.458008
26.9159 113.047 -0.460372
37.6822 113.047 -0.441554
48.4486 113.047 -0.418983
59.215 113.047 -0.322717
69.9813 113.047 -0.139427
5.38318 123.813 -0.299255
16.1495 123.813 -0.447698
26.9159 123.813 -0.40682
37.6822 123.813 -0.350597
48.4486 123.813 -0.289835
59.215 123.813 -0.208394
69.9813 123.813 -0.0709427
5.38318 134.579 -0.296888
16.1495 134.579 -0.425359
26.9159 134.579 -0.29852
37.6822 134.579 -0.150814
48.4486 134.579 -0.0150729
59.215 134.579 0.153927
69.9813 134.579 0.247406
5.38318 145.346 -0.288841
16.1495 145.346 -0.325239
26.9159 145.346 -0.0461635
37.6822 145.346 0.602585
48.4486 145.346 1.01877
59.215 145.346 1.00272
69.9813 145.346 0.730801
5.38318 156.112 -0.272863
16.1495 156.112 -0.233744
26.9159 156.112 0.439258
37.6822 156.112 1.51431
48.4486 156.112 2.0682
59.215 156.112 1.89671
69.9813 156.112 1.2077
5.38318 166.879 -0.219849
16.1495 166.879 -0.109026
26.9159 166.879 0.822828
37.6822 166.879 2.00089
48.4486 166.879 2.52381
59.215 166.879 2.23014
69.9813 166.879 1.37534
5.38318 177.645 -0.127684
16.1495 177.645 -0.00397106
26.9159 177.645 0.893197
37.6822 177.645 1.89017
48.4486 177.645 2.28172
59.215 177.645 2.00988
69.9813 177.645 1.25294
5.38318 188.411 0.0153776
16.1495 188.411 0.389597
26.9159 188.411 0.980964
37.6822 188.411 1.67576
48.4486 188.411 1.82461
59.215 188.411 1.66894
69.9813 188.411 1.08898
5.38318 199.178 0.252035
16.1495 199.178 0.708121
26.9159 199.178 1.0617
37.6822 199.178 1.42837
48.4486 199.178 1.39188
59.215 199.178 1.34631
69.9813 199.178 0.888126
5.38318 209.944 0.352576
16.1495 209.944 0.800044
26.9159 209.944 0.987578
37.6822 209.944 0.985247
48.4486 209.944 0.769965
59.215 209.944 0.729041
69.9813 209.944 0.489778
