37 177
0 157 72 40
0 141 72 72
0 134 72 82
0 72 72 144
0 0 72 216
5.38318 5.38318 0.83408
16.1495 5.38318 1.14617
26.9159 5.38318 1.32485
37.6822 5.38318 1.21986
48.4486 5.38318 1.13846
59.215 5.38318 0.906899
69.9813 5.38318 0.632354
5.38318 16.1495 1.49341
16.1495 16.1495 2.25444
26.9159 16.1495 2.60972
37.6822 16.1495 2.37761
48.4486 16.1495 2.28436
59.215 16.1495 1.96913
69.9813 16.1495 1.33524
5.38318 26.9159 1.85282
16.1495 26.9159 2.81423
26.9159 26.9159 3.24491
37.6822 26.9159 2.93858
48.4486 26.9159 2.83077
59.215 26.9159 2.50651
69.9813 26.9159 1.7344
5.38318 37.6822 1.56577
16.1495 37.6822 2.39843
26.9159 37.6822 2.833
37.6822 37.6822 2.59661
48.4486 37.6822 2.51677
59.215 37.6822 2.29434
69.9813 37.6822 1.6357
5.38318 48.4486 0.775844
16.1495 48.4486 1.20188
26.9159 48.4486 1.62351
37.6822 48.4486 1.58452
48.4486 48.4486 1.4177
59.215 48.4486 1.29441
69.9813 48.4486 1.02026
5.38318 59.215 0.0169692
16.1495 59.215 0.0807785
26.9159 59.215 0.541457
37.6822 59.215 0.790626
48.4486 59.215 0.554901
59.215 59.215 0.566088
69.9813 59.215 0.491165
5.38318 69.9813 -0.230208
16.1495 69.9813 -0.317778
26.9159 69.9813 -0.172521
37.6822 69.9813 0.0980746
48.4486 69.9813 -0.0465329
59.215 69.9813 0.046342
69.9813 69.9813 0.0787236
5.38318 80.7477 -0.34367
16.1495 80.7477 -0.499947
26.9159 80.7477 -0.409199
37.6822 80.7477 -0.269753
48.4486 80.7477 -0.323651
59.215 80.7477 -0.269308
69.9813 80.7477 -0.148458
5.38318 91.514 -0.30921
16.1495 91.514 -0.46495
26.9159 91.514 -0.44983
37.6822 91.514 -0.418691
48.4486 91.514 -0.419449
59.215 91.514 -0.33432
69.9813 91.514 -0.154842
5.38318 102.28 -0.297117
16.1495 102.28 -0.446177
26.9159 102.28 -0.443898
37.6822 102.28 -0.429241
48.4486 102.28 -0.414701
59.215 102.28 -0.327024
69.9813 102.28 -0.145924
5.38318 113.047 -0.287458
16.1495 113.047 -0.424953
26.9159 113.047 -0.385973
37.6822 113.047 -0.368757
48.4486 113.047 -0.360766
59.215 113.047 -0.294984
69.9813 113.047 -0.130926
5.38318 123.813 -0.208298
16.1495 123.813 -0.251835
26.9159 123.813 -0.113438
37.6822 123.813 -0.0667326
48.4486 123.813 -0.095826
59.215 123.813 -0.125794
69.9813 123.813 -0.0564367
5.38318 134.579 -0.0398339
16.1495 134.579 0.132917
26.9159 134.579 0.739374
37.6822 134.579 0.939339
48.4486 134.579 0.802247
59.215 134.579 0.481399
69.9813 134.579 0.293322
5.38318 145.346 0.377976
16.1495 145.346 1.00839
26.9159 145.346 1.91277
37.6822 145.346 2.27066
48.4486 145.346 2.10967
59.215 145.346 1.45606
69.9813 145.346 0.788931
5.38318 156.112 0.901563
16.1495 156.112 1.83402
26.9159 156.112 2.91841
37.6822 156.112 3.41514
48.4486 156.112 3.2188
59.215 156.112 2.33848
69.9813 156.112 1.25851
5.38318 166.879 1.31496
16.1495 166.879 2.61535
26.9159 166.879 3.90851
37.6822 166.879 4.29503
48.4486 166.879 3.89061
59.215 166.879 2.80221
69.9813 166.879 1.52852
5.38318 177.645 1.5982
16.1495 177.645 3.16105
26.9159 177.645 4.70919
37.6822 177.645 4.86934
48.4486 177.645 4.18784
59.215 177.645 2.91471
69.9813 177.645 1.64993
5.38318 188.411 1.50379
16.1495 188.411 3.06192
26.9159 188.411 4.79118
37.6822 188.411 4.86731
48.4486 188.411 3.97785
59.215 188.411 2.66144
69.9813 188.411 1.51806
5.38318 199.178 1.23772
16.1495 199.178 2.23111
26.9159 199.178 3.29244
37.6822 199.178 3.10293
48.4486 199.178 2.56907
59.215 199.178 1.88212
69.9813 199.178 1.24938
5.38318 209.944 0.724058
16.1495 209.944 1.02439
26.9159 209.944 1.23283
37.6822 209.944 1.01544
48.4486 209.944 0.923772
59.215 209.944 1.0082
69.9813 209.944 0.8151
