37 188
0 168 72 40
0 144 72 72
0 134 72 82
0 72 72 144
0 0 72 216
5.38318 5.38318 1.01983
16.1495 5.38318 1.28051
26.9159 5.38318 1.15381
37.6822 5.38318 0.894396
48.4486 5.38318 1.30494
59.215 5.38318 1.4156
69.9813 5.38318 1.01641
5.38318 16.1495 1.58373
16.1495 16.1495 2.18474
26.9159 16.1495 2.30416
37.6822 16.1495 2.00846
48.4486 16.1495 2.45153
59.215 16.1495 2.44904
69.9813 16.1495 1.78598
5.38318 26.9159 1.406
16.1495 26.9159 2.1133
26.9159 26.9159 2.71243
37.6822 26.9159 2.45102
48.4486 26.9159 2.73859
59.215 26.9159 2.46643
69.9813 26.9159 1.74077
5.38318 37.6822 1.10247
16.1495 37.6822 1.9934
26.9159 37.6822 3.30181
37.6822 37.6822 3.33725
48.4486 37.6822 3.20414
59.215 37.6822 2.20637
69.9813 37.6822 1.3278
5.38318 48.4486 0.958516
16.1495 48.4486 1.88468
26.9159 48.4486 3.39194
37.6822 48.4486 3.58335
48.4486 48.4486 3.35935
59.215 48.4486 2.23096
69.9813 48.4486 1.27046
5.38318 59.215 0.995867
16.1495 59.215 1.73129
26.9159 59.215 2.78334
37.6822 59.215 2.73664
48.4486 59.215 2.55466
59.215 59.215 1.84146
69.9813 59.215 1.21559
5.38318 69.9813 0.542459
16.1495 69.9813 0.718865
26.9159 69.9813 1.02066
37.6822 69.9813 0.768824
48.4486 69.9813 0.886979
59.215 69.9813 1.0526
69.9813 69.9813 0.973002
5.38318 80.7477 0.113686
16.1495 80.7477 0.148201
26.9159 80.7477 0.312892
37.6822 80.7477 0.129269
48.4486 80.7477 0.284055
59.215 80.7477 0.567846
69.9813 80.7477 0.641464
5.38318 91.514 -0.176751
16.1495 91.514 -0.257922
26.9159 91.514 -0.198833
37.6822 91.514 -0.211236
48.4486 91.514 -0.163724
59.215 91.514 -0.0514325
69.9813 91.514 0.176455
5.38318 102.28 -0.279766
16.1495 102.28 -0.396303
26.9159 102.28 -0.326728
37.6822 102.28 -0.302027
48.4486 102.28 -0.298192
59.215 102.28 -0.227635
69.9813 102.28 -0.0859212
5.38318 113.047 -0.299031
16.1495 113.047 -0.449258
26.9159 113.047 -0.438743
37.6822 113.047 -0.422042
48.4486 113.047 -0.401968
59.215 113.047 -0.314943
69.9813 113.047 -0.138705
5.38318 123.813 -0.280911
16.1495 123.813 -0.414172
26.9159 123.813 -0.365363
37.6822 123.813 -0.343221
48.4486 123.813 -0.297129
59.215 123.813 -0.216719
69.9813 123.813 -0.0718918
5.38318 134.579 -0.208438
16.1495 134.579 -0.256822
26.9159 134.579 -0.142214
37.6822 134.579 -0.0980084
48.4486 134.579 -0.0439547
59.215 134.579 -0.0183773
69.9813 134.579 0.130707
5.38318 145.346 -0.0933172
16.1495 145.346 0.00272956
26.9159 145.346 0.528216
37.6822 145.346 0.789036
48.4486 145.346 0.919217
59.215 145.346 0.748859
69.9813 145.346 0.568175
5.38318 156.112 0.116293
16.1495 156.112 0.746159
26.9159 156.112 1.70055
37.6822 156.112 2.27464
48.4486 156.112 2.31166
59.215 156.112 1.74871
69.9813 156.112 1.0506
5.38318 166.879 0.296456
16.1495 166.879 1.32272
26.9159 166.879 2.92472
37.6822 166.879 4.24252
48.4486 166.879 4.26854
59.215 166.879 3.04949
69.9813 166.879 1.54876
5.38318 177.645 0.649813
16.1495 177.645 1.8317
26.9159 177.645 3.91304
37.6822 177.645 5.84911
48.4486 177.645 5.88127
59.215 177.645 4.24477
69.9813 177.645 1.96723
5.38318 188.411 1.22133
16.1495 188.411 2.42149
26.9159 188.411 4.28281
37.6822 188.411 5.95136
48.4486 188.411 5.89039
59.215 188.411 4.27604
69.9813 188.411 1.94931
5.38318 199.178 1.88541
16.1495 199.178 3.0729
26.9159 199.178 3.67042
37.6822 199.178 4.05625
48.4486 199.178 3.75039
59.215 199.178 2.77007
69.9813 199.178 1.42816
5.38318 209.944 1.82166
16.1495 209.944 2.82892
26.9159 209.944 2.62274
37.6822 209.944 1.87871
48.4486 209.944 1.42508
59.215 209.944 1.12068
69.9813 209.944 0.804796
