48 177
0 157 72 40
0 141 72 72
0 134 72 82
0 72 72 144
0 0 72 216
5.38318 5.38318 1.16831
16.1495 5.38318 1.52641
26.9159 5.38318 1.57099
37.6822 5.38318 1.32852
48.4486 5.38318 0.965915
59.215 5.38318 0.704423
69.9813 5.38318 0.408468
5.38318 16.1495 1.91866
16.1495 16.1495 2.80393
26.9159 16.1495 3.06652
37.6822 16.1495 2.73726
48.4486 16.1495 2.29438
59.215 16.1495 1.68363
69.9813 16.1495 0.996492
5.38318 26.9159 2.17859
16.1495 26.9159 3.41241
26.9159 26.9159 3.73777
37.6822 26.9159 3.53002
48.4486 26.9159 3.11635
59.215 26.9159 2.41177
69.9813 26.9159 1.47379
5.38318 37.6822 1.64759
16.1495 37.6822 3.18324
26.9159 37.6822 4.18038
37.6822 37.6822 4.47902
48.4486 37.6822 4.16539
59.215 37.6822 3.16871
69.9813 37.6822 1.92117
5.38318 48.4486 1.17019
16.1495 48.4486 2.8296
26.9159 48.4486 4.14395
37.6822 48.4486 4.72771
48.4486 48.4486 4.28079
59.215 48.4486 3.21468
69.9813 48.4486 1.89141
5.38318 59.215 0.941326
16.1495 59.215 2.43416
26.9159 59.215 3.61455
37.6822 59.215 3.91307
48.4486 59.215 3.32845
59.215 59.215 2.5174
69.9813 59.215 1.49991
5.38318 69.9813 0.190342
16.1495 69.9813 0.773467
26.9159 69.9813 1.31148
37.6822 69.9813 1.52203
48.4486 69.9813 1.34759
59.215 69.9813 1.39717
69.9813 69.9813 0.961562
5.38318 80.7477 -0.121787
16.1495 80.7477 -0.103822
26.9159 80.7477 0.180952
37.6822 80.7477 0.342176
48.4486 80.7477 0.470838
59.215 80.7477 0.747228
69.9813 80.7477 0.616703
5.38318 91.514 -0.270168
16.1495 91.514 -0.387944
26.9159 91.514 -0.286383
37.6822 91.514 -0.256983
48.4486 91.514 -0.240954
59.215 91.514 -0.0959217
69.9813 91.514 -0.00135371
5.38318 102.28 -0.261141
16.1495 102.28 -0.379973
26.9159 102.28 -0.330612
37.6822 102.28 -0.338974
48.4486 102.28 -0.367336
59.215 102.28 -0.286604
69.9813 102.28 -0.134095
5.38318 113.047 -0.294147
16.1495 113.047 -0.441934
26.9159 113.047 -0.434055
37.6822 113.047 -0.42637
48.4486 113.047 -0.415666
59.215 113.047 -0.326233
69.9813 113.047 -0.144796
5.38318 123.813 -0.273448
16.1495 123.813 -0.407467
26.9159 123.813 -0.365885
37.6822 123.813 -0.361491
48.4486 123.813 -0.356935
59.215 123.813 -0.270951
69.9813 123.813 -0.112967
5.38318 134.579 -0.18363
16.1495 134.579 -0.23303
26.9159 134.579 -0.127063
37.6822 134.579 -0.098312
48.4486 134.579 -0.119798
59.215 134.579 -0.0693395
69.9813 134.579 -0.00687073
5.38318 145.346 -0.0177065
16.1495 145.346 0.272222
26.9159 145.346 0.772785
37.6822 145.346 0.971863
48.4486 145.346 0.90577
59.215 145.346 0.725975
69.9813 145.346 0.48461
5.38318 156.112 0.333884
16.1495 156.112 1.14373
26.9159 156.112 2.1214
37.6822 156.112 2.61273
48.4486 156.112 2.48116
59.215 156.112 1.87691
69.9813 156.112 1.10413
5.38318 166.879 0.633839
16.1495 166.879 1.93303
26.9159 166.879 3.314
37.6822 166.879 4.27947
48.4486 166.879 4.18394
59.215 166.879 3.01651
69.9813 166.879 1.69426
5.38318 177.645 0.715844
16.1495 177.645 2.07149
26.9159 177.645 3.67717
37.6822 177.645 5.10892
48.4486 177.645 5.1895
59.215 177.645 3.80051
69.9813 177.645 2.04833
5.38318 188.411 0.749055
16.1495 188.411 1.93554
26.9159 188.411 3.37634
37.6822 188.411 4.63915
48.4486 188.411 4.70859
59.215 188.411 3.50372
69.9813 188.411 1.91609
5.38318 199.178 0.631124
16.1495 199.178 1.41571
26.9159 199.178 2.242
37.6822 199.178 2.81078
48.4486 199.178 2.92577
59.215 199.178 2.42624
69.9813 199.178 1.5165
5.38318 209.944 0.566588
16.1495 209.944 1.068
26.9159 209.944 1.4553
37.6822 209.944 1.45443
48.4486 209.944 1.51115
59.215 209.944 1.4041
69.9813 209.944 1.04699
