37 177
0 157 72 40
0 141 72 72
0 134 72 82
0 72 72 144
0 0 72 216
5.38318 5.38318 0.921575
16.1495 5.38318 1.62547
26.9159 5.38318 2.20262
37.6822 5.38318 2.42336
48.4486 5.38318 2.16812
59.215 5.38318 1.51304
69.9813 5.38318 0.829409
5.38318 16.1495 1.38502
16.1495 16.1495 2.699
26.9159 16.1495 3.86756
37.6822 16.1495 4.31165
48.4486 16.1495 3.8386
59.215 16.1495 2.62223
69.9813 16.1495 1.42344
5.38318 26.9159 1.35671
16.1495 26.9159 2.93182
26.9159 26.9159 4.42581
37.6822 26.9159 5.01212
48.4486 26.9159 4.27402
59.215 26.9159 2.74917
69.9813 26.9159 1.38283
5.38318 37.6822 0.835165
16.1495 37.6822 1.98047
26.9159 37.6822 3.08589
37.6822 37.6822 3.40895
48.4486 37.6822 2.70412
59.215 37.6822 1.56347
69.9813 37.6822 0.716797
5.38318 48.4486 0.373223
16.1495 48.4486 1.12051
26.9159 48.4486 1.95271
37.6822 48.4486 2.2199
48.4486 48.4486 1.72632
59.215 48.4486 0.86176
69.9813 48.4486 0.362037
5.38318 59.215 0.148003
16.1495 59.215 0.842659
26.9159 59.215 1.94412
37.6822 59.215 2.33139
48.4486 59.215 1.89799
59.215 59.215 0.895428
69.9813 59.215 0.313915
5.38318 69.9813 -0.0504501
16.1495 69.9813 0.47292
26.9159 69.9813 1.73442
37.6822 69.9813 2.18671
48.4486 69.9813 1.84337
59.215 69.9813 0.803021
69.9813 69.9813 0.233083
5.38318 80.7477 -0.154016
16.1495 80.7477 -0.0308272
26.9159 80.7477 0.823001
37.6822 80.7477 1.05571
48.4486 80.7477 0.773011
59.215 80.7477 0.076654
69.9813 80.7477 -0.0480417
5.38318 91.514 -0.260488
16.1495 91.514 -0.352144
26.9159 91.514 -0.207643
37.6822 91.514 -0.202577
48.4486 91.514 -0.241312
59.215 91.514 -0.290746
69.9813 91.514 -0.156821
5.38318 102.28 -0.28932
16.1495 102.28 -0.441627
26.9159 102.28 -0.420052
37.6822 102.28 -0.440354
48.4486 102.28 -0.464651
59.215 102.28 -0.394703
69.9813 102.28 -0.193395
5.38318 113.047 -0.298976
16.1495 113.047 -0.455676
26.9159 113.047 -0.465562
37.6822 113.047 -0.452404
48.4486 113.047 -0.434325
59.215 113.047 -0.342473
69.9813 113.047 -0.149882
5.38318 123.813 -0.293435
16.1495 123.813 -0.447178
26.9159 123.813 -0.439616
37.6822 123.813 -0.424781
48.4486 123.813 -0.393161
59.215 123.813 -0.296195
69.9813 123.813 -0.121144
5.38318 134.579 -0.224102
16.1495 134.579 -0.306343
26.9159 134.579 -0.235607
37.6822 134.579 -0.203468
48.4486 134.579 -0.182937
59.215 134.579 -0.161353
69.9813 134.579 -0.0490819
5.38318 145.346 -0.0499246
16.1495 145.346 0.122129
26.9159 145.346 0.649122
37.6822 145.346 0.853723
48.4486 145.346 0.743739
59.215 145.346 0.357186
69.9813 145.346 0.256954
5.38318 156.112 0.49042
16.1495 156.112 1.46979
26.9159 156.112 2.63595
37.6822 156.112 2.93283
48.4486 156.112 2.43811
59.215 156.112 1.32125
69.9813 156.112 0.650269
5.38318 166.879 1.03747
16.1495 166.879 2.64754
26.9159 166.879 4.73305
37.6822 166.879 5.24698
48.4486 166.879 4.2675
59.215 166.879 2.23569
69.9813 166.879 0.985455
5.38318 177.645 1.1598
16.1495 177.645 3.0872
26.9159 177.645 5.64249
37.6822 177.645 6.23118
48.4486 177.645 5.10915
59.215 177.645 2.67481
69.9813 177.645 1.11416
5.38318 188.411 1.02233
16.1495 188.411 2.6315
26.9159 188.411 4.6881
37.6822 188.411 5.18008
48.4486 188.411 4.15806
59.215 188.411 2.2346
69.9813 188.411 0.949163
5.38318 199.178 0.428166
16.1495 199.178 1.47675
26.9159 199.178 2.44925
37.6822 199.178 2.89395
48.4486 199.178 2.31472
59.215 199.178 1.44485
69.9813 199.178 0.673844
5.38318 209.944 0.286799
16.1495 209.944 0.997654
26.9159 209.944 1.51272
37.6822 209.944 1.89306
48.4486 209.944 1.4739
59.215 209.944 1.00702
69.9813 209.944 0.490951
