37 177
0 157 72 40
0 141 72 72
0 134 72 82
0 72 72 144
0 0 72 216
5.38318 5.38318 1.01983
16.1495 5.38318 1.28051
26.9159 5.38318 1.15381
37.6822 5.38318 0.894396
48.4486 5.38318 1.30494
59.215 5.38318 1.4156
69.9813 5.38318 1.01641
5.38318 16.1495 1.58373
16.1495 16.1495 2.18474
26.9159 16.1495 2.30416
37.6822 16.1495 2.00846
48.4486 16.1495 2.45153
59.215 16.1495 2.44904
69.9813 16.1495 1.78598
5.38318 26.9159 1.406
16.1495 26.9159 2.1133
26.9159 26.9159 2.71243
37.6822 26.9159 2.45102
48.4486 26.9159 2.73859
59.215 26.9159 2.46643
69.9813 26.9159 1.74077
5.38318 37.6822 1.10247
16.1495 37.6822 1.9934
26.9159 37.6822 3.30181
37.6822 37.6822 3.33725
48.4486 37.6822 3.20414
59.215 37.6822 2.20637
69.9813 37.6822 1.3278
5.38318 48.4486 0.958516
16.1495 48.4486 1.88468
26.9159 48.4486 3.39194
37.6822 48.4486 3.58335
48.4486 48.4486 3.35935
59.215 48.4486 2.23096
69.9813 48.4486 1.27046
5.38318 59.215 0.995867
16.1495 59.215 1.73129
26.9159 59.215 2.78334
37.6822 59.215 2.73664
48.4486 59.215 2.55466
59.215 59.215 1.84146
69.9813 59.215 1.21559
5.38318 69.9813 0.542458
16.1495 69.9813 0.718866
26.9159 69.9813 1.02066
37.6822 69.9813 0.768824
48.4486 69.9813 0.88698
59.215 69.9813 1.0526
69.9813 69.9813 0.973002
5.38318 80.7477 0.113686
16.1495 80.7477 0.148201
26.9159 80.7477 0.312892
37.6822 80.7477 0.12927
48.4486 80.7477 0.284055
59.215 80.7477 0.567845
69.9813 80.7477 0.641464
5.38318 91.514 -0.176751
16.1495 91.514 -0.257921
26.9159 91.514 -0.198832
37.6822 91.514 -0.211236
48.4486 91.514 -0.163724
59.215 91.514 -0.0514326
69.9813 91.514 0.176455
5.38318 102.28 -0.279785
16.1495 102.28 -0.396529
26.9159 102.28 -0.327277
37.6822 102.28 -0.302666
48.4486 102.28 -0.298696
59.215 102.28 -0.227848
69.9813 102.28 -0.0860394
5.38318 113.047 -0.30176
16.1495 113.047 -0.456592
26.9159 113.047 -0.460813
37.6822 113.047 -0.443743
48.4486 113.047 -0.427097
59.215 113.047 -0.334618
69.9813 113.047 -0.147681
5.38318 123.813 -0.298721
16.1495 123.813 -0.45615
26.9159 123.813 -0.462292
37.6822 123.813 -0.448594
48.4486 123.813 -0.413724
59.215 123.813 -0.310041
69.9813 123.813 -0.129816
5.38318 134.579 -0.260573
16.1495 134.579 -0.382665
26.9159 134.579 -0.325213
37.6822 134.579 -0.307832
48.4486 134.579 -0.270428
59.215 134.579 -0.211681
69.9813 134.579 -0.0763735
5.38318 145.346 -0.122498
16.1495 145.346 -0.105606
26.9159 145.346 0.228352
37.6822 145.346 0.378928
48.4486 145.346 0.37515
59.215 145.346 0.153355
69.9813 145.346 0.159064
5.38318 156.112 0.256303
16.1495 156.112 0.91533
26.9159 156.112 1.99667
37.6822 156.112 2.25865
48.4486 156.112 1.92971
59.215 156.112 1.09179
69.9813 156.112 0.539782
5.38318 166.879 0.742652
16.1495 166.879 2.21344
26.9159 166.879 4.14935
37.6822 166.879 4.76422
48.4486 166.879 3.91136
59.215 166.879 2.13644
69.9813 166.879 0.941564
5.38318 177.645 0.928758
16.1495 177.645 2.86033
26.9159 177.645 5.65316
37.6822 177.645 6.42527
48.4486 177.645 5.34903
59.215 177.645 2.8678
69.9813 177.645 1.15766
5.38318 188.411 0.806649
16.1495 188.411 2.68079
26.9159 188.411 5.37176
37.6822 188.411 6.1582
48.4486 188.411 5.04378
59.215 188.411 2.62285
69.9813 188.411 1.00088
5.38318 199.178 0.359195
16.1495 199.178 1.57889
26.9159 199.178 3.22976
37.6822 199.178 3.78819
48.4486 199.178 2.92678
59.215 199.178 1.5065
69.9813 199.178 0.517869
5.38318 209.944 0.182629
16.1495 209.944 0.861823
26.9159 209.944 1.57987
37.6822 209.944 1.88737
48.4486 209.944 1.34279
59.215 209.944 0.751046
69.9813 209.944 0.253405
