26 166
0 146 72 40
0 130 72 72
0 125 72 82
0 72 72 144
0 0 72 216
5.38318 5.38318 0.549592
16.1495 5.38318 0.94845
26.9159 5.38318 1.2649
37.6822 5.38318 1.43339
48.4486 5.38318 1.43418
59.215 5.38318 1.20563
69.9813 5.38318 0.762866
5.38318 16.1495 0.973709
16.1495 16.1495 1.94789
26.9159 16.1495 2.63788
37.6822 16.1495 2.99912
48.4486 16.1495 2.98391
59.215 16.1495 2.48949
69.9813 16.1495 1.54171
5.38318 26.9159 1.17395
16.1495 26.9159 2.42389
26.9159 26.9159 3.56771
37.6822 26.9159 4.16212
48.4486 26.9159 4.19285
59.215 26.9159 3.53258
69.9813 26.9159 2.15658
5.38318 37.6822 1.22541
16.1495 37.6822 2.53932
26.9159 37.6822 3.89643
37.6822 37.6822 4.57064
48.4486 37.6822 4.58682
59.215 37.6822 3.7771
69.9813 37.6822 2.25008
5.38318 48.4486 1.21067
16.1495 48.4486 2.21726
26.9159 48.4486 3.3431
37.6822 48.4486 3.79449
48.4486 48.4486 3.84956
59.215 48.4486 3.13013
69.9813 48.4486 1.86049
5.38318 59.215 1.03736
16.1495 59.215 1.66799
26.9159 59.215 2.21585
37.6822 59.215 2.08314
48.4486 59.215 2.00002
59.215 59.215 1.76256
69.9813 59.215 1.15645
5.38318 69.9813 0.749866
16.1495 69.9813 1.15319
26.9159 69.9813 1.26554
37.6822 69.9813 0.878349
48.4486 69.9813 0.751426
59.215 69.9813 0.81712
69.9813 69.9813 0.686121
5.38318 80.7477 0.0783702
16.1495 80.7477 0.229224
26.9159 80.7477 0.359649
37.6822 80.7477 0.146536
48.4486 80.7477 0.0575686
59.215 80.7477 0.325541
69.9813 80.7477 0.415669
5.38318 91.514 -0.247399
16.1495 91.514 -0.328812
26.9159 91.514 -0.279583
37.6822 91.514 -0.263695
48.4486 91.514 -0.272237
59.215 91.514 -0.163227
69.9813 91.514 -0.0122395
5.38318 102.28 -0.297725
16.1495 102.28 -0.415935
26.9159 102.28 -0.331097
37.6822 102.28 -0.277438
48.4486 102.28 -0.252595
59.215 102.28 -0.180607
69.9813 102.28 -0.0462085
5.38318 113.047 -0.295732
16.1495 113.047 -0.448085
26.9159 113.047 -0.428135
37.6822 113.047 -0.408868
48.4486 113.047 -0.382046
59.215 113.047 -0.291565
69.9813 113.047 -0.121572
5.38318 123.813 -0.170566
16.1495 123.813 -0.280687
26.9159 123.813 -0.235516
37.6822 123.813 -0.262706
48.4486 123.813 -0.266468
59.215 123.813 -0.19044
69.9813 123.813 -0.0594247
5.38318 134.579 0.264317
16.1495 134.579 0.368752
26.9159 134.579 0.562648
37.6822 134.579 0.307147
48.4486 134.579 0.133651
59.215 134.579 0.0960209
69.9813 134.579 0.189624
5.38318 145.346 1.19857
16.1495 145.346 1.89041
26.9159 145.346 2.10688
37.6822 145.346 1.67879
48.4486 145.346 1.3144
59.215 145.346 0.959801
69.9813 145.346 0.67364
5.38318 156.112 2.14102
16.1495 156.112 3.4889
26.9159 156.112 3.82824
37.6822 156.112 3.21981
48.4486 156.112 2.61208
59.215 156.112 1.8871
69.9813 156.112 1.16751
5.38318 166.879 2.53318
16.1495 166.879 4.28686
26.9159 166.879 4.87281
37.6822 166.879 4.545
48.4486 166.879 3.84119
59.215 166.879 2.82442
69.9813 166.879 1.60469
5.38318 177.645 2.02255
16.1495 177.645 3.56943
26.9159 177.645 4.40643
37.6822 177.645 4.71995
48.4486 177.645 4.25672
59.215 177.645 3.2164
69.9813 177.645 1.73788
5.38318 188.411 1.22574
16.1495 188.411 2.30392
26.9159 188.411 3.14539
37.6822 188.411 3.82302
48.4486 188.411 3.66104
59.215 188.411 2.83071
69.9813 188.411 1.53858
5.38318 199.178 0.870555
16.1495 199.178 1.56969
26.9159 199.178 2.15236
37.6822 199.178 2.52705
48.4486 199.178 2.406
59.215 199.178 1.88089
69.9813 199.178 1.15185
5.38318 209.944 0.806411
16.1495 209.944 1.35375
26.9159 209.944 1.68334
37.6822 209.944 1.81866
48.4486 209.944 1.74791
59.215 209.944 1.25226
69.9813 209.944 0.817081
