37 48
0 28 72 40
0 12 72 72
0 7 72 82
0 0 72 144
0 0 72 216
5.38318 5.38318 0.260241
16.1495 5.38318 0.278851
26.9159 5.38318 0.394456
37.6822 5.38318 0.243857
48.4486 5.38318 0.281896
59.215 5.38318 0.25333
69.9813 5.38318 0.234037
5.38318 16.1495 0.394335
16.1495 16.1495 0.869078
26.9159 16.1495 1.51318
37.6822 16.1495 1.391
48.4486 16.1495 1.40816
59.215 16.1495 0.993078
69.9813 16.1495 0.721933
5.38318 26.9159 0.0898709
16.1495 26.9159 0.835901
26.9159 26.9159 2.09454
37.6822 26.9159 2.19162
48.4486 26.9159 2.12615
59.215 26.9159 1.28903
69.9813 26.9159 0.892224
5.38318 37.6822 0.409288
16.1495 37.6822 1.77514
26.9159 37.6822 3.78894
37.6822 37.6822 4.10164
48.4486 37.6822 3.72753
59.215 37.6822 2.20742
69.9813 37.6822 1.28388
5.38318 48.4486 0.42387
16.1495 48.4486 2.01143
26.9159 48.4486 4.33056
37.6822 48.4486 4.88494
48.4486 48.4486 4.28169
59.215 48.4486 2.41553
69.9813 48.4486 1.32824
5.38318 59.215 0.490158
16.1495 59.215 1.77128
26.9159 59.215 3.79511
37.6822 59.215 4.08115
48.4486 59.215 3.51445
59.215 59.215 2.00013
69.9813 59.215 1.13813
5.38318 69.9813 -0.0108628
16.1495 69.9813 0.35059
26.9159 69.9813 1.68877
37.6822 69.9813 1.69642
48.4486 69.9813 1.45655
59.215 69.9813 0.735414
69.9813 69.9813 0.604964
5.38318 80.7477 -0.161103
16.1495 80.7477 -0.158024
26.9159 80.7477 0.596965
37.6822 80.7477 0.534013
48.4486 80.7477 0.532032
59.215 80.7477 0.15982
69.9813 80.7477 0.349483
5.38318 91.514 -0.280618
16.1495 91.514 -0.369422
26.9159 91.514 -0.14211
37.6822 91.514 -0.112268
48.4486 91.514 -0.0573667
59.215 91.514 -0.153274
69.9813 91.514 -0.00518922
5.38318 102.28 -0.295391
16.1495 102.28 -0.412051
26.9159 102.28 -0.307684
37.6822 102.28 -0.288289
48.4486 102.28 -0.284512
59.215 102.28 -0.257476
69.9813 102.28 -0.0995968
5.38318 113.047 -0.288656
16.1495 113.047 -0.429783
26.9159 113.047 -0.412839
37.6822 113.047 -0.404614
48.4486 113.047 -0.397656
59.215 113.047 -0.315435
69.9813 113.047 -0.136911
5.38318 123.813 -0.240645
16.1495 123.813 -0.359173
26.9159 123.813 -0.335032
37.6822 123.813 -0.346941
48.4486 123.813 -0.35407
59.215 123.813 -0.275846
69.9813 123.813 -0.115132
5.38318 134.579 -0.136753
16.1495 134.579 -0.177216
26.9159 134.579 -0.125527
37.6822 134.579 -0.155286
48.4486 134.579 -0.188358
59.215 134.579 -0.142644
69.9813 134.579 -0.0433423
5.38318 145.346 -0.00879573
16.1495 145.346 0.136798
26.9159 145.346 0.352963
37.6822 145.346 0.348338
48.4486 145.346 0.27872
59.215 145.346 0.296929
69.9813 145.346 0.272702
5.38318 156.112 0.278985
16.1495 156.112 0.84222
26.9159 156.112 1.44201
37.6822 156.112 1.55507
48.4486 156.112 1.4647
59.215 156.112 1.10423
69.9813 156.112 0.731721
5.38318 166.879 0.507815
16.1495 166.879 1.36356
26.9159 166.879 2.38602
37.6822 166.879 2.50625
48.4486 166.879 2.48385
59.215 166.879 1.80785
69.9813 166.879 1.15105
5.38318 177.645 0.832707
16.1495 177.645 2.06103
26.9159 177.645 3.49555
37.6822 177.645 3.68513
48.4486 177.645 3.58532
59.215 177.645 2.36734
69.9813 177.645 1.43498
5.38318 188.411 0.940676
16.1495 188.411 2.19247
26.9159 188.411 3.8199
37.6822 188.411 4.02037
48.4486 188.411 3.83954
59.215 188.411 2.39434
69.9813 188.411 1.40932
5.38318 199.178 0.891667
16.1495 199.178 1.93581
26.9159 199.178 3.26371
37.6822 199.178 3.456
48.4486 199.178 3.05396
59.215 199.178 1.8203
69.9813 199.178 0.991064
5.38318 209.944 0.455391
16.1495 209.944 0.909178
26.9159 209.944 1.48163
37.6822 209.944 1.47587
48.4486 209.944 1.21144
59.215 209.944 0.688234
69.9813 209.944 0.381473
