37 37
0 17 72 40
0 1 72 72
0 0 72 82
0 0 72 144
0 0 72 216
5.38318 5.38318 0.757723
16.1495 5.38318 1.34097
26.9159 5.38318 1.68495
37.6822 5.38318 1.69455
48.4486 5.38318 1.53883
59.215 5.38318 1.12931
69.9813 5.38318 0.674083
5.38318 16.1495 1.32477
16.1495 16.1495 2.52625
26.9159 16.1495 3.31979
37.6822 16.1495 3.5104
48.4486 16.1495 3.18397
59.215 16.1495 2.29831
69.9813 16.1495 1.32064
5.38318 26.9159 1.53246
16.1495 26.9159 3.05175
26.9159 26.9159 4.38425
37.6822 26.9159 4.72863
48.4486 26.9159 4.17205
59.215 26.9159 2.93
69.9813 26.9159 1.61335
5.38318 37.6822 1.40843
16.1495 37.6822 2.91333
26.9159 37.6822 4.59219
37.6822 37.6822 5.06517
48.4486 37.6822 4.37504
59.215 37.6822 2.91137
69.9813 37.6822 1.55178
5.38318 48.4486 1.11881
16.1495 48.4486 2.42465
26.9159 48.4486 4.0164
37.6822 48.4486 4.37137
48.4486 48.4486 3.54758
59.215 48.4486 2.30441
69.9813 48.4486 1.18711
5.38318 59.215 0.437612
16.1495 59.215 1.16654
26.9159 59.215 2.08412
37.6822 59.215 2.33133
48.4486 59.215 1.79493
59.215 59.215 1.33937
69.9813 59.215 0.780768
5.38318 69.9813 0.04693
16.1495 69.9813 0.329254
26.9159 69.9813 0.507463
37.6822 69.9813 0.731972
48.4486 69.9813 0.28446
59.215 69.9813 0.627503
69.9813 69.9813 0.448867
5.38318 80.7477 -0.25639
16.1495 80.7477 -0.355577
26.9159 80.7477 -0.404671
37.6822 80.7477 -0.364542
48.4486 80.7477 -0.441546
59.215 80.7477 -0.21747
69.9813 80.7477 -0.0475002
5.38318 91.514 -0.49827
16.1495 91.514 -0.790633
26.9159 91.514 -0.87713
37.6822 91.514 -0.890759
48.4486 91.514 -0.87056
59.215 91.514 -0.629126
69.9813 91.514 -0.255987
5.38318 102.28 -0.579579
16.1495 102.28 -0.933352
26.9159 102.28 -1.02315
37.6822 102.28 -1.02707
48.4486 102.28 -0.97631
59.215 102.28 -0.773727
69.9813 102.28 -0.338648
5.38318 113.047 -0.583173
16.1495 113.047 -0.924049
26.9159 113.047 -0.995086
37.6822 113.047 -0.992281
48.4486 113.047 -0.947188
59.215 113.047 -0.74596
69.9813 113.047 -0.323971
5.38318 123.813 -0.537397
16.1495 123.813 -0.805516
26.9159 123.813 -0.69551
37.6822 123.813 -0.645086
48.4486 123.813 -0.697924
59.215 123.813 -0.591234
69.9813 123.813 -0.285784
5.38318 134.579 -0.442088
16.1495 134.579 -0.465903
26.9159 134.579 -0.0380559
37.6822 134.579 0.268956
48.4486 134.579 -0.14698
59.215 134.579 -0.307059
69.9813 134.579 -0.202259
5.38318 145.346 -0.282648
16.1495 145.346 0.131521
26.9159 145.346 2.033
37.6822 145.346 2.6696
48.4486 145.346 1.61753
59.215 145.346 0.401744
69.9813 145.346 -0.0951073
5.38318 156.112 -0.199339
16.1495 156.112 0.796255
26.9159 156.112 3.10879
37.6822 156.112 3.91407
48.4486 156.112 2.70393
59.215 156.112 1.05264
69.9813 156.112 -0.00475801
5.38318 166.879 -0.205359
16.1495 166.879 0.658062
26.9159 166.879 2.75668
37.6822 166.879 3.51063
48.4486 166.879 2.39828
59.215 166.879 0.928939
69.9813 166.879 -0.035596
5.38318 177.645 -0.173658
16.1495 177.645 0.225785
26.9159 177.645 1.71073
37.6822 177.645 2.21995
48.4486 177.645 1.32871
59.215 177.645 0.503964
69.9813 177.645 0.0020896
5.38318 188.411 -0.0968998
16.1495 188.411 0.197976
26.9159 188.411 1.28467
37.6822 188.411 1.53051
48.4486 188.411 1.05726
59.215 188.411 0.680559
69.9813 188.411 0.386468
5.38318 199.178 -0.00609239
16.1495 199.178 0.534209
26.9159 199.178 1.48511
37.6822 199.178 1.84876
48.4486 199.178 1.72067
59.215 199.178 1.4375
69.9813 199.178 0.908626
5.38318 209.944 0.128281
16.1495 209.944 0.623152
26.9159 209.944 1.27399
37.6822 209.944 1.55521
48.4486 209.944 1.66905
59.215 209.944 1.54509
69.9813 209.944 1.02534
