37 177
0 157 72 40
0 141 72 72
0 134 72 82
0 72 72 144
0 0 72 216
5.38318 5.38318 0.730536
16.1495 5.38318 1.14874
26.9159 5.38318 1.4295
37.6822 5.38318 1.53615
48.4486 5.38318 1.4748
59.215 5.38318 1.21392
69.9813 5.38318 0.731244
5.38318 16.1495 1.49708
16.1495 16.1495 2.46096
26.9159 16.1495 2.9008
37.6822 16.1495 3.11932
48.4486 16.1495 2.99497
59.215 16.1495 2.48515
69.9813 16.1495 1.47673
5.38318 26.9159 2.11836
16.1495 26.9159 3.43376
26.9159 26.9159 3.86424
37.6822 26.9159 4.05876
48.4486 26.9159 3.82157
59.215 26.9159 3.1679
69.9813 26.9159 1.8301
5.38318 37.6822 2.19643
16.1495 37.6822 3.48902
26.9159 37.6822 3.84325
37.6822 37.6822 3.88132
48.4486 37.6822 3.41509
59.215 37.6822 2.73833
69.9813 37.6822 1.54387
5.38318 48.4486 1.47717
16.1495 48.4486 2.39289
26.9159 48.4486 2.68101
37.6822 48.4486 2.59027
48.4486 48.4486 2.18876
59.215 48.4486 1.78857
69.9813 48.4486 1.06
5.38318 59.215 0.812842
16.1495 59.215 1.33671
26.9159 59.215 1.46094
37.6822 59.215 1.03357
48.4486 59.215 0.612288
59.215 59.215 0.576517
69.9813 59.215 0.554461
5.38318 69.9813 0.447098
16.1495 69.9813 0.629734
26.9159 69.9813 0.654551
37.6822 69.9813 0.0088916
48.4486 69.9813 -0.109314
59.215 69.9813 0.0504141
69.9813 69.9813 0.375126
5.38318 80.7477 -0.080544
16.1495 80.7477 -0.199127
26.9159 80.7477 -0.237191
37.6822 80.7477 -0.493669
48.4486 80.7477 -0.55347
59.215 80.7477 -0.401568
69.9813 80.7477 -0.0924999
5.38318 91.514 -0.454975
16.1495 91.514 -0.759157
26.9159 91.514 -0.822021
37.6822 91.514 -0.956068
48.4486 91.514 -0.950154
59.215 91.514 -0.757151
69.9813 91.514 -0.315766
5.38318 102.28 -0.572742
16.1495 102.28 -0.927383
26.9159 102.28 -1.01406
37.6822 102.28 -1.03902
48.4486 102.28 -0.99426
59.215 102.28 -0.792186
69.9813 102.28 -0.349787
5.38318 113.047 -0.581526
16.1495 113.047 -0.931951
26.9159 113.047 -1.01741
37.6822 113.047 -1.01962
48.4486 113.047 -0.966876
59.215 113.047 -0.763875
69.9813 113.047 -0.330494
5.38318 123.813 -0.561012
16.1495 123.813 -0.874883
26.9159 123.813 -0.916972
37.6822 123.813 -0.88219
48.4486 123.813 -0.829495
59.215 123.813 -0.626239
69.9813 123.813 -0.263333
5.38318 134.579 -0.475617
16.1495 134.579 -0.682191
26.9159 134.579 -0.541693
37.6822 134.579 -0.489592
48.4486 134.579 -0.475325
59.215 134.579 -0.401997
69.9813 134.579 -0.151863
5.38318 145.346 -0.272783
16.1495 145.346 -0.232829
26.9159 145.346 0.516856
37.6822 145.346 0.931989
48.4486 145.346 0.763829
59.215 145.346 0.250853
69.9813 145.346 0.192648
5.38318 156.112 0.170489
16.1495 156.112 0.972382
26.9159 156.112 2.61722
37.6822 156.112 3.01752
48.4486 156.112 2.51734
59.215 156.112 1.28159
69.9813 156.112 0.621187
5.38318 166.879 0.661713
16.1495 166.879 2.26684
26.9159 166.879 4.46514
37.6822 166.879 5.16362
48.4486 166.879 4.207
59.215 166.879 2.24931
69.9813 166.879 0.947041
5.38318 177.645 0.965231
16.1495 177.645 2.83082
26.9159 177.645 5.51851
37.6822 177.645 6.18884
48.4486 177.645 4.88703
59.215 177.645 2.4247
69.9813 177.645 0.934528
5.38318 188.411 0.509354
16.1495 188.411 2.20281
26.9159 188.411 4.64065
37.6822 188.411 5.2403
48.4486 188.411 4.00325
59.215 188.411 1.77963
69.9813 188.411 0.545226
5.38318 199.178 -0.0852715
16.1495 199.178 0.59602
26.9159 199.178 2.20933
37.6822 199.178 2.41254
48.4486 199.178 1.64324
59.215 199.178 0.30744
69.9813 199.178 -0.00932774
5.38318 209.944 -0.196138
16.1495 209.944 -0.155441
26.9159 209.944 0.118697
37.6822 209.944 0.196599
48.4486 209.944 -0.132654
59.215 209.944 -0.193214
69.9813 209.944 -0.070582
