37 37
0 17 72 40
0 1 72 72
0 0 72 82
0 0 72 144
0 0 72 216
5.38318 5.38318 0.466177
16.1495 5.38318 0.933224
26.9159 5.38318 1.43404
37.6822 5.38318 1.60265
48.4486 5.38318 1.44251
59.215 5.38318 0.97678
69.9813 5.38318 0.55108
5.38318 16.1495 0.928744
16.1495 16.1495 2.04174
26.9159 16.1495 3.24747
37.6822 16.1495 3.71158
48.4486 16.1495 3.34814
59.215 16.1495 2.22814
69.9813 16.1495 1.20133
5.38318 26.9159 1.39967
16.1495 26.9159 3.07174
26.9159 26.9159 4.87779
37.6822 26.9159 5.54624
48.4486 26.9159 5.02784
59.215 26.9159 3.36277
69.9813 26.9159 1.7578
5.38318 37.6822 1.54216
16.1495 37.6822 3.22032
26.9159 37.6822 4.8564
37.6822 37.6822 5.56192
48.4486 37.6822 5.11499
59.215 37.6822 3.60069
69.9813 37.6822 1.91726
5.38318 48.4486 1.56879
16.1495 48.4486 2.70183
26.9159 48.4486 3.52291
37.6822 48.4486 3.71667
48.4486 48.4486 3.47097
59.215 48.4486 2.80684
69.9813 48.4486 1.67104
5.38318 59.215 1.12168
16.1495 59.215 1.66603
26.9159 59.215 1.66526
37.6822 59.215 1.63564
48.4486 59.215 1.61406
59.215 59.215 1.88822
69.9813 59.215 1.39148
5.38318 69.9813 0.809677
16.1495 69.9813 1.12001
26.9159 69.9813 0.968067
37.6822 69.9813 0.733017
48.4486 69.9813 0.755538
59.215 69.9813 1.36345
69.9813 69.9813 1.14813
5.38318 80.7477 0.0170605
16.1495 80.7477 0.0297287
26.9159 80.7477 0.0527258
37.6822 80.7477 0.00845834
48.4486 80.7477 0.116566
59.215 80.7477 0.564254
69.9813 80.7477 0.609779
5.38318 91.514 -0.267209
16.1495 91.514 -0.361948
26.9159 91.514 -0.304775
37.6822 91.514 -0.241531
48.4486 91.514 -0.21984
59.215 91.514 -0.114062
69.9813 91.514 0.0540736
5.38318 102.28 -0.295406
16.1495 102.28 -0.41157
26.9159 102.28 -0.328108
37.6822 102.28 -0.275114
48.4486 102.28 -0.266825
59.215 102.28 -0.21391
69.9813 102.28 -0.0858286
5.38318 113.047 -0.275883
16.1495 113.047 -0.42462
26.9159 113.047 -0.406779
37.6822 113.047 -0.405605
48.4486 113.047 -0.386533
59.215 113.047 -0.300065
69.9813 113.047 -0.126775
5.38318 123.813 -0.174964
16.1495 123.813 -0.23873
26.9159 123.813 -0.19982
37.6822 123.813 -0.195673
48.4486 123.813 -0.213934
59.215 123.813 -0.158505
69.9813 123.813 -0.0485136
5.38318 134.579 0.0075619
16.1495 134.579 0.115601
26.9159 134.579 0.431105
37.6822 134.579 0.411131
48.4486 134.579 0.285866
59.215 134.579 0.212189
69.9813 134.579 0.225537
5.38318 145.346 0.428201
16.1495 145.346 0.980558
26.9159 145.346 1.73704
37.6822 145.346 1.87273
48.4486 145.346 1.58429
59.215 145.346 1.09896
69.9813 145.346 0.661136
5.38318 156.112 0.740929
16.1495 156.112 1.7628
26.9159 156.112 3.04208
37.6822 156.112 3.14622
48.4486 156.112 2.70373
59.215 156.112 1.75998
69.9813 156.112 0.986823
5.38318 166.879 0.745811
16.1495 166.879 2.19208
26.9159 166.879 4.08152
37.6822 166.879 4.33776
48.4486 166.879 3.70204
59.215 166.879 2.16855
69.9813 166.879 1.13053
5.38318 177.645 0.490937
16.1495 177.645 1.99614
26.9159 177.645 4.10034
37.6822 177.645 4.3736
48.4486 177.645 3.62982
59.215 177.645 1.8986
69.9813 177.645 0.905697
5.38318 188.411 -0.0167339
16.1495 188.411 1.0283
26.9159 188.411 2.90778
37.6822 188.411 3.10183
48.4486 188.411 2.4845
59.215 188.411 0.955409
69.9813 188.411 0.455249
5.38318 199.178 -0.205912
16.1495 199.178 -0.0558867
26.9159 199.178 0.992832
37.6822 199.178 1.02481
48.4486 199.178 0.5834
59.215 199.178 -0.0563399
69.9813 199.178 0.0644255
5.38318 209.944 -0.176497
16.1495 209.944 -0.155022
26.9159 209.944 0.0106549
37.6822 209.944 -0.052588
48.4486 209.944 -0.158593
59.215 209.944 -0.161695
69.9813 209.944 0.00870703
