37 177
0 157 72 40
0 141 72 72
0 134 72 82
0 72 72 144
0 0 72 216
5.38318 5.38318 0.154389
16.1495 5.38318 0.176562
26.9159 5.38318 0.395465
37.6822 5.38318 0.423026
48.4486 5.38318 0.537557
59.215 5.38318 0.504266
69.9813 5.38318 0.410347
5.38318 16.1495 0.339751
16.1495 16.1495 0.757976
26.9159 16.1495 1.41632
37.6822 16.1495 1.4202
48.4486 16.1495 1.57434
59.215 16.1495 1.29325
69.9813 16.1495 0.972846
5.38318 26.9159 0.320657
16.1495 26.9159 0.809476
26.9159 26.9159 1.81796
37.6822 26.9159 1.90883
48.4486 26.9159 2.16211
59.215 26.9159 1.76846
69.9813 26.9159 1.30191
5.38318 37.6822 0.841103
16.1495 37.6822 1.73568
26.9159 37.6822 2.99264
37.6822 37.6822 2.99806
48.4486 37.6822 3.11612
59.215 37.6822 2.29883
69.9813 37.6822 1.56073
5.38318 48.4486 0.983646
16.1495 48.4486 1.84926
26.9159 48.4486 3.11725
37.6822 48.4486 3.13
48.4486 48.4486 3.21684
59.215 48.4486 2.27759
69.9813 48.4486 1.51112
5.38318 59.215 0.714219
16.1495 59.215 1.20524
26.9159 59.215 2.25624
37.6822 59.215 2.23044
48.4486 59.215 2.33209
59.215 59.215 1.67429
69.9813 59.215 1.14793
5.38318 69.9813 0.124804
16.1495 69.9813 0.0338269
26.9159 69.9813 0.516374
37.6822 69.9813 0.241752
48.4486 69.9813 0.409503
59.215 69.9813 0.268591
69.9813 69.9813 0.381442
5.38318 80.7477 -0.16259
16.1495 80.7477 -0.299169
26.9159 80.7477 -0.272038
37.6822 80.7477 -0.35074
48.4486 80.7477 -0.283762
59.215 80.7477 -0.222998
69.9813 80.7477 -0.0433192
5.38318 91.514 -0.274345
16.1495 91.514 -0.437275
26.9159 91.514 -0.470099
37.6822 91.514 -0.516519
48.4486 91.514 -0.493158
59.215 91.514 -0.395293
69.9813 91.514 -0.169525
5.38318 102.28 -0.290232
16.1495 102.28 -0.433016
26.9159 102.28 -0.431396
37.6822 102.28 -0.439752
48.4486 102.28 -0.421612
59.215 102.28 -0.339608
69.9813 102.28 -0.14338
5.38318 113.047 -0.297484
16.1495 113.047 -0.452298
26.9159 113.047 -0.457193
37.6822 113.047 -0.441295
48.4486 113.047 -0.417846
59.215 113.047 -0.323311
69.9813 113.047 -0.14043
5.38318 123.813 -0.285364
16.1495 123.813 -0.439249
26.9159 123.813 -0.41488
37.6822 123.813 -0.40393
48.4486 123.813 -0.36718
59.215 123.813 -0.276147
69.9813 123.813 -0.106391
5.38318 134.579 -0.202003
16.1495 134.579 -0.269619
26.9159 134.579 -0.175652
37.6822 134.579 -0.132879
48.4486 134.579 -0.125427
59.215 134.579 -0.106191
69.9813 134.579 -0.0131415
5.38318 145.346 -0.109507
16.1495 145.346 -0.0113166
26.9159 145.346 0.547483
37.6822 145.346 0.877063
48.4486 145.346 0.824944
59.215 145.346 0.515728
69.9813 145.346 0.336417
5.38318 156.112 0.170458
16.1495 156.112 0.931891
26.9159 156.112 1.97743
37.6822 156.112 2.52973
48.4486 156.112 2.23077
59.215 156.112 1.37631
69.9813 156.112 0.698448
5.38318 166.879 0.315664
16.1495 166.879 1.39975
26.9159 166.879 2.94472
37.6822 166.879 3.96878
48.4486 166.879 3.59919
59.215 166.879 2.16067
69.9813 166.879 0.989689
5.38318 177.645 0.597574
16.1495 177.645 1.85449
26.9159 177.645 3.67818
37.6822 177.645 4.79303
48.4486 177.645 4.31472
59.215 177.645 2.53124
69.9813 177.645 1.10122
5.38318 188.411 0.618824
16.1495 188.411 1.70731
26.9159 188.411 3.28589
37.6822 188.411 4.27346
48.4486 188.411 3.81731
59.215 188.411 2.32029
69.9813 188.411 1.01138
5.38318 199.178 0.552796
16.1495 199.178 1.53072
26.9159 199.178 2.65977
37.6822 199.178 3.23795
48.4486 199.178 2.74744
59.215 199.178 1.77478
69.9813 199.178 0.869504
5.38318 209.944 0.337979
16.1495 209.944 0.914295
26.9159 209.944 1.25333
37.6822 209.944 1.5328
48.4486 209.944 1.30079
59.215 209.944 1.09979
69.9813 209.944 0.658457
