37 16
0 0 72 40
0 0 72 72
0 0 72 82
0 0 72 144
0 0 72 216
5.38318 5.38318 0.209054
16.1495 5.38318 0.672042
26.9159 5.38318 1.57741
37.6822 5.38318 1.68944
48.4486 5.38318 1.19014
59.215 5.38318 0.453442
69.9813 5.38318 0.121508
5.38318 16.1495 0.121997
16.1495 16.1495 1.06226
26.9159 16.1495 2.57554
37.6822 16.1495 2.85894
48.4486 16.1495 2.08621
59.215 16.1495 0.858515
69.9813 16.1495 0.31211
5.38318 26.9159 -0.172536
16.1495 26.9159 0.443477
26.9159 26.9159 2.18906
37.6822 26.9159 2.60937
48.4486 26.9159 1.64971
59.215 26.9159 0.397744
69.9813 26.9159 -0.0347739
5.38318 37.6822 -0.126153
16.1495 37.6822 0.315685
26.9159 37.6822 1.5158
37.6822 37.6822 1.88367
48.4486 37.6822 1.145
59.215 37.6822 0.425127
69.9813 37.6822 0.149311
5.38318 48.4486 0.189478
16.1495 48.4486 0.91966
26.9159 48.4486 1.91009
37.6822 48.4486 2.1732
48.4486 48.4486 1.65377
59.215 48.4486 1.09347
69.9813 48.4486 0.670858
5.38318 59.215 0.660056
16.1495 59.215 1.66369
26.9159 59.215 2.37101
37.6822 59.215 2.61404
48.4486 59.215 2.37345
59.215 59.215 2.04043
69.9813 59.215 1.30933
5.38318 69.9813 0.746209
16.1495 69.9813 1.67788
26.9159 69.9813 2.12275
37.6822 69.9813 2.31083
48.4486 69.9813 2.24357
59.215 69.9813 2.1865
69.9813 69.9813 1.46497
5.38318 80.7477 0.246203
16.1495 80.7477 0.707115
26.9159 80.7477 0.805809
37.6822 80.7477 0.908
48.4486 80.7477 0.932604
59.215 80.7477 1.27125
69.9813 80.7477 1.0351
5.38318 91.514 -0.326547
16.1495 91.514 -0.445533
26.9159 91.514 -0.509997
37.6822 91.514 -0.530869
48.4486 91.514 -0.560607
59.215 91.514 -0.309387
69.9813 91.514 -0.0636389
5.38318 102.28 -0.537515
16.1495 102.28 -0.854063
26.9159 102.28 -0.939736
37.6822 102.28 -0.953876
48.4486 102.28 -0.933409
59.215 102.28 -0.709201
69.9813 102.28 -0.308074
5.38318 113.047 -0.576626
16.1495 113.047 -0.921613
26.9159 113.047 -1.00617
37.6822 113.047 -1.01089
48.4486 113.047 -0.965626
59.215 113.047 -0.76213
69.9813 113.047 -0.3303
5.38318 123.813 -0.559177
16.1495 123.813 -0.890205
26.9159 123.813 -0.959921
37.6822 123.813 -0.953766
48.4486 123.813 -0.903075
59.215 123.813 -0.672675
69.9813 123.813 -0.279286
5.38318 134.579 -0.492309
16.1495 134.579 -0.760855
26.9159 134.579 -0.77123
37.6822 134.579 -0.771793
48.4486 134.579 -0.739965
59.215 134.579 -0.544277
69.9813 134.579 -0.212372
5.38318 145.346 -0.356336
16.1495 145.346 -0.526613
26.9159 145.346 -0.505838
37.6822 145.346 -0.482513
48.4486 145.346 -0.44731
59.215 145.346 -0.338382
69.9813 145.346 -0.103503
5.38318 156.112 -0.164427
16.1495 156.112 -0.164453
26.9159 156.112 -0.101706
37.6822 156.112 -0.0714293
48.4486 156.112 -0.142025
59.215 156.112 -0.171924
69.9813 156.112 -0.0193632
5.38318 166.879 -0.0840206
16.1495 166.879 0.061249
26.9159 166.879 0.296693
37.6822 166.879 0.387421
48.4486 166.879 0.0270698
59.215 166.879 -0.122655
69.9813 166.879 -0.016425
5.38318 177.645 -0.122714
16.1495 177.645 -0.020991
26.9159 177.645 0.257139
37.6822 177.645 0.294663
48.4486 177.645 -0.163589
59.215 177.645 -0.259542
69.9813 177.645 -0.12981
5.38318 188.411 -0.250353
16.1495 188.411 -0.266279
26.9159 188.411 -0.0484032
37.6822 188.411 -0.014763
48.4486 188.411 -0.264721
59.215 188.411 -0.314542
69.9813 188.411 -0.163454
5.38318 199.178 -0.304995
16.1495 199.178 -0.341666
26.9159 199.178 -0.0862671
37.6822 199.178 -0.0737054
48.4486 199.178 -0.221282
59.215 199.178 -0.256074
69.9813 199.178 -0.100141
5.38318 209.944 -0.210762
16.1495 209.944 -0.205495
26.9159 209.944 0.0617966
37.6822 209.944 -0.000123693
48.4486 209.944 -0.0775391
59.215 209.944 -0.130152
69.9813 209.944 0.00335984
