37 177
0 157 72 40
0 141 72 72
0 134 72 82
0 72 72 144
0 0 72 216
5.38318 5.38318 0.950432
16.1495 5.38318 1.32464
26.9159 5.38318 1.28687
37.6822 5.38318 1.23351
48.4486 5.38318 1.01182
59.215 5.38318 0.861049
69.9813 5.38318 0.498999
5.38318 16.1495 2.23874
16.1495 16.1495 3.1391
26.9159 16.1495 2.98037
37.6822 16.1495 2.77933
48.4486 16.1495 2.44537
59.215 16.1495 1.99674
69.9813 16.1495 1.13938
5.38318 26.9159 3.40335
16.1495 26.9159 4.81786
26.9159 26.9159 4.50627
37.6822 26.9159 4.20319
48.4486 26.9159 3.62972
59.215 26.9159 2.95781
69.9813 26.9159 1.60149
5.38318 37.6822 3.6266
16.1495 37.6822 5.20311
26.9159 37.6822 5.08815
37.6822 37.6822 4.82839
48.4486 37.6822 4.30718
59.215 37.6822 3.42266
69.9813 37.6822 1.81774
5.38318 48.4486 2.29375
16.1495 48.4486 3.54333
26.9159 48.4486 3.86759
37.6822 48.4486 3.96205
48.4486 48.4486 3.66172
59.215 48.4486 2.95546
69.9813 48.4486 1.65825
5.38318 59.215 1.17549
16.1495 59.215 1.96784
26.9159 59.215 2.35045
37.6822 59.215 2.27276
48.4486 59.215 2.16443
59.215 59.215 1.92382
69.9813 59.215 1.29089
5.38318 69.9813 0.473666
16.1495 69.9813 0.789528
26.9159 69.9813 1.141
37.6822 69.9813 0.823356
48.4486 69.9813 0.850388
59.215 69.9813 0.905354
69.9813 69.9813 0.879898
5.38318 80.7477 0.0047171
16.1495 80.7477 0.0866198
26.9159 80.7477 0.414847
37.6822 80.7477 0.0972627
48.4486 80.7477 -0.0163634
59.215 80.7477 0.138694
69.9813 80.7477 0.396133
5.38318 91.514 -0.194994
16.1495 91.514 -0.274537
26.9159 91.514 -0.193189
37.6822 91.514 -0.265442
48.4486 91.514 -0.297368
59.215 91.514 -0.230341
69.9813 91.514 -0.0455792
5.38318 102.28 -0.244377
16.1495 102.28 -0.345588
26.9159 102.28 -0.259649
37.6822 102.28 -0.255398
48.4486 102.28 -0.261707
59.215 102.28 -0.213027
69.9813 102.28 -0.0741555
5.38318 113.047 -0.295581
16.1495 113.047 -0.446434
26.9159 113.047 -0.444709
37.6822 113.047 -0.43439
48.4486 113.047 -0.420137
59.215 113.047 -0.330012
69.9813 113.047 -0.145167
5.38318 123.813 -0.299339
16.1495 123.813 -0.458105
26.9159 123.813 -0.468502
37.6822 123.813 -0.452425
48.4486 123.813 -0.421866
59.215 123.813 -0.318387
69.9813 123.813 -0.134258
5.38318 134.579 -0.280379
16.1495 134.579 -0.410048
26.9159 134.579 -0.351858
37.6822 134.579 -0.323808
48.4486 134.579 -0.292055
59.215 134.579 -0.233636
69.9813 134.579 -0.0915859
5.38318 145.346 -0.152677
16.1495 145.346 -0.153597
26.9159 145.346 0.103976
37.6822 145.346 0.27647
48.4486 145.346 0.212513
59.215 145.346 0.0142168
69.9813 145.346 0.0752633
5.38318 156.112 0.227164
16.1495 156.112 0.787796
26.9159 156.112 1.90633
37.6822 156.112 2.1343
48.4486 156.112 1.8016
59.215 156.112 0.95123
69.9813 156.112 0.493398
5.38318 166.879 0.836886
16.1495 166.879 2.12252
26.9159 166.879 4.04746
37.6822 166.879 4.46218
48.4486 166.879 3.64159
59.215 166.879 2.00073
69.9813 166.879 0.959662
5.38318 177.645 1.19583
16.1495 177.645 2.90359
26.9159 177.645 5.50782
37.6822 177.645 6.05444
48.4486 177.645 4.97096
59.215 177.645 2.7654
69.9813 177.645 1.31962
5.38318 188.411 1.21589
16.1495 188.411 2.78566
26.9159 188.411 4.99574
37.6822 188.411 5.35558
48.4486 188.411 4.39925
59.215 188.411 2.61907
69.9813 188.411 1.35494
5.38318 199.178 0.679981
16.1495 199.178 1.55548
26.9159 199.178 2.61487
37.6822 199.178 2.77309
48.4486 199.178 2.39636
59.215 199.178 1.68439
69.9813 199.178 1.07157
5.38318 209.944 0.379051
16.1495 209.944 0.846204
26.9159 209.944 1.23801
37.6822 209.944 1.33711
48.4486 209.944 1.22669
59.215 209.944 1.06294
69.9813 209.944 0.78717
