37 48
0 28 72 40
0 12 72 72
0 7 72 82
0 0 72 144
0 0 72 216
5.38318 5.38318 0.130688
16.1495 5.38318 0.138501
26.9159 5.38318 0.264168
37.6822 5.38318 0.235033
48.4486 5.38318 0.180683
59.215 5.38318 0.17337
69.9813 5.38318 0.141968
5.38318 16.1495 0.29655
16.1495 16.1495 0.675101
26.9159 16.1495 1.16457
37.6822 16.1495 1.21621
48.4486 16.1495 1.06361
59.215 16.1495 0.754322
69.9813 16.1495 0.506087
5.38318 26.9159 0.286852
16.1495 26.9159 0.927148
26.9159 26.9159 1.8052
37.6822 26.9159 1.98509
48.4486 26.9159 1.65262
59.215 26.9159 0.947629
69.9813 26.9159 0.577
5.38318 37.6822 0.737233
16.1495 37.6822 1.89335
26.9159 37.6822 3.22178
37.6822 37.6822 3.50049
48.4486 37.6822 3.01027
59.215 37.6822 1.825
69.9813 37.6822 0.945981
5.38318 48.4486 0.745918
16.1495 48.4486 1.95848
26.9159 48.4486 3.54386
37.6822 48.4486 3.8542
48.4486 48.4486 3.2169
59.215 48.4486 1.85415
69.9813 48.4486 0.911154
5.38318 59.215 0.321133
16.1495 59.215 1.22537
26.9159 59.215 2.77058
37.6822 59.215 2.943
48.4486 59.215 2.2996
59.215 59.215 0.996904
69.9813 59.215 0.391941
5.38318 69.9813 -0.247304
16.1495 69.9813 -0.253746
26.9159 69.9813 0.444769
37.6822 69.9813 0.443802
48.4486 69.9813 -0.0949856
59.215 69.9813 -0.296705
69.9813 69.9813 -0.193239
5.38318 80.7477 -0.490958
16.1495 80.7477 -0.723463
26.9159 80.7477 -0.628247
37.6822 80.7477 -0.6359
48.4486 80.7477 -0.748013
59.215 80.7477 -0.650501
69.9813 80.7477 -0.335661
5.38318 91.514 -0.568142
16.1495 91.514 -0.910152
26.9159 91.514 -0.996843
37.6822 91.514 -1.01154
48.4486 91.514 -0.980923
59.215 91.514 -0.784379
69.9813 91.514 -0.353831
5.38318 102.28 -0.587935
16.1495 102.28 -0.944749
26.9159 102.28 -1.03817
37.6822 102.28 -1.04405
48.4486 102.28 -0.990303
59.215 102.28 -0.782142
69.9813 102.28 -0.341926
5.38318 113.047 -0.584268
16.1495 113.047 -0.936825
26.9159 113.047 -1.02221
37.6822 113.047 -1.02377
48.4486 113.047 -0.96914
59.215 113.047 -0.766151
69.9813 113.047 -0.331342
5.38318 123.813 -0.576469
16.1495 123.813 -0.92252
26.9159 123.813 -1.0052
37.6822 123.813 -1.00623
48.4486 123.813 -0.951761
59.215 123.813 -0.745035
69.9813 123.813 -0.319761
5.38318 134.579 -0.54833
16.1495 134.579 -0.865732
26.9159 134.579 -0.9387
37.6822 134.579 -0.942577
48.4486 134.579 -0.901965
59.215 134.579 -0.688013
69.9813 134.579 -0.292237
5.38318 145.346 -0.449154
16.1495 145.346 -0.656302
26.9159 145.346 -0.620996
37.6822 145.346 -0.649377
48.4486 145.346 -0.665481
59.215 145.346 -0.543766
69.9813 145.346 -0.218311
5.38318 156.112 -0.24984
16.1495 156.112 -0.282585
26.9159 156.112 -0.127635
37.6822 156.112 -0.198239
48.4486 156.112 -0.326879
59.215 156.112 -0.350388
69.9813 156.112 -0.123861
5.38318 166.879 -0.00518095
16.1495 166.879 0.442506
26.9159 166.879 1.13291
37.6822 166.879 0.933191
48.4486 166.879 0.285287
59.215 166.879 -0.116686
69.9813 166.879 -0.00393128
5.38318 177.645 0.133828
16.1495 177.645 0.739355
26.9159 177.645 1.4312
37.6822 177.645 1.17659
48.4486 177.645 0.428444
59.215 177.645 -0.078222
69.9813 177.645 0.0214218
5.38318 188.411 -0.00472878
16.1495 188.411 0.352616
26.9159 188.411 0.799378
37.6822 188.411 0.363703
48.4486 188.411 -0.19228
59.215 188.411 -0.269846
69.9813 188.411 -0.0666575
5.38318 199.178 -0.253398
16.1495 199.178 -0.342883
26.9159 199.178 -0.341197
37.6822 199.178 -0.478667
48.4486 199.178 -0.570146
59.215 199.178 -0.417476
69.9813 199.178 -0.114089
5.38318 209.944 -0.242087
16.1495 209.944 -0.329543
26.9159 209.944 -0.354146
37.6822 209.944 -0.423246
48.4486 209.944 -0.446098
59.215 209.944 -0.280975
69.9813 209.944 -0.0459739
