37 177
0 157 72 40
0 141 72 72
0 134 72 82
0 72 72 144
0 0 72 216
5.38318 5.38318 0.619985
16.1495 5.38318 1.08183
26.9159 5.38318 1.29443
37.6822 5.38318 1.28746
48.4486 5.38318 0.938168
59.215 5.38318 0.673608
69.9813 5.38318 0.377347
5.38318 16.1495 1.17168
16.1495 16.1495 2.36659
26.9159 16.1495 2.8374
37.6822 16.1495 2.71477
48.4486 16.1495 1.98572
59.215 16.1495 1.44274
69.9813 16.1495 0.874565
5.38318 26.9159 1.718
16.1495 26.9159 3.57035
26.9159 26.9159 4.13518
37.6822 26.9159 3.78887
48.4486 26.9159 2.59259
59.215 26.9159 1.8679
69.9813 26.9159 1.13796
5.38318 37.6822 1.76017
16.1495 37.6822 3.71912
26.9159 37.6822 4.42186
37.6822 37.6822 3.90897
48.4486 37.6822 2.67738
59.215 37.6822 1.98522
69.9813 37.6822 1.26303
5.38318 48.4486 1.48591
16.1495 48.4486 2.92054
26.9159 48.4486 3.41995
37.6822 48.4486 2.91982
48.4486 48.4486 2.04374
59.215 48.4486 1.6934
69.9813 48.4486 1.13227
5.38318 59.215 0.668523
16.1495 59.215 1.17461
26.9159 59.215 1.70444
37.6822 59.215 1.54681
48.4486 59.215 1.29734
59.215 59.215 1.24434
69.9813 59.215 0.831203
5.38318 69.9813 0.341795
16.1495 69.9813 0.457857
26.9159 69.9813 0.910771
37.6822 69.9813 0.846184
48.4486 69.9813 0.730752
59.215 69.9813 0.769001
69.9813 69.9813 0.510688
5.38318 80.7477 0.0276108
16.1495 80.7477 -0.000775164
26.9159 80.7477 0.364349
37.6822 80.7477 0.36077
48.4486 80.7477 0.269576
59.215 80.7477 0.361891
69.9813 80.7477 0.261634
5.38318 91.514 -0.152211
16.1495 91.514 -0.236556
26.9159 91.514 -0.135272
37.6822 91.514 -0.137177
48.4486 91.514 -0.166418
59.215 91.514 -0.116587
69.9813 91.514 -0.0482448
5.38318 102.28 -0.203388
16.1495 102.28 -0.295677
26.9159 102.28 -0.249008
37.6822 102.28 -0.282351
48.4486 102.28 -0.334646
59.215 102.28 -0.287228
69.9813 102.28 -0.143371
5.38318 113.047 -0.296395
16.1495 113.047 -0.447982
26.9159 113.047 -0.453727
37.6822 113.047 -0.439313
48.4486 113.047 -0.425715
59.215 113.047 -0.332188
69.9813 113.047 -0.146738
5.38318 123.813 -0.298056
16.1495 123.813 -0.455322
26.9159 123.813 -0.460395
37.6822 123.813 -0.447255
48.4486 123.813 -0.412044
59.215 123.813 -0.308821
69.9813 123.813 -0.128675
5.38318 134.579 -0.255165
16.1495 134.579 -0.375998
26.9159 134.579 -0.322178
37.6822 134.579 -0.308491
48.4486 134.579 -0.272215
59.215 134.579 -0.212734
69.9813 134.579 -0.0765298
5.38318 145.346 -0.113396
16.1495 145.346 -0.0926176
26.9159 145.346 0.228642
37.6822 145.346 0.363608
48.4486 145.346 0.344895
59.215 145.346 0.137962
69.9813 145.346 0.149127
5.38318 156.112 0.277391
16.1495 156.112 0.94409
26.9159 156.112 1.96573
37.6822 156.112 2.19687
48.4486 156.112 1.8491
59.215 156.112 1.02572
69.9813 156.112 0.508183
5.38318 166.879 0.777616
16.1495 166.879 2.21423
26.9159 166.879 4.02995
37.6822 166.879 4.57878
48.4486 166.879 3.70965
59.215 166.879 2.01717
69.9813 166.879 0.895581
5.38318 177.645 1.01385
16.1495 177.645 2.90081
26.9159 177.645 5.44336
37.6822 177.645 6.13144
48.4486 177.645 5.09118
59.215 177.645 2.75897
69.9813 177.645 1.16898
5.38318 188.411 1.05301
16.1495 188.411 2.85582
26.9159 188.411 5.12637
37.6822 188.411 5.77023
48.4486 188.411 4.80061
59.215 188.411 2.68279
69.9813 188.411 1.19541
5.38318 199.178 0.837909
16.1495 199.178 1.92439
26.9159 199.178 3.00685
37.6822 199.178 3.27112
48.4486 199.178 2.90462
59.215 199.178 1.89525
69.9813 199.178 1.10817
5.38318 209.944 0.674749
16.1495 209.944 1.29618
26.9159 209.944 1.54754
37.6822 209.944 1.53938
48.4486 209.944 1.50702
59.215 209.944 1.29952
69.9813 209.944 0.921688
