37 37
0 17 72 40
0 1 72 72
0 0 72 82
0 0 72 144
0 0 72 216
5.38318 5.38318 0.542841
16.1495 5.38318 0.955294
26.9159 5.38318 1.32398
37.6822 5.38318 1.18476
48.4486 5.38318 1.06381
59.215 5.38318 0.637769
69.9813 5.38318 0.410687
5.38318 16.1495 0.804626
16.1495 16.1495 1.72497
26.9159 16.1495 2.58875
37.6822 16.1495 2.48791
48.4486 16.1495 2.24448
59.215 16.1495 1.39462
69.9813 16.1495 0.844139
5.38318 26.9159 0.661896
16.1495 26.9159 1.8996
26.9159 26.9159 3.46577
37.6822 26.9159 3.56195
48.4486 26.9159 3.22009
59.215 26.9159 1.86122
69.9813 26.9159 1.01791
5.38318 37.6822 0.572831
16.1495 37.6822 1.82914
26.9159 37.6822 3.55423
37.6822 37.6822 3.9151
48.4486 37.6822 3.49631
59.215 37.6822 2.00695
69.9813 37.6822 1.01624
5.38318 48.4486 0.707897
16.1495 48.4486 1.80441
26.9159 48.4486 3.11498
37.6822 48.4486 3.28982
48.4486 48.4486 2.85432
59.215 48.4486 1.73622
69.9813 48.4486 0.946436
5.38318 59.215 0.599839
16.1495 59.215 1.24048
26.9159 59.215 1.73416
37.6822 59.215 1.79055
48.4486 59.215 1.71547
59.215 59.215 1.42028
69.9813 59.215 0.939773
5.38318 69.9813 0.324884
16.1495 69.9813 0.581282
26.9159 69.9813 0.77649
37.6822 69.9813 0.881914
48.4486 69.9813 1.11382
59.215 69.9813 1.24792
69.9813 69.9813 0.946277
5.38318 80.7477 -0.0408672
16.1495 80.7477 -0.0684442
26.9159 80.7477 0.0338566
37.6822 80.7477 0.181357
48.4486 80.7477 0.473185
59.215 80.7477 0.712323
69.9813 80.7477 0.615723
5.38318 91.514 -0.252357
16.1495 91.514 -0.391906
26.9159 91.514 -0.320032
37.6822 91.514 -0.249101
48.4486 91.514 -0.169053
59.215 91.514 -0.0492776
69.9813 91.514 0.108347
5.38318 102.28 -0.299848
16.1495 102.28 -0.444415
26.9159 102.28 -0.377501
37.6822 102.28 -0.324463
48.4486 102.28 -0.315543
59.215 102.28 -0.249351
69.9813 102.28 -0.111855
5.38318 113.047 -0.288357
16.1495 113.047 -0.429664
26.9159 113.047 -0.390854
37.6822 113.047 -0.384491
48.4486 113.047 -0.3801
59.215 113.047 -0.312244
69.9813 113.047 -0.141768
5.38318 123.813 -0.174579
16.1495 123.813 -0.236961
26.9159 123.813 -0.134969
37.6822 123.813 -0.173582
48.4486 123.813 -0.237514
59.215 123.813 -0.256254
69.9813 123.813 -0.134083
5.38318 134.579 -0.0294471
16.1495 134.579 0.124348
26.9159 134.579 0.560584
37.6822 134.579 0.467634
48.4486 134.579 0.13157
59.215 134.579 -0.113046
69.9813 134.579 -0.0882953
5.38318 145.346 0.340232
16.1495 145.346 0.905743
26.9159 145.346 1.68705
37.6822 145.346 1.64476
48.4486 145.346 1.02147
59.215 145.346 0.341736
69.9813 145.346 0.00908985
5.38318 156.112 0.397275
16.1495 156.112 1.17024
26.9159 156.112 2.15959
37.6822 156.112 2.29368
48.4486 156.112 1.6713
59.215 156.112 0.816571
69.9813 156.112 0.286933
5.38318 166.879 0.205765
16.1495 166.879 0.901054
26.9159 166.879 2.14195
37.6822 166.879 2.49024
48.4486 166.879 2.06468
59.215 166.879 1.29924
69.9813 166.879 0.580613
5.38318 177.645 -0.040602
16.1495 177.645 0.221916
26.9159 177.645 1.36519
37.6822 177.645 1.92181
48.4486 177.645 2.06761
59.215 177.645 1.59078
69.9813 177.645 0.927113
5.38318 188.411 -0.157002
16.1495 188.411 -0.120571
26.9159 188.411 0.910956
37.6822 188.411 1.47678
48.4486 188.411 2.05476
59.215 188.411 1.73532
69.9813 188.411 1.1796
5.38318 199.178 -0.164801
16.1495 199.178 -0.25443
26.9159 199.178 0.109572
37.6822 199.178 0.47601
48.4486 199.178 1.44014
59.215 199.178 1.48956
69.9813 199.178 1.30393
5.38318 209.944 -0.103164
16.1495 209.944 -0.167423
26.9159 209.944 -0.0257002
37.6822 209.944 0.0980579
48.4486 209.944 0.959521
59.215 209.944 1.15141
69.9813 209.944 1.04496
