37 188
0 168 72 40
0 144 72 72
0 134 72 82
0 72 72 144
0 0 72 216
5.38318 5.38318 0.641652
16.1495 5.38318 0.932434
26.9159 5.38318 0.988008
37.6822 5.38318 1.05076
48.4486 5.38318 1.26707
59.215 5.38318 1.31143
69.9813 5.38318 0.964368
5.38318 16.1495 1.07638
16.1495 16.1495 1.68234
26.9159 16.1495 1.80047
37.6822 16.1495 1.73578
48.4486 16.1495 1.93255
59.215 16.1495 2.04885
69.9813 16.1495 1.57491
5.38318 26.9159 1.13794
16.1495 26.9159 1.68645
26.9159 26.9159 1.56439
37.6822 26.9159 1.03191
48.4486 26.9159 0.919126
59.215 26.9159 1.21149
69.9813 26.9159 1.17761
5.38318 37.6822 1.1291
16.1495 37.6822 1.47397
26.9159 37.6822 1.15588
37.6822 37.6822 0.119931
48.4486 37.6822 -0.291541
59.215 37.6822 -0.216998
69.9813 37.6822 0.0525773
5.38318 48.4486 1.30428
16.1495 48.4486 1.5949
26.9159 48.4486 1.04356
37.6822 48.4486 -0.203299
48.4486 48.4486 -0.571085
59.215 48.4486 -0.531959
69.9813 48.4486 -0.209035
5.38318 59.215 1.68571
16.1495 59.215 2.23154
26.9159 59.215 1.70689
37.6822 59.215 0.0434987
48.4486 59.215 -0.483343
59.215 59.215 -0.556468
69.9813 59.215 -0.241027
5.38318 69.9813 1.6317
16.1495 69.9813 2.23702
26.9159 69.9813 1.79763
37.6822 69.9813 0.193963
48.4486 69.9813 -0.390263
59.215 69.9813 -0.490617
69.9813 69.9813 -0.190661
5.38318 80.7477 0.648731
16.1495 80.7477 0.890296
26.9159 80.7477 0.560211
37.6822 80.7477 -0.294394
48.4486 80.7477 -0.593428
59.215 80.7477 -0.60182
69.9813 80.7477 -0.251279
5.38318 91.514 -0.352556
16.1495 91.514 -0.592411
26.9159 91.514 -0.712217
37.6822 91.514 -0.889778
48.4486 91.514 -0.942326
59.215 91.514 -0.77567
69.9813 91.514 -0.337471
5.38318 102.28 -0.574697
16.1495 102.28 -0.934101
26.9159 102.28 -1.04394
37.6822 102.28 -1.06092
48.4486 102.28 -1.01497
59.215 102.28 -0.802973
69.9813 102.28 -0.357733
5.38318 113.047 -0.579532
16.1495 113.047 -0.927277
26.9159 113.047 -1.00229
37.6822 113.047 -1.00321
48.4486 113.047 -0.955506
59.215 113.047 -0.758375
69.9813 113.047 -0.331701
5.38318 123.813 -0.471852
16.1495 123.813 -0.731077
26.9159 123.813 -0.69267
37.6822 123.813 -0.710039
48.4486 123.813 -0.763406
59.215 123.813 -0.622209
69.9813 123.813 -0.292595
5.38318 134.579 -0.105964
16.1495 134.579 -0.13228
26.9159 134.579 0.0228577
37.6822 134.579 -0.03272
48.4486 134.579 -0.335162
59.215 134.579 -0.378544
69.9813 134.579 -0.217559
5.38318 145.346 0.974715
16.1495 145.346 1.58529
26.9159 145.346 2.11489
37.6822 145.346 2.03093
48.4486 145.346 0.912481
59.215 145.346 0.220731
69.9813 145.346 -0.0460131
5.38318 156.112 1.80479
16.1495 156.112 2.83356
26.9159 156.112 3.35673
37.6822 156.112 3.24231
48.4486 156.112 2.22279
59.215 156.112 1.31489
69.9813 156.112 0.54718
5.38318 166.879 1.97507
16.1495 166.879 3.15927
26.9159 166.879 3.80307
37.6822 166.879 3.77411
48.4486 166.879 3.04971
59.215 166.879 2.19565
69.9813 166.879 1.21201
5.38318 177.645 1.55869
16.1495 177.645 2.9045
26.9159 177.645 3.88095
37.6822 177.645 4.23333
48.4486 177.645 3.93529
59.215 177.645 3.0869
69.9813 177.645 1.88072
5.38318 188.411 1.15288
16.1495 188.411 2.56479
26.9159 188.411 4.07818
37.6822 188.411 4.81558
48.4486 188.411 4.60894
59.215 188.411 3.52318
69.9813 188.411 2.08984
5.38318 199.178 1.02906
16.1495 199.178 2.40617
26.9159 199.178 3.73702
37.6822 199.178 4.28734
48.4486 199.178 3.83739
59.215 199.178 2.85201
69.9813 199.178 1.65084
5.38318 209.944 0.45416
16.1495 209.944 1.06723
26.9159 209.944 1.60984
37.6822 209.944 1.84769
48.4486 209.944 1.66952
59.215 209.944 1.40474
69.9813 209.944 0.887596
