37 188
0 168 72 40
0 144 72 72
0 134 72 82
0 72 72 144
0 0 72 216
5.38318 5.38318 0.51962
16.1495 5.38318 0.925083
26.9159 5.38318 1.18329
37.6822 5.38318 1.29456
48.4486 5.38318 1.04935
59.215 5.38318 0.643526
69.9813 5.38318 0.417722
5.38318 16.1495 0.826685
16.1495 16.1495 1.83773
26.9159 16.1495 2.41494
37.6822 16.1495 2.58785
48.4486 16.1495 2.21336
59.215 16.1495 1.55363
69.9813 16.1495 0.933176
5.38318 26.9159 0.721825
16.1495 26.9159 1.95212
26.9159 26.9159 2.71266
37.6822 26.9159 2.81067
48.4486 26.9159 2.20284
59.215 26.9159 1.43427
69.9813 26.9159 0.825544
5.38318 37.6822 0.418926
16.1495 37.6822 1.47844
26.9159 37.6822 2.38147
37.6822 37.6822 2.44828
48.4486 37.6822 1.73217
59.215 37.6822 1.15756
69.9813 37.6822 0.639188
5.38318 48.4486 -0.0466224
16.1495 48.4486 0.481793
26.9159 48.4486 1.28405
37.6822 48.4486 1.51486
48.4486 48.4486 1.00517
59.215 48.4486 0.765803
69.9813 48.4486 0.414732
5.38318 59.215 -0.12461
16.1495 59.215 0.075268
26.9159 59.215 0.795576
37.6822 59.215 1.21742
48.4486 59.215 0.965833
59.215 59.215 0.86754
69.9813 59.215 0.49437
5.38318 69.9813 -0.205845
16.1495 69.9813 -0.174378
26.9159 69.9813 -0.0252855
37.6822 69.9813 0.298086
48.4486 69.9813 0.0736405
59.215 69.9813 0.252543
69.9813 69.9813 0.140534
5.38318 80.7477 -0.263771
16.1495 80.7477 -0.357423
26.9159 80.7477 -0.345595
37.6822 80.7477 -0.295205
48.4486 80.7477 -0.299527
59.215 80.7477 -0.166981
69.9813 80.7477 -0.0569895
5.38318 91.514 -0.28782
16.1495 91.514 -0.42303
26.9159 91.514 -0.45895
37.6822 91.514 -0.473706
48.4486 91.514 -0.493258
59.215 91.514 -0.388019
69.9813 91.514 -0.182392
5.38318 102.28 -0.291908
16.1495 102.28 -0.432658
26.9159 102.28 -0.434624
37.6822 102.28 -0.43857
48.4486 102.28 -0.423353
59.215 102.28 -0.340619
69.9813 102.28 -0.146382
5.38318 113.047 -0.298377
16.1495 113.047 -0.451023
26.9159 113.047 -0.456302
37.6822 113.047 -0.438009
48.4486 113.047 -0.422254
59.215 113.047 -0.331824
69.9813 113.047 -0.148579
5.38318 123.813 -0.276713
16.1495 123.813 -0.422608
26.9159 123.813 -0.402098
37.6822 123.813 -0.407286
48.4486 123.813 -0.397605
59.215 123.813 -0.312829
69.9813 123.813 -0.134892
5.38318 134.579 -0.216603
16.1495 134.579 -0.324461
26.9159 134.579 -0.27679
37.6822 134.579 -0.290246
48.4486 134.579 -0.281871
59.215 134.579 -0.223041
69.9813 134.579 -0.0831331
5.38318 145.346 -0.093602
16.1495 145.346 -0.119256
26.9159 145.346 -0.0308379
37.6822 145.346 -0.0661664
48.4486 145.346 -0.0748699
59.215 145.346 -0.049412
69.9813 145.346 0.0557785
5.38318 156.112 0.109233
16.1495 156.112 0.376423
26.9159 156.112 0.887781
37.6822 156.112 0.899336
48.4486 156.112 0.905009
59.215 156.112 0.630615
69.9813 156.112 0.460793
5.38318 166.879 0.480608
16.1495 166.879 1.13814
26.9159 166.879 2.02566
37.6822 166.879 2.0325
48.4486 166.879 1.96412
59.215 166.879 1.38383
69.9813 166.879 0.901723
5.38318 177.645 0.806234
16.1495 177.645 1.89059
26.9159 177.645 3.16925
37.6822 177.645 3.30389
48.4486 177.645 3.21869
59.215 177.645 2.1664
69.9813 177.645 1.31481
5.38318 188.411 0.942443
16.1495 188.411 2.03958
26.9159 188.411 3.41354
37.6822 188.411 3.62631
48.4486 188.411 3.50856
59.215 188.411 2.36662
69.9813 188.411 1.40791
5.38318 199.178 0.759842
16.1495 199.178 1.66284
26.9159 199.178 2.83782
37.6822 199.178 2.98145
48.4486 199.178 2.77053
59.215 199.178 1.85413
69.9813 199.178 1.08462
5.38318 209.944 0.39204
16.1495 209.944 0.781429
26.9159 209.944 1.22902
37.6822 209.944 1.16368
48.4486 209.944 1.00913
59.215 209.944 0.684782
69.9813 209.944 0.44707
