37 37
0 17 72 40
0 1 72 72
0 0 72 82
0 0 72 144
0 0 72 216
5.38318 5.38318 0.472792
16.1495 5.38318 0.799189
26.9159 5.38318 1.29891
37.6822 5.38318 1.35743
48.4486 5.38318 1.24352
59.215 5.38318 0.792814
69.9813 5.38318 0.487849
5.38318 16.1495 0.954273
16.1495 16.1495 1.85889
26.9159 16.1495 3.04544
37.6822 16.1495 3.26802
48.4486 16.1495 2.91892
59.215 16.1495 1.86641
69.9813 16.1495 1.06286
5.38318 26.9159 1.34283
16.1495 26.9159 2.73776
26.9159 26.9159 4.71883
37.6822 26.9159 5.08462
48.4486 26.9159 4.42829
59.215 26.9159 2.71091
69.9813 26.9159 1.45147
5.38318 37.6822 1.52694
16.1495 37.6822 3.09231
26.9159 37.6822 5.13956
37.6822 37.6822 5.56593
48.4486 37.6822 4.81986
59.215 37.6822 3.01729
69.9813 37.6822 1.57808
5.38318 48.4486 1.4648
16.1495 48.4486 2.70512
26.9159 48.4486 4.06427
37.6822 48.4486 4.1898
48.4486 48.4486 3.66507
59.215 48.4486 2.49179
69.9813 48.4486 1.44598
5.38318 59.215 1.01101
16.1495 59.215 1.64512
26.9159 59.215 1.99441
37.6822 59.215 1.93514
48.4486 59.215 1.79644
59.215 59.215 1.63334
69.9813 59.215 1.22277
5.38318 69.9813 0.60264
16.1495 69.9813 0.967639
26.9159 69.9813 1.05867
37.6822 69.9813 0.904604
48.4486 69.9813 0.8631
59.215 69.9813 1.05803
69.9813 69.9813 0.950928
5.38318 80.7477 -0.0539156
16.1495 80.7477 -0.0367921
26.9159 80.7477 0.0990962
37.6822 80.7477 -0.00935712
48.4486 80.7477 -0.0165549
59.215 80.7477 0.246035
69.9813 80.7477 0.429862
5.38318 91.514 -0.325853
16.1495 91.514 -0.450666
26.9159 91.514 -0.406712
37.6822 91.514 -0.376168
48.4486 91.514 -0.385061
59.215 91.514 -0.23728
69.9813 91.514 -0.0596059
5.38318 102.28 -0.318775
16.1495 102.28 -0.448482
26.9159 102.28 -0.381932
37.6822 102.28 -0.336777
48.4486 102.28 -0.346294
59.215 102.28 -0.261468
69.9813 102.28 -0.108165
5.38318 113.047 -0.294407
16.1495 113.047 -0.442716
26.9159 113.047 -0.438611
37.6822 113.047 -0.43222
48.4486 113.047 -0.422483
59.215 113.047 -0.329589
69.9813 113.047 -0.147293
5.38318 123.813 -0.182199
16.1495 123.813 -0.250487
26.9159 123.813 -0.215419
37.6822 123.813 -0.263232
48.4486 123.813 -0.32835
59.215 123.813 -0.300323
69.9813 123.813 -0.143143
5.38318 134.579 0.0360687
16.1495 134.579 0.279799
26.9159 134.579 0.465807
37.6822 134.579 0.27491
48.4486 134.579 -0.084435
59.215 134.579 -0.156241
69.9813 134.579 -0.0870678
5.38318 145.346 0.708651
16.1495 145.346 1.52279
26.9159 145.346 1.84951
37.6822 145.346 1.52298
48.4486 145.346 0.719396
59.215 145.346 0.232797
69.9813 145.346 0.0718487
5.38318 156.112 1.19813
16.1495 156.112 2.46273
26.9159 156.112 3.0286
37.6822 156.112 2.69586
48.4486 156.112 1.73307
59.215 156.112 0.975707
69.9813 156.112 0.472871
5.38318 166.879 1.45573
16.1495 166.879 2.91791
26.9159 166.879 3.67595
37.6822 166.879 3.51548
48.4486 166.879 2.56578
59.215 166.879 1.71517
69.9813 166.879 0.925548
5.38318 177.645 1.56927
16.1495 177.645 2.90605
26.9159 177.645 3.71829
37.6822 177.645 3.80598
48.4486 177.645 3.16881
59.215 177.645 2.31096
69.9813 177.645 1.2706
5.38318 188.411 1.53948
16.1495 188.411 2.66702
26.9159 188.411 3.38554
37.6822 188.411 3.62278
48.4486 188.411 3.34945
59.215 188.411 2.63429
69.9813 188.411 1.51609
5.38318 199.178 1.56527
16.1495 199.178 2.63209
26.9159 199.178 3.0118
37.6822 199.178 3.08619
48.4486 199.178 2.90814
59.215 199.178 2.47262
69.9813 199.178 1.55282
5.38318 209.944 1.01552
16.1495 209.944 1.72302
26.9159 209.944 1.89237
37.6822 209.944 1.92551
48.4486 209.944 1.96569
59.215 209.944 1.78182
69.9813 209.944 1.21447
