37 188
0 168 72 40
0 144 72 72
0 134 72 82
0 72 72 144
0 0 72 216
5.38318 5.38318 0.0570728
16.1495 5.38318 0.186447
26.9159 5.38318 0.753028
37.6822 5.38318 1.13482
48.4486 5.38318 1.13767
59.215 5.38318 0.911046
69.9813 5.38318 0.505452
5.38318 16.1495 0.153315
16.1495 16.1495 0.663174
26.9159 16.1495 1.92175
37.6822 16.1495 2.63109
48.4486 16.1495 2.66419
59.215 16.1495 2.06757
69.9813 16.1495 1.13803
5.38318 26.9159 0.28118
16.1495 26.9159 1.09922
26.9159 26.9159 2.78242
37.6822 26.9159 3.9435
48.4486 26.9159 3.96118
59.215 26.9159 3.0462
69.9813 26.9159 1.5952
5.38318 37.6822 1.15842
16.1495 37.6822 2.12756
26.9159 37.6822 3.47711
37.6822 37.6822 4.41082
48.4486 37.6822 4.38815
59.215 37.6822 3.39381
69.9813 37.6822 1.8202
5.38318 48.4486 1.92682
16.1495 48.4486 3.0266
26.9159 48.4486 3.5848
37.6822 48.4486 3.75034
48.4486 48.4486 3.50304
59.215 48.4486 2.82955
69.9813 48.4486 1.62805
5.38318 59.215 2.21916
16.1495 59.215 3.22127
26.9159 59.215 3.2783
37.6822 59.215 2.80391
48.4486 59.215 2.60746
59.215 59.215 2.44477
69.9813 59.215 1.68017
5.38318 69.9813 1.41311
16.1495 69.9813 2.21791
26.9159 69.9813 2.3866
37.6822 69.9813 2.04744
48.4486 69.9813 2.01649
59.215 69.9813 2.16933
69.9813 69.9813 1.62277
5.38318 80.7477 0.0315695
16.1495 80.7477 0.234278
26.9159 80.7477 0.619401
37.6822 80.7477 0.705108
48.4486 80.7477 0.981259
59.215 80.7477 1.40012
69.9813 80.7477 1.22674
5.38318 91.514 -0.422189
16.1495 91.514 -0.648338
26.9159 91.514 -0.660518
37.6822 91.514 -0.654528
48.4486 91.514 -0.591248
59.215 91.514 -0.308763
69.9813 91.514 -0.0110448
5.38318 102.28 -0.559668
16.1495 102.28 -0.896607
26.9159 102.28 -0.981681
37.6822 102.28 -0.981326
48.4486 102.28 -0.91951
59.215 102.28 -0.655331
69.9813 102.28 -0.250601
5.38318 113.047 -0.576175
16.1495 113.047 -0.920216
26.9159 113.047 -0.999109
37.6822 113.047 -0.998492
48.4486 113.047 -0.944909
59.215 113.047 -0.731393
69.9813 113.047 -0.309651
5.38318 123.813 -0.549072
16.1495 123.813 -0.859253
26.9159 123.813 -0.899753
37.6822 123.813 -0.879745
48.4486 123.813 -0.823572
59.215 123.813 -0.611033
69.9813 123.813 -0.250528
5.38318 134.579 -0.427754
16.1495 134.579 -0.614603
26.9159 134.579 -0.569891
37.6822 134.579 -0.551465
48.4486 134.579 -0.518037
59.215 134.579 -0.385095
69.9813 134.579 -0.124605
5.38318 145.346 -0.230337
16.1495 145.346 -0.227749
26.9159 145.346 -0.0956285
37.6822 145.346 0.0148185
48.4486 145.346 0.0284861
59.215 145.346 0.0829397
69.9813 145.346 0.246979
5.38318 156.112 0.2394
16.1495 156.112 0.828978
26.9159 156.112 1.45905
37.6822 156.112 1.74857
48.4486 156.112 1.60897
59.215 156.112 1.16093
69.9813 156.112 0.762938
5.38318 166.879 0.759726
16.1495 166.879 1.80704
26.9159 166.879 2.75312
37.6822 166.879 3.11985
48.4486 166.879 2.88259
59.215 166.879 2.03833
69.9813 166.879 1.20092
5.38318 177.645 1.1687
16.1495 177.645 2.57174
26.9159 177.645 4.14698
37.6822 177.645 4.48221
48.4486 177.645 4.02574
59.215 177.645 2.52415
69.9813 177.645 1.38832
5.38318 188.411 1.1521
16.1495 188.411 2.74068
26.9159 188.411 4.70518
37.6822 188.411 5.10579
48.4486 188.411 4.56263
59.215 188.411 2.70744
69.9813 188.411 1.46535
5.38318 199.178 1.00078
16.1495 199.178 2.39612
26.9159 199.178 4.19286
37.6822 199.178 4.56786
48.4486 199.178 3.94842
59.215 199.178 2.26225
69.9813 199.178 1.16126
5.38318 209.944 0.574354
16.1495 209.944 1.23427
26.9159 209.944 2.06808
37.6822 209.944 2.13546
48.4486 209.944 1.84982
59.215 209.944 1.1344
69.9813 209.944 0.668397
