48 166
0 146 72 40
0 130 72 72
0 125 72 82
0 72 72 144
0 0 72 216
5.38318 5.38318 1.01711
16.1495 5.38318 1.32918
26.9159 5.38318 1.26274
37.6822 5.38318 1.07938
48.4486 5.38318 1.41136
59.215 5.38318 1.47189
69.9813 5.38318 1.02315
5.38318 16.1495 1.59463
16.1495 16.1495 2.28388
26.9159 16.1495 2.44472
37.6822 16.1495 2.23325
48.4486 16.1495 2.60466
59.215 16.1495 2.518
69.9813 16.1495 1.79288
5.38318 26.9159 1.36424
16.1495 26.9159 2.19171
26.9159 26.9159 2.86446
37.6822 26.9159 2.76143
48.4486 26.9159 2.95911
59.215 26.9159 2.54228
69.9813 26.9159 1.73587
5.38318 37.6822 0.95298
16.1495 37.6822 2.02344
26.9159 37.6822 3.45729
37.6822 37.6822 3.63771
48.4486 37.6822 3.40014
59.215 37.6822 2.24208
69.9813 37.6822 1.33279
5.38318 48.4486 0.697112
16.1495 48.4486 1.79149
26.9159 48.4486 3.52655
37.6822 48.4486 3.8799
48.4486 48.4486 3.51781
59.215 48.4486 2.20258
69.9813 48.4486 1.21026
5.38318 59.215 0.527352
16.1495 59.215 1.27901
26.9159 59.215 2.67186
37.6822 59.215 2.74371
48.4486 59.215 2.41608
59.215 59.215 1.57102
69.9813 59.215 0.999174
5.38318 69.9813 0.0560985
16.1495 69.9813 0.0934291
26.9159 69.9813 0.54714
37.6822 69.9813 0.406424
48.4486 69.9813 0.384786
59.215 69.9813 0.562149
69.9813 69.9813 0.62325
5.38318 80.7477 -0.11512
16.1495 80.7477 -0.17922
26.9159 80.7477 -0.100122
37.6822 80.7477 -0.19398
48.4486 80.7477 -0.182624
59.215 80.7477 0.027023
69.9813 80.7477 0.351078
5.38318 91.514 -0.217622
16.1495 91.514 -0.320899
26.9159 91.514 -0.26705
37.6822 91.514 -0.306056
48.4486 91.514 -0.287525
59.215 91.514 -0.172642
69.9813 91.514 0.0112066
5.38318 102.28 -0.269427
16.1495 102.28 -0.370801
26.9159 102.28 -0.287601
37.6822 102.28 -0.262846
48.4486 102.28 -0.27862
59.215 102.28 -0.224647
69.9813 102.28 -0.0931217
5.38318 113.047 -0.300675
16.1495 113.047 -0.454607
26.9159 113.047 -0.456163
37.6822 113.047 -0.43857
48.4486 113.047 -0.414222
59.215 113.047 -0.32089
69.9813 113.047 -0.139675
5.38318 123.813 -0.29447
16.1495 123.813 -0.408765
26.9159 123.813 -0.313537
37.6822 123.813 -0.21863
48.4486 123.813 -0.199503
59.215 123.813 -0.162687
69.9813 123.813 -0.0693507
5.38318 134.579 -0.260687
16.1495 134.579 -0.259617
26.9159 134.579 -0.0074723
37.6822 134.579 0.493654
48.4486 134.579 0.555709
59.215 134.579 0.372373
69.9813 134.579 0.234644
5.38318 145.346 -0.190457
16.1495 145.346 -0.0120756
26.9159 145.346 1.1295
37.6822 145.346 2.02552
48.4486 145.346 2.09686
59.215 145.346 1.49706
69.9813 145.346 0.7786
5.38318 156.112 -0.0544822
16.1495 156.112 0.55035
26.9159 156.112 2.04023
37.6822 156.112 3.26867
48.4486 156.112 3.3525
59.215 156.112 2.42202
69.9813 156.112 1.228
5.38318 166.879 0.20464
16.1495 166.879 0.993071
26.9159 166.879 2.56807
37.6822 166.879 3.90311
48.4486 166.879 4.05784
59.215 166.879 3.01452
69.9813 166.879 1.54051
5.38318 177.645 0.683404
16.1495 177.645 1.62212
26.9159 177.645 2.78452
37.6822 177.645 3.67584
48.4486 177.645 3.69975
59.215 177.645 2.86618
69.9813 177.645 1.51535
5.38318 188.411 1.02742
16.1495 188.411 2.0908
26.9159 188.411 3.10776
37.6822 188.411 3.65246
48.4486 188.411 3.61686
59.215 188.411 2.85379
69.9813 188.411 1.5695
5.38318 199.178 1.14243
16.1495 199.178 2.24281
26.9159 199.178 3.15562
37.6822 199.178 3.51414
48.4486 199.178 3.42707
59.215 199.178 2.80723
69.9813 199.178 1.581
5.38318 209.944 0.717303
16.1495 209.944 1.42454
26.9159 209.944 2.19263
37.6822 209.944 2.67435
48.4486 209.944 2.83075
59.215 209.944 2.46194
69.9813 209.944 1.43117
