37 188
0 168 72 40
0 144 72 72
0 134 72 82
0 72 72 144
0 0 72 216
5.38318 5.38318 0.618345
16.1495 5.38318 0.854096
26.9159 5.38318 0.867371
37.6822 5.38318 0.843906
48.4486 5.38318 0.976574
59.215 5.38318 0.919303
69.9813 5.38318 0.657354
5.38318 16.1495 1.05695
16.1495 16.1495 1.77589
26.9159 16.1495 2.0508
37.6822 16.1495 2.03676
48.4486 16.1495 2.06791
59.215 16.1495 1.78601
69.9813 16.1495 1.24986
5.38318 26.9159 1.01825
16.1495 26.9159 2.03932
26.9159 26.9159 2.68212
37.6822 26.9159 2.81502
48.4486 26.9159 2.72507
59.215 26.9159 2.2106
69.9813 26.9159 1.46046
5.38318 37.6822 1.1372
16.1495 37.6822 2.53206
26.9159 37.6822 3.55536
37.6822 37.6822 3.84225
48.4486 37.6822 3.29493
59.215 37.6822 2.34852
69.9813 37.6822 1.35903
5.38318 48.4486 0.970839
16.1495 48.4486 2.36441
26.9159 48.4486 3.49654
37.6822 48.4486 3.72142
48.4486 48.4486 2.89343
59.215 48.4486 1.94737
69.9813 48.4486 0.989677
5.38318 59.215 0.324548
16.1495 59.215 1.17365
26.9159 59.215 1.94122
37.6822 59.215 1.96796
48.4486 59.215 1.1714
59.215 59.215 0.724844
69.9813 59.215 0.370174
5.38318 69.9813 -0.322248
16.1495 69.9813 -0.477475
26.9159 69.9813 -0.423383
37.6822 69.9813 -0.52931
48.4486 69.9813 -0.658292
59.215 69.9813 -0.476242
69.9813 69.9813 -0.212775
5.38318 80.7477 -0.513094
16.1495 80.7477 -0.839638
26.9159 80.7477 -0.897597
37.6822 80.7477 -0.991343
48.4486 80.7477 -0.989388
59.215 80.7477 -0.772158
69.9813 80.7477 -0.347477
5.38318 91.514 -0.56649
16.1495 91.514 -0.923596
26.9159 91.514 -1.04351
37.6822 91.514 -1.07439
48.4486 91.514 -1.04012
59.215 91.514 -0.819222
69.9813 91.514 -0.371547
5.38318 102.28 -0.584797
16.1495 102.28 -0.940648
26.9159 102.28 -1.03995
37.6822 102.28 -1.04892
48.4486 102.28 -1.00215
59.215 102.28 -0.789804
69.9813 102.28 -0.352246
5.38318 113.047 -0.58366
16.1495 113.047 -0.935255
26.9159 113.047 -1.01952
37.6822 113.047 -1.02139
48.4486 113.047 -0.967612
59.215 113.047 -0.765415
69.9813 113.047 -0.331202
5.38318 123.813 -0.577075
16.1495 123.813 -0.923629
26.9159 123.813 -1.00273
37.6822 123.813 -1.00479
48.4486 123.813 -0.951639
59.215 123.813 -0.748125
69.9813 123.813 -0.320655
5.38318 134.579 -0.554925
16.1495 134.579 -0.885076
26.9159 134.579 -0.949863
37.6822 134.579 -0.957232
48.4486 134.579 -0.911601
59.215 134.579 -0.700657
69.9813 134.579 -0.296675
5.38318 145.346 -0.477122
16.1495 145.346 -0.703471
26.9159 145.346 -0.622709
37.6822 145.346 -0.617801
48.4486 145.346 -0.613474
59.215 145.346 -0.512204
69.9813 145.346 -0.207233
5.38318 156.112 -0.264008
16.1495 156.112 -0.233431
26.9159 156.112 0.170586
37.6822 156.112 0.326015
48.4486 156.112 0.0347128
59.215 156.112 -0.154616
69.9813 156.112 -0.0538549
5.38318 166.879 0.0308365
16.1495 166.879 0.934234
26.9159 166.879 2.19231
37.6822 166.879 2.57469
48.4486 166.879 2.05416
59.215 166.879 0.985894
69.9813 166.879 0.441612
5.38318 177.645 0.470738
16.1495 177.645 1.86769
26.9159 177.645 3.42159
37.6822 177.645 4.0363
48.4486 177.645 3.2739
59.215 177.645 1.92396
69.9813 177.645 0.86774
5.38318 188.411 0.667241
16.1495 188.411 2.05668
26.9159 188.411 3.53754
37.6822 188.411 4.12424
48.4486 188.411 3.3357
59.215 188.411 2.06873
69.9813 188.411 1.03949
5.38318 199.178 0.523856
16.1495 199.178 1.51335
26.9159 199.178 2.40598
37.6822 199.178 2.68252
48.4486 199.178 2.35148
59.215 199.178 1.63561
69.9813 199.178 1.03811
5.38318 209.944 0.396513
16.1495 209.944 1.02393
26.9159 209.944 1.36348
37.6822 209.944 1.429
48.4486 209.944 1.35225
59.215 209.944 1.12992
69.9813 209.944 0.82229
