37 26
0 6 72 40
0 0 72 72
0 0 72 82
0 0 72 144
0 0 72 216
5.38318 5.38318 0.44199
16.1495 5.38318 0.871476
26.9159 5.38318 1.37153
37.6822 5.38318 1.59949
48.4486 5.38318 1.54588
59.215 5.38318 1.14208
69.9813 5.38318 0.656841
5.38318 16.1495 0.590026
16.1495 16.1495 1.46034
26.9159 16.1495 2.40322
37.6822 16.1495 2.88818
48.4486 16.1495 2.79802
59.215 16.1495 2.10437
69.9813 16.1495 1.22778
5.38318 26.9159 0.294025
16.1495 26.9159 1.1463
26.9159 26.9159 2.37365
37.6822 26.9159 2.95016
48.4486 26.9159 2.85198
59.215 26.9159 2.21685
69.9813 26.9159 1.34282
5.38318 37.6822 -0.00820358
16.1495 37.6822 0.810122
26.9159 37.6822 2.12523
37.6822 37.6822 2.58363
48.4486 37.6822 2.29503
59.215 37.6822 1.64013
69.9813 37.6822 0.977818
5.38318 48.4486 -0.105752
16.1495 48.4486 0.525787
26.9159 48.4486 1.66612
37.6822 48.4486 1.98881
48.4486 48.4486 1.3716
59.215 48.4486 0.560553
69.9813 48.4486 0.342556
5.38318 59.215 -0.197703
16.1495 59.215 0.160174
26.9159 59.215 1.16423
37.6822 59.215 1.39217
48.4486 59.215 0.720126
59.215 59.215 -0.113171
69.9813 59.215 -0.0731578
5.38318 69.9813 -0.298147
16.1495 69.9813 -0.221292
26.9159 69.9813 0.17139
37.6822 69.9813 0.177368
48.4486 69.9813 -0.241505
59.215 69.9813 -0.461657
69.9813 69.9813 -0.228454
5.38318 80.7477 -0.424538
16.1495 80.7477 -0.523173
26.9159 80.7477 -0.418799
37.6822 80.7477 -0.462407
48.4486 80.7477 -0.645271
59.215 80.7477 -0.668987
69.9813 80.7477 -0.31986
5.38318 91.514 -0.522643
16.1495 91.514 -0.807275
26.9159 91.514 -0.832518
37.6822 91.514 -0.900337
48.4486 91.514 -0.948298
59.215 91.514 -0.811578
69.9813 91.514 -0.379155
5.38318 102.28 -0.573403
16.1495 102.28 -0.916035
26.9159 102.28 -1.00334
37.6822 102.28 -1.02191
48.4486 102.28 -0.997292
59.215 102.28 -0.804897
69.9813 102.28 -0.372077
5.38318 113.047 -0.57442
16.1495 113.047 -0.91706
26.9159 113.047 -0.995455
37.6822 113.047 -0.992654
48.4486 113.047 -0.94352
59.215 113.047 -0.734946
69.9813 113.047 -0.317234
5.38318 123.813 -0.511157
16.1495 123.813 -0.761384
26.9159 123.813 -0.693789
37.6822 123.813 -0.669641
48.4486 123.813 -0.659149
59.215 123.813 -0.551654
69.9813 123.813 -0.230672
5.38318 134.579 -0.35027
16.1495 134.579 -0.416327
26.9159 134.579 -0.182986
37.6822 134.579 -0.0997286
48.4486 134.579 -0.166942
59.215 134.579 -0.250748
69.9813 134.579 -0.0833976
5.38318 145.346 -0.089593
16.1495 145.346 0.394697
26.9159 145.346 1.50169
37.6822 145.346 1.87413
48.4486 145.346 1.61819
59.215 145.346 0.809552
69.9813 145.346 0.523416
5.38318 156.112 0.0437398
16.1495 156.112 0.895406
26.9159 156.112 2.22319
37.6822 156.112 2.71078
48.4486 156.112 2.51624
59.215 156.112 1.64875
69.9813 156.112 0.938604
5.38318 166.879 0.0406371
16.1495 166.879 0.83391
26.9159 166.879 2.18721
37.6822 166.879 2.67036
48.4486 166.879 2.63442
59.215 166.879 1.95164
69.9813 166.879 1.1757
5.38318 177.645 -0.116127
16.1495 177.645 0.22333
26.9159 177.645 1.38582
37.6822 177.645 1.684
48.4486 177.645 1.72691
59.215 177.645 1.36466
69.9813 177.645 0.924852
5.38318 188.411 -0.12652
16.1495 188.411 0.189144
26.9159 188.411 1.384
37.6822 188.411 1.35582
48.4486 188.411 1.14698
59.215 188.411 0.649989
69.9813 188.411 0.493742
5.38318 199.178 -0.115183
16.1495 199.178 0.368467
26.9159 199.178 1.47038
37.6822 199.178 1.25053
48.4486 199.178 0.653357
59.215 199.178 -0.0198201
69.9813 199.178 0.0253439
5.38318 209.944 -0.0832025
16.1495 209.944 0.368078
26.9159 209.944 1.15483
37.6822 209.944 0.934748
48.4486 209.944 0.372472
59.215 209.944 -0.125007
69.9813 209.944 -0.0288009
