26 166
0 146 72 40
0 130 72 72
0 125 72 82
0 72 72 144
0 0 72 216
5.38318 5.38318 0.144211
16.1495 5.38318 0.515968
26.9159 5.38318 1.29863
37.6822 5.38318 1.47319
48.4486 5.38318 1.149
59.215 5.38318 0.623207
69.9813 5.38318 0.218886
5.38318 16.1495 0.219672
16.1495 16.1495 0.98857
26.9159 16.1495 2.35546
37.6822 16.1495 2.72271
48.4486 16.1495 2.2185
59.215 16.1495 1.36477
69.9813 16.1495 0.54897
5.38318 26.9159 0.0569814
16.1495 26.9159 0.846136
26.9159 26.9159 2.4181
37.6822 26.9159 2.96277
48.4486 26.9159 2.50495
59.215 26.9159 1.53129
69.9813 26.9159 0.58308
5.38318 37.6822 0.220271
16.1495 37.6822 0.847309
26.9159 37.6822 2.10689
37.6822 37.6822 2.54185
48.4486 37.6822 2.34747
59.215 37.6822 1.6037
69.9813 37.6822 0.777275
5.38318 48.4486 0.192221
16.1495 48.4486 0.788292
26.9159 48.4486 1.88895
37.6822 48.4486 2.40813
48.4486 48.4486 2.42022
59.215 48.4486 1.71171
69.9813 48.4486 0.947821
5.38318 59.215 0.0878531
16.1495 59.215 0.731714
26.9159 59.215 1.77309
37.6822 59.215 2.42518
48.4486 59.215 2.53951
59.215 59.215 1.80148
69.9813 59.215 1.01583
5.38318 69.9813 -0.0564984
16.1495 69.9813 0.37221
26.9159 69.9813 1.26509
37.6822 69.9813 1.91803
48.4486 69.9813 2.03112
59.215 69.9813 1.43513
69.9813 69.9813 0.800551
5.38318 80.7477 -0.179643
16.1495 80.7477 -0.124735
26.9159 80.7477 0.32318
37.6822 80.7477 0.78493
48.4486 80.7477 0.854295
59.215 80.7477 0.530968
69.9813 80.7477 0.329577
5.38318 91.514 -0.258442
16.1495 91.514 -0.36424
26.9159 91.514 -0.303198
37.6822 91.514 -0.308611
48.4486 91.514 -0.307552
59.215 91.514 -0.295796
69.9813 91.514 -0.134799
5.38318 102.28 -0.291122
16.1495 102.28 -0.444862
26.9159 102.28 -0.435447
37.6822 102.28 -0.44501
48.4486 102.28 -0.431195
59.215 102.28 -0.354606
69.9813 102.28 -0.157811
5.38318 113.047 -0.296603
16.1495 113.047 -0.447624
26.9159 113.047 -0.448929
37.6822 113.047 -0.439769
48.4486 113.047 -0.426708
59.215 113.047 -0.338638
69.9813 113.047 -0.152047
5.38318 123.813 -0.229818
16.1495 123.813 -0.308402
26.9159 123.813 -0.218305
37.6822 123.813 -0.22502
48.4486 123.813 -0.265088
59.215 123.813 -0.261708
69.9813 123.813 -0.124213
5.38318 134.579 -0.0913243
16.1495 134.579 0.0418459
26.9159 134.579 0.573294
37.6822 134.579 0.574903
48.4486 134.579 0.237301
59.215 134.579 -0.0708199
69.9813 134.579 -0.0574163
5.38318 145.346 0.278318
16.1495 145.346 1.11884
26.9159 145.346 2.03474
37.6822 145.346 2.05788
48.4486 145.346 1.40715
59.215 145.346 0.523797
69.9813 145.346 0.162438
5.38318 156.112 0.735807
16.1495 156.112 1.95311
26.9159 156.112 3.15185
37.6822 156.112 3.20809
48.4486 156.112 2.23977
59.215 156.112 1.10567
69.9813 156.112 0.396701
5.38318 166.879 1.26508
16.1495 166.879 2.57109
26.9159 166.879 3.61431
37.6822 166.879 3.51388
48.4486 166.879 2.56588
59.215 166.879 1.45111
69.9813 166.879 0.646561
5.38318 177.645 1.82221
16.1495 177.645 2.97791
26.9159 177.645 3.40092
37.6822 177.645 2.99911
48.4486 177.645 2.31485
59.215 177.645 1.61907
69.9813 177.645 0.918587
5.38318 188.411 2.13644
16.1495 188.411 3.29026
26.9159 188.411 3.39959
37.6822 188.411 2.79387
48.4486 188.411 2.40271
59.215 188.411 1.93574
69.9813 188.411 1.27991
5.38318 199.178 1.58551
16.1495 199.178 2.58382
26.9159 199.178 2.90263
37.6822 199.178 2.61681
48.4486 199.178 2.58822
59.215 199.178 2.39154
69.9813 199.178 1.65084
5.38318 209.944 0.633476
16.1495 209.944 1.22617
26.9159 209.944 1.61889
37.6822 209.944 1.7489
48.4486 209.944 2.05355
59.215 209.944 2.10192
69.9813 209.944 1.54904
