26 166
0 146 72 40
0 130 72 72
0 125 72 82
0 72 72 144
0 0 72 216
5.38318 5.38318 0.715834
16.1495 5.38318 1.1309
26.9159 5.38318 1.30394
37.6822 5.38318 1.27749
48.4486 5.38318 1.22937
59.215 5.38318 0.993205
69.9813 5.38318 0.622156
5.38318 16.1495 1.16845
16.1495 16.1495 2.04993
26.9159 16.1495 2.50035
37.6822 16.1495 2.5441
48.4486 16.1495 2.42813
59.215 16.1495 1.96636
69.9813 16.1495 1.22807
5.38318 26.9159 1.17743
16.1495 26.9159 2.18795
26.9159 26.9159 2.91666
37.6822 26.9159 3.06776
48.4486 26.9159 2.99597
59.215 26.9159 2.35536
69.9813 26.9159 1.48529
5.38318 37.6822 1.18623
16.1495 37.6822 2.30902
26.9159 37.6822 3.43276
37.6822 37.6822 3.56235
48.4486 37.6822 3.39585
59.215 37.6822 2.45439
69.9813 37.6822 1.519
5.38318 48.4486 1.09407
16.1495 48.4486 2.1681
26.9159 48.4486 3.48286
37.6822 48.4486 3.52115
48.4486 48.4486 3.34755
59.215 48.4486 2.2492
69.9813 48.4486 1.39632
5.38318 59.215 0.716169
16.1495 59.215 1.61792
26.9159 59.215 2.91306
37.6822 59.215 2.87281
48.4486 59.215 2.59857
59.215 59.215 1.52943
69.9813 59.215 0.934098
5.38318 69.9813 -0.155122
16.1495 69.9813 -0.131111
26.9159 69.9813 0.63069
37.6822 69.9813 0.451491
48.4486 69.9813 0.121341
59.215 69.9813 -0.171541
69.9813 69.9813 -0.0623392
5.38318 80.7477 -0.479656
16.1495 80.7477 -0.724012
26.9159 80.7477 -0.644121
37.6822 80.7477 -0.685499
48.4486 80.7477 -0.766661
59.215 80.7477 -0.656311
69.9813 80.7477 -0.325649
5.38318 91.514 -0.566768
16.1495 91.514 -0.907651
26.9159 91.514 -0.985804
37.6822 91.514 -1.00448
48.4486 91.514 -0.973955
59.215 91.514 -0.786745
69.9813 91.514 -0.354418
5.38318 102.28 -0.58536
16.1495 102.28 -0.938254
26.9159 102.28 -1.02623
37.6822 102.28 -1.03218
48.4486 102.28 -0.983412
59.215 102.28 -0.779654
69.9813 102.28 -0.343286
5.38318 113.047 -0.572818
16.1495 113.047 -0.910078
26.9159 113.047 -0.976324
37.6822 113.047 -0.974978
48.4486 113.047 -0.923088
59.215 113.047 -0.715199
69.9813 113.047 -0.306915
5.38318 123.813 -0.498261
16.1495 123.813 -0.717269
26.9159 123.813 -0.554645
37.6822 123.813 -0.561195
48.4486 123.813 -0.536495
59.215 123.813 -0.502959
69.9813 123.813 -0.205386
5.38318 134.579 -0.270707
16.1495 134.579 -0.22543
26.9159 134.579 0.489608
37.6822 134.579 0.370285
48.4486 134.579 0.197825
59.215 134.579 -0.22071
69.9813 134.579 -0.0720145
5.38318 145.346 0.263215
16.1495 145.346 1.26522
26.9159 145.346 2.80991
37.6822 145.346 2.7199
48.4486 145.346 2.16031
59.215 145.346 0.656136
69.9813 145.346 0.331812
5.38318 156.112 0.792436
16.1495 156.112 2.4556
26.9159 156.112 4.24927
37.6822 156.112 4.09392
48.4486 156.112 2.95198
59.215 156.112 1.05477
69.9813 156.112 0.390657
5.38318 166.879 1.04512
16.1495 166.879 2.8954
26.9159 166.879 4.87645
37.6822 166.879 4.7447
48.4486 166.879 3.16125
59.215 166.879 1.29669
69.9813 166.879 0.393981
5.38318 177.645 0.878708
16.1495 177.645 2.58969
26.9159 177.645 4.38954
37.6822 177.645 4.3115
48.4486 177.645 2.82795
59.215 177.645 1.27364
69.9813 177.645 0.487015
5.38318 188.411 0.587844
16.1495 188.411 2.09147
26.9159 188.411 3.70183
37.6822 188.411 3.95499
48.4486 188.411 3.12267
59.215 188.411 2.16785
69.9813 188.411 1.24138
5.38318 199.178 0.486891
16.1495 199.178 1.54728
26.9159 199.178 2.69786
37.6822 199.178 3.00458
48.4486 199.178 3.07464
59.215 199.178 2.87656
69.9813 199.178 1.92717
5.38318 209.944 0.426195
16.1495 209.944 1.16214
26.9159 209.944 1.82407
37.6822 209.944 1.97963
48.4486 209.944 2.41034
59.215 209.944 2.57703
69.9813 209.944 1.86678
