26 188
0 168 72 40
0 144 72 72
0 134 72 82
0 72 72 144
0 0 72 216
5.38318 5.38318 0.0727171
16.1495 5.38318 -0.0219714
26.9159 5.38318 -0.0573658
37.6822 5.38318 -0.0389964
48.4486 5.38318 -0.0171905
59.215 5.38318 0.175195
69.9813 5.38318 0.195069
5.38318 16.1495 0.0400608
16.1495 16.1495 0.146516
26.9159 16.1495 0.234725
37.6822 16.1495 0.219795
48.4486 16.1495 0.240195
59.215 16.1495 0.526889
69.9813 16.1495 0.493484
5.38318 26.9159 -0.184072
16.1495 26.9159 -0.20468
26.9159 26.9159 -0.160754
37.6822 26.9159 -0.141831
48.4486 26.9159 -0.102672
59.215 26.9159 0.29315
69.9813 26.9159 0.389629
5.38318 37.6822 -0.208791
16.1495 37.6822 -0.245151
26.9159 37.6822 -0.169052
37.6822 37.6822 -0.109495
48.4486 37.6822 -0.0423491
59.215 37.6822 0.292513
69.9813 37.6822 0.32397
5.38318 48.4486 -0.239106
16.1495 48.4486 -0.327026
26.9159 48.4486 -0.263033
37.6822 48.4486 -0.163954
48.4486 48.4486 -0.0391202
59.215 48.4486 0.28152
69.9813 48.4486 0.328972
5.38318 59.215 -0.145505
16.1495 59.215 -0.199853
26.9159 59.215 -0.149647
37.6822 59.215 -0.0574628
48.4486 59.215 0.151292
59.215 59.215 0.486143
69.9813 59.215 0.470576
5.38318 69.9813 -0.196619
16.1495 69.9813 -0.291508
26.9159 69.9813 -0.240949
37.6822 69.9813 -0.18842
48.4486 69.9813 -0.115268
59.215 69.9813 0.137331
69.9813 69.9813 0.271049
5.38318 80.7477 -0.237871
16.1495 80.7477 -0.349153
26.9159 80.7477 -0.275253
37.6822 80.7477 -0.235488
48.4486 80.7477 -0.204179
59.215 80.7477 -0.0846566
69.9813 80.7477 0.0521707
5.38318 91.514 -0.297211
16.1495 91.514 -0.447075
26.9159 91.514 -0.386838
37.6822 91.514 -0.375724
48.4486 91.514 -0.379139
59.215 91.514 -0.294402
69.9813 91.514 -0.132243
5.38318 102.28 -0.294795
16.1495 102.28 -0.440605
26.9159 102.28 -0.41493
37.6822 102.28 -0.396327
48.4486 102.28 -0.386935
59.215 102.28 -0.304792
69.9813 102.28 -0.135207
5.38318 113.047 -0.295307
16.1495 113.047 -0.439736
26.9159 113.047 -0.418956
37.6822 113.047 -0.394115
48.4486 113.047 -0.380394
59.215 113.047 -0.299601
69.9813 113.047 -0.132515
5.38318 123.813 -0.280786
16.1495 123.813 -0.369683
26.9159 123.813 -0.257155
37.6822 123.813 -0.158845
48.4486 123.813 -0.150592
59.215 123.813 -0.118324
69.9813 123.813 -0.0415185
5.38318 134.579 -0.204793
16.1495 134.579 -0.185494
26.9159 134.579 0.125922
37.6822 134.579 0.507904
48.4486 134.579 0.49764
59.215 134.579 0.397408
69.9813 134.579 0.260206
5.38318 145.346 -0.0776771
16.1495 145.346 0.1962
26.9159 145.346 0.961693
37.6822 145.346 1.54852
48.4486 145.346 1.53958
59.215 145.346 1.18316
69.9813 145.346 0.665285
5.38318 156.112 0.272521
16.1495 156.112 0.862098
26.9159 156.112 1.78615
37.6822 156.112 2.23798
48.4486 156.112 2.1322
59.215 156.112 1.61788
69.9813 156.112 0.89147
5.38318 166.879 0.710948
16.1495 166.879 1.66179
26.9159 166.879 2.44797
37.6822 166.879 2.61646
48.4486 166.879 2.23401
59.215 166.879 1.62129
69.9813 166.879 0.884252
5.38318 177.645 1.14389
16.1495 177.645 2.44033
26.9159 177.645 3.32005
37.6822 177.645 3.07817
48.4486 177.645 2.22226
59.215 177.645 1.38309
69.9813 177.645 0.743261
5.38318 188.411 1.2498
16.1495 188.411 2.79136
26.9159 188.411 3.82925
37.6822 188.411 3.49197
48.4486 188.411 2.28744
59.215 188.411 1.27463
69.9813 188.411 0.631714
5.38318 199.178 0.980068
16.1495 199.178 2.28066
26.9159 199.178 3.30185
37.6822 199.178 3.07999
48.4486 199.178 2.04365
59.215 199.178 1.18232
69.9813 199.178 0.544825
5.38318 209.944 0.475324
16.1495 209.944 1.10592
26.9159 209.944 1.57347
37.6822 209.944 1.44004
48.4486 209.944 0.84863
59.215 209.944 0.664168
69.9813 209.944 0.361203
